# Time	Amplitude (cm/s/s)
   0.000000	  -0.734084
   0.009766	  -0.764443
   0.019531	  -0.708851
   0.029297	  -0.587005
   0.039062	  -0.440599
   0.048828	  -0.319143
   0.058594	  -0.262705
   0.068359	  -0.287719
   0.078125	  -0.380978
   0.087891	  -0.504034
   0.097656	  -0.606489
   0.107422	  -0.643483
   0.117188	  -0.591169
   0.126953	  -0.454688
   0.136719	  -0.265866
   0.146484	  -0.071574
   0.156250	   0.082951
   0.166016	   0.169747
   0.175781	   0.187059
   0.185547	   0.158402
   0.195312	   0.122227
   0.205078	   0.116128
   0.214844	   0.161535
   0.224609	   0.254646
   0.234375	   0.367050
   0.244141	   0.455913
   0.253906	   0.480019
   0.263672	   0.415752
   0.273438	   0.267079
   0.283203	   0.065700
   0.292969	  -0.138858
   0.302734	  -0.295784
   0.312500	  -0.370231
   0.322266	  -0.355071
   0.332031	  -0.272853
   0.341797	  -0.167215
   0.351562	  -0.086782
   0.361328	  -0.067335
   0.371094	  -0.118660
   0.380859	  -0.220809
   0.390625	  -0.331109
   0.400391	  -0.399392
   0.410156	  -0.385938
   0.419922	  -0.275696
   0.429688	  -0.083703
   0.439453	   0.150136
   0.449219	   0.374901
   0.458984	   0.546017
   0.468750	   0.639768
   0.478516	   0.659754
   0.488281	   0.633087
   0.498047	   0.597957
   0.507812	   0.587390
   0.517578	   0.615432
   0.527344	   0.671060
   0.537109	   0.722205
   0.546875	   0.728473
   0.556641	   0.657800
   0.566406	   0.500724
   0.576172	   0.276723
   0.585938	   0.029931
   0.595703	  -0.184573
   0.605469	  -0.319142
   0.615234	  -0.350040
   0.625000	  -0.285982
   0.634766	  -0.165472
   0.644531	  -0.043670
   0.654297	   0.026679
   0.664062	   0.013535
   0.673828	  -0.083435
   0.683594	  -0.233095
   0.693359	  -0.384258
   0.703125	  -0.484202
   0.712891	  -0.497667
   0.722656	  -0.419506
   0.732422	  -0.276476
   0.742188	  -0.117524
   0.751953	   0.003881
   0.761719	   0.048990
   0.771484	   0.007618
   0.781250	  -0.098411
   0.791016	  -0.223450
   0.800781	  -0.314864
   0.810547	  -0.332388
   0.820312	  -0.262977
   0.830078	  -0.125735
   0.839844	   0.034899
   0.849609	   0.165241
   0.859375	   0.221947
   0.869141	   0.187969
   0.878906	   0.079128
   0.888672	  -0.061130
   0.898438	  -0.176917
   0.908203	  -0.219605
   0.917969	  -0.164986
   0.927734	  -0.021773
   0.937500	   0.171556
   0.947266	   0.360355
   0.957031	   0.492930
   0.966797	   0.538282
   0.976562	   0.496187
   0.986328	   0.396112
   0.996094	   0.285571
   1.005859	   0.212290
   1.015625	   0.206783
   1.025391	   0.271647
   1.035156	   0.381398
   1.044922	   0.492730
   1.054688	   0.561270
   1.064453	   0.558546
   1.074219	   0.482858
   1.083984	   0.360025
   1.093750	   0.233771
   1.103516	   0.149325
   1.113281	   0.136321
   1.123047	   0.197353
   1.132812	   0.306442
   1.142578	   0.418018
   1.152344	   0.483175
   1.162109	   0.467264
   1.171875	   0.362415
   1.181641	   0.190436
   1.191406	  -0.004923
   1.201172	  -0.173487
   1.210938	  -0.276243
   1.220703	  -0.298584
   1.230469	  -0.254430
   1.240234	  -0.179813
   1.250000	  -0.118428
   1.259766	  -0.104560
   1.269531	  -0.149775
   1.279297	  -0.238320
   1.289062	  -0.332927
   1.298828	  -0.388859
   1.308594	  -0.370981
   1.318359	  -0.267490
   1.328125	  -0.095202
   1.337891	   0.105629
   1.347656	   0.285084
   1.357422	   0.400912
   1.367188	   0.433085
   1.376953	   0.390254
   1.386719	   0.305772
   1.396484	   0.224804
   1.406250	   0.187322
   1.416016	   0.213270
   1.425781	   0.295361
   1.435547	   0.402103
   1.445312	   0.489873
   1.455078	   0.519458
   1.464844	   0.470886
   1.474609	   0.351000
   1.484375	   0.190974
   1.494141	   0.034744
   1.503906	  -0.077254
   1.513672	  -0.122889
   1.523438	  -0.106076
   1.533203	  -0.054489
   1.542969	  -0.008102
   1.552734	  -0.002893
   1.562500	  -0.055935
   1.572266	  -0.157674
   1.582031	  -0.274516
   1.591797	  -0.361010
   1.601562	  -0.377225
   1.611328	  -0.304870
   1.621094	  -0.155999
   1.630859	   0.029188
   1.640625	   0.195004
   1.650391	   0.288992
   1.660156	   0.280027
   1.669922	   0.169167
   1.679688	  -0.010764
   1.689453	  -0.206841
   1.699219	  -0.364797
   1.708984	  -0.448043
   1.718750	  -0.450002
   1.728516	  -0.395199
   1.738281	  -0.328676
   1.748047	  -0.297661
   1.757812	  -0.332352
   1.767578	  -0.433091
   1.777344	  -0.568965
   1.787109	  -0.688635
   1.796875	  -0.739644
   1.806641	  -0.689158
   1.816406	  -0.538358
   1.826172	  -0.324805
   1.835938	  -0.111407
   1.845703	   0.034534
   1.855469	   0.064967
   1.865234	  -0.031013
   1.875000	  -0.221604
   1.884766	  -0.441406
   1.894531	  -0.612385
   1.904297	  -0.669600
   1.914062	  -0.582836
   1.923828	  -0.366619
   1.933594	  -0.075124
   1.943359	   0.216226
   1.953125	   0.436023
   1.962891	   0.540163
   1.972656	   0.525084
   1.982422	   0.426537
   1.992188	   0.304611
   2.001953	   0.220653
   2.011719	   0.214534
   2.021484	   0.290451
   2.031250	   0.416289
   2.041016	   0.536542
   2.050781	   0.593877
   2.060547	   0.551276
   2.070312	   0.406566
   2.080078	   0.193995
   2.089844	  -0.027708
   2.099609	  -0.196330
   2.109375	  -0.268458
   2.119141	  -0.234822
   2.128906	  -0.123025
   2.138672	   0.013316
   2.148438	   0.114959
   2.158203	   0.139372
   2.167969	   0.076676
   2.177734	  -0.046780
   2.187500	  -0.178587
   2.197266	  -0.260446
   2.207031	  -0.250824
   2.216797	  -0.141563
   2.226562	   0.037899
   2.236328	   0.230503
   2.246094	   0.372266
   2.255859	   0.416144
   2.265625	   0.350216
   2.275391	   0.203277
   2.285156	   0.035468
   2.294922	  -0.082948
   2.304688	  -0.097129
   2.314453	   0.011748
   2.324219	   0.218423
   2.333984	   0.461201
   2.343750	   0.662770
   2.353516	   0.756887
   2.363281	   0.711383
   2.373047	   0.539225
   2.382812	   0.293630
   2.392578	   0.048988
   2.402344	  -0.125492
   2.412109	  -0.189860
   2.421875	  -0.146463
   2.431641	  -0.037287
   2.441406	   0.073352
   2.451172	   0.124224
   2.460938	   0.081192
   2.470703	  -0.049290
   2.480469	  -0.222376
   2.490234	  -0.372099
   2.500000	  -0.437343
   2.509766	  -0.386723
   2.519531	  -0.232738
   2.529297	  -0.029332
   2.539062	   0.146938
   2.548828	   0.225718
   2.558594	   0.171246
   2.568359	  -0.000407
   2.578125	  -0.222372
   2.587891	  -0.397025
   2.597656	  -0.428940
   2.607422	  -0.259712
   2.617188	   0.107526
   2.626953	   0.602965
   2.636719	   1.107009
   2.646484	   1.484393
   2.656250	   1.624681
   2.666016	   1.475988
   2.675781	   1.060836
   2.685547	   0.468978
   2.695312	  -0.170316
   2.705078	  -0.727196
   2.714844	  -1.108512
   2.724609	  -1.281352
   2.734375	  -1.275727
   2.744141	  -1.166516
   2.753906	  -1.041909
   2.763672	  -0.969929
   2.773438	  -0.974924
   2.783203	  -1.031947
   2.792969	  -1.080374
   2.802734	  -1.051091
   2.812500	  -0.896857
   2.822266	  -0.614414
   2.832031	  -0.250078
   2.841797	   0.113369
   2.851562	   0.383893
   2.861328	   0.491822
   2.871094	   0.414605
   2.880859	   0.185894
   2.890625	  -0.114275
   2.900391	  -0.384808
   2.910156	  -0.535571
   2.919922	  -0.515170
   2.929688	  -0.325203
   2.939453	  -0.016677
   2.949219	   0.329446
   2.958984	   0.630133
   2.968750	   0.826574
   2.978516	   0.899850
   2.988281	   0.871219
   2.998047	   0.788020
   3.007812	   0.701444
   3.017578	   0.645122
   3.027344	   0.622801
   3.037109	   0.609592
   3.046875	   0.565865
   3.056641	   0.457920
   3.066406	   0.276893
   3.076172	   0.048004
   3.085938	  -0.174088
   3.095703	  -0.322688
   3.105469	  -0.343125
   3.115234	  -0.214624
   3.125000	   0.038391
   3.134766	   0.350232
   3.144531	   0.632409
   3.154297	   0.800594
   3.164062	   0.800951
   3.173828	   0.626783
   3.183594	   0.319832
   3.193359	  -0.044070
   3.203125	  -0.379818
   3.212891	  -0.619590
   3.222656	  -0.731977
   3.232422	  -0.727416
   3.242188	  -0.648727
   3.251953	  -0.550929
   3.261719	  -0.478310
   3.271484	  -0.447454
   3.281250	  -0.442487
   3.291016	  -0.424043
   3.300781	  -0.348192
   3.310547	  -0.187805
   3.320312	   0.052135
   3.330078	   0.331478
   3.339844	   0.585720
   3.349609	   0.747062
   3.359375	   0.768158
   3.369141	   0.639888
   3.378906	   0.396511
   3.388672	   0.106097
   3.398438	  -0.150582
   3.408203	  -0.305383
   3.417969	  -0.323517
   3.427734	  -0.212598
   3.437500	  -0.017181
   3.447266	   0.198805
   3.457031	   0.375049
   3.466797	   0.474855
   3.476562	   0.495056
   3.486328	   0.462755
   3.496094	   0.420775
   3.505859	   0.407925
   3.515625	   0.442011
   3.525391	   0.512271
   3.535156	   0.584172
   3.544922	   0.614563
   3.554688	   0.571125
   3.564453	   0.448219
   3.574219	   0.272565
   3.583984	   0.096012
   3.593750	  -0.022368
   3.603516	  -0.038348
   3.613281	   0.059540
   3.623047	   0.243271
   3.632812	   0.452828
   3.642578	   0.615706
   3.652344	   0.671665
   3.662109	   0.593846
   3.671875	   0.398504
   3.681641	   0.139660
   3.691406	  -0.109572
   3.701172	  -0.282314
   3.710938	  -0.340753
   3.720703	  -0.288171
   3.730469	  -0.165831
   3.740234	  -0.035957
   3.750000	   0.042770
   3.759766	   0.037955
   3.769531	  -0.044166
   3.779297	  -0.161574
   3.789062	  -0.253571
   3.798828	  -0.265790
   3.808594	  -0.173581
   3.818359	   0.005343
   3.828125	   0.214311
   3.837891	   0.376495
   3.847656	   0.422669
   3.857422	   0.317845
   3.867188	   0.076806
   3.876953	  -0.237699
   3.886719	  -0.534136
   3.896484	  -0.722465
   3.906250	  -0.744975
   3.916016	  -0.596702
   3.925781	  -0.327927
   3.935547	  -0.027542
   3.945312	   0.207117
   3.955078	   0.303446
   3.964844	   0.238083
   3.974609	   0.044058
   3.984375	  -0.201933
   3.994141	  -0.407565
   4.003906	  -0.498157
   4.013672	  -0.443245
   4.023438	  -0.266939
   4.033203	  -0.038418
   4.042969	   0.153884
   4.052734	   0.234920
   4.062500	   0.170574
   4.072266	  -0.019965
   4.082031	  -0.271493
   4.091797	  -0.497042
   4.101562	  -0.620135
   4.111328	  -0.603149
   4.121094	  -0.461273
   4.130859	  -0.256857
   4.140625	  -0.076149
   4.150391	   0.003023
   4.160156	  -0.059324
   4.169922	  -0.249769
   4.179688	  -0.505721
   4.189453	  -0.738069
   4.199219	  -0.864036
   4.208984	  -0.838122
   4.218750	  -0.669580
   4.228516	  -0.419722
   4.238281	  -0.179719
   4.248047	  -0.036820
   4.257812	  -0.041332
   4.267578	  -0.186651
   4.277344	  -0.410009
   4.287109	  -0.614146
   4.296875	  -0.702395
   4.306641	  -0.614599
   4.316406	  -0.350753
   4.326172	   0.026521
   4.335938	   0.412005
   4.345703	   0.693612
   4.355469	   0.791226
   4.365234	   0.684771
   4.375000	   0.421314
   4.384766	   0.098486
   4.394531	  -0.170042
   4.404297	  -0.294773
   4.414062	  -0.241913
   4.423828	  -0.044882
   4.433594	   0.208352
   4.443359	   0.407620
   4.453125	   0.460968
   4.462891	   0.328578
   4.472656	   0.037976
   4.482422	  -0.324981
   4.492188	  -0.646101
   4.501953	  -0.823042
   4.511719	  -0.801197
   4.521484	  -0.592394
   4.531250	  -0.269749
   4.541016	   0.059302
   4.550781	   0.291898
   4.560547	   0.366353
   4.570312	   0.283152
   4.580078	   0.102795
   4.589844	  -0.078531
   4.599609	  -0.166354
   4.609375	  -0.104443
   4.619141	   0.103128
   4.628906	   0.392642
   4.638672	   0.663967
   4.648438	   0.817823
   4.658203	   0.793243
   4.667969	   0.591245
   4.677734	   0.275685
   4.687500	  -0.049326
   4.697266	  -0.277370
   4.707031	  -0.339163
   4.716797	  -0.228870
   4.726562	  -0.007328
   4.736328	   0.219380
   4.746094	   0.338521
   4.755859	   0.272520
   4.765625	   0.008680
   4.775391	  -0.394279
   4.785156	  -0.825605
   4.794922	  -1.161095
   4.804688	  -1.307043
   4.814453	  -1.233617
   4.824219	  -0.985405
   4.833984	  -0.665111
   4.843750	  -0.396178
   4.853516	  -0.277884
   4.863281	  -0.349357
   4.873047	  -0.575840
   4.882812	  -0.862461
   4.892578	  -1.090690
   4.902344	  -1.164149
   4.912109	  -1.046793
   4.921875	  -0.778950
   4.931641	  -0.464620
   4.941406	  -0.233923
   4.951172	  -0.193882
   4.960938	  -0.385386
   4.970703	  -0.762480
   4.980469	  -1.202461
   4.990234	  -1.544375
   5.000000	  -1.643233
   5.009766	  -1.421255
   5.019531	  -0.898070
   5.029297	  -0.188735
   5.039062	   0.530475
   5.048828	   1.077361
   5.058594	   1.321594
   5.068359	   1.225432
   5.078125	   0.853604
   5.087891	   0.349241
   5.097656	  -0.115558
   5.107422	  -0.397300
   5.117188	  -0.426948
   5.126953	  -0.228587
   5.136719	   0.094843
   5.146484	   0.402838
   5.156250	   0.570292
   5.166016	   0.532914
   5.175781	   0.308821
   5.185547	  -0.011183
   5.195312	  -0.300847
   5.205078	  -0.449453
   5.214844	  -0.407875
   5.224609	  -0.212700
   5.234375	   0.020779
   5.244141	   0.134923
   5.253906	  -0.016731
   5.263672	  -0.517058
   5.273438	  -1.352097
   5.283203	  -2.408516
   5.292969	  -3.503011
   5.302734	  -4.434211
   5.312500	  -5.040367
   5.322266	  -5.244555
   5.332031	  -5.073636
   5.341797	  -4.646051
   5.351562	  -4.133556
   5.361328	  -3.709812
   5.371094	  -3.501908
   5.380859	  -3.558684
   5.390625	  -3.843328
   5.400391	  -4.249650
   5.410156	  -4.634533
   5.419922	  -4.855498
   5.429688	  -4.802870
   5.439453	  -4.419814
   5.449219	  -3.708670
   5.458984	  -2.726346
   5.468750	  -1.573542
   5.478516	  -0.381897
   5.488281	   0.699282
   5.498047	   1.517572
   5.507812	   1.935200
   5.517578	   1.850732
   5.527344	   1.222375
   5.537109	   0.087179
   5.546875	  -1.431372
   5.556641	  -3.133719
   5.566406	  -4.774459
   5.576172	  -6.107875
   5.585938	  -6.938066
   5.595703	  -7.159648
   5.605469	  -6.776353
   5.615234	  -5.890952
   5.625000	  -4.669028
   5.634766	  -3.288123
   5.644531	  -1.889273
   5.654297	  -0.547551
   5.664062	   0.728306
   5.673828	   1.967853
   5.683594	   3.194207
   5.693359	   4.381585
   5.703125	   5.434389
   5.712891	   6.199833
   5.722656	   6.513542
   5.732422	   6.263993
   5.742188	   5.452411
   5.751953	   4.223599
   5.761719	   2.851371
   5.771484	   1.677465
   5.781250	   1.019946
   5.791016	   1.079841
   5.800781	   1.878061
   5.810547	   3.246484
   5.820312	   4.879577
   5.830078	   6.431773
   5.839844	   7.628576
   5.849609	   8.352503
   5.859375	   8.671890
   5.869141	   8.799565
   5.878906	   8.993454
   5.888672	   9.433530
   5.898438	  10.120821
   5.908203	  10.839517
   5.917969	  11.203127
   5.927734	  10.776277
   5.937500	   9.235075
   5.947266	   6.511332
   5.957031	   2.866531
   5.966797	  -1.138678
   5.976562	  -4.780097
   5.986328	  -7.374969
   5.996094	  -8.493978
   6.005859	  -8.110858
   6.015625	  -6.636454
   6.025391	  -4.819306
   6.035156	  -3.537940
   6.044922	  -3.546706
   6.054688	  -5.254379
   6.064453	  -8.606020
   6.074219	 -13.105919
   6.083984	 -17.972990
   6.093750	 -22.375536
   6.103516	 -25.665179
   6.113281	 -27.530055
   6.123047	 -28.015928
   6.132812	 -27.411446
   6.142578	 -26.044195
   6.152344	 -24.069374
   6.162109	 -21.339407
   6.171875	 -17.416587
   6.181641	 -11.739500
   6.191406	  -3.894493
   6.201172	   6.103291
   6.210938	  17.630606
   6.220703	  29.466588
   6.230469	  40.023448
   6.240234	  47.752839
   6.250000	  51.615624
   6.259766	  51.466158
   6.269531	  48.211948
   6.279297	  43.666662
   6.289062	  40.104157
   6.298828	  39.617015
   6.308594	  43.454719
   6.318359	  51.539503
   6.328125	  62.321431
   6.337891	  73.045984
   6.347656	  80.391321
   6.357422	  81.322220
   6.367188	  73.936954
   6.376953	  58.074576
   6.386719	  35.507911
   6.396484	   9.656772
   6.406250	 -15.114456
   6.416016	 -34.437884
   6.425781	 -44.881645
   6.435547	 -44.651851
   6.445312	 -33.890709
   6.455078	 -14.518457
   6.464844	  10.309121
   6.474609	  36.957692
   6.484375	  62.071488
   6.494141	  83.135753
   6.503906	  98.724624
   6.513672	 108.419067
   6.523438	 112.480414
   6.533203	 111.431215
   6.542969	 105.707830
   6.552734	  95.507087
   6.562500	  80.868618
   6.572266	  61.943171
   6.582031	  39.325831
   6.591797	  14.304979
   6.601562	 -11.098059
   6.611328	 -34.355791
   6.621094	 -52.895232
   6.630859	 -64.677779
   6.640625	 -68.735407
   6.650391	 -65.501663
   6.660156	 -56.826998
   6.669922	 -45.653287
   6.679688	 -35.416451
   6.689453	 -29.320949
   6.699219	 -29.664024
   6.708984	 -37.372151
   6.718750	 -51.852966
   6.728516	 -71.181758
   6.738281	 -92.557105
   6.748047	-112.899071
   6.757812	-129.440804
   6.767578	-140.183272
   6.777344	-144.133926
   6.787109	-141.315278
   6.796875	-132.588357
   6.806641	-119.372497
   6.816406	-103.349302
   6.826172	 -86.217778
   6.835938	 -69.530712
   6.845703	 -54.604683
   6.855469	 -42.471220
   6.865234	 -33.832319
   6.875000	 -28.998830
   6.884766	 -27.817101
   6.894531	 -29.615015
   6.904297	 -33.211471
   6.914062	 -37.026476
   6.923828	 -39.302967
   6.933594	 -38.414539
   6.943359	 -33.198033
   6.953125	 -23.229752
   6.962891	  -8.967528
   6.972656	   8.290778
   6.982422	  26.635615
   6.992188	  43.913589
   7.001953	  58.147871
   7.011719	  67.908290
   7.021484	  72.541399
   7.031250	  72.209983
   7.041016	  67.744959
   7.050781	  60.364554
   7.060547	  51.350082
   7.070312	  41.774380
   7.080078	  32.355949
   7.089844	  23.466828
   7.099609	  15.269497
   7.109375	   7.914829
   7.119141	   1.713266
   7.128906	  -2.798218
   7.138672	  -4.933264
   7.148438	  -4.064380
   7.158203	   0.101628
   7.167969	   7.276957
   7.177734	  16.472130
   7.187500	  26.067296
   7.197266	  34.085765
   7.207031	  38.616328
   7.216797	  38.279031
   7.226562	  32.605890
   7.236328	  22.222370
   7.246094	   8.764841
   7.255859	  -5.459527
   7.265625	 -17.991294
   7.275391	 -26.783953
   7.285156	 -30.667577
   7.294922	 -29.588196
   7.304688	 -24.560929
   7.314453	 -17.353782
   7.324219	  -9.993164
   7.333984	  -4.230023
   7.343750	  -1.113181
   7.353516	  -0.781930
   7.363281	  -2.523913
   7.373047	  -5.066624
   7.382812	  -7.004850
   7.392578	  -7.231371
   7.402344	  -5.244073
   7.412109	  -1.246425
   7.421875	   3.974517
   7.431641	   9.339007
   7.441406	  13.831119
   7.451172	  16.802317
   7.460938	  18.126801
   7.470703	  18.166434
   7.480469	  17.568247
   7.490234	  16.973183
   7.500000	  16.742887
   7.509766	  16.803093
   7.519531	  16.660588
   7.529297	  15.590074
   7.539062	  12.927685
   7.548828	   8.369450
   7.558594	   2.168490
   7.568359	  -4.844020
   7.578125	 -11.432227
   7.587891	 -16.277470
   7.597656	 -18.352601
   7.607422	 -17.232969
   7.617188	 -13.245415
   7.626953	  -7.405498
   7.636719	  -1.158051
   7.646484	   4.003565
   7.656250	   6.927616
   7.666016	   7.090194
   7.675781	   4.697612
   7.685547	   0.582469
   7.695312	  -4.066650
   7.705078	  -8.054006
   7.714844	 -10.497464
   7.724609	 -11.029774
   7.734375	  -9.831657
   7.744141	  -7.503249
   7.753906	  -4.829829
   7.763672	  -2.525591
   7.773438	  -1.037796
   7.783203	  -0.465270
   7.792969	  -0.601328
   7.802734	  -1.067724
   7.812500	  -1.478339
   7.822266	  -1.567739
   7.832031	  -1.240342
   7.841797	  -0.531800
   7.851562	   0.488815
   7.861328	   1.823445
   7.871094	   3.601538
   7.880859	   6.054648
   7.890625	   9.410459
   7.900391	  13.743856
   7.910156	  18.845873
   7.919922	  24.171744
   7.929688	  28.905555
   7.939453	  32.138693
   7.949219	  33.116346
   7.958984	  31.476333
   7.968750	  27.399115
   7.978516	  21.610245
   7.988281	  15.220660
   7.998047	   9.441956
   8.007812	   5.256057
   8.017578	   3.137067
   8.027344	   2.910769
   8.037109	   3.797422
   8.046875	   4.628615
   8.056641	   4.176350
   8.066406	   1.498991
   8.076172	  -3.795279
   8.085938	 -11.440326
   8.095703	 -20.583978
   8.105469	 -30.010711
   8.115234	 -38.442956
   8.125000	 -44.830318
   8.134766	 -48.546339
   8.144531	 -49.447015
   8.154297	 -47.791606
   8.164062	 -44.068848
   8.173828	 -38.796978
   8.183594	 -32.366892
   8.193359	 -24.975928
   8.203125	 -16.663864
   8.212891	  -7.426070
   8.222656	   2.646480
   8.232422	  13.256591
   8.242188	  23.862161
   8.251953	  33.724706
   8.261719	  42.030023
   8.271484	  48.043094
   8.281250	  51.251088
   8.291016	  51.455980
   8.300781	  48.797522
   8.310547	  43.709859
   8.320312	  36.832818
   8.330078	  28.906082
   8.339844	  20.670525
   8.349609	  12.789595
   8.359375	   5.791354
   8.369141	   0.024656
   8.378906	  -4.375942
   8.388672	  -7.513932
   8.398438	  -9.730839
   8.408203	 -11.564995
   8.417969	 -13.656366
   8.427734	 -16.599979
   8.437500	 -20.772009
   8.447266	 -26.172104
   8.457031	 -32.333976
   8.466797	 -38.347435
   8.476562	 -43.008557
   8.486328	 -45.076918
   8.496094	 -43.581712
   8.505859	 -38.095118
   8.515625	 -28.891486
   8.525391	 -16.937428
   8.535156	  -3.704413
   8.544922	   9.151727
   8.554688	  20.157915
   8.564453	  28.334268
   8.574219	  33.359886
   8.583984	  35.549774
   8.593750	  35.657564
   8.603516	  34.573486
   8.613281	  33.019462
   8.623047	  31.341812
   8.632812	  29.466772
   8.642578	  27.026329
   8.652344	  23.601342
   8.662109	  18.986479
   8.671875	  13.372554
   8.681641	   7.370244
   8.691406	   1.855945
   8.701172	  -2.313649
   8.710938	  -4.619866
   8.720703	  -5.116150
   8.730469	  -4.483175
   8.740234	  -3.867565
   8.750000	  -4.540698
   8.759766	  -7.479384
   8.769531	 -13.003970
   8.779297	 -20.598530
   8.789062	 -28.984166
   8.798828	 -36.436379
   8.808594	 -41.257211
   8.818359	 -42.259115
   8.828125	 -39.109204
   8.837891	 -32.423587
   8.847656	 -23.579526
   8.857422	 -14.303090
   8.867188	  -6.162435
   8.876953	  -0.127539
   8.886719	   3.664211
   8.896484	   5.864386
   8.906250	   7.610531
   8.916016	  10.067468
   8.925781	  13.967270
   8.935547	  19.302200
   8.945312	  25.273905
   8.955078	  30.517135
   8.964844	  33.525499
   8.974609	  33.140151
   8.984375	  28.941787
   8.994141	  21.418445
   9.003906	  11.855211
   9.013672	   1.982468
   9.023438	  -6.503350
   9.033203	 -12.393673
   9.042969	 -15.255407
   9.052734	 -15.468961
   9.062500	 -14.016826
   9.072266	 -12.103847
   9.082031	 -10.741880
   9.091797	 -10.437241
   9.101562	 -11.078523
   9.111328	 -12.050037
   9.121094	 -12.517743
   9.130859	 -11.777035
   9.140625	  -9.534315
   9.150391	  -6.022104
   9.160156	  -1.909800
   9.169922	   1.953098
   9.179688	   4.863945
   9.189453	   6.541250
   9.199219	   7.242014
   9.208984	   7.673482
   9.218750	   8.724238
   9.228516	  11.105210
   9.238281	  15.026077
   9.248047	  20.024493
   9.257812	  25.016828
   9.267578	  28.566088
   9.277344	  29.289801
   9.287109	  26.282354
   9.296875	  19.418707
   9.306641	   9.442019
   9.316406	  -2.195190
   9.326172	 -13.690286
   9.335938	 -23.342976
   9.345703	 -29.967286
   9.355469	 -33.145147
   9.365234	 -33.255487
   9.375000	 -31.282942
   9.384766	 -28.476026
   9.394531	 -25.965348
   9.404297	 -24.456672
   9.414062	 -24.082190
   9.423828	 -24.438424
   9.433594	 -24.779872
   9.443359	 -24.293050
   9.453125	 -22.358913
   9.462891	 -18.725865
   9.472656	 -13.553006
   9.482422	  -7.329565
   9.492188	  -0.715103
   9.501953	   5.635973
   9.511719	  11.207302
   9.521484	  15.677381
   9.531250	  18.900234
   9.541016	  20.838644
   9.550781	  21.492578
   9.560547	  20.860456
   9.570312	  18.950728
   9.580078	  15.834931
   9.589844	  11.712173
   9.599609	   6.947410
   9.609375	   2.054909
   9.619141	  -2.379895
   9.628906	  -5.821136
   9.638672	  -7.907446
   9.648438	  -8.537611
   9.658203	  -7.885198
   9.667969	  -6.334664
   9.677734	  -4.359411
   9.687500	  -2.383261
   9.697266	  -0.672917
   9.707031	   0.702492
   9.716797	   1.833588
   9.726562	   2.872733
   9.736328	   3.916701
   9.746094	   4.918550
   9.755859	   5.666617
   9.765625	   5.843305
   9.775391	   5.145546
   9.785156	   3.423770
   9.794922	   0.786294
   9.804688	  -2.374545
   9.814453	  -5.452444
   9.824219	  -7.777907
   9.833984	  -8.805006
   9.843750	  -8.274670
   9.853516	  -6.300433
   9.863281	  -3.346474
   9.873047	  -0.102319
   9.882812	   2.707988
   9.892578	   4.523427
   9.902344	   5.089902
   9.912109	   4.508402
   9.921875	   3.176957
   9.931641	   1.650065
   9.941406	   0.464357
   9.951172	  -0.012766
   9.960938	   0.333939
   9.970703	   1.372741
   9.980469	   2.806953
   9.990234	   4.297485
  10.000000	   5.578800
  10.009766	   6.527708
  10.019531	   7.165181
  10.029297	   7.598070
  10.039062	   7.930339
  10.048828	   8.183895
  10.058594	   8.263752
  10.068359	   7.983676
  10.078125	   7.143662
  10.087891	   5.629299
  10.097656	   3.493087
  10.107422	   0.983045
  10.117188	  -1.497544
  10.126953	  -3.490341
  10.136719	  -4.610884
  10.146484	  -4.663520
  10.156250	  -3.703261
  10.166016	  -2.023003
  10.175781	  -0.069724
  10.185547	   1.682914
  10.195312	   2.863960
  10.205078	   3.295434
  10.214844	   3.016929
  10.224609	   2.241339
  10.234375	   1.262081
  10.244141	   0.347592
  10.253906	  -0.339038
  10.263672	  -0.769163
  10.273438	  -1.020928
  10.283203	  -1.211223
  10.292969	  -1.418441
  10.302734	  -1.629640
  10.312500	  -1.735013
  10.322266	  -1.573004
  10.332031	  -1.008445
  10.341797	  -0.011854
  10.351562	   1.294012
  10.361328	   2.643050
  10.371094	   3.692467
  10.380859	   4.127378
  10.390625	   3.767886
  10.400391	   2.640160
  10.410156	   0.983940
  10.419922	  -0.809740
  10.429688	  -2.312514
  10.439453	  -3.187710
  10.449219	  -3.291704
  10.458984	  -2.713606
  10.468750	  -1.739943
  10.478516	  -0.756435
  10.488281	  -0.120283
  10.498047	  -0.046124
  10.507812	  -0.543581
  10.517578	  -1.426061
  10.527344	  -2.385549
  10.537109	  -3.105472
  10.546875	  -3.371120
  10.556641	  -3.139002
  10.566406	  -2.541935
  10.576172	  -1.830061
  10.585938	  -1.270923
  10.595703	  -1.046019
  10.605469	  -1.181946
  10.615234	  -1.541205
  10.625000	  -1.875785
  10.634766	  -1.923727
  10.644531	  -1.513199
  10.654297	  -0.635820
  10.664062	   0.538098
  10.673828	   1.708919
  10.683594	   2.545107
  10.693359	   2.794925
  10.703125	   2.373430
  10.712891	   1.394357
  10.722656	   0.135730
  10.732422	  -1.048917
  10.742188	  -1.843117
  10.751953	  -2.065443
  10.761719	  -1.720117
  10.771484	  -0.984460
  10.781250	  -0.139491
  10.791016	   0.530570
  10.800781	   0.834204
  10.810547	   0.730997
  10.820312	   0.333908
  10.830078	  -0.142772
  10.839844	  -0.468827
  10.849609	  -0.484766
  10.859375	  -0.158306
  10.869141	   0.408762
  10.878906	   1.024111
  10.888672	   1.481133
  10.898438	   1.638666
  10.908203	   1.474269
  10.917969	   1.091534
  10.927734	   0.679228
  10.937500	   0.438041
  10.947266	   0.502590
  10.957031	   0.887956
  10.966797	   1.480832
  10.976562	   2.078807
  10.986328	   2.463544
  10.996094	   2.481074
  11.005859	   2.099735
  11.015625	   1.424368
  11.025391	   0.661211
  11.035156	   0.045854
  11.044922	  -0.239986
  11.054688	  -0.133002
  11.064453	   0.289083
  11.074219	   0.835063
  11.083984	   1.268309
  11.093750	   1.391290
  11.103516	   1.116746
  11.113281	   0.500550
  11.123047	  -0.275073
  11.132812	  -0.961763
  11.142578	  -1.327405
  11.152344	  -1.231970
  11.162109	  -0.670999
  11.171875	   0.227281
  11.181641	   1.248645
  11.191406	   2.165630
  11.201172	   2.810089
  11.210938	   3.120293
  11.220703	   3.147355
  11.230469	   3.020846
  11.240234	   2.888213
  11.250000	   2.851585
  11.259766	   2.925673
  11.269531	   3.031993
  11.279297	   3.030708
  11.289062	   2.777375
  11.298828	   2.182809
  11.308594	   1.253441
  11.318359	   0.097083
  11.328125	  -1.107971
  11.337891	  -2.169045
  11.347656	  -2.939758
  11.357422	  -3.363269
  11.367188	  -3.482880
  11.376953	  -3.417017
  11.386719	  -3.308852
  11.396484	  -3.269963
  11.406250	  -3.339254
  11.416016	  -3.472172
  11.425781	  -3.563529
  11.435547	  -3.494359
  11.445312	  -3.184117
  11.455078	  -2.627559
  11.464844	  -1.901568
  11.474609	  -1.138842
  11.484375	  -0.478229
  11.494141	  -0.010857
  11.503906	   0.256711
  11.513672	   0.407001
  11.523438	   0.580521
  11.533203	   0.919283
  11.542969	   1.505343
  11.552734	   2.317531
  11.562500	   3.223804
  11.572266	   4.014255
  11.582031	   4.465138
  11.591797	   4.412680
  11.601562	   3.811135
  11.611328	   2.754317
  11.621094	   1.452084
  11.630859	   0.168783
  11.640625	  -0.856057
  11.650391	  -1.478181
  11.660156	  -1.686541
  11.669922	  -1.596285
  11.679688	  -1.399984
  11.689453	  -1.294711
  11.699219	  -1.410837
  11.708984	  -1.767428
  11.718750	  -2.269465
  11.728516	  -2.747020
  11.738281	  -3.021577
  11.748047	  -2.975034
  11.757812	  -2.596135
  11.767578	  -1.987277
  11.777344	  -1.329020
  11.787109	  -0.814912
  11.796875	  -0.580073
  11.806641	  -0.649439
  11.816406	  -0.924751
  11.826172	  -1.215751
  11.835938	  -1.305369
  11.845703	  -1.026530
  11.855469	  -0.323930
  11.865234	   0.720881
  11.875000	   1.910172
  11.884766	   2.989755
  11.894531	   3.727685
  11.904297	   3.985469
  11.914062	   3.758078
  11.923828	   3.169967
  11.933594	   2.429419
  11.943359	   1.757626
  11.953125	   1.317081
  11.962891	   1.163420
  11.972656	   1.236126
  11.982422	   1.389667
  11.992188	   1.452720
  12.001953	   1.293792
  12.011719	   0.870105
  12.021484	   0.243233
  12.031250	  -0.442874
  12.041016	  -1.012484
  12.050781	  -1.318629
  12.060547	  -1.292022
  12.070312	  -0.961669
  12.080078	  -0.441010
  12.089844	   0.114160
  12.099609	   0.560004
  12.109375	   0.811489
  12.119141	   0.865516
  12.128906	   0.793178
  12.138672	   0.705460
  12.148438	   0.706070
  12.158203	   0.849371
  12.167969	   1.118858
  12.177734	   1.433637
  12.187500	   1.679812
  12.197266	   1.754534
  12.207031	   1.605993
  12.216797	   1.254422
  12.226562	   0.786353
  12.236328	   0.324341
  12.246094	  -0.016674
  12.255859	  -0.170387
  12.265625	  -0.142638
  12.275391	  -0.008968
  12.285156	   0.112790
  12.294922	   0.104999
  12.304688	  -0.107320
  12.314453	  -0.528918
  12.324219	  -1.090935
  12.333984	  -1.672308
  12.343750	  -2.137924
  12.353516	  -2.379932
  12.363281	  -2.348110
  12.373047	  -2.059707
  12.382812	  -1.586876
  12.392578	  -1.027828
  12.402344	  -0.473208
  12.412109	   0.019880
  12.421875	   0.437565
  12.431641	   0.800677
  12.441406	   1.143244
  12.451172	   1.488006
  12.460938	   1.829630
  12.470703	   2.132676
  12.480469	   2.345078
  12.490234	   2.421267
  12.500000	   2.344962
  12.509766	   2.141471
  12.519531	   1.873371
  12.529297	   1.620047
  12.539062	   1.448217
  12.548828	   1.384668
  12.558594	   1.402268
  12.568359	   1.425812
  12.578125	   1.357049
  12.587891	   1.110867
  12.597656	   0.649979
  12.607422	   0.005278
  12.617188	  -0.726358
  12.626953	  -1.407309
  12.636719	  -1.899768
  12.646484	  -2.108217
  12.656250	  -2.009359
  12.666016	  -1.659113
  12.675781	  -1.174063
  12.685547	  -0.693532
  12.695312	  -0.335203
  12.705078	  -0.159376
  12.714844	  -0.153922
  12.724609	  -0.244673
  12.734375	  -0.327102
  12.744141	  -0.307677
  12.753906	  -0.140067
  12.763672	   0.156705
  12.773438	   0.504471
  12.783203	   0.794129
  12.792969	   0.925664
  12.802734	   0.845632
  12.812500	   0.568752
  12.822266	   0.175887
  12.832031	  -0.210937
  12.841797	  -0.467811
  12.851562	  -0.508980
  12.861328	  -0.313978
  12.871094	   0.067090
  12.880859	   0.531398
  12.890625	   0.957677
  12.900391	   1.244809
  12.910156	   1.341597
  12.919922	   1.258121
  12.929688	   1.055917
  12.939453	   0.821714
  12.949219	   0.634961
  12.958984	   0.541050
  12.968750	   0.539403
  12.978516	   0.589729
  12.988281	   0.632908
  12.998047	   0.617696
  13.007812	   0.522669
  13.017578	   0.365068
  13.027344	   0.193470
  13.037109	   0.067562
  13.046875	   0.033207
  13.056641	   0.102708
  13.066406	   0.248115
  13.076172	   0.410343
  13.085938	   0.520781
  13.095703	   0.527268
  13.105469	   0.414572
  13.115234	   0.211494
  13.125000	  -0.018312
  13.134766	  -0.198639
  13.144531	  -0.268073
  13.154297	  -0.202384
  13.164062	  -0.023747
  13.173828	   0.206636
  13.183594	   0.409828
  13.193359	   0.516641
  13.203125	   0.491349
  13.212891	   0.343125
  13.222656	   0.121242
  13.232422	  -0.103915
  13.242188	  -0.266849
  13.251953	  -0.330278
  13.261719	  -0.297234
  13.271484	  -0.207677
  13.281250	  -0.121169
  13.291016	  -0.092384
  13.300781	  -0.148839
  13.310547	  -0.279380
  13.320312	  -0.437853
  13.330078	  -0.560653
  13.339844	  -0.591569
  13.349609	  -0.504542
  13.359375	  -0.315627
  13.369141	  -0.079388
  13.378906	   0.129257
  13.388672	   0.241310
  13.398438	   0.218553
  13.408203	   0.067837
  13.417969	  -0.160556
  13.427734	  -0.390094
  13.437500	  -0.544661
  13.447266	  -0.575171
  13.457031	  -0.476590
  13.466797	  -0.289279
  13.476562	  -0.084243
  13.486328	   0.062331
  13.496094	   0.096014
  13.505859	   0.002876
  13.515625	  -0.186597
  13.525391	  -0.409568
  13.535156	  -0.594249
  13.544922	  -0.685879
  13.554688	  -0.665715
  13.564453	  -0.556150
  13.574219	  -0.410298
  13.583984	  -0.290164
  13.593750	  -0.241768
  13.603516	  -0.276680
  13.613281	  -0.367012
  13.623047	  -0.455839
  13.632812	  -0.479236
  13.642578	  -0.391676
  13.652344	  -0.185209
  13.662109	   0.104966
  13.671875	   0.410958
  13.681641	   0.655124
  13.691406	   0.777315
  13.701172	   0.756485
  13.710938	   0.618678
  13.720703	   0.428283
  13.730469	   0.265486
  13.740234	   0.197929
  13.750000	   0.256730
  13.759766	   0.425514
  13.769531	   0.646453
  13.779297	   0.841170
  13.789062	   0.938991
  13.798828	   0.902372
  13.808594	   0.740327
  13.818359	   0.505031
  13.828125	   0.272857
  13.837891	   0.116730
  13.847656	   0.079822
  13.857422	   0.160101
  13.867188	   0.311334
  13.876953	   0.460128
  13.886719	   0.532854
  13.896484	   0.482678
  13.906250	   0.306936
  13.916016	   0.048601
  13.925781	  -0.218647
  13.935547	  -0.416338
  13.945312	  -0.488737
  13.955078	  -0.422101
  13.964844	  -0.248812
  13.974609	  -0.035067
  13.984375	   0.143294
  13.994141	   0.227962
  14.003906	   0.198502
  14.013672	   0.078598
  14.023438	  -0.073871
  14.033203	  -0.189105
  14.042969	  -0.211724
  14.052734	  -0.121503
  14.062500	   0.059044
  14.072266	   0.272888
  14.082031	   0.449365
  14.091797	   0.529952
  14.101562	   0.489434
  14.111328	   0.344724
  14.121094	   0.148170
  14.130859	  -0.032069
  14.140625	  -0.137269
  14.150391	  -0.139659
  14.160156	  -0.052274
  14.169922	   0.076464
  14.179688	   0.181382
  14.189453	   0.205460
  14.199219	   0.121759
  14.208984	  -0.055819
  14.218750	  -0.276996
  14.228516	  -0.473256
  14.238281	  -0.583052
  14.248047	  -0.574814
  14.257812	  -0.459265
  14.267578	  -0.286393
  14.277344	  -0.128028
  14.287109	  -0.052246
  14.296875	  -0.098807
  14.306641	  -0.264536
  14.316406	  -0.503975
  14.326172	  -0.745100
  14.335938	  -0.914510
  14.345703	  -0.963013
  14.355469	  -0.882483
  14.365234	  -0.707965
  14.375000	  -0.504409
  14.384766	  -0.342920
  14.394531	  -0.275188
  14.404297	  -0.315336
  14.414062	  -0.435679
  14.423828	  -0.577792
  14.433594	  -0.674699
  14.443359	  -0.675989
  14.453125	  -0.566658
  14.462891	  -0.372803
  14.472656	  -0.152165
  14.482422	   0.026971
  14.492188	   0.110739
  14.501953	   0.079374
  14.511719	  -0.045571
  14.521484	  -0.209115
  14.531250	  -0.342915
  14.541016	  -0.390195
  14.550781	  -0.326457
  14.560547	  -0.168434
  14.570312	   0.031907
  14.580078	   0.206102
  14.589844	   0.293809
  14.599609	   0.264382
  14.609375	   0.127597
  14.619141	  -0.070223
  14.628906	  -0.263176
  14.638672	  -0.389516
  14.648438	  -0.413485
  14.658203	  -0.337318
  14.667969	  -0.199168
  14.677734	  -0.057919
  14.687500	   0.029378
  14.697266	   0.029005
  14.707031	  -0.056944
  14.716797	  -0.191690
  14.726562	  -0.318031
  14.736328	  -0.380374
  14.746094	  -0.346329
  14.755859	  -0.219745
  14.765625	  -0.040284
  14.775391	   0.130460
  14.785156	   0.231288
  14.794922	   0.224009
  14.804688	   0.108045
  14.814453	  -0.078420
  14.824219	  -0.271277
  14.833984	  -0.402776
  14.843750	  -0.425260
  14.853516	  -0.327800
  14.863281	  -0.139775
  14.873047	   0.079858
  14.882812	   0.263655
  14.892578	   0.359480
  14.902344	   0.348396
  14.912109	   0.250259
  14.921875	   0.115123
  14.931641	   0.003772
  14.941406	  -0.035369
  14.951172	   0.015601
  14.960938	   0.137505
  14.970703	   0.281541
  14.980469	   0.387950
  14.990234	   0.408977
  15.000000	   0.327595
  15.009766	   0.164997
  15.019531	  -0.026040
  15.029297	  -0.179626
  15.039062	  -0.240408
  15.048828	  -0.183814
  15.058594	  -0.025463
  15.068359	   0.183771
  15.078125	   0.375386
  15.087891	   0.487303
  15.097656	   0.485735
  15.107422	   0.377050
  15.117188	   0.205364
  15.126953	   0.036751
  15.136719	  -0.064249
  15.146484	  -0.057434
  15.156250	   0.059075
  15.166016	   0.248561
  15.175781	   0.449090
  15.185547	   0.595609
  15.195312	   0.642734
  15.205078	   0.580066
  15.214844	   0.434673
  15.224609	   0.260077
  15.234375	   0.115970
  15.244141	   0.046209
  15.253906	   0.063139
  15.263672	   0.143884
  15.273438	   0.239796
  15.283203	   0.295421
  15.292969	   0.269855
  15.302734	   0.152559
  15.312500	  -0.032196
  15.322266	  -0.233873
  15.332031	  -0.394014
  15.341797	  -0.467586
  15.351562	  -0.439438
  15.361328	  -0.329816
  15.371094	  -0.186877
  15.380859	  -0.068967
  15.390625	  -0.023166
  15.400391	  -0.067984
  15.410156	  -0.186573
  15.419922	  -0.332953
  15.429688	  -0.449010
  15.439453	  -0.486059
  15.449219	  -0.423106
  15.458984	  -0.275152
  15.468750	  -0.088486
  15.478516	   0.075331
  15.488281	   0.160998
  15.498047	   0.138768
  15.507812	   0.014557
  15.517578	  -0.172668
  15.527344	  -0.365172
  15.537109	  -0.507113
  15.546875	  -0.564046
  15.556641	  -0.534241
  15.566406	  -0.447838
  15.576172	  -0.354366
  15.585938	  -0.303386
  15.595703	  -0.325508
  15.605469	  -0.420812
  15.615234	  -0.558898
  15.625000	  -0.690472
  15.634766	  -0.766068
  15.644531	  -0.754901
  15.654297	  -0.656782
  15.664062	  -0.502634
  15.673828	  -0.343358
  15.683594	  -0.231133
  15.693359	  -0.200052
  15.703125	  -0.253270
  15.712891	  -0.361454
  15.722656	  -0.473193
  15.732422	  -0.533602
  15.742188	  -0.504352
  15.751953	  -0.377792
  15.761719	  -0.179963
  15.771484	   0.038593
  15.781250	   0.220921
  15.791016	   0.324019
  15.800781	   0.334044
  15.810547	   0.270812
  15.820312	   0.179945
  15.830078	   0.115570
  15.839844	   0.119922
  15.849609	   0.207365
  15.859375	   0.358721
  15.869141	   0.528035
  15.878906	   0.659332
  15.888672	   0.707257
  15.898438	   0.654013
  15.908203	   0.516363
  15.917969	   0.340055
  15.927734	   0.183596
  15.937500	   0.097241
  15.947266	   0.104801
  15.957031	   0.194905
  15.966797	   0.324937
  15.976562	   0.436295
  15.986328	   0.475497
  15.996094	   0.413550
  16.005859	   0.256623
  16.015625	   0.044161
  16.025391	  -0.164833
  16.035156	  -0.312433
  16.044922	  -0.361887
  16.054688	  -0.310019
  16.064453	  -0.187525
  16.074219	  -0.047202
  16.083984	   0.055547
  16.093750	   0.082800
  16.103516	   0.027521
  16.113281	  -0.084506
  16.123047	  -0.204814
  16.132812	  -0.280662
  16.142578	  -0.274944
  16.152344	  -0.180314
  16.162109	  -0.022392
  16.171875	   0.149068
  16.181641	   0.277822
  16.191406	   0.321140
  16.201172	   0.264939
  16.210938	   0.128619
  16.220703	  -0.042075
  16.230469	  -0.191451
  16.240234	  -0.273533
  16.250000	  -0.267853
  16.259766	  -0.185756
  16.269531	  -0.065093
  16.279297	   0.044519
  16.289062	   0.100327
  16.298828	   0.082029
  16.308594	  -0.001361
  16.318359	  -0.115779
  16.328125	  -0.215753
  16.337891	  -0.262200
  16.347656	  -0.237657
  16.357422	  -0.153210
  16.367188	  -0.044517
  16.376953	   0.041588
  16.386719	   0.064924
  16.396484	   0.007528
  16.406250	  -0.118889
  16.416016	  -0.276470
  16.425781	  -0.414507
  16.435547	  -0.487692
  16.445312	  -0.472602
  16.455078	  -0.376335
  16.464844	  -0.234091
  16.474609	  -0.096494
  16.484375	  -0.011291
  16.494141	  -0.006104
  16.503906	  -0.078557
  16.513672	  -0.197399
  16.523438	  -0.314218
  16.533203	  -0.381428
  16.542969	  -0.369908
  16.552734	  -0.279782
  16.562500	  -0.140339
  16.572266	   0.000904
  16.582031	   0.095966
  16.591797	   0.114459
  16.601562	   0.055194
  16.611328	  -0.053013
  16.621094	  -0.161768
  16.630859	  -0.221031
  16.640625	  -0.198009
  16.650391	  -0.090060
  16.660156	   0.073255
  16.669922	   0.239885
  16.679688	   0.353427
  16.689453	   0.373233
  16.699219	   0.289245
  16.708984	   0.126182
  16.718750	  -0.064520
  16.728516	  -0.222202
  16.738281	  -0.297710
  16.748047	  -0.269989
  16.757812	  -0.152684
  16.767578	   0.011546
  16.777344	   0.166826
  16.787109	   0.264214
  16.796875	   0.278903
  16.806641	   0.218287
  16.816406	   0.118090
  16.826172	   0.028084
  16.835938	  -0.007245
  16.845703	   0.034060
  16.855469	   0.142660
  16.865234	   0.280889
  16.875000	   0.396408
  16.884766	   0.441561
  16.894531	   0.391375
  16.904297	   0.253563
  16.914062	   0.066812
  16.923828	  -0.112134
  16.933594	  -0.228028
  16.943359	  -0.246304
  16.953125	  -0.165041
  16.962891	  -0.015420
  16.972656	   0.149440
  16.982422	   0.273222
  16.992188	   0.315981
  17.001953	   0.267553
  17.011719	   0.150072
  17.021484	   0.008872
  17.031250	  -0.104784
  17.041016	  -0.152724
  17.050781	  -0.123692
  17.060547	  -0.036951
  17.070312	   0.065559
  17.080078	   0.135514
  17.089844	   0.136881
  17.099609	   0.060022
  17.109375	  -0.074034
  17.119141	  -0.220779
  17.128906	  -0.328309
  17.138672	  -0.356434
  17.148438	  -0.291825
  17.158203	  -0.153596
  17.167969	   0.012786
  17.177734	   0.151191
  17.187500	   0.214490
  17.197266	   0.181168
  17.207031	   0.062910
  17.216797	  -0.099545
  17.226562	  -0.250790
  17.236328	  -0.340200
  17.246094	  -0.339488
  17.255859	  -0.252141
  17.265625	  -0.111466
  17.275391	   0.031888
  17.285156	   0.128315
  17.294922	   0.146818
  17.304688	   0.085450
  17.314453	  -0.029034
  17.324219	  -0.151999
  17.333984	  -0.238096
  17.343750	  -0.258355
  17.353516	  -0.210894
  17.363281	  -0.121321
  17.373047	  -0.032720
  17.382812	   0.010998
  17.392578	  -0.017777
  17.402344	  -0.119153
  17.412109	  -0.264638
  17.421875	  -0.406635
  17.431641	  -0.495138
  17.441406	  -0.495580
  17.451172	  -0.401363
  17.460938	  -0.236507
  17.470703	  -0.047457
  17.480469	   0.113004
  17.490234	   0.203939
  17.500000	   0.210003
  17.509766	   0.145889
  17.519531	   0.049971
  17.529297	  -0.030377
  17.539062	  -0.056379
  17.548828	  -0.011891
  17.558594	   0.091181
  17.568359	   0.217966
  17.578125	   0.324213
  17.587891	   0.373267
  17.597656	   0.350090
  17.607422	   0.267132
  17.617188	   0.159838
  17.626953	   0.073465
  17.636719	   0.046060
  17.646484	   0.093905
  17.656250	   0.204846
  17.666016	   0.342033
  17.675781	   0.456805
  17.685547	   0.506091
  17.695312	   0.468013
  17.705078	   0.350048
  17.714844	   0.186737
  17.724609	   0.027761
  17.734375	  -0.079354
  17.744141	  -0.105675
  17.753906	  -0.050595
  17.763672	   0.058596
  17.773438	   0.177007
  17.783203	   0.258521
  17.792969	   0.272245
  17.802734	   0.213112
  17.812500	   0.102889
  17.822266	  -0.018634
  17.832031	  -0.108873
  17.841797	  -0.138435
  17.851562	  -0.101931
  17.861328	  -0.019681
  17.871094	   0.070246
  17.880859	   0.126633
  17.890625	   0.120888
  17.900391	   0.048090
  17.910156	  -0.070801
  17.919922	  -0.196437
  17.929688	  -0.285526
  17.939453	  -0.306895
  17.949219	  -0.253248
  17.958984	  -0.144226
  17.968750	  -0.019603
  17.978516	   0.074946
  17.988281	   0.104335
  17.998047	   0.056789
  18.007812	  -0.051856
  18.017578	  -0.183848
  18.027344	  -0.293140
  18.037109	  -0.341973
  18.046875	  -0.314380
  18.056641	  -0.221690
  18.066406	  -0.098070
  18.076172	   0.012233
  18.085938	   0.071233
  18.095703	   0.061129
  18.105469	  -0.009303
  18.115234	  -0.108190
  18.125000	  -0.192595
  18.134766	  -0.224664
  18.144531	  -0.185914
  18.154297	  -0.084361
  18.164062	   0.048164
  18.173828	   0.167575
  18.183594	   0.233721
  18.193359	   0.225278
  18.203125	   0.147805
  18.212891	   0.031968
  18.222656	  -0.077517
  18.232422	  -0.138227
  18.242188	  -0.125705
  18.251953	  -0.042733
  18.261719	   0.081273
  18.271484	   0.200585
  18.281250	   0.269553
  18.291016	   0.259146
  18.300781	   0.167661
  18.310547	   0.021689
  18.320312	  -0.133051
  18.330078	  -0.247753
  18.339844	  -0.287687
  18.349609	  -0.244335
  18.359375	  -0.138142
  18.369141	  -0.010949
  18.378906	   0.089149
  18.388672	   0.125023
  18.398438	   0.083612
  18.408203	  -0.019780
  18.417969	  -0.147466
  18.427734	  -0.253378
  18.437500	  -0.299962
  18.447266	  -0.271774
  18.457031	  -0.180877
  18.466797	  -0.062116
  18.476562	   0.039952
  18.486328	   0.087646
  18.496094	   0.064172
  18.505859	  -0.020052
  18.515625	  -0.131093
  18.525391	  -0.223869
  18.535156	  -0.258667
  18.544922	  -0.215820
  18.554688	  -0.103185
  18.564453	   0.046295
  18.574219	   0.186055
  18.583984	   0.272271
  18.593750	   0.279203
  18.603516	   0.208017
  18.613281	   0.085962
  18.623047	  -0.043726
  18.632812	  -0.137456
  18.642578	  -0.166761
  18.652344	  -0.128031
  18.662109	  -0.043055
  18.671875	   0.049712
  18.681641	   0.109844
  18.691406	   0.110156
  18.701172	   0.046854
  18.710938	  -0.059097
  18.720703	  -0.169801
  18.730469	  -0.244552
  18.740234	  -0.255005
  18.750000	  -0.195799
  18.759766	  -0.086734
  18.769531	   0.034315
  18.779297	   0.125137
  18.789062	   0.154563
  18.798828	   0.113859
  18.808594	   0.019983
  18.818359	  -0.090474
  18.828125	  -0.174432
  18.837891	  -0.197771
  18.847656	  -0.147480
  18.857422	  -0.036137
  18.867188	   0.102831
  18.876953	   0.227294
  18.886719	   0.301487
  18.896484	   0.308479
  18.906250	   0.255562
  18.916016	   0.170697
  18.925781	   0.091470
  18.935547	   0.050758
  18.945312	   0.064466
  18.955078	   0.125890
  18.964844	   0.208754
  18.974609	   0.277722
  18.984375	   0.302372
  18.994141	   0.269348
  19.003906	   0.188042
  19.013672	   0.087587
  19.023438	   0.006171
  19.033203	  -0.023420
  19.042969	   0.013340
  19.052734	   0.106302
  19.062500	   0.223198
  19.072266	   0.320429
  19.082031	   0.358296
  19.091797	   0.315228
  19.101562	   0.195843
  19.111328	   0.029886
  19.121094	  -0.137664
  19.130859	  -0.261807
  19.140625	  -0.312649
  19.150391	  -0.285070
  19.160156	  -0.199511
  19.169922	  -0.093717
  19.179688	  -0.008503
  19.189453	   0.027211
  19.199219	   0.006650
  19.208984	  -0.052998
  19.218750	  -0.117791
  19.228516	  -0.150541
  19.238281	  -0.125598
  19.248047	  -0.039387
  19.257812	   0.087250
  19.267578	   0.215868
  19.277344	   0.303970
  19.287109	   0.320397
  19.296875	   0.256942
  19.306641	   0.131903
  19.316406	  -0.015788
  19.326172	  -0.139846
  19.335938	  -0.202600
  19.345703	  -0.187953
  19.355469	  -0.106720
  19.365234	   0.007540
  19.375000	   0.110645
  19.384766	   0.163497
  19.394531	   0.145724
  19.404297	   0.062422
  19.414062	  -0.058321
  19.423828	  -0.176080
  19.433594	  -0.252936
  19.443359	  -0.267064
  19.453125	  -0.220109
  19.462891	  -0.135768
  19.472656	  -0.050204
  19.482422	   0.002058
  19.492188	   0.001456
  19.501953	  -0.049034
  19.511719	  -0.124907
  19.521484	  -0.189377
  19.531250	  -0.207462
  19.541016	  -0.159680
  19.550781	  -0.050262
  19.560547	   0.093238
  19.570312	   0.228933
  19.580078	   0.315017
  19.589844	   0.324464
  19.599609	   0.254699
  19.609375	   0.128758
  19.619141	  -0.012521
  19.628906	  -0.124475
  19.638672	  -0.173803
  19.648438	  -0.149551
  19.658203	  -0.066056
  19.667969	   0.043061
  19.677734	   0.137564
  19.687500	   0.185240
  19.697266	   0.173191
  19.707031	   0.111739
  19.716797	   0.029659
  19.726562	  -0.037347
  19.736328	  -0.060568
  19.746094	  -0.029385
  19.755859	   0.044589
  19.765625	   0.131838
  19.775391	   0.196140
  19.785156	   0.208438
  19.794922	   0.158225
  19.804688	   0.058165
  19.814453	  -0.059842
  19.824219	  -0.155776
  19.833984	  -0.195813
  19.843750	  -0.164607
  19.853516	  -0.071076
  19.863281	   0.054454
  19.873047	   0.170742
  19.882812	   0.239987
  19.892578	   0.240880
  19.902344	   0.175674
  19.912109	   0.068776
  19.921875	  -0.042541
  19.931641	  -0.121848
  19.941406	  -0.146668
  19.951172	  -0.116212
  19.960938	  -0.050963
  19.970703	   0.015636
  19.980469	   0.050238
  19.990234	   0.032523
  20.000000	  -0.036828
  20.009766	  -0.136091
  20.019531	  -0.230420
  20.029297	  -0.284825
  20.039062	  -0.277402
  20.048828	  -0.207921
  20.058594	  -0.098516
  20.068359	   0.013836
  20.078125	   0.090392
  20.087891	   0.104539
  20.097656	   0.051469
  20.107422	  -0.049910
  20.117188	  -0.163552
  20.126953	  -0.248992
  20.136719	  -0.275628
  20.146484	  -0.233436
  20.156250	  -0.136275
  20.166016	  -0.016652
  20.175781	   0.086109
  20.185547	   0.139960
  20.195312	   0.131363
  20.205078	   0.069634
  20.214844	  -0.017099
  20.224609	  -0.092755
  20.234375	  -0.126908
  20.244141	  -0.106104
  20.253906	  -0.038735
  20.263672	   0.048315
  20.273438	   0.119956
  20.283203	   0.146286
  20.292969	   0.114090
  20.302734	   0.032173
  20.312500	  -0.071519
  20.322266	  -0.159961
  20.332031	  -0.200635
  20.341797	  -0.177653
  20.351562	  -0.097943
  20.361328	   0.010839
  20.371094	   0.109974
  20.380859	   0.163461
  20.390625	   0.150949
  20.400391	   0.075125
  20.410156	  -0.039109
  20.419922	  -0.153402
  20.429688	  -0.229468
  20.439453	  -0.242501
  20.449219	  -0.189652
  20.458984	  -0.090562
  20.468750	   0.020165
  20.478516	   0.105738
  20.488281	   0.140508
  20.498047	   0.118989
  20.507812	   0.057317
  20.517578	  -0.013309
  20.527344	  -0.058720
  20.537109	  -0.054897
  20.546875	   0.002768
  20.556641	   0.097480
  20.566406	   0.197091
  20.576172	   0.265944
  20.585938	   0.278166
  20.595703	   0.227470
  20.605469	   0.129845
  20.615234	   0.018089
  20.625000	  -0.069869
  20.634766	  -0.104602
  20.644531	  -0.075808
  20.654297	   0.003968
  20.664062	   0.103886
  20.673828	   0.186005
  20.683594	   0.219044
  20.693359	   0.189708
  20.703125	   0.107465
  20.712891	   0.001035
  20.722656	  -0.092115
  20.732422	  -0.139425
  20.742188	  -0.125071
  20.751953	  -0.055662
  20.761719	   0.042270
  20.771484	   0.132037
  20.781250	   0.180228
  20.791016	   0.168894
  20.800781	   0.102014
  20.810547	   0.003887
  20.820312	  -0.089958
  20.830078	  -0.145986
  20.839844	  -0.145151
  20.849609	  -0.090075
  20.859375	  -0.004233
  20.869141	   0.076569
  20.878906	   0.117353
  20.888672	   0.096957
  20.898438	   0.016115
  20.908203	  -0.102360
  20.917969	  -0.221374
  20.927734	  -0.302562
  20.937500	  -0.319805
  20.947266	  -0.268394
  20.957031	  -0.166539
  20.966797	  -0.048716
  20.976562	   0.046707
  20.986328	   0.091089
  20.996094	   0.075440
  21.005859	   0.013113
  21.015625	  -0.065637
  21.025391	  -0.125165
  21.035156	  -0.137759
  21.044922	  -0.093880
  21.054688	  -0.005607
  21.064453	   0.097945
  21.074219	   0.181494
  21.083984	   0.216700
  21.093750	   0.192689
  21.103516	   0.120106
  21.113281	   0.027210
  21.123047	  -0.050542
  21.132812	  -0.083580
  21.142578	  -0.059152
  21.152344	   0.013916
  21.162109	   0.108405
  21.171875	   0.188676
  21.181641	   0.223769
  21.191406	   0.198841
  21.201172	   0.120729
  21.210938	   0.015605
  21.220703	  -0.080451
  21.230469	  -0.134508
  21.240234	  -0.128716
  21.250000	  -0.066748
  21.259766	   0.027583
  21.269531	   0.119033
  21.279297	   0.173759
  21.289062	   0.171592
  21.298828	   0.113260
  21.308594	   0.019950
  21.318359	  -0.074617
  21.328125	  -0.136668
  21.337891	  -0.144817
  21.347656	  -0.097891
  21.357422	  -0.015274
  21.367188	   0.070366
  21.376953	   0.125274
  21.386719	   0.127250
  21.396484	   0.074059
  21.406250	  -0.015511
  21.416016	  -0.108364
  21.425781	  -0.169175
  21.435547	  -0.173407
  21.445312	  -0.116522
  21.455078	  -0.015978
  21.464844	   0.094755
  21.474609	   0.178027
  21.484375	   0.205399
  21.494141	   0.167769
  21.503906	   0.078538
  21.513672	  -0.031311
  21.523438	  -0.124412
  21.533203	  -0.170448
  21.542969	  -0.156894
  21.552734	  -0.093219
  21.562500	  -0.007026
  21.572266	   0.066406
  21.582031	   0.097325
  21.591797	   0.072609
  21.601562	   0.000681
  21.611328	  -0.091556
  21.621094	  -0.168650
  21.630859	  -0.199751
  21.640625	  -0.170165
  21.650391	  -0.087056
  21.660156	   0.022825
  21.669922	   0.122577
  21.679688	   0.178359
  21.689453	   0.171574
  21.699219	   0.105596
  21.708984	   0.004604
  21.718750	  -0.095066
  21.728516	  -0.157910
  21.738281	  -0.161892
  21.748047	  -0.106158
  21.757812	  -0.011071
  21.767578	   0.089390
  21.777344	   0.160063
  21.787109	   0.177299
  21.796875	   0.137316
  21.806641	   0.057186
  21.816406	  -0.031840
  21.826172	  -0.096155
  21.835938	  -0.112390
  21.845703	  -0.076112
  21.855469	  -0.003427
  21.865234	   0.075118
  21.875000	   0.126071
  21.884766	   0.125800
  21.894531	   0.069686
  21.904297	  -0.025629
  21.914062	  -0.127845
  21.923828	  -0.200465
  21.933594	  -0.215972
  21.943359	  -0.165928
  21.953125	  -0.064306
  21.962891	   0.057188
  21.972656	   0.160154
  21.982422	   0.212922
  21.992188	   0.201547
  22.001953	   0.134416
  22.011719	   0.038862
  22.021484	  -0.048949
  22.031250	  -0.097162
  22.041016	  -0.089617
  22.050781	  -0.031379
  22.060547	   0.053543
  22.070312	   0.131373
  22.080078	   0.171228
  22.089844	   0.156585
  22.099609	   0.091346
  22.109375	  -0.001695
  22.119141	  -0.089386
  22.128906	  -0.140593
  22.138672	  -0.137810
  22.148438	  -0.083738
  22.158203	  -0.000372
  22.167969	   0.079079
  22.177734	   0.122478
  22.187500	   0.110750
  22.197266	   0.045148
  22.207031	  -0.052882
  22.216797	  -0.149246
  22.226562	  -0.209415
  22.236328	  -0.210885
  22.246094	  -0.151333
  22.255859	  -0.049512
  22.265625	   0.061454
  22.275391	   0.145929
  22.285156	   0.178465
  22.294922	   0.152723
  22.304688	   0.083402
  22.314453	   0.000483
  22.324219	  -0.062045
  22.333984	  -0.078843
  22.343750	  -0.042610
  22.353516	   0.033249
  22.363281	   0.119643
  22.373047	   0.182654
  22.382812	   0.196246
  22.392578	   0.152133
  22.402344	   0.063163
  22.412109	  -0.041069
  22.421875	  -0.124803
  22.431641	  -0.159071
  22.441406	  -0.132283
  22.451172	  -0.054597
  22.460938	   0.045578
  22.470703	   0.131688
  22.480469	   0.172114
  22.490234	   0.151501
  22.500000	   0.076252
  22.509766	  -0.027807
  22.519531	  -0.124708
  22.529297	  -0.181207
  22.539062	  -0.178574
  22.548828	  -0.119051
  22.558594	  -0.024703
  22.568359	   0.070875
  22.578125	   0.134895
  22.587891	   0.147249
  22.597656	   0.107578
  22.607422	   0.034990
  22.617188	  -0.039403
  22.626953	  -0.084329
  22.636719	  -0.080197
  22.646484	  -0.026536
  22.656250	   0.057708
  22.666016	   0.141142
  22.675781	   0.191599
  22.685547	   0.188204
  22.695312	   0.129388
  22.705078	   0.033848
  22.714844	  -0.065941
  22.724609	  -0.135330
  22.734375	  -0.150030
  22.744141	  -0.104974
  22.753906	  -0.016303
  22.763672	   0.084305
  22.773438	   0.160900
  22.783203	   0.186064
  22.792969	   0.150610
  22.802734	   0.066692
  22.812500	  -0.036791
  22.822266	  -0.124781
  22.832031	  -0.168775
  22.841797	  -0.157031
  22.851562	  -0.098563
  22.861328	  -0.019508
  22.871094	   0.046767
  22.880859	   0.072160
  22.890625	   0.044338
  22.900391	  -0.028601
  22.910156	  -0.121044
  22.919922	  -0.199249
  22.929688	  -0.233797
  22.939453	  -0.210516
  22.949219	  -0.135875
  22.958984	  -0.034856
  22.968750	   0.057942
  22.978516	   0.110739
  22.988281	   0.106021
  22.998047	   0.046837
  23.007812	  -0.044345
  23.017578	  -0.133806
  23.027344	  -0.188789
  23.037109	  -0.189299
  23.046875	  -0.135233
  23.056641	  -0.046229
  23.066406	   0.045647
  23.076172	   0.107703
  23.085938	   0.118574
  23.095703	   0.075965
  23.105469	  -0.002632
  23.115234	  -0.086493
  23.125000	  -0.143044
  23.134766	  -0.149915
  23.144531	  -0.103208
  23.154297	  -0.018965
  23.164062	   0.072707
  23.173828	   0.138707
  23.183594	   0.155136
  23.193359	   0.116155
  23.203125	   0.036246
  23.212891	  -0.054975
  23.222656	  -0.123501
  23.232422	  -0.143332
  23.242188	  -0.105995
  23.251953	  -0.023721
  23.261719	   0.074898
  23.271484	   0.155196
  23.281250	   0.188920
  23.291016	   0.164399
  23.300781	   0.090682
  23.310547	  -0.005813
  23.320312	  -0.090932
  23.330078	  -0.135158
  23.339844	  -0.124239
  23.349609	  -0.064205
  23.359375	   0.021012
  23.369141	   0.098450
  23.378906	   0.138224
  23.388672	   0.124421
  23.398438	   0.060827
  23.408203	  -0.030589
  23.417969	  -0.117833
  23.427734	  -0.170671
  23.437500	  -0.171711
  23.447266	  -0.122711
  23.457031	  -0.043818
  23.466797	   0.033946
  23.476562	   0.080202
  23.486328	   0.076454
  23.496094	   0.022950
  23.505859	  -0.061373
  23.515625	  -0.145841
  23.525391	  -0.199321
  23.535156	  -0.201691
  23.544922	  -0.151289
  23.554688	  -0.065593
  23.564453	   0.025120
  23.574219	   0.088814
  23.583984	   0.103393
  23.593750	   0.064771
  23.603516	  -0.011642
  23.613281	  -0.096594
  23.623047	  -0.157698
  23.632812	  -0.171284
  23.642578	  -0.131034
  23.652344	  -0.050261
  23.662109	   0.043029
  23.671875	   0.116463
  23.681641	   0.145225
  23.691406	   0.121206
  23.701172	   0.055998
  23.710938	  -0.023373
  23.720703	  -0.084420
  23.730469	  -0.101242
  23.740234	  -0.064201
  23.750000	   0.016316
  23.759766	   0.113479
  23.769531	   0.193661
  23.779297	   0.228652
  23.789062	   0.205999
  23.798828	   0.133689
  23.808594	   0.037446
  23.818359	  -0.048398
  23.828125	  -0.093177
  23.837891	  -0.080861
  23.847656	  -0.015758
  23.857422	   0.079103
  23.867188	   0.170318
  23.876953	   0.226126
  23.886719	   0.227761
  23.896484	   0.176010
  23.906250	   0.090650
  23.916016	   0.003000
  23.925781	  -0.055636
  23.935547	  -0.065417
  23.945312	  -0.025094
  23.955078	   0.047734
  23.964844	   0.123320
  23.974609	   0.170920
  23.984375	   0.170277
  23.994141	   0.119223
  24.003906	   0.034570
  24.013672	  -0.054010
  24.023438	  -0.114905
  24.033203	  -0.126249
  24.042969	  -0.084096
  24.052734	  -0.004057
  24.062500	   0.084229
  24.072266	   0.147787
  24.082031	   0.162284
  24.091797	   0.120918
  24.101562	   0.036981
  24.111328	  -0.060857
  24.121094	  -0.138834
  24.130859	  -0.170218
  24.140625	  -0.144881
  24.150391	  -0.072836
  24.160156	   0.019498
  24.169922	   0.098944
  24.179688	   0.137587
  24.189453	   0.122786
  24.199219	   0.061554
  24.208984	  -0.022267
  24.218750	  -0.096953
  24.228516	  -0.134672
  24.238281	  -0.121744
  24.248047	  -0.063639
  24.257812	   0.017114
  24.267578	   0.089329
  24.277344	   0.124762
  24.287109	   0.108652
  24.296875	   0.045315
  24.306641	  -0.043274
  24.316406	  -0.125415
  24.326172	  -0.171218
  24.335938	  -0.163549
  24.345703	  -0.104356
  24.355469	  -0.014061
  24.365234	   0.075765
  24.375000	   0.133794
  24.384766	   0.140248
  24.394531	   0.093990
  24.404297	   0.012841
  24.414062	  -0.072998
  24.423828	  -0.131997
  24.433594	  -0.142792
  24.443359	  -0.101920
  24.453125	  -0.024980
  24.462891	   0.059180
  24.472656	   0.119117
  24.482422	   0.132371
  24.492188	   0.093724
  24.501953	   0.017120
  24.511719	  -0.069458
  24.521484	  -0.134270
  24.531250	  -0.153495
  24.541016	  -0.120011
  24.550781	  -0.046061
  24.560547	   0.041188
  24.570312	   0.109567
  24.580078	   0.133700
  24.589844	   0.104345
  24.599609	   0.031873
  24.609375	  -0.057409
  24.619141	  -0.130759
  24.628906	  -0.160861
  24.638672	  -0.135752
  24.648438	  -0.063172
  24.658203	   0.032213
  24.667969	   0.117730
  24.677734	   0.164480
  24.687500	   0.157717
  24.697266	   0.102039
  24.707031	   0.019538
  24.716797	  -0.058412
  24.726562	  -0.102691
  24.736328	  -0.097077
  24.746094	  -0.044116
  24.755859	   0.035920
  24.765625	   0.112578
  24.775391	   0.156503
  24.785156	   0.150289
  24.794922	   0.094948
  24.804688	   0.009596
  24.814453	  -0.075507
  24.824219	  -0.130032
  24.833984	  -0.134705
  24.843750	  -0.088419
  24.853516	  -0.008718
  24.863281	   0.074529
  24.873047	   0.129954
  24.882812	   0.136079
  24.892578	   0.089121
  24.902344	   0.004354
  24.912109	  -0.089430
  24.921875	  -0.160354
  24.931641	  -0.184966
  24.941406	  -0.156630
  24.951172	  -0.087756
  24.960938	  -0.005085
  24.970703	   0.060221
  24.980469	   0.084046
  24.990234	   0.058129
  25.000000	  -0.006996
  25.009766	  -0.085985
  25.019531	  -0.148122
  25.029297	  -0.168725
  25.039062	  -0.138331
  25.048828	  -0.066268
  25.058594	   0.022678
  25.068359	   0.097305
  25.078125	   0.131419
  25.087891	   0.113454
  25.097656	   0.050757
  25.107422	  -0.033037
  25.117188	  -0.106596
  25.126953	  -0.142300
  25.136719	  -0.126306
  25.146484	  -0.063583
  25.156250	   0.023913
  25.166016	   0.105274
  25.175781	   0.151922
  25.185547	   0.148032
  25.195312	   0.096265
  25.205078	   0.016738
  25.214844	  -0.060412
  25.224609	  -0.106111
  25.234375	  -0.103047
  25.244141	  -0.052033
  25.253906	   0.028286
  25.263672	   0.108288
  25.273438	   0.158280
  25.283203	   0.159470
  25.292969	   0.110964
  25.302734	   0.030233
  25.312500	  -0.053167
  25.322266	  -0.108322
  25.332031	  -0.114241
  25.341797	  -0.067569
  25.351562	   0.016094
  25.361328	   0.107757
  25.371094	   0.175485
  25.380859	   0.195926
  25.390625	   0.162735
  25.400391	   0.088838
  25.410156	   0.001703
  25.419922	  -0.066638
  25.429688	  -0.091212
  25.439453	  -0.063131
  25.449219	   0.007231
  25.458984	   0.094050
  25.468750	   0.165451
  25.478516	   0.195041
  25.488281	   0.171409
  25.498047	   0.102119
  25.507812	   0.010808
  25.517578	  -0.071528
  25.527344	  -0.117845
  25.537109	  -0.114811
  25.546875	  -0.067462
  25.556641	   0.002919
  25.566406	   0.066883
  25.576172	   0.097859
  25.585938	   0.082081
  25.595703	   0.023752
  25.605469	  -0.056460
  25.615234	  -0.129022
  25.625000	  -0.166450
  25.634766	  -0.153505
  25.644531	  -0.092934
  25.654297	  -0.004636
  25.664062	   0.081463
  25.673828	   0.136205
  25.683594	   0.141735
  25.693359	   0.097921
  25.703125	   0.022311
  25.712891	  -0.056337
  25.722656	  -0.108596
  25.732422	  -0.115113
  25.742188	  -0.073621
  25.751953	   0.000310
  25.761719	   0.079061
  25.771484	   0.133137
  25.781250	   0.141995
  25.791016	   0.101540
  25.800781	   0.025563
  25.810547	  -0.059388
  25.820312	  -0.123813
  25.830078	  -0.146097
  25.839844	  -0.120406
  25.849609	  -0.058711
  25.859375	   0.013785
  25.869141	   0.068138
  25.878906	   0.082551
  25.888672	   0.050631
  25.898438	  -0.016058
  25.908203	  -0.092122
  25.917969	  -0.147655
  25.927734	  -0.159348
  25.937500	  -0.119285
  25.947266	  -0.038170
  25.957031	   0.058249
  25.966797	   0.138306
  25.976562	   0.175797
  25.986328	   0.159476
  25.996094	   0.097191
  26.005859	   0.013134
  26.015625	  -0.060821
  26.025391	  -0.096564
  26.035156	  -0.079824
  26.044922	  -0.015228
  26.054688	   0.075492
  26.064453	   0.161465
  26.074219	   0.213897
  26.083984	   0.216440
  26.093750	   0.170917
  26.103516	   0.096324
  26.113281	   0.021512
  26.123047	  -0.025766
  26.132812	  -0.029365
  26.142578	   0.009067
  26.152344	   0.070542
  26.162109	   0.125698
  26.171875	   0.145730
  26.181641	   0.113293
  26.191406	   0.029314
  26.201172	  -0.086827
  26.210938	  -0.203908
  26.220703	  -0.289923
  26.230469	  -0.323579
  26.240234	  -0.302056
  26.250000	  -0.242133
  26.259766	  -0.174212
  26.269531	  -0.131315
  26.279297	  -0.137002
  26.289062	  -0.196547
  26.298828	  -0.294602
  26.308594	  -0.400231
  26.318359	  -0.477590
  26.328125	  -0.498466
  26.337891	  -0.452249
  26.347656	  -0.349803
  26.357422	  -0.219902
  26.367188	  -0.099515
  26.376953	  -0.021430
  26.386719	  -0.003606
  26.396484	  -0.043943
  26.406250	  -0.122225
  26.416016	  -0.208345
  26.425781	  -0.273700
  26.435547	  -0.301541
  26.445312	  -0.292521
  26.455078	  -0.263492
  26.464844	  -0.240096
  26.474609	  -0.246011
  26.484375	  -0.292904
  26.494141	  -0.374883
  26.503906	  -0.469580
  26.513672	  -0.545529
  26.523438	  -0.573203
  26.533203	  -0.535702
  26.542969	  -0.435199
  26.552734	  -0.292769
  26.562500	  -0.141636
  26.572266	  -0.016208
  26.582031	   0.059185
  26.591797	   0.077878
  26.601562	   0.052172
  26.611328	   0.008000
  26.621094	  -0.024965
  26.630859	  -0.024106
  26.640625	   0.018375
  26.650391	   0.093473
  26.660156	   0.179742
  26.669922	   0.252229
  26.679688	   0.292520
  26.689453	   0.296052
  26.699219	   0.273937
  26.708984	   0.248580
  26.718750	   0.244761
  26.728516	   0.279549
  26.738281	   0.354901
  26.748047	   0.455837
  26.757812	   0.554998
  26.767578	   0.622071
  26.777344	   0.634672
  26.787109	   0.586735
  26.796875	   0.491270
  26.806641	   0.376386
  26.816406	   0.275925
  26.826172	   0.217972
  26.835938	   0.215357
  26.845703	   0.261497
  26.855469	   0.333072
  26.865234	   0.398512
  26.875000	   0.429246
  26.884766	   0.409633
  26.894531	   0.342060
  26.904297	   0.245418
  26.914062	   0.147636
  26.923828	   0.075093
  26.933594	   0.042826
  26.943359	   0.049182
  26.953125	   0.076823
  26.962891	   0.099717
  26.972656	   0.093447
  26.982422	   0.045015
  26.992188	  -0.041575
  27.001953	  -0.146066
  27.011719	  -0.238836
  27.021484	  -0.291463
  27.031250	  -0.287117
  27.041016	  -0.226971
  27.050781	  -0.130259
  27.060547	  -0.027905
  27.070312	   0.048030
  27.080078	   0.075286
  27.089844	   0.048823
  27.099609	  -0.017925
  27.109375	  -0.098343
  27.119141	  -0.162511
  27.128906	  -0.188021
  27.138672	  -0.167812
  27.148438	  -0.112188
  27.158203	  -0.044387
  27.167969	   0.008599
  27.177734	   0.026474
  27.187500	   0.003453
  27.197266	  -0.049491
  27.207031	  -0.108785
  27.216797	  -0.147287
  27.226562	  -0.144808
  27.236328	  -0.096179
  27.246094	  -0.013807
  27.255859	   0.076337
  27.265625	   0.143892
  27.275391	   0.165149
  27.285156	   0.131893
  27.294922	   0.054774
  27.304688	  -0.040109
  27.314453	  -0.120259
  27.324219	  -0.158231
  27.333984	  -0.141360
  27.343750	  -0.076249
  27.353516	   0.013655
  27.363281	   0.096506
  27.373047	   0.143516
  27.382812	   0.139258
  27.392578	   0.087108
  27.402344	   0.007850
  27.412109	  -0.068019
  27.421875	  -0.111484
  27.431641	  -0.105609
  27.441406	  -0.051675
  27.451172	   0.031368
  27.460938	   0.113935
  27.470703	   0.166738
  27.480469	   0.171603
  27.490234	   0.128202
  27.500000	   0.054212
  27.509766	  -0.021182
  27.519531	  -0.068066
  27.529297	  -0.066941
  27.539062	  -0.016118
  27.548828	   0.067358
  27.558594	   0.153655
  27.568359	   0.210851
  27.578125	   0.216517
  27.587891	   0.165987
  27.597656	   0.074304
  27.607422	  -0.028917
  27.617188	  -0.109856
  27.626953	  -0.142389
  27.636719	  -0.117234
  27.646484	  -0.045067
  27.656250	   0.047491
  27.666016	   0.127537
  27.675781	   0.167692
  27.685547	   0.155773
  27.695312	   0.098858
  27.705078	   0.020323
  27.714844	  -0.049020
  27.724609	  -0.082405
  27.734375	  -0.067002
  27.744141	  -0.008615
  27.753906	   0.070518
  27.763672	   0.139983
  27.773438	   0.172454
  27.783203	   0.153818
  27.792969	   0.088452
  27.802734	  -0.002312
  27.812500	  -0.087953
  27.822266	  -0.139925
  27.832031	  -0.142132
  27.841797	  -0.096863
  27.851562	  -0.024005
  27.861328	   0.046188
  27.871094	   0.084160
  27.880859	   0.071897
  27.890625	   0.009603
  27.900391	  -0.084232
  27.910156	  -0.179429
  27.919922	  -0.244967
  27.929688	  -0.260169
  27.939453	  -0.222129
  27.949219	  -0.146707
  27.958984	  -0.062714
  27.968750	  -0.001408
  27.978516	   0.014883
  27.988281	  -0.019110
  27.998047	  -0.089676
  28.007812	  -0.169073
  28.017578	  -0.225562
  28.027344	  -0.234860
  28.037109	  -0.188870
  28.046875	  -0.098539
  28.056641	   0.010145
  28.066406	   0.105537
  28.076172	   0.161636
  28.085938	   0.167196
  28.095703	   0.129347
  28.105469	   0.070447
  28.115234	   0.019387
  28.125000	   0.000564
  28.134766	   0.024610
  28.144531	   0.084277
  28.154297	   0.156994
  28.164062	   0.213146
  28.173828	   0.227039
  28.183594	   0.186515
  28.193359	   0.097698
  28.203125	  -0.016873
  28.212891	  -0.126053
  28.222656	  -0.200987
  28.232422	  -0.225120
  28.242188	  -0.199702
  28.251953	  -0.142805
  28.261719	  -0.082256
  28.271484	  -0.045129
  28.281250	  -0.047673
  28.291016	  -0.089370
  28.300781	  -0.153308
  28.310547	  -0.212688
  28.320312	  -0.241029
  28.330078	  -0.222294
  28.339844	  -0.157145
  28.349609	  -0.063002
  28.359375	   0.032147
  28.369141	   0.099922
  28.378906	   0.121957
  28.388672	   0.096690
  28.398438	   0.039974
  28.408203	  -0.020746
  28.417969	  -0.056625
  28.427734	  -0.048243
  28.437500	   0.006893
  28.447266	   0.092984
  28.457031	   0.181253
  28.466797	   0.240097
  28.476562	   0.246409
  28.486328	   0.193997
  28.496094	   0.096043
  28.505859	  -0.019325
  28.515625	  -0.118741
  28.525391	  -0.175143
  28.535156	  -0.176963
  28.544922	  -0.131725
  28.554688	  -0.062778
  28.564453	  -0.000407
  28.574219	   0.029386
  28.583984	   0.014361
  28.593750	  -0.039685
  28.603516	  -0.111344
  28.613281	  -0.171797
  28.623047	  -0.195722
  28.632812	  -0.170882
  28.642578	  -0.102832
  28.652344	  -0.013015
  28.662109	   0.069071
  28.671875	   0.116769
  28.681641	   0.116196
  28.691406	   0.071566
  28.701172	   0.003888
  28.710938	  -0.056508
  28.720703	  -0.080955
  28.730469	  -0.052938
  28.740234	   0.025702
  28.750000	   0.135138
  28.759766	   0.244360
  28.769531	   0.321985
  28.779297	   0.347157
  28.789062	   0.316621
  28.798828	   0.245447
  28.808594	   0.161193
  28.818359	   0.093675
  28.828125	   0.064098
  28.837891	   0.077527
  28.847656	   0.121402
  28.857422	   0.170617
  28.867188	   0.197243
  28.876953	   0.181283
  28.886719	   0.118503
  28.896484	   0.022413
  28.906250	  -0.080329
  28.916016	  -0.159428
  28.925781	  -0.191892
  28.935547	  -0.170403
  28.945312	  -0.106036
  28.955078	  -0.024315
  28.964844	   0.043964
  28.974609	   0.073817
  28.984375	   0.055012
  28.994141	  -0.004365
  29.003906	  -0.081028
  29.013672	  -0.145136
  29.023438	  -0.171305
  29.033203	  -0.147961
  29.042969	  -0.081634
  29.052734	   0.005370
  29.062500	   0.083052
  29.072266	   0.124591
  29.082031	   0.116031
  29.091797	   0.061242
  29.101562	  -0.019633
  29.111328	  -0.097670
  29.121094	  -0.145818
  29.130859	  -0.148819
  29.140625	  -0.108735
  29.150391	  -0.044083
  29.160156	   0.017114
  29.169922	   0.047783
  29.179688	   0.031938
  29.189453	  -0.029248
  29.199219	  -0.117670
  29.208984	  -0.204738
  29.218750	  -0.261710
  29.228516	  -0.270112
  29.238281	  -0.228446
  29.248047	  -0.152724
  29.257812	  -0.070626
  29.267578	  -0.011410
  29.277344	   0.004716
  29.287109	  -0.026090
  29.296875	  -0.090011
  29.306641	  -0.160737
  29.316406	  -0.209219
  29.326172	  -0.214417
  29.335938	  -0.171113
  29.345703	  -0.091928
  29.355469	  -0.002775
  29.365234	   0.066560
  29.375000	   0.093294
  29.384766	   0.069985
  29.394531	   0.007282
  29.404297	  -0.069923
  29.414062	  -0.131546
  29.423828	  -0.153269
  29.433594	  -0.125393
  29.443359	  -0.056380
  29.453125	   0.030219
  29.462891	   0.104312
  29.472656	   0.140171
  29.482422	   0.125705
  29.492188	   0.066744
  29.501953	  -0.015234
  29.511719	  -0.091053
  29.521484	  -0.134547
  29.531250	  -0.132071
  29.541016	  -0.087344
  29.550781	  -0.019839
  29.560547	   0.042675
  29.570312	   0.074679
  29.580078	   0.062637
  29.589844	   0.010333
  29.599609	  -0.062203
  29.609375	  -0.125819
  29.619141	  -0.152825
  29.628906	  -0.127196
  29.638672	  -0.050655
  29.648438	   0.057607
  29.658203	   0.167485
  29.667969	   0.248442
  29.677734	   0.280119
  29.687500	   0.259252
  29.697266	   0.200414
  29.707031	   0.130356
  29.716797	   0.078064
  29.726562	   0.064180
  29.736328	   0.093670
  29.746094	   0.154384
  29.755859	   0.222001
  29.765625	   0.269477
  29.775391	   0.277464
  29.785156	   0.241813
  29.794922	   0.175352
  29.804688	   0.103253
  29.814453	   0.053659
  29.824219	   0.047043
  29.833984	   0.088228
  29.843750	   0.164071
  29.853516	   0.247744
  29.863281	   0.308107
  29.873047	   0.320834
  29.882812	   0.277227
  29.892578	   0.187515
  29.902344	   0.077411
  29.912109	  -0.020878
  29.921875	  -0.079936
  29.931641	  -0.086669
  29.941406	  -0.046640
  29.951172	   0.018320
  29.960938	   0.078339
  29.970703	   0.106526
  29.980469	   0.088783
  29.990234	   0.028814
  30.000000	  -0.053456
  30.009766	  -0.129447
  30.019531	  -0.172667
  30.029297	  -0.168651
  30.039062	  -0.120437
  30.048828	  -0.047541
  30.058594	   0.021216
  30.068359	   0.058386
  30.078125	   0.048174
  30.087891	  -0.007494
  30.097656	  -0.089366
  30.107422	  -0.167633
  30.117188	  -0.212642
  30.126953	  -0.205671
  30.136719	  -0.145837
  30.146484	  -0.050621
  30.156250	   0.050211
  30.166016	   0.125102
  30.175781	   0.151817
  30.185547	   0.125157
  30.195312	   0.058508
  30.205078	  -0.021311
  30.214844	  -0.083982
  30.224609	  -0.106771
  30.234375	  -0.082694
  30.244141	  -0.022803
  30.253906	   0.048204
  30.263672	   0.101421
  30.273438	   0.114694
  30.283203	   0.081070
  30.292969	   0.011584
  30.302734	  -0.068667
  30.312500	  -0.129731
  30.322266	  -0.147936
  30.332031	  -0.114828
  30.341797	  -0.040633
  30.351562	   0.049113
  30.361328	   0.122560
  30.371094	   0.152942
  30.380859	   0.128239
  30.390625	   0.055578
  30.400391	  -0.041235
  30.410156	  -0.130181
  30.419922	  -0.182425
  30.429688	  -0.182527
  30.439453	  -0.133769
  30.449219	  -0.056685
  30.458984	   0.018645
  30.468750	   0.063700
  30.478516	   0.061953
  30.488281	   0.014835
  30.498047	  -0.058956
  30.507812	  -0.130527
  30.517578	  -0.171634
  30.527344	  -0.165292
  30.537109	  -0.112266
  30.546875	  -0.030999
  30.556641	   0.049000
  30.566406	   0.097920
  30.576172	   0.096639
  30.585938	   0.043905
  30.595703	  -0.042942
  30.605469	  -0.134016
  30.615234	  -0.197535
  30.625000	  -0.211227
  30.634766	  -0.170349
  30.644531	  -0.089410
  30.654297	   0.003041
  30.664062	   0.074684
  30.673828	   0.101040
  30.683594	   0.074211
  30.693359	   0.005609
  30.703125	  -0.078315
  30.712891	  -0.145758
  30.722656	  -0.171141
  30.732422	  -0.144369
  30.742188	  -0.074400
  30.751953	   0.014133
  30.761719	   0.090007
  30.771484	   0.126859
  30.781250	   0.112823
  30.791016	   0.054832
  30.800781	  -0.023956
  30.810547	  -0.092677
  30.820312	  -0.124080
  30.830078	  -0.104515
  30.839844	  -0.038941
  30.849609	   0.050860
  30.859375	   0.134212
  30.869141	   0.182694
  30.878906	   0.180447
  30.888672	   0.129862
  30.898438	   0.050591
  30.908203	  -0.027745
  30.917969	  -0.076457
  30.927734	  -0.078317
  30.937500	  -0.033834
  30.947266	   0.039005
  30.957031	   0.111437
  30.966797	   0.154589
  30.976562	   0.150212
  30.986328	   0.097522
  30.996094	   0.013631
  31.005859	  -0.072602
  31.015625	  -0.131068
  31.025391	  -0.141422
  31.035156	  -0.100579
  31.044922	  -0.023957
  31.054688	   0.060016
  31.064453	   0.120134
  31.074219	   0.133668
  31.083984	   0.094560
  31.093750	   0.015572
  31.103516	  -0.076367
  31.113281	  -0.149923
  31.123047	  -0.180653
  31.132812	  -0.159742
  31.142578	  -0.096998
  31.152344	  -0.017071
  31.162109	   0.049712
  31.171875	   0.078483
  31.181641	   0.058880
  31.191406	  -0.001320
  31.201172	  -0.079278
  31.210938	  -0.145736
  31.220703	  -0.176002
  31.230469	  -0.159231
  31.240234	  -0.102557
  31.250000	  -0.028549
  31.259766	   0.033102
  31.269531	   0.056594
  31.279297	   0.029700
  31.289062	  -0.041473
  31.298828	  -0.134416
  31.308594	  -0.218174
  31.318359	  -0.264446
  31.328125	  -0.257782
  31.337891	  -0.201163
  31.347656	  -0.114905
  31.357422	  -0.029292
  31.367188	   0.026393
  31.376953	   0.034446
  31.386719	  -0.004929
  31.396484	  -0.073842
  31.406250	  -0.143386
  31.416016	  -0.184321
  31.425781	  -0.177847
  31.435547	  -0.122534
  31.445312	  -0.034875
  31.455078	   0.056734
  31.464844	   0.122369
  31.474609	   0.141512
  31.484375	   0.110513
  31.494141	   0.043869
  31.503906	  -0.031175
  31.513672	  -0.084698
  31.523438	  -0.095165
  31.533203	  -0.057400
  31.542969	   0.015464
  31.552734	   0.096795
  31.562500	   0.156277
  31.572266	   0.171153
  31.582031	   0.134754
  31.591797	   0.059181
  31.601562	  -0.028875
  31.611328	  -0.097681
  31.621094	  -0.121909
  31.630859	  -0.091807
  31.640625	  -0.016750
  31.650391	   0.078136
  31.660156	   0.161062
  31.669922	   0.205063
  31.679688	   0.197699
  31.689453	   0.145434
  31.699219	   0.071089
  31.708984	   0.005312
  31.718750	  -0.024822
  31.728516	  -0.005901
  31.738281	   0.056748
  31.748047	   0.140874
  31.757812	   0.215368
  31.767578	   0.251650
  31.777344	   0.234231
  31.787109	   0.166584
  31.796875	   0.070159
  31.806641	  -0.023128
  31.816406	  -0.082239
  31.826172	  -0.088081
  31.835938	  -0.040301
  31.845703	   0.042644
  31.855469	   0.130171
  31.865234	   0.190567
  31.875000	   0.202315
  31.884766	   0.161663
  31.894531	   0.083724
  31.904297	  -0.003256
  31.914062	  -0.068314
  31.923828	  -0.089058
  31.933594	  -0.059706
  31.943359	   0.007030
  31.953125	   0.084859
  31.962891	   0.143772
  31.972656	   0.161182
  31.982422	   0.130252
  31.992188	   0.062328
  32.001953	  -0.017391
  32.011719	  -0.079338
  32.021484	  -0.100685
  32.031250	  -0.073972
  32.041016	  -0.010019
  32.050781	   0.065974
  32.060547	   0.123751
  32.070312	   0.139320
  32.080078	   0.104116
  32.089844	   0.028584
  32.099609	  -0.061184
  32.109375	  -0.132626
  32.119141	  -0.158384
  32.128906	  -0.126277
  32.138672	  -0.043927
  32.148438	   0.063658
  32.158203	   0.162714
  32.167969	   0.222463
  32.177734	   0.225762
  32.187500	   0.174832
  32.197266	   0.090032
  32.207031	   0.002183
  32.216797	  -0.058759
  32.226562	  -0.074534
  32.236328	  -0.044986
  32.246094	   0.012242
  32.255859	   0.068574
  32.265625	   0.095371
  32.275391	   0.074786
  32.285156	   0.006629
  32.294922	  -0.091298
  32.304688	  -0.189499
  32.314453	  -0.257414
  32.324219	  -0.274492
  32.333984	  -0.237634
  32.343750	  -0.162295
  32.353516	  -0.076849
  32.363281	  -0.012256
  32.373047	   0.009148
  32.382812	  -0.018325
  32.392578	  -0.081828
  32.402344	  -0.154908
  32.412109	  -0.207417
  32.421875	  -0.216771
  32.431641	  -0.176410
  32.441406	  -0.098345
  32.451172	  -0.008837
  32.460938	   0.061200
  32.470703	   0.087590
  32.480469	   0.061867
  32.490234	  -0.005453
  32.500000	  -0.088547
  32.509766	  -0.155592
  32.519531	  -0.180337
  32.529297	  -0.151730
  32.539062	  -0.078093
  32.548828	   0.015694
  32.558594	   0.097003
  32.568359	   0.137078
  32.578125	   0.121295
  32.587891	   0.054340
  32.597656	  -0.041508
  32.607422	  -0.134357
  32.617188	  -0.194017
  32.626953	  -0.202547
  32.636719	  -0.160248
  32.646484	  -0.084977
  32.656250	  -0.005136
  32.666016	   0.051034
  32.675781	   0.065889
  32.685547	   0.038705
  32.695312	  -0.014385
  32.705078	  -0.066778
  32.714844	  -0.091699
  32.724609	  -0.072556
  32.734375	  -0.009510
  32.744141	   0.080208
  32.753906	   0.168350
  32.763672	   0.225876
  32.773438	   0.233580
  32.783203	   0.189199
  32.792969	   0.108394
  32.802734	   0.019207
  32.812500	  -0.047960
  32.822266	  -0.071206
  32.832031	  -0.044842
  32.841797	   0.018841
  32.851562	   0.094367
  32.861328	   0.152639
  32.871094	   0.171713
  32.880859	   0.144801
  32.890625	   0.082555
  32.900391	   0.008801
  32.910156	  -0.048657
  32.919922	  -0.068723
  32.929688	  -0.045158
  32.939453	   0.010886
  32.949219	   0.074962
  32.958984	   0.118578
  32.968750	   0.120201
  32.978516	   0.073891
  32.988281	  -0.007722
  32.998047	  -0.097356
  33.007812	  -0.162605
  33.017578	  -0.177679
  33.027344	  -0.133106
  33.037109	  -0.039802
  33.046875	   0.074084
  33.056641	   0.172540
  33.066406	   0.224021
  33.076172	   0.212364
  33.085938	   0.142411
  33.095703	   0.038313
  33.105469	  -0.064886
  33.115234	  -0.133392
  33.125000	  -0.146215
  33.134766	  -0.102048
  33.144531	  -0.019076
  33.154297	   0.072099
  33.164062	   0.139793
  33.173828	   0.162670
  33.183594	   0.137120
  33.193359	   0.077966
  33.203125	   0.012310
  33.212891	  -0.031111
  33.222656	  -0.033105
  33.232422	   0.008439
  33.242188	   0.077455
  33.251953	   0.145471
  33.261719	   0.182138
  33.271484	   0.166652
  33.281250	   0.095842
  33.291016	  -0.014072
  33.300781	  -0.132756
  33.310547	  -0.226208
  33.320312	  -0.268600
  33.330078	  -0.251253
  33.339844	  -0.185484
  33.349609	  -0.098334
  33.359375	  -0.022733
  33.369141	   0.014300
  33.378906	   0.001126
  33.388672	  -0.054774
  33.398438	  -0.130127
  33.408203	  -0.194945
  33.417969	  -0.223988
  33.427734	  -0.206345
  33.437500	  -0.149591
  33.447266	  -0.076977
  33.457031	  -0.018689
  33.466797	  -0.000423
  33.476562	  -0.033494
  33.486328	  -0.110191
  33.496094	  -0.206139
  33.505859	  -0.288858
  33.515625	  -0.329452
  33.525391	  -0.313132
  33.535156	  -0.244736
  33.544922	  -0.147165
  33.554688	  -0.053275
  33.564453	   0.005885
  33.574219	   0.012219
  33.583984	  -0.032922
  33.593750	  -0.109258
  33.603516	  -0.184927
  33.613281	  -0.227994
  33.623047	  -0.217928
  33.632812	  -0.152901
  33.642578	  -0.050254
  33.652344	   0.059993
  33.662109	   0.146200
  33.671875	   0.186652
  33.681641	   0.177363
  33.691406	   0.133269
  33.701172	   0.082376
  33.710938	   0.055032
  33.720703	   0.072268
  33.730469	   0.137532
  33.740234	   0.234896
  33.750000	   0.334453
  33.759766	   0.402998
  33.769531	   0.416114
  33.779297	   0.367279
  33.789062	   0.270648
  33.798828	   0.156456
  33.808594	   0.060666
  33.818359	   0.012567
  33.828125	   0.024782
  33.837891	   0.089235
  33.847656	   0.180504
  33.857422	   0.265267
  33.867188	   0.314364
  33.876953	   0.313079
  33.886719	   0.265910
  33.896484	   0.194147
  33.906250	   0.127254
  33.916016	   0.091276
  33.925781	   0.098647
  33.935547	   0.143192
  33.945312	   0.202219
  33.955078	   0.244970
  33.964844	   0.244305
  33.974609	   0.187308
  33.984375	   0.080830
  33.994141	  -0.050149
  34.003906	  -0.170856
  34.013672	  -0.248791
  34.023438	  -0.265171
  34.033203	  -0.221583
  34.042969	  -0.139395
  34.052734	  -0.052110
  34.062500	   0.006626
  34.072266	   0.015001
  34.082031	  -0.029291
  34.091797	  -0.108498
  34.101562	  -0.191539
  34.111328	  -0.245559
  34.121094	  -0.248117
  34.130859	  -0.195526
  34.140625	  -0.104333
  34.150391	  -0.005372
  34.160156	   0.067423
  34.169922	   0.089378
  34.179688	   0.054082
  34.189453	  -0.024256
  34.199219	  -0.115986
  34.208984	  -0.186844
  34.218750	  -0.210506
  34.228516	  -0.178288
  34.238281	  -0.102452
  34.248047	  -0.011896
  34.257812	   0.058226
  34.267578	   0.079197
  34.277344	   0.039147
  34.287109	  -0.052589
  34.296875	  -0.168736
  34.306641	  -0.273766
  34.316406	  -0.336491
  34.326172	  -0.340990
  34.335938	  -0.291937
  34.345703	  -0.212443
  34.355469	  -0.135244
  34.365234	  -0.090522
  34.375000	  -0.094817
  34.384766	  -0.145094
  34.394531	  -0.220108
  34.404297	  -0.288532
  34.414062	  -0.320811
  34.423828	  -0.300371
  34.433594	  -0.230017
  34.443359	  -0.131156
  34.453125	  -0.036101
  34.462891	   0.023720
  34.472656	   0.029331
  34.482422	  -0.018713
  34.492188	  -0.100354
  34.501953	  -0.183196
  34.511719	  -0.234205
  34.521484	  -0.231696
  34.531250	  -0.173227
  34.541016	  -0.076515
  34.550781	   0.026958
  34.560547	   0.103327
  34.570312	   0.128545
  34.580078	   0.096971
  34.589844	   0.023200
  34.599609	  -0.063496
  34.609375	  -0.130074
  34.619141	  -0.151941
  34.628906	  -0.121993
  34.638672	  -0.053140
  34.648438	   0.026608
  34.658203	   0.084700
  34.667969	   0.096351
  34.677734	   0.054034
  34.687500	  -0.029370
  34.697266	  -0.124989
  34.707031	  -0.198381
  34.716797	  -0.222166
  34.726562	  -0.186259
  34.736328	  -0.101900
  34.746094	   0.002054
  34.755859	   0.089310
  34.765625	   0.129152
  34.775391	   0.107591
  34.785156	   0.032612
  34.794922	  -0.068427
  34.804688	  -0.158314
  34.814453	  -0.203037
  34.824219	  -0.183685
  34.833984	  -0.102915
  34.843750	   0.016276
  34.853516	   0.139014
  34.863281	   0.231112
  34.873047	   0.271171
  34.882812	   0.257835
  34.892578	   0.209607
  34.902344	   0.157358
  34.912109	   0.132348
  34.921875	   0.154198
  34.931641	   0.223258
  34.941406	   0.320211
  34.951172	   0.413069
  34.960938	   0.469005
  34.970703	   0.466675
  34.980469	   0.404495
  34.990234	   0.301781
  35.000000	   0.192283
  35.009766	   0.112413
  35.019531	   0.088406
  35.029297	   0.127076
  35.039062	   0.213515
  35.048828	   0.316592
  35.058594	   0.400251
  35.068359	   0.436540
  35.078125	   0.415648
  35.087891	   0.349338
  35.097656	   0.266554
  35.107422	   0.202827
  35.117188	   0.187331
  35.126953	   0.232289
  35.136719	   0.328530
  35.146484	   0.448762
  35.156250	   0.557292
  35.166016	   0.622616
  35.175781	   0.628267
  35.185547	   0.578006
  35.195312	   0.493549
  35.205078	   0.405776
  35.214844	   0.342761
  35.224609	   0.319126
  35.234375	   0.330675
  35.244141	   0.356291
  35.253906	   0.366376
  35.263672	   0.334626
  35.273438	   0.248715
  35.283203	   0.115830
  35.292969	  -0.039107
  35.302734	  -0.181949
  35.312500	  -0.281486
  35.322266	  -0.320763
  35.332031	  -0.303320
  35.341797	  -0.251953
  35.351562	  -0.200330
  35.361328	  -0.180459
  35.371094	  -0.210565
  35.380859	  -0.287879
  35.390625	  -0.389080
  35.400391	  -0.478389
  35.410156	  -0.520511
  35.419922	  -0.493815
  35.429688	  -0.398999
  35.439453	  -0.260041
  35.449219	  -0.116999
  35.458984	  -0.013108
  35.468750	   0.019310
  35.478516	  -0.030799
  35.488281	  -0.150202
  35.498047	  -0.306633
  35.507812	  -0.460353
  35.517578	  -0.577762
  35.527344	  -0.642177
  35.537109	  -0.657966
  35.546875	  -0.646720
  35.556641	  -0.637066
  35.566406	  -0.652080
  35.576172	  -0.699105
  35.585938	  -0.765887
  35.595703	  -0.824555
  35.605469	  -0.842055
  35.615234	  -0.793188
  35.625000	  -0.671383
  35.634766	  -0.493072
  35.644531	  -0.293836
  35.654297	  -0.117443
  35.664062	  -0.001559
  35.673828	   0.034884
  35.683594	  -0.001858
  35.693359	  -0.082360
  35.703125	  -0.163888
  35.712891	  -0.204625
  35.722656	  -0.177309
  35.732422	  -0.077541
  35.742188	   0.076012
  35.751953	   0.249403
  35.761719	   0.406155
  35.771484	   0.520278
  35.781250	   0.584785
  35.791016	   0.612704
  35.800781	   0.630369
  35.810547	   0.665661
  35.820312	   0.735730
  35.830078	   0.838944
  35.839844	   0.954206
  35.849609	   1.048089
  35.859375	   1.087245
  35.869141	   1.051556
  35.878906	   0.943104
  35.888672	   0.787458
  35.898438	   0.626504
  35.908203	   0.505092
  35.917969	   0.456065
  35.927734	   0.488862
  35.937500	   0.585746
  35.947266	   0.707048
  35.957031	   0.803705
  35.966797	   0.832861
  35.976562	   0.771238
  35.986328	   0.621874
  35.996094	   0.412136
  36.005859	   0.184013
  36.015625	  -0.019710
  36.025391	  -0.168469
  36.035156	  -0.251707
  36.044922	  -0.279052
  36.054688	  -0.273351
  36.064453	  -0.259615
  36.074219	  -0.254311
  36.083984	  -0.259143
  36.093750	  -0.261618
  36.103516	  -0.242022
  36.113281	  -0.183910
  36.123047	  -0.083821
  36.132812	   0.043811
  36.142578	   0.168828
  36.152344	   0.254175
  36.162109	   0.268402
  36.171875	   0.197367
  36.181641	   0.050792
  36.191406	  -0.138931
  36.201172	  -0.325576
  36.210938	  -0.462739
  36.220703	  -0.517742
  36.230469	  -0.481128
  36.240234	  -0.368600
  36.250000	  -0.214926
  36.259766	  -0.062109
  36.269531	   0.053953
  36.279297	   0.113693
  36.289062	   0.117634
  36.298828	   0.082787
  36.308594	   0.033477
  36.318359	  -0.009605
  36.328125	  -0.037827
  36.337891	  -0.057310
  36.347656	  -0.084956
  36.357422	  -0.139528
  36.367188	  -0.231443
  36.376953	  -0.355482
  36.386719	  -0.489587
  36.396484	  -0.600610
  36.406250	  -0.655193
  36.416016	  -0.631935
  36.425781	  -0.530335
  36.435547	  -0.373011
  36.445312	  -0.200022
  36.455078	  -0.056974
  36.464844	   0.019196
  36.474609	   0.011900
  36.484375	  -0.069963
  36.494141	  -0.195183
  36.503906	  -0.320605
  36.513672	  -0.405104
  36.523438	  -0.422343
  36.533203	  -0.368047
  36.542969	  -0.259498
  36.552734	  -0.127803
  36.562500	  -0.005976
  36.572266	   0.082690
  36.582031	   0.131769
  36.591797	   0.151951
  36.601562	   0.164624
  36.611328	   0.191503
  36.621094	   0.244477
  36.630859	   0.319691
  36.640625	   0.398221
  36.650391	   0.453147
  36.660156	   0.460343
  36.669922	   0.408836
  36.679688	   0.306666
  36.689453	   0.179807
  36.699219	   0.064288
  36.708984	  -0.005790
  36.718750	  -0.010050
  36.728516	   0.050854
  36.738281	   0.155178
  36.748047	   0.267395
  36.757812	   0.350351
  36.767578	   0.377920
  36.777344	   0.343678
  36.787109	   0.262481
  36.796875	   0.164470
  36.806641	   0.083744
  36.816406	   0.045897
  36.826172	   0.059001
  36.835938	   0.111307
  36.845703	   0.176455
  36.855469	   0.224157
  36.865234	   0.232269
  36.875000	   0.195662
  36.884766	   0.128444
  36.894531	   0.058600
  36.904297	   0.016976
  36.914062	   0.024702
  36.923828	   0.083837
  36.933594	   0.174936
  36.943359	   0.262708
  36.953125	   0.307982
  36.962891	   0.281771
  36.972656	   0.176361
  36.982422	   0.009279
  36.992188	  -0.181512
  37.001953	  -0.349704
  37.011719	  -0.455901
  37.021484	  -0.480701
  37.031250	  -0.430978
  37.041016	  -0.337106
  37.050781	  -0.242061
  37.060547	  -0.186255
  37.070312	  -0.193434
  37.080078	  -0.262645
  37.089844	  -0.369074
  37.099609	  -0.473391
  37.109375	  -0.536199
  37.119141	  -0.532380
  37.128906	  -0.460165
  37.138672	  -0.341706
  37.148438	  -0.214997
  37.158203	  -0.120109
  37.167969	  -0.084765
  37.177734	  -0.114490
  37.187500	  -0.190896
  37.197266	  -0.278713
  37.207031	  -0.338985
  37.216797	  -0.343636
  37.226562	  -0.286091
  37.236328	  -0.184114
  37.246094	  -0.073810
  37.255859	   0.003038
  37.265625	   0.013739
  37.275391	  -0.053746
  37.285156	  -0.186557
  37.294922	  -0.351481
  37.304688	  -0.506536
  37.314453	  -0.615359
  37.324219	  -0.659171
  37.333984	  -0.642030
  37.343750	  -0.587600
  37.353516	  -0.528793
  37.363281	  -0.494220
  37.373047	  -0.496590
  37.382812	  -0.527381
  37.392578	  -0.559806
  37.402344	  -0.558976
  37.412109	  -0.495481
  37.421875	  -0.357325
  37.431641	  -0.155707
  37.441406	   0.077581
  37.451172	   0.300318
  37.460938	   0.473935
  37.470703	   0.576413
  37.480469	   0.609290
  37.490234	   0.596211
  37.500000	   0.573523
  37.509766	   0.576354
  37.519531	   0.625289
  37.529297	   0.718522
  37.539062	   0.832439
  37.548828	   0.930429
  37.558594	   0.976754
  37.568359	   0.950356
  37.578125	   0.853512
  37.587891	   0.712031
  37.597656	   0.566792
  37.607422	   0.459543
  37.617188	   0.418058
  37.626953	   0.445989
  37.636719	   0.521159
  37.646484	   0.603006
  37.656250	   0.646630
  37.666016	   0.618505
  37.675781	   0.508317
  37.685547	   0.332745
  37.695312	   0.129882
  37.705078	  -0.053683
  37.714844	  -0.178530
  37.724609	  -0.225289
  37.734375	  -0.200246
  37.744141	  -0.131880
  37.753906	  -0.059753
  37.763672	  -0.019932
  37.773438	  -0.032276
  37.783203	  -0.094137
  37.792969	  -0.182640
  37.802734	  -0.264487
  37.812500	  -0.309525
  37.822266	  -0.302932
  37.832031	  -0.251467
  37.841797	  -0.181436
  37.851562	  -0.129136
  37.861328	  -0.127313
  37.871094	  -0.192648
  37.880859	  -0.318927
  37.890625	  -0.478431
  37.900391	  -0.631096
  37.910156	  -0.738118
  37.919922	  -0.775081
  37.929688	  -0.739871
  37.939453	  -0.652571
  37.949219	  -0.547508
  37.958984	  -0.460467
  37.968750	  -0.415857
  37.978516	  -0.418571
  37.988281	  -0.453480
  37.998047	  -0.492630
  38.007812	  -0.507274
  38.017578	  -0.480096
  38.027344	  -0.412846
  38.037109	  -0.326360
  38.046875	  -0.252819
  38.056641	  -0.223052
  38.066406	  -0.253671
  38.076172	  -0.338997
  38.085938	  -0.451088
  38.095703	  -0.548206
  38.105469	  -0.588961
  38.115234	  -0.547141
  38.125000	  -0.421873
  38.134766	  -0.239287
  38.144531	  -0.044862
  38.154297	   0.111078
  38.164062	   0.189721
  38.173828	   0.176282
  38.183594	   0.084303
  38.193359	  -0.049772
  38.203125	  -0.179764
  38.212891	  -0.265976
  38.222656	  -0.288668
  38.232422	  -0.254029
  38.242188	  -0.190588
  38.251953	  -0.137500
  38.261719	  -0.129037
  38.271484	  -0.181029
  38.281250	  -0.284233
  38.291016	  -0.407124
  38.300781	  -0.507112
  38.310547	  -0.546141
  38.320312	  -0.504970
  38.330078	  -0.390881
  38.339844	  -0.235914
  38.349609	  -0.086126
  38.359375	   0.014361
  38.369141	   0.038874
  38.378906	  -0.012296
  38.388672	  -0.111784
  38.398438	  -0.214548
  38.408203	  -0.273471
  38.417969	  -0.255679
  38.427734	  -0.153860
  38.437500	   0.011332
  38.447266	   0.198515
  38.457031	   0.359766
  38.466797	   0.456653
  38.476562	   0.472440
  38.486328	   0.416274
  38.496094	   0.318110
  38.505859	   0.216511
  38.515625	   0.143965
  38.525391	   0.115179
  38.535156	   0.122618
  38.544922	   0.140782
  38.554688	   0.137467
  38.564453	   0.087672
  38.574219	  -0.015189
  38.583984	  -0.155043
  38.593750	  -0.297601
  38.603516	  -0.401951
  38.613281	  -0.435075
  38.623047	  -0.383983
  38.632812	  -0.260934
  38.642578	  -0.099752
  38.652344	   0.055542
  38.662109	   0.165746
  38.671875	   0.209774
  38.681641	   0.191453
  38.691406	   0.137407
  38.701172	   0.086805
  38.710938	   0.076705
  38.720703	   0.128281
  38.730469	   0.238900
  38.740234	   0.382870
  38.750000	   0.520545
  38.759766	   0.612476
  38.769531	   0.633475
  38.779297	   0.581569
  38.789062	   0.478676
  38.798828	   0.362849
  38.808594	   0.274969
  38.818359	   0.244704
  38.828125	   0.280747
  38.837891	   0.368706
  38.847656	   0.477183
  38.857422	   0.569622
  38.867188	   0.617466
  38.876953	   0.609781
  38.886719	   0.555954
  38.896484	   0.480703
  38.906250	   0.413527
  38.916016	   0.376757
  38.925781	   0.376849
  38.935547	   0.402234
  38.945312	   0.428496
  38.955078	   0.428852
  38.964844	   0.385794
  38.974609	   0.299314
  38.984375	   0.188345
  38.994141	   0.084622
  39.003906	   0.021040
  39.013672	   0.018743
  39.023438	   0.077784
  39.033203	   0.174999
  39.042969	   0.270191
  39.052734	   0.318692
  39.062500	   0.286034
  39.072266	   0.159640
  39.082031	  -0.046570
  39.091797	  -0.296251
  39.101562	  -0.541936
  39.111328	  -0.739574
  39.121094	  -0.861263
  39.130859	  -0.901837
  39.140625	  -0.877325
  39.150391	  -0.816236
  39.160156	  -0.747239
  39.169922	  -0.688013
  39.179688	  -0.639469
  39.189453	  -0.587430
  39.199219	  -0.510915
  39.208984	  -0.393645
  39.218750	  -0.234081
  39.228516	  -0.049837
  39.238281	   0.125601
  39.248047	   0.252981
  39.257812	   0.300681
  39.267578	   0.256514
  39.277344	   0.133449
  39.287109	  -0.033121
  39.296875	  -0.195886
  39.306641	  -0.310428
  39.316406	  -0.349196
  39.326172	  -0.309782
  39.335938	  -0.214606
  39.345703	  -0.102193
  39.355469	  -0.013210
  39.365234	   0.023703
  39.375000	   0.001242
  39.384766	  -0.065323
  39.394531	  -0.145269
  39.404297	  -0.205044
  39.414062	  -0.221585
  39.423828	  -0.191264
  39.433594	  -0.131059
  39.443359	  -0.071494
  39.453125	  -0.044007
  39.462891	  -0.067542
  39.472656	  -0.139556
  39.482422	  -0.235049
  39.492188	  -0.314296
  39.501953	  -0.336711
  39.511719	  -0.275911
  39.521484	  -0.130485
  39.531250	   0.073607
  39.541016	   0.290153
  39.550781	   0.467021
  39.560547	   0.562841
  39.570312	   0.560218
  39.580078	   0.470875
  39.589844	   0.330968
  39.599609	   0.188280
  39.609375	   0.085867
  39.619141	   0.047965
  39.628906	   0.073075
  39.638672	   0.136503
  39.648438	   0.201190
  39.658203	   0.232686
  39.667969	   0.212625
  39.677734	   0.145711
  39.687500	   0.057651
  39.697266	  -0.015150
  39.707031	  -0.040226
  39.716797	  -0.002479
  39.726562	   0.088699
  39.736328	   0.201466
  39.746094	   0.292136
  39.755859	   0.320637
  39.765625	   0.265231
  39.775391	   0.131096
  39.785156	  -0.050435
  39.794922	  -0.231859
  39.804688	  -0.365237
  39.814453	  -0.418132
  39.824219	  -0.384123
  39.833984	  -0.284220
  39.843750	  -0.158783
  39.853516	  -0.052973
  39.863281	  -0.001028
  39.873047	  -0.015054
  39.882812	  -0.082260
  39.892578	  -0.171452
  39.902344	  -0.246166
  39.912109	  -0.279392
  39.921875	  -0.264308
  39.931641	  -0.216948
  39.941406	  -0.169798
  39.951172	  -0.158741
  39.960938	  -0.208278
  39.970703	  -0.320718
  39.980469	  -0.473548
  39.990234	  -0.626220
