# Time	Amplitude (cm/s/s)
   0.000000	   0.541185
   0.009766	   0.687805
   0.019531	   0.757022
   0.029297	   0.725733
   0.039062	   0.608511
   0.048828	   0.453726
   0.058594	   0.327076
   0.068359	   0.288178
   0.078125	   0.368426
   0.087891	   0.558013
   0.097656	   0.806848
   0.107422	   1.039323
   0.117188	   1.178034
   0.126953	   1.168469
   0.136719	   0.996361
   0.146484	   0.691977
   0.156250	   0.320152
   0.166016	  -0.040217
   0.175781	  -0.320007
   0.185547	  -0.478888
   0.195312	  -0.513346
   0.205078	  -0.451615
   0.214844	  -0.338132
   0.224609	  -0.213780
   0.234375	  -0.099469
   0.244141	   0.010896
   0.253906	   0.145691
   0.263672	   0.341201
   0.273438	   0.623367
   0.283203	   0.992842
   0.292969	   1.419328
   0.302734	   1.847647
   0.312500	   2.213652
   0.322266	   2.464320
   0.332031	   2.574781
   0.341797	   2.556029
   0.351562	   2.450431
   0.361328	   2.316515
   0.371094	   2.208429
   0.380859	   2.157339
   0.390625	   2.161319
   0.400391	   2.187164
   0.410156	   2.183214
   0.419922	   2.098310
   0.429688	   1.899851
   0.439453	   1.584386
   0.449219	   1.177079
   0.458984	   0.720601
   0.468750	   0.258037
   0.478516	  -0.183371
   0.488281	  -0.601145
   0.498047	  -1.015502
   0.507812	  -1.456922
   0.517578	  -1.948155
   0.527344	  -2.487846
   0.537109	  -3.042753
   0.546875	  -3.552540
   0.556641	  -3.946554
   0.566406	  -4.167371
   0.576172	  -4.192973
   0.585938	  -4.049302
   0.595703	  -3.807858
   0.605469	  -3.567907
   0.615234	  -3.428197
   0.625000	  -3.456904
   0.634766	  -3.669493
   0.644531	  -4.021931
   0.654297	  -4.421839
   0.664062	  -4.754461
   0.673828	  -4.915588
   0.683594	  -4.841386
   0.693359	  -4.526263
   0.703125	  -4.023852
   0.712891	  -3.431655
   0.722656	  -2.864953
   0.732422	  -2.428550
   0.742188	  -2.194930
   0.751953	  -2.194533
   0.761719	  -2.419295
   0.771484	  -2.835994
   0.781250	  -3.402909
   0.791016	  -4.082911
   0.800781	  -4.848248
   0.810547	  -5.676164
   0.820312	  -6.538493
   0.830078	  -7.391007
   0.839844	  -8.168514
   0.849609	  -8.789554
   0.859375	  -9.170689
   0.869141	  -9.246442
   0.878906	  -8.988324
   0.888672	  -8.416131
   0.898438	  -7.596983
   0.908203	  -6.631545
   0.917969	  -5.631148
   0.927734	  -4.692626
   0.937500	  -3.878384
   0.947266	  -3.207368
   0.957031	  -2.658903
   0.966797	  -2.187018
   0.976562	  -1.739610
   0.986328	  -1.275599
   0.996094	  -0.774547
   1.005859	  -0.236440
   1.015625	   0.326735
   1.025391	   0.902904
   1.035156	   1.489465
   1.044922	   2.095871
   1.054688	   2.737768
   1.064453	   3.424921
   1.074219	   4.148135
   1.083984	   4.871285
   1.093750	   5.533046
   1.103516	   6.059447
   1.113281	   6.384218
   1.123047	   6.470514
   1.132812	   6.326493
   1.142578	   6.008632
   1.152344	   5.610516
   1.162109	   5.239568
   1.171875	   4.988387
   1.181641	   4.909395
   1.191406	   5.000692
   1.201172	   5.207557
   1.210938	   5.439076
   1.220703	   5.594566
   1.230469	   5.591483
   1.240234	   5.386240
   1.250000	   4.981971
   1.259766	   4.421752
   1.269531	   3.770616
   1.279297	   3.093211
   1.289062	   2.434956
   1.298828	   1.812903
   1.308594	   1.218669
   1.318359	   0.631419
   1.328125	   0.035282
   1.337891	  -0.565794
   1.347656	  -1.141652
   1.357422	  -1.640606
   1.367188	  -2.003740
   1.376953	  -2.183809
   1.386719	  -2.162043
   1.396484	  -1.956873
   1.406250	  -1.621352
   1.416016	  -1.229946
   1.425781	  -0.858892
   1.435547	  -0.566385
   1.445312	  -0.378716
   1.455078	  -0.286347
   1.464844	  -0.250515
   1.474609	  -0.217617
   1.484375	  -0.136388
   1.494141	   0.027542
   1.503906	   0.283720
   1.513672	   0.617019
   1.523438	   0.994564
   1.533203	   1.376170
   1.542969	   1.724498
   1.552734	   2.011971
   1.562500	   2.223321
   1.572266	   2.354510
   1.582031	   2.410008
   1.591797	   2.400549
   1.601562	   2.342538
   1.611328	   2.258884
   1.621094	   2.179718
   1.630859	   2.141068
   1.640625	   2.180162
   1.650391	   2.327532
   1.660156	   2.597797
   1.669922	   2.982187
   1.679688	   3.445921
   1.689453	   3.932303
   1.699219	   4.373303
   1.708984	   4.704043
   1.718750	   4.877098
   1.728516	   4.872312
   1.738281	   4.699197
   1.748047	   4.391415
   1.757812	   3.995507
   1.767578	   3.557935
   1.777344	   3.114904
   1.787109	   2.688171
   1.796875	   2.287562
   1.806641	   1.918196
   1.816406	   1.588444
   1.826172	   1.314368
   1.835938	   1.117782
   1.845703	   1.017860
   1.855469	   1.019210
   1.865234	   1.101339
   1.875000	   1.214678
   1.884766	   1.286454
   1.894531	   1.236297
   1.904297	   0.997776
   1.914062	   0.539345
   1.923828	  -0.122363
   1.933594	  -0.922032
   1.943359	  -1.759202
   1.953125	  -2.522522
   1.962891	  -3.117715
   1.972656	  -3.490751
   1.982422	  -3.639109
   1.992188	  -3.607767
   2.001953	  -3.471537
   2.011719	  -3.309810
   2.021484	  -3.182178
   2.031250	  -3.112866
   2.041016	  -3.088705
   2.050781	  -3.070488
   2.060547	  -3.012877
   2.070312	  -2.885092
   2.080078	  -2.684555
   2.089844	  -2.438434
   2.099609	  -2.192681
   2.109375	  -1.992934
   2.119141	  -1.864796
   2.128906	  -1.801413
   2.138672	  -1.763600
   2.148438	  -1.693159
   2.158203	  -1.534960
   2.167969	  -1.259848
   2.177734	  -0.879763
   2.187500	  -0.448924
   2.197266	  -0.049778
   2.207031	   0.232111
   2.216797	   0.335896
   2.226562	   0.246411
   2.236328	   0.000762
   2.246094	  -0.322109
   2.255859	  -0.625643
   2.265625	  -0.825592
   2.275391	  -0.875500
   2.285156	  -0.779049
   2.294922	  -0.585149
   2.304688	  -0.367675
   2.314453	  -0.197162
   2.324219	  -0.114553
   2.333984	  -0.116395
   2.343750	  -0.156709
   2.353516	  -0.164819
   2.363281	  -0.072648
   2.373047	   0.158434
   2.382812	   0.521050
   2.392578	   0.961699
   2.402344	   1.397398
   2.412109	   1.743306
   2.421875	   1.941545
   2.431641	   1.980890
   2.441406	   1.900106
   2.451172	   1.773492
   2.460938	   1.683516
   2.470703	   1.690039
   2.480469	   1.806985
   2.490234	   1.994762
   2.500000	   2.171325
   2.509766	   2.238259
   2.519531	   2.113076
   2.529297	   1.756754
   2.539062	   1.187275
   2.548828	   0.474794
   2.558594	  -0.279560
   2.568359	  -0.973700
   2.578125	  -1.533048
   2.587891	  -1.927980
   2.597656	  -2.174932
   2.607422	  -2.321844
   2.617188	  -2.424123
   2.626953	  -2.520485
   2.636719	  -2.617693
   2.646484	  -2.689591
   2.656250	  -2.690289
   2.666016	  -2.575971
   2.675781	  -2.326563
   2.685547	  -1.958590
   2.695312	  -1.523907
   2.705078	  -1.094402
   2.714844	  -0.738137
   2.724609	  -0.495786
   2.734375	  -0.366318
   2.744141	  -0.307613
   2.753906	  -0.252281
   2.763672	  -0.133291
   2.773438	   0.089685
   2.783203	   0.412792
   2.792969	   0.785910
   2.802734	   1.127043
   2.812500	   1.348347
   2.822266	   1.384736
   2.832031	   1.215030
   2.841797	   0.868246
   2.851562	   0.412929
   2.861328	  -0.066475
   2.871094	  -0.497581
   2.880859	  -0.842260
   2.890625	  -1.105108
   2.900391	  -1.325374
   2.910156	  -1.555623
   2.919922	  -1.835422
   2.929688	  -2.170180
   2.939453	  -2.523518
   2.949219	  -2.826525
   2.958984	  -3.000998
   2.968750	  -2.988407
   2.978516	  -2.773918
   2.988281	  -2.396254
   2.998047	  -1.939073
   3.007812	  -1.506051
   3.017578	  -1.187860
   3.027344	  -1.032329
   3.037109	  -1.028303
   3.046875	  -1.109132
   3.056641	  -1.175024
   3.066406	  -1.126915
   3.076172	  -0.900458
   3.085938	  -0.488577
   3.095703	   0.055098
   3.105469	   0.633069
   3.115234	   1.135274
   3.125000	   1.474189
   3.134766	   1.611794
   3.144531	   1.569427
   3.154297	   1.417486
   3.164062	   1.248909
   3.173828	   1.145821
   3.183594	   1.150922
   3.193359	   1.253303
   3.203125	   1.393229
   3.212891	   1.483813
   3.222656	   1.441775
   3.232422	   1.216614
   3.242188	   0.808374
   3.251953	   0.268441
   3.261719	  -0.316215
   3.271484	  -0.849350
   3.281250	  -1.253010
   3.291016	  -1.487158
   3.300781	  -1.555499
   3.310547	  -1.496781
   3.320312	  -1.366010
   3.330078	  -1.213217
   3.339844	  -1.067660
   3.349609	  -0.932710
   3.359375	  -0.792188
   3.369141	  -0.624433
   3.378906	  -0.417566
   3.388672	  -0.179261
   3.398438	   0.063155
   3.408203	   0.272311
   3.417969	   0.416092
   3.427734	   0.482114
   3.437500	   0.485086
   3.447266	   0.463423
   3.457031	   0.465736
   3.466797	   0.531891
   3.476562	   0.675744
   3.486328	   0.876304
   3.496094	   1.081198
   3.505859	   1.221818
   3.515625	   1.235156
   3.525391	   1.084722
   3.535156	   0.773128
   3.544922	   0.341781
   3.554688	  -0.142207
   3.564453	  -0.607176
   3.574219	  -0.998517
   3.583984	  -1.292961
   3.593750	  -1.500576
   3.603516	  -1.654093
   3.613281	  -1.789949
   3.623047	  -1.928563
   3.632812	  -2.061693
   3.642578	  -2.152056
   3.652344	  -2.145747
   3.662109	  -1.993098
   3.671875	  -1.670189
   3.681641	  -1.192763
   3.691406	  -0.616835
   3.701172	  -0.025055
   3.710938	   0.496880
   3.720703	   0.885726
   3.730469	   1.119152
   3.740234	   1.220597
   3.750000	   1.248691
   3.759766	   1.274938
   3.769531	   1.357535
   3.779297	   1.520615
   3.789062	   1.746221
   3.798828	   1.981734
   3.808594	   2.159908
   3.818359	   2.224098
   3.828125	   2.149479
   3.837891	   1.952531
   3.847656	   1.685435
   3.857422	   1.417521
   3.867188	   1.210666
   3.876953	   1.097682
   3.886719	   1.071587
   3.896484	   1.089578
   3.906250	   1.090082
   3.916016	   1.016434
   3.925781	   0.838342
   3.935547	   0.563177
   3.945312	   0.233009
   3.955078	  -0.091337
   3.964844	  -0.353017
   3.974609	  -0.519987
   3.984375	  -0.595898
   3.994141	  -0.616887
   4.003906	  -0.635423
   4.013672	  -0.697428
   4.023438	  -0.821563
   4.033203	  -0.988917
   4.042969	  -1.147543
   4.052734	  -1.230676
   4.062500	  -1.182197
   4.072266	  -0.979911
   4.082031	  -0.647708
   4.091797	  -0.251496
   4.101562	   0.120294
   4.111328	   0.385165
   4.121094	   0.493977
   4.130859	   0.447509
   4.140625	   0.296008
   4.150391	   0.121642
   4.160156	   0.009912
   4.169922	   0.020122
   4.179688	   0.165402
   4.189453	   0.409382
   4.199219	   0.680582
   4.208984	   0.899173
   4.218750	   1.006234
   4.228516	   0.984781
   4.238281	   0.864874
   4.248047	   0.711047
   4.257812	   0.596895
   4.267578	   0.576472
   4.277344	   0.663407
   4.287109	   0.825797
   4.296875	   0.999032
   4.306641	   1.111881
   4.316406	   1.116024
   4.326172	   1.007643
   4.335938	   0.832403
   4.345703	   0.671209
   4.355469	   0.611338
   4.365234	   0.713220
   4.375000	   0.985154
   4.384766	   1.375754
   4.394531	   1.787671
   4.404297	   2.108455
   4.414062	   2.248014
   4.423828	   2.169394
   4.433594	   1.901740
   4.443359	   1.530437
   4.453125	   1.167629
   4.462891	   0.913407
   4.472656	   0.821523
   4.482422	   0.881969
   4.492188	   1.026797
   4.501953	   1.157136
   4.511719	   1.181562
   4.521484	   1.051713
   4.531250	   0.781847
   4.541016	   0.444809
   4.550781	   0.145487
   4.560547	  -0.018759
   4.570312	   0.003859
   4.580078	   0.197389
   4.589844	   0.480686
   4.599609	   0.734622
   4.609375	   0.844786
   4.619141	   0.744498
   4.628906	   0.442404
   4.638672	   0.024027
   4.648438	  -0.374193
   4.658203	  -0.609958
   4.667969	  -0.583761
   4.677734	  -0.274011
   4.687500	   0.254013
   4.697266	   0.868872
   4.707031	   1.416321
   4.716797	   1.770171
   4.726562	   1.872714
   4.736328	   1.750447
   4.746094	   1.499714
   4.755859	   1.247718
   4.765625	   1.103398
   4.775391	   1.116363
   4.785156	   1.259217
   4.794922	   1.439967
   4.804688	   1.540035
   4.814453	   1.463645
   4.824219	   1.179841
   4.833984	   0.740709
   4.843750	   0.268014
   4.853516	  -0.087773
   4.863281	  -0.201430
   4.873047	  -0.019820
   4.882812	   0.416583
   4.892578	   0.986812
   4.902344	   1.533704
   4.912109	   1.923840
   4.921875	   2.100781
   4.931641	   2.110478
   4.941406	   2.087009
   4.951172	   2.201068
   4.960938	   2.587934
   4.970703	   3.280711
   4.980469	   4.174807
   4.990234	   5.040318
   5.000000	   5.582949
   5.009766	   5.536705
   5.019531	   4.758851
   5.029297	   3.294483
   5.039062	   1.385967
   5.048828	  -0.580468
   5.058594	  -2.178101
   5.068359	  -3.062715
   5.078125	  -3.076852
   5.087891	  -2.301267
   5.097656	  -1.035383
   5.107422	   0.289068
   5.117188	   1.235386
   5.126953	   1.490719
   5.136719	   0.955935
   5.146484	  -0.231441
   5.156250	  -1.747407
   5.166016	  -3.186877
   5.175781	  -4.188206
   5.185547	  -4.534667
   5.195312	  -4.199017
   5.205078	  -3.317396
   5.214844	  -2.103948
   5.224609	  -0.739172
   5.234375	   0.724606
   5.244141	   2.402084
   5.253906	   4.538593
   5.263672	   7.405976
   5.273438	  11.164356
   5.283203	  15.739315
   5.292969	  20.763610
   5.302734	  25.614793
   5.312500	  29.549944
   5.322266	  31.905410
   5.332031	  32.303858
   5.341797	  30.802185
   5.351562	  27.925846
   5.361328	  24.565783
   5.371094	  21.754693
   5.380859	  20.378083
   5.390625	  20.900096
   5.400391	  23.186227
   5.410156	  26.482765
   5.419922	  29.571532
   5.429688	  31.069402
   5.439453	  29.799272
   5.449219	  25.135241
   5.458984	  17.227239
   5.468750	   7.039306
   5.478516	  -3.816257
   5.488281	 -13.412834
   5.498047	 -19.930588
   5.507812	 -22.060386
   5.517578	 -19.290813
   5.527344	 -12.009735
   5.537109	  -1.400883
   5.546875	  10.830996
   5.556641	  22.830308
   5.566406	  32.959526
   5.576172	  40.076762
   5.585938	  43.662740
   5.595703	  43.783398
   5.605469	  40.920926
   5.615234	  35.740269
   5.625000	  28.870427
   5.634766	  20.767493
   5.644531	  11.693923
   5.654297	   1.806626
   5.664062	  -8.691569
   5.673828	 -19.404696
   5.683594	 -29.667650
   5.693359	 -38.584946
   5.703125	 -45.188814
   5.712891	 -48.678989
   5.722656	 -48.674421
   5.732422	 -45.395872
   5.742188	 -39.712274
   5.751953	 -33.019671
   5.761719	 -26.969271
   5.771484	 -23.106630
   5.781250	 -22.513331
   5.791016	 -25.546374
   5.800781	 -31.746924
   5.810547	 -39.945316
   5.820312	 -48.536020
   5.830078	 -55.850085
   5.839844	 -60.526976
   5.849609	 -61.790158
   5.859375	 -59.560464
   5.869141	 -54.389089
   5.878906	 -47.243471
   5.888672	 -39.218881
   5.898438	 -31.264535
   5.908203	 -24.001232
   5.917969	 -17.672485
   5.927734	 -12.224725
   5.937500	  -7.469733
   5.947266	  -3.257945
   5.957031	   0.407653
   5.966797	   3.361278
   5.976562	   5.370428
   5.986328	   6.298339
   5.996094	   6.264485
   6.005859	   5.730982
   6.015625	   5.465839
   6.025391	   6.376616
   6.035156	   9.255989
   6.044922	  14.517181
   6.054688	  22.008615
   6.064453	  30.978113
   6.074219	  40.212234
   6.083984	  48.319923
   6.093750	  54.080158
   6.103516	  56.748025
   6.113281	  56.222474
   6.123047	  53.020615
   6.132812	  48.065453
   6.142578	  42.356182
   6.152344	  36.631666
   6.162109	  31.143254
   6.171875	  25.619045
   6.181641	  19.437668
   6.191406	  11.956009
   6.201172	   2.876719
   6.210938	  -7.481154
   6.220703	 -18.121461
   6.230469	 -27.568517
   6.240234	 -34.284574
   6.250000	 -37.187922
   6.259766	 -36.104735
   6.269531	 -31.991871
   6.279297	 -26.826158
   6.289062	 -23.153151
   6.298828	 -23.396435
   6.308594	 -29.113401
   6.318359	 -40.416789
   6.328125	 -55.749582
   6.337891	 -72.109975
   6.347656	 -85.697945
   6.357422	 -92.831539
   6.367188	 -90.896519
   6.376953	 -79.073912
   6.386719	 -58.643686
   6.396484	 -32.775109
   6.406250	  -5.853256
   6.416016	  17.483426
   6.425781	  33.344061
   6.435547	  39.370060
   6.445312	  35.116131
   6.455078	  21.957709
   6.464844	   2.587330
   6.474609	 -19.729632
   6.484375	 -41.916834
   6.494141	 -61.659224
   6.503906	 -77.654616
   6.513672	 -89.523673
   6.523438	 -97.465699
   6.533203	-101.820339
   6.542969	-102.710983
   6.552734	 -99.901986
   6.562500	 -92.915515
   6.572266	 -81.354944
   6.582031	 -65.303481
   6.591797	 -45.635008
   6.601562	 -24.098937
   6.611328	  -3.113710
   6.621094	  14.699650
   6.630859	  27.123588
   6.640625	  32.916959
   6.650391	  32.183373
   6.660156	  26.417981
   6.669922	  18.206507
   6.679688	  10.649240
   6.689453	   6.659645
   6.699219	   8.319494
   6.708984	  16.451790
   6.718750	  30.507148
   6.728516	  48.770251
   6.738281	  68.807867
   6.748047	  88.023476
   6.757812	 104.170311
   6.767578	 115.704773
   6.777344	 121.922740
   6.787109	 122.890577
   6.796875	 119.238423
   6.806641	 111.909338
   6.816406	 101.949326
   6.826172	  90.387201
   6.835938	  78.205456
   6.845703	  66.362529
   6.855469	  55.807729
   6.865234	  47.438654
   6.875000	  41.982460
   6.884766	  39.823882
   6.894531	  40.837535
   6.904297	  44.295874
   6.914062	  48.910473
   6.923828	  53.026639
   6.933594	  54.941975
   6.943359	  53.275222
   6.953125	  47.288231
   6.962891	  37.070258
   6.972656	  23.529115
   6.982422	   8.187651
   6.992188	  -7.160232
   7.001953	 -20.839894
   7.011719	 -31.627006
   7.021484	 -38.934312
   7.031250	 -42.815058
   7.041016	 -43.800709
   7.050781	 -42.639837
   7.060547	 -40.031495
   7.070312	 -36.441968
   7.080078	 -32.060413
   7.089844	 -26.897985
   7.099609	 -20.983320
   7.109375	 -14.571934
   7.119141	  -8.279720
   7.128906	  -3.074269
   7.138672	  -0.104647
   7.148438	  -0.406043
   7.158203	  -4.562221
   7.167969	 -12.430954
   7.177734	 -23.027587
   7.187500	 -34.621660
   7.197266	 -45.042296
   7.207031	 -52.127170
   7.216797	 -54.205311
   7.226562	 -50.489221
   7.236328	 -41.271732
   7.246094	 -27.872530
   7.255859	 -12.344683
   7.265625	   2.985337
   7.275391	  16.027390
   7.285156	  25.358838
   7.294922	  30.471899
   7.304688	  31.782847
   7.314453	  30.413048
   7.324219	  27.811690
   7.333984	  25.329117
   7.343750	  23.857808
   7.353516	  23.633788
   7.363281	  24.242469
   7.373047	  24.813846
   7.382812	  24.339526
   7.392578	  22.012828
   7.402344	  17.491302
   7.412109	  11.008108
   7.421875	   3.306093
   7.431641	  -4.578182
   7.441406	 -11.609516
   7.451172	 -17.035965
   7.460938	 -20.572045
   7.470703	 -22.430117
   7.480469	 -23.194730
   7.490234	 -23.583405
   7.500000	 -24.172296
   7.509766	 -25.175588
   7.519531	 -26.350499
   7.529297	 -27.060400
   7.539062	 -26.478885
   7.548828	 -23.872840
   7.558594	 -18.876427
   7.568359	 -11.668646
   7.578125	  -2.994877
   7.587891	   5.980677
   7.597656	  13.953378
   7.607422	  19.808581
   7.617188	  22.908061
   7.626953	  23.247982
   7.636719	  21.441106
   7.646484	  18.527633
   7.656250	  15.669753
   7.666016	  13.819338
   7.675781	  13.455795
   7.685547	  14.469654
   7.695312	  16.223519
   7.705078	  17.768998
   7.714844	  18.152155
   7.724609	  16.714860
   7.734375	  13.302398
   7.744141	   8.317613
   7.753906	   2.608996
   7.763672	  -2.769997
   7.773438	  -6.855946
   7.783203	  -9.036683
   7.792969	  -9.204032
   7.802734	  -7.758864
   7.812500	  -5.475027
   7.822266	  -3.270296
   7.832031	  -1.957205
   7.841797	  -2.047460
   7.851562	  -3.661661
   7.861328	  -6.559336
   7.871094	 -10.265481
   7.880859	 -14.241470
   7.890625	 -18.039189
   7.900391	 -21.389340
   7.910156	 -24.202911
   7.919922	 -26.498317
   7.929688	 -28.293889
   7.939453	 -29.516630
   7.949219	 -29.970108
   7.958984	 -29.380031
   7.968750	 -27.504493
   7.978516	 -24.268484
   7.988281	 -19.869077
   7.998047	 -14.803759
   8.007812	  -9.798272
   8.017578	  -5.644123
   8.027344	  -2.988403
   8.037109	  -2.138496
   8.046875	  -2.944485
   8.056641	  -4.801814
   8.066406	  -6.781983
   8.076172	  -7.860488
   8.085938	  -7.181113
   8.095703	  -4.283494
   8.105469	   0.769414
   8.115234	   7.398607
   8.125000	  14.646943
   8.134766	  21.406550
   8.144531	  26.670625
   8.154297	  29.740352
   8.164062	  30.334275
   8.173828	  28.578835
   8.183594	  24.895140
   8.193359	  19.826884
   8.203125	  13.868913
   8.212891	   7.351345
   8.222656	   0.412534
   8.232422	  -6.937058
   8.242188	 -14.688839
   8.251953	 -22.697448
   8.261719	 -30.583521
   8.271484	 -37.718981
   8.281250	 -43.309900
   8.291016	 -46.560769
   8.300781	 -46.877137
   8.310547	 -44.048943
   8.320312	 -38.358853
   8.330078	 -30.577945
   8.339844	 -21.840228
   8.349609	 -13.419783
   8.359375	  -6.461048
   8.369141	  -1.726902
   8.378906	   0.572984
   8.388672	   0.829170
   8.398438	  -0.060184
   8.408203	  -0.902989
   8.417969	  -0.499912
   8.427734	   2.062300
   8.437500	   7.179717
   8.447266	  14.617318
   8.457031	  23.539979
   8.466797	  32.681855
   8.476562	  40.614679
   8.486328	  46.051772
   8.496094	  48.116093
   8.505859	  46.509863
   8.515625	  41.548075
   8.525391	  34.052678
   8.535156	  25.139385
   8.544922	  15.955837
   8.554688	   7.440775
   8.564453	   0.165794
   8.574219	  -5.703895
   8.583984	 -10.328489
   8.593750	 -14.026503
   8.603516	 -17.080576
   8.613281	 -19.582034
   8.623047	 -21.366412
   8.632812	 -22.061829
   8.642578	 -21.234185
   8.652344	 -18.579577
   8.662109	 -14.096114
   8.671875	  -8.170894
   8.681641	  -1.543216
   8.691406	   4.855325
   8.701172	  10.141557
   8.710938	  13.729902
   8.720703	  15.509670
   8.730469	  15.888071
   8.740234	  15.675893
   8.750000	  15.841888
   8.759766	  17.205259
   8.769531	  20.158994
   8.779297	  24.511570
   8.789062	  29.501265
   8.798828	  33.985469
   8.808594	  36.752801
   8.818359	  36.866021
   8.828125	  33.931754
   8.837891	  28.213577
   8.847656	  20.552418
   8.857422	  12.117878
   8.867188	   4.067275
   8.876953	  -2.781195
   8.886719	  -8.158718
   8.896484	 -12.373653
   8.906250	 -16.148937
   8.916016	 -20.322180
   8.925781	 -25.505886
   8.935547	 -31.818715
   8.945312	 -38.776572
   8.955078	 -45.381705
   8.964844	 -50.384909
   8.974609	 -52.640748
   8.984375	 -51.446050
   8.994141	 -46.757278
   9.003906	 -39.220783
   9.013672	 -30.008800
   9.023438	 -20.514289
   9.033203	 -11.999892
   9.042969	  -5.307249
   9.052734	  -0.709813
   9.062500	   2.056605
   9.072266	   3.609303
   9.082031	   4.651790
   9.091797	   5.718410
   9.101562	   7.014476
   9.111328	   8.398170
   9.121094	   9.498597
   9.130859	   9.916500
   9.140625	   9.426638
   9.150391	   8.102873
   9.160156	   6.317311
   9.169922	   4.612376
   9.179688	   3.492591
   9.189453	   3.213991
   9.199219	   3.652549
   9.208984	   4.307133
   9.218750	   4.446177
   9.228516	   3.356212
   9.238281	   0.612425
   9.248047	  -3.720321
   9.257812	  -9.028450
   9.267578	 -14.261114
   9.277344	 -18.186054
   9.287109	 -19.716787
   9.296875	 -18.213777
   9.306641	 -13.669020
   9.316406	  -6.718826
   9.326172	   1.517940
   9.335938	   9.726248
   9.345703	  16.720000
   9.355469	  21.711472
   9.365234	  24.451714
   9.375000	  25.211174
   9.384766	  24.619742
   9.394531	  23.426409
   9.404297	  22.258229
   9.414062	  21.451385
   9.423828	  20.997701
   9.433594	  20.609152
   9.443359	  19.864843
   9.453125	  18.382038
   9.462891	  15.951512
   9.472656	  12.596464
   9.482422	   8.545348
   9.492188	   4.140375
   9.501953	  -0.275943
   9.511719	  -4.450645
   9.521484	  -8.255025
   9.531250	 -11.657575
   9.541016	 -14.654345
   9.550781	 -17.192622
   9.560547	 -19.125490
   9.570312	 -20.221223
   9.580078	 -20.228205
   9.589844	 -18.972467
   9.599609	 -16.449997
   9.609375	 -12.875807
   9.619141	  -8.666269
   9.628906	  -4.355285
   9.638672	  -0.469380
   9.648438	   2.597436
   9.658203	   4.667158
   9.667969	   5.792072
   9.677734	   6.196821
   9.687500	   6.171092
   9.697266	   5.953389
   9.707031	   5.649258
   9.716797	   5.214145
   9.726562	   4.506619
   9.736328	   3.390654
   9.746094	   1.846110
   9.755859	   0.041740
   9.765625	  -1.662855
   9.775391	  -2.794891
   9.785156	  -2.905039
   9.794922	  -1.719348
   9.804688	   0.745625
   9.814453	   4.147010
   9.824219	   7.876996
   9.833984	  11.207601
   9.843750	  13.477299
   9.853516	  14.263462
   9.863281	  13.488345
   9.873047	  11.427257
   9.882812	   8.618436
   9.892578	   5.704761
   9.902344	   3.257562
   9.912109	   1.636074
   9.921875	   0.921873
   9.931641	   0.941340
   9.941406	   1.360101
   9.951172	   1.811361
   9.960938	   2.012384
   9.970703	   1.831810
   9.980469	   1.291379
   9.990234	   0.510825
  10.000000	  -0.374971
  10.009766	  -1.289258
  10.019531	  -2.246220
  10.029297	  -3.330486
  10.039062	  -4.633266
  10.048828	  -6.173494
  10.058594	  -7.839680
  10.068359	  -9.381321
  10.078125	 -10.460266
  10.087891	 -10.749132
  10.097656	 -10.044423
  10.107422	  -8.353854
  10.117188	  -5.923830
  10.126953	  -3.192262
  10.136719	  -0.677247
  10.146484	   1.165183
  10.156250	   2.069231
  10.166016	   2.031782
  10.175781	   1.305105
  10.185547	   0.311818
  10.195312	  -0.490401
  10.205078	  -0.750583
  10.214844	  -0.327389
  10.224609	   0.678518
  10.234375	   1.970386
  10.244141	   3.161296
  10.253906	   3.902616
  10.263672	   3.991603
  10.273438	   3.423720
  10.283203	   2.375720
  10.292969	   1.129941
  10.302734	  -0.029845
  10.312500	  -0.912288
  10.322266	  -1.468852
  10.332031	  -1.784880
  10.341797	  -2.017874
  10.351562	  -2.308976
  10.361328	  -2.703099
  10.371094	  -3.109420
  10.380859	  -3.318547
  10.390625	  -3.071354
  10.400391	  -2.155009
  10.410156	  -0.491249
  10.419922	   1.815889
  10.429688	   4.491558
  10.439453	   7.158628
  10.449219	   9.440899
  10.458984	  11.066376
  10.468750	  11.936033
  10.478516	  12.135622
  10.488281	  11.888112
  10.498047	  11.464922
  10.507812	  11.087990
  10.517578	  10.857144
  10.527344	  10.727255
  10.537109	  10.541237
  10.546875	  10.104593
  10.556641	   9.272358
  10.566406	   8.015232
  10.576172	   6.439798
  10.585938	   4.755028
  10.595703	   3.197434
  10.605469	   1.942946
  10.615234	   1.039082
  10.625000	   0.384188
  10.634766	  -0.236212
  10.644531	  -1.066705
  10.654297	  -2.281082
  10.664062	  -3.899110
  10.673828	  -5.752082
  10.683594	  -7.512271
  10.693359	  -8.779877
  10.703125	  -9.201128
  10.712891	  -8.579984
  10.722656	  -6.947126
  10.732422	  -4.563319
  10.742188	  -1.855321
  10.751953	   0.695899
  10.761719	   2.679936
  10.771484	   3.856619
  10.781250	   4.201566
  10.791016	   3.886834
  10.800781	   3.206923
  10.810547	   2.477234
  10.820312	   1.939134
  10.830078	   1.701193
  10.839844	   1.731898
  10.849609	   1.900558
  10.859375	   2.046763
  10.869141	   2.050180
  10.878906	   1.874412
  10.888672	   1.569884
  10.898438	   1.236990
  10.908203	   0.965972
  10.917969	   0.778794
  10.927734	   0.597512
  10.937500	   0.253810
  10.947266	  -0.460955
  10.957031	  -1.721048
  10.966797	  -3.592538
  10.976562	  -5.986679
  10.986328	  -8.658320
  10.996094	 -11.252471
  11.005859	 -13.386268
  11.015625	 -14.741960
  11.025391	 -15.142980
  11.035156	 -14.590823
  11.044922	 -13.253134
  11.054688	 -11.408803
  11.064453	  -9.368760
  11.074219	  -7.397506
  11.083984	  -5.658341
  11.093750	  -4.196021
  11.103516	  -2.957537
  11.113281	  -1.839499
  11.123047	  -0.743190
  11.132812	   0.382104
  11.142578	   1.520830
  11.152344	   2.601176
  11.162109	   3.526369
  11.171875	   4.213364
  11.181641	   4.623718
  11.191406	   4.775705
  11.201172	   4.734603
  11.210938	   4.586443
  11.220703	   4.406358
  11.230469	   4.233892
  11.240234	   4.064232
  11.250000	   3.857713
  11.259766	   3.562946
  11.269531	   3.143958
  11.279297	   2.600792
  11.289062	   1.976040
  11.298828	   1.345494
  11.308594	   0.797239
  11.318359	   0.407596
  11.328125	   0.223004
  11.337891	   0.254026
  11.347656	   0.482500
  11.357422	   0.877526
  11.367188	   1.412619
  11.376953	   2.076212
  11.386719	   2.870814
  11.396484	   3.801096
  11.406250	   4.856166
  11.416016	   5.994018
  11.425781	   7.135790
  11.435547	   8.173834
  11.445312	   8.992318
  11.455078	   9.494022
  11.464844	   9.624241
  11.474609	   9.383347
  11.484375	   8.823421
  11.494141	   8.030065
  11.503906	   7.095835
  11.513672	   6.094780
  11.523438	   5.067024
  11.533203	   4.018476
  11.542969	   2.934881
  11.552734	   1.803942
  11.562500	   0.636000
  11.572266	  -0.525690
  11.582031	  -1.610053
  11.591797	  -2.537523
  11.601562	  -3.246554
  11.611328	  -3.716907
  11.621094	  -3.979774
  11.630859	  -4.109231
  11.640625	  -4.196321
  11.650391	  -4.313813
  11.660156	  -4.483958
  11.669922	  -4.661493
  11.679688	  -4.739645
  11.689453	  -4.579319
  11.699219	  -4.053516
  11.708984	  -3.093235
  11.718750	  -1.719711
  11.728516	  -0.051581
  11.738281	   1.716787
  11.748047	   3.360313
  11.757812	   4.678455
  11.767578	   5.544030
  11.777344	   5.930777
  11.787109	   5.911448
  11.796875	   5.627532
  11.806641	   5.240565
  11.816406	   4.880663
  11.826172	   4.608400
  11.835938	   4.401558
  11.845703	   4.170024
  11.855469	   3.793014
  11.865234	   3.165850
  11.875000	   2.240795
  11.884766	   1.048863
  11.894531	  -0.304047
  11.904297	  -1.664909
  11.914062	  -2.875975
  11.923828	  -3.818265
  11.933594	  -4.442754
  11.943359	  -4.780231
  11.953125	  -4.927747
  11.962891	  -5.016780
  11.972656	  -5.173427
  11.982422	  -5.482641
  11.992188	  -5.966441
  12.001953	  -6.581122
  12.011719	  -7.232533
  12.021484	  -7.803379
  12.031250	  -8.183763
  12.041016	  -8.296382
  12.050781	  -8.110463
  12.060547	  -7.642625
  12.070312	  -6.946760
  12.080078	  -6.097734
  12.089844	  -5.174385
  12.099609	  -4.246221
  12.109375	  -3.366024
  12.119141	  -2.568181
  12.128906	  -1.870912
  12.138672	  -1.279991
  12.148438	  -0.792062
  12.158203	  -0.396764
  12.167969	  -0.077992
  12.177734	   0.184809
  12.187500	   0.414446
  12.197266	   0.632658
  12.207031	   0.856234
  12.216797	   1.093636
  12.226562	   1.343221
  12.236328	   1.593657
  12.246094	   1.826390
  12.255859	   2.019336
  12.265625	   2.150760
  12.275391	   2.202512
  12.285156	   2.162345
  12.294922	   2.025627
  12.304688	   1.796956
  12.314453	   1.491970
  12.324219	   1.138928
  12.333984	   0.778968
  12.343750	   0.463581
  12.353516	   0.248241
  12.363281	   0.182309
  12.373047	   0.296876
  12.382812	   0.593744
  12.392578	   1.039282
  12.402344	   1.566299
  12.412109	   2.085053
  12.421875	   2.501777
  12.431641	   2.740351
  12.441406	   2.761148
  12.451172	   2.571212
  12.460938	   2.222085
  12.470703	   1.795154
  12.480469	   1.378331
  12.490234	   1.040858
  12.500000	   0.813974
  12.509766	   0.683617
  12.519531	   0.597703
  12.529297	   0.485838
  12.539062	   0.285230
  12.548828	  -0.035633
  12.558594	  -0.463390
  12.568359	  -0.940959
  12.578125	  -1.383302
  12.587891	  -1.702776
  12.597656	  -1.835859
  12.607422	  -1.762509
  12.617188	  -1.511826
  12.626953	  -1.152289
  12.636719	  -0.769957
  12.646484	  -0.442053
  12.656250	  -0.214809
  12.666016	  -0.092877
  12.675781	  -0.043572
  12.685547	  -0.014039
  12.695312	   0.045006
  12.705078	   0.157566
  12.714844	   0.310483
  12.724609	   0.455733
  12.734375	   0.526203
  12.744141	   0.459522
  12.753906	   0.221631
  12.763672	  -0.178190
  12.773438	  -0.686264
  12.783203	  -1.218068
  12.792969	  -1.682090
  12.802734	  -2.006181
  12.812500	  -2.157789
  12.822266	  -2.151546
  12.832031	  -2.041964
  12.841797	  -1.903908
  12.851562	  -1.807510
  12.861328	  -1.795785
  12.871094	  -1.872067
  12.880859	  -2.000921
  12.890625	  -2.121601
  12.900391	  -2.169114
  12.910156	  -2.095715
  12.919922	  -1.885929
  12.929688	  -1.560763
  12.939453	  -1.170576
  12.949219	  -0.779781
  12.958984	  -0.448957
  12.968750	  -0.220212
  12.978516	  -0.109954
  12.988281	  -0.110262
  12.998047	  -0.196991
  13.007812	  -0.340700
  13.017578	  -0.516065
  13.027344	  -0.706708
  13.037109	  -0.904606
  13.046875	  -1.105618
  13.056641	  -1.304074
  13.066406	  -1.489517
  13.076172	  -1.647364
  13.085938	  -1.763305
  13.095703	  -1.829379
  13.105469	  -1.848716
  13.115234	  -1.836368
  13.125000	  -1.815196
  13.134766	  -1.807907
  13.144531	  -1.828082
  13.154297	  -1.873718
  13.164062	  -1.926051
  13.173828	  -1.954506
  13.183594	  -1.926266
  13.193359	  -1.817061
  13.203125	  -1.619166
  13.212891	  -1.343522
  13.222656	  -1.015055
  13.232422	  -0.662923
  13.242188	  -0.309430
  13.251953	   0.037958
  13.261719	   0.388113
  13.271484	   0.760314
  13.281250	   1.172799
  13.291016	   1.630077
  13.300781	   2.114027
  13.310547	   2.582727
  13.320312	   2.978303
  13.330078	   3.241821
  13.339844	   3.330507
  13.349609	   3.231515
  13.359375	   2.967374
  13.369141	   2.591009
  13.378906	   2.171771
  13.388672	   1.777061
  13.398438	   1.455641
  13.408203	   1.228111
  13.417969	   1.087436
  13.427734	   1.008760
  13.437500	   0.964393
  13.447266	   0.938031
  13.457031	   0.932636
  13.466797	   0.968871
  13.476562	   1.074684
  13.486328	   1.270095
  13.496094	   1.553326
  13.505859	   1.894109
  13.515625	   2.237528
  13.525391	   2.517878
  13.535156	   2.678139
  13.544922	   2.688338
  13.554688	   2.556033
  13.564453	   2.324701
  13.574219	   2.059913
  13.583984	   1.827559
  13.593750	   1.671346
  13.603516	   1.597294
  13.613281	   1.570739
  13.623047	   1.527154
  13.632812	   1.393355
  13.642578	   1.112023
  13.652344	   0.661295
  13.662109	   0.062848
  13.671875	  -0.624154
  13.681641	  -1.320986
  13.691406	  -1.952835
  13.701172	  -2.469677
  13.710938	  -2.857459
  13.720703	  -3.136067
  13.730469	  -3.345333
  13.740234	  -3.524626
  13.750000	  -3.693844
  13.759766	  -3.843008
  13.769531	  -3.934490
  13.779297	  -3.917193
  13.789062	  -3.747542
  13.798828	  -3.409536
  13.808594	  -2.926278
  13.818359	  -2.358306
  13.828125	  -1.788725
  13.837891	  -1.299840
  13.847656	  -0.949082
  13.857422	  -0.752410
  13.867188	  -0.680860
  13.876953	  -0.671445
  13.886719	  -0.648720
  13.896484	  -0.549740
  13.906250	  -0.344122
  13.916016	  -0.042773
  13.925781	   0.307109
  13.935547	   0.638413
  13.945312	   0.885701
  13.955078	   1.004367
  13.964844	   0.980955
  13.974609	   0.831765
  13.984375	   0.591244
  13.994141	   0.295378
  14.003906	  -0.033055
  14.013672	  -0.391522
  14.023438	  -0.794369
  14.033203	  -1.260541
  14.042969	  -1.797465
  14.052734	  -2.387797
  14.062500	  -2.984820
  14.072266	  -3.519116
  14.082031	  -3.914954
  14.091797	  -4.111067
  14.101562	  -4.078707
  14.111328	  -3.830579
  14.121094	  -3.417372
  14.130859	  -2.912878
  14.140625	  -2.392685
  14.150391	  -1.913644
  14.160156	  -1.500915
  14.169922	  -1.146622
  14.179688	  -0.819952
  14.189453	  -0.484457
  14.199219	  -0.115858
  14.208984	   0.286310
  14.218750	   0.697375
  14.228516	   1.076737
  14.238281	   1.383752
  14.248047	   1.593933
  14.257812	   1.709015
  14.267578	   1.756758
  14.277344	   1.780360
  14.287109	   1.821364
  14.296875	   1.902602
  14.306641	   2.017902
  14.316406	   2.132909
  14.326172	   2.197277
  14.335938	   2.164209
  14.345703	   2.010340
  14.355469	   1.748541
  14.365234	   1.428521
  14.375000	   1.124301
  14.384766	   0.912366
  14.394531	   0.847709
  14.404297	   0.945963
  14.414062	   1.177848
  14.423828	   1.478002
  14.433594	   1.765319
  14.443359	   1.967951
  14.453125	   2.044544
  14.462891	   1.994667
  14.472656	   1.855208
  14.482422	   1.684430
  14.492188	   1.539665
  14.501953	   1.456673
  14.511719	   1.437918
  14.521484	   1.453621
  14.531250	   1.454747
  14.541016	   1.392762
  14.550781	   1.238648
  14.560547	   0.994059
  14.570312	   0.690584
  14.580078	   0.377546
  14.589844	   0.103111
  14.599609	  -0.104008
  14.609375	  -0.245206
  14.619141	  -0.350770
  14.628906	  -0.467085
  14.638672	  -0.636927
  14.648438	  -0.880259
  14.658203	  -1.182911
  14.667969	  -1.497794
  14.677734	  -1.758697
  14.687500	  -1.902093
  14.697266	  -1.889239
  14.707031	  -1.720568
  14.716797	  -1.436911
  14.726562	  -1.106744
  14.736328	  -0.803640
  14.746094	  -0.581716
  14.755859	  -0.457716
  14.765625	  -0.406166
  14.775391	  -0.369493
  14.785156	  -0.279723
  14.794922	  -0.084255
  14.804688	   0.233301
  14.814453	   0.644574
  14.824219	   1.083253
  14.833984	   1.465004
  14.843750	   1.713634
  14.853516	   1.784524
  14.863281	   1.677305
  14.873047	   1.433624
  14.882812	   1.121044
  14.892578	   0.808994
  14.902344	   0.545344
  14.912109	   0.341870
  14.921875	   0.173558
  14.931641	  -0.008284
  14.941406	  -0.254070
  14.951172	  -0.593218
  14.960938	  -1.018961
  14.970703	  -1.486210
  14.980469	  -1.923323
  14.990234	  -2.253672
  15.000000	  -2.419456
  15.009766	  -2.399500
  15.019531	  -2.214973
  15.029297	  -1.921281
  15.039062	  -1.589271
  15.048828	  -1.282506
  15.058594	  -1.038588
  15.068359	  -0.860803
  15.078125	  -0.722493
  15.087891	  -0.581937
  15.097656	  -0.401797
  15.107422	  -0.165744
  15.117188	   0.113871
  15.126953	   0.399912
  15.136719	   0.644175
  15.146484	   0.805510
  15.156250	   0.865343
  15.166016	   0.834658
  15.175781	   0.749755
  15.185547	   0.658355
  15.195312	   0.601310
  15.205078	   0.596860
  15.214844	   0.633489
  15.224609	   0.674274
  15.234375	   0.671357
  15.244141	   0.585330
  15.253906	   0.402434
  15.263672	   0.143074
  15.273438	  -0.141738
  15.283203	  -0.385150
  15.292969	  -0.525466
  15.302734	  -0.526139
  15.312500	  -0.387759
  15.322266	  -0.147840
  15.332031	   0.131555
  15.341797	   0.384041
  15.351562	   0.559995
  15.361328	   0.641280
  15.371094	   0.644731
  15.380859	   0.613559
  15.390625	   0.600069
  15.400391	   0.646073
  15.410156	   0.768006
  15.419922	   0.951855
  15.429688	   1.159363
  15.439453	   1.342804
  15.449219	   1.462623
  15.458984	   1.501303
  15.468750	   1.468404
  15.478516	   1.395105
  15.488281	   1.320526
  15.498047	   1.275200
  15.507812	   1.268063
  15.517578	   1.281985
  15.527344	   1.279663
  15.537109	   1.217739
  15.546875	   1.063965
  15.556641	   0.810991
  15.566406	   0.481594
  15.576172	   0.123242
  15.585938	  -0.206162
  15.595703	  -0.456316
  15.605469	  -0.599859
  15.615234	  -0.639554
  15.625000	  -0.604805
  15.634766	  -0.538930
  15.644531	  -0.481967
  15.654297	  -0.455435
  15.664062	  -0.454702
  15.673828	  -0.451815
  15.683594	  -0.407741
  15.693359	  -0.289452
  15.703125	  -0.085468
  15.712891	   0.186070
  15.722656	   0.480008
  15.732422	   0.736827
  15.742188	   0.900996
  15.751953	   0.938584
  15.761719	   0.847887
  15.771484	   0.659285
  15.781250	   0.424403
  15.791016	   0.198466
  15.800781	   0.022129
  15.810547	  -0.090763
  15.820312	  -0.155252
  15.830078	  -0.206662
  15.839844	  -0.284681
  15.849609	  -0.416142
  15.859375	  -0.602986
  15.869141	  -0.819907
  15.878906	  -1.022652
  15.888672	  -1.163945
  15.898438	  -1.211171
  15.908203	  -1.159244
  15.917969	  -1.033719
  15.927734	  -0.882770
  15.937500	  -0.760662
  15.947266	  -0.708490
  15.957031	  -0.739069
  15.966797	  -0.831460
  15.976562	  -0.937287
  15.986328	  -0.996851
  15.996094	  -0.959599
  16.005859	  -0.801938
  16.015625	  -0.536299
  16.025391	  -0.208377
  16.035156	   0.116461
  16.044922	   0.372899
  16.054688	   0.514855
  16.064453	   0.527772
  16.074219	   0.430233
  16.083984	   0.264863
  16.093750	   0.082214
  16.103516	  -0.076453
  16.113281	  -0.191445
  16.123047	  -0.267963
  16.132812	  -0.329894
  16.142578	  -0.406933
  16.152344	  -0.520223
  16.162109	  -0.672060
  16.171875	  -0.843460
  16.181641	  -1.000376
  16.191406	  -1.106018
  16.201172	  -1.134520
  16.210938	  -1.080729
  16.220703	  -0.962422
  16.230469	  -0.814126
  16.240234	  -0.674852
  16.250000	  -0.574317
  16.259766	  -0.522708
  16.269531	  -0.507717
  16.279297	  -0.499798
  16.289062	  -0.463588
  16.298828	  -0.371160
  16.308594	  -0.212214
  16.318359	   0.002477
  16.328125	   0.245436
  16.337891	   0.482775
  16.347656	   0.686323
  16.357422	   0.842887
  16.367188	   0.957116
  16.376953	   1.046967
  16.386719	   1.133707
  16.396484	   1.230522
  16.406250	   1.334448
  16.416016	   1.425081
  16.425781	   1.470967
  16.435547	   1.441539
  16.445312	   1.320222
  16.455078	   1.113660
  16.464844	   0.853255
  16.474609	   0.587908
  16.484375	   0.370088
  16.494141	   0.239847
  16.503906	   0.212329
  16.513672	   0.273201
  16.523438	   0.383725
  16.533203	   0.493794
  16.542969	   0.558467
  16.552734	   0.552254
  16.562500	   0.476260
  16.572266	   0.355824
  16.582031	   0.229725
  16.591797	   0.135012
  16.601562	   0.093055
  16.611328	   0.101886
  16.621094	   0.137540
  16.630859	   0.163776
  16.640625	   0.146440
  16.650391	   0.067030
  16.660156	  -0.069678
  16.669922	  -0.236880
  16.679688	  -0.395507
  16.689453	  -0.508929
  16.699219	  -0.557134
  16.708984	  -0.545044
  16.718750	  -0.501680
  16.728516	  -0.470241
  16.738281	  -0.492515
  16.748047	  -0.593159
  16.757812	  -0.769569
  16.767578	  -0.991106
  16.777344	  -1.208158
  16.787109	  -1.367977
  16.796875	  -1.431776
  16.806641	  -1.387130
  16.816406	  -1.251311
  16.826172	  -1.064481
  16.835938	  -0.875224
  16.845703	  -0.723644
  16.855469	  -0.628075
  16.865234	  -0.580108
  16.875000	  -0.549603
  16.884766	  -0.497725
  16.894531	  -0.393137
  16.904297	  -0.225337
  16.914062	  -0.010210
  16.923828	   0.214344
  16.933594	   0.401168
  16.943359	   0.510422
  16.953125	   0.523976
  16.962891	   0.452364
  16.972656	   0.331710
  16.982422	   0.211606
  16.992188	   0.138201
  17.001953	   0.138417
  17.011719	   0.210879
  17.021484	   0.326670
  17.031250	   0.439611
  17.041016	   0.502337
  17.050781	   0.482497
  17.060547	   0.373413
  17.070312	   0.195628
  17.080078	  -0.010942
  17.089844	  -0.201184
  17.099609	  -0.340023
  17.109375	  -0.413230
  17.119141	  -0.430053
  17.128906	  -0.417014
  17.138672	  -0.405501
  17.148438	  -0.418011
  17.158203	  -0.458358
  17.167969	  -0.509577
  17.177734	  -0.540348
  17.187500	  -0.517518
  17.197266	  -0.419984
  17.207031	  -0.248650
  17.216797	  -0.028569
  17.226562	   0.197753
  17.236328	   0.383643
  17.246094	   0.493443
  17.255859	   0.514151
  17.265625	   0.459300
  17.275391	   0.363665
  17.285156	   0.270669
  17.294922	   0.217017
  17.304688	   0.220051
  17.314453	   0.272345
  17.324219	   0.345396
  17.333984	   0.400989
  17.343750	   0.406021
  17.353516	   0.345357
  17.363281	   0.228019
  17.373047	   0.084496
  17.382812	  -0.043814
  17.392578	  -0.119135
  17.402344	  -0.120485
  17.412109	  -0.050707
  17.421875	   0.065192
  17.431641	   0.189718
  17.441406	   0.286975
  17.451172	   0.335955
  17.460938	   0.338106
  17.470703	   0.316383
  17.480469	   0.306115
  17.490234	   0.341022
  17.500000	   0.439556
  17.509766	   0.596586
  17.519531	   0.783593
  17.529297	   0.957385
  17.539062	   1.074306
  17.548828	   1.104863
  17.558594	   1.043572
  17.568359	   0.910514
  17.578125	   0.744084
  17.587891	   0.587579
  17.597656	   0.474454
  17.607422	   0.417489
  17.617188	   0.405668
  17.626953	   0.409736
  17.636719	   0.394229
  17.646484	   0.331497
  17.656250	   0.212541
  17.666016	   0.050743
  17.675781	  -0.122810
  17.685547	  -0.270571
  17.695312	  -0.362149
  17.705078	  -0.385237
  17.714844	  -0.349839
  17.724609	  -0.284275
  17.734375	  -0.224487
  17.744141	  -0.200654
  17.753906	  -0.226074
  17.763672	  -0.292423
  17.773438	  -0.373144
  17.783203	  -0.433668
  17.792969	  -0.444670
  17.802734	  -0.393423
  17.812500	  -0.289021
  17.822266	  -0.159515
  17.832031	  -0.042004
  17.841797	   0.030686
  17.851562	   0.041798
  17.861328	  -0.003451
  17.871094	  -0.080065
  17.880859	  -0.152792
  17.890625	  -0.189480
  17.900391	  -0.173356
  17.910156	  -0.109668
  17.919922	  -0.024211
  17.929688	   0.045790
  17.939453	   0.065148
  17.949219	   0.013610
  17.958984	  -0.106536
  17.968750	  -0.270948
  17.978516	  -0.441669
  17.988281	  -0.580457
  17.998047	  -0.662137
  18.007812	  -0.683110
  18.017578	  -0.661884
  18.027344	  -0.631445
  18.037109	  -0.626246
  18.046875	  -0.668631
  18.056641	  -0.759694
  18.066406	  -0.878013
  18.076172	  -0.986817
  18.085938	  -1.047057
  18.095703	  -1.031680
  18.105469	  -0.935902
  18.115234	  -0.779716
  18.125000	  -0.601628
  18.134766	  -0.445795
  18.144531	  -0.347115
  18.154297	  -0.319573
  18.164062	  -0.351978
  18.173828	  -0.412574
  18.183594	  -0.460828
  18.193359	  -0.462119
  18.203125	  -0.400074
  18.212891	  -0.282139
  18.222656	  -0.136511
  18.232422	  -0.001631
  18.242188	   0.087834
  18.251953	   0.113400
  18.261719	   0.079060
  18.271484	   0.009264
  18.281250	  -0.060575
  18.291016	  -0.097445
  18.300781	  -0.082989
  18.310547	  -0.020096
  18.320312	   0.068595
  18.330078	   0.149703
  18.339844	   0.192259
  18.349609	   0.180084
  18.359375	   0.118736
  18.369141	   0.034362
  18.378906	  -0.035227
  18.388672	  -0.054086
  18.398438	  -0.001333
  18.408203	   0.120814
  18.417969	   0.287161
  18.427734	   0.457877
  18.437500	   0.592105
  18.447266	   0.661972
  18.457031	   0.661974
  18.466797	   0.610363
  18.476562	   0.542046
  18.486328	   0.495588
  18.496094	   0.499031
  18.505859	   0.559662
  18.515625	   0.661429
  18.525391	   0.770908
  18.535156	   0.849608
  18.544922	   0.868131
  18.554688	   0.816987
  18.564453	   0.710130
  18.574219	   0.579906
  18.583984	   0.465278
  18.593750	   0.397598
  18.603516	   0.389156
  18.613281	   0.428702
  18.623047	   0.485629
  18.632812	   0.521337
  18.642578	   0.503711
  18.652344	   0.419444
  18.662109	   0.279734
  18.671875	   0.117201
  18.681641	  -0.024956
  18.691406	  -0.107768
  18.701172	  -0.110062
  18.710938	  -0.036000
  18.720703	   0.086045
  18.730469	   0.212853
  18.740234	   0.300645
  18.750000	   0.319284
  18.759766	   0.261518
  18.769531	   0.144183
  18.779297	   0.001226
  18.789062	  -0.128743
  18.798828	  -0.215792
  18.808594	  -0.248156
  18.818359	  -0.234666
  18.828125	  -0.199560
  18.837891	  -0.171928
  18.847656	  -0.173907
  18.857422	  -0.212106
  18.867188	  -0.275394
  18.876953	  -0.339750
  18.886719	  -0.378151
  18.896484	  -0.371646
  18.906250	  -0.317315
  18.916016	  -0.230032
  18.925781	  -0.137331
  18.935547	  -0.069282
  18.945312	  -0.047181
  18.955078	  -0.075342
  18.964844	  -0.139118
  18.974609	  -0.209976
  18.984375	  -0.255801
  18.994141	  -0.252637
  19.003906	  -0.193516
  19.013672	  -0.091093
  19.023438	   0.026939
  19.033203	   0.127955
  19.042969	   0.186305
  19.052734	   0.192591
  19.062500	   0.156840
  19.072266	   0.104386
  19.082031	   0.065931
  19.091797	   0.065516
  19.101562	   0.110876
  19.111328	   0.189885
  19.121094	   0.274506
  19.130859	   0.330933
  19.140625	   0.332264
  19.150391	   0.269039
  19.160156	   0.153699
  19.169922	   0.017183
  19.179688	  -0.101273
  19.189453	  -0.167580
  19.199219	  -0.164674
  19.208984	  -0.098584
  19.218750	   0.003557
  19.228516	   0.102885
  19.238281	   0.162237
  19.248047	   0.158877
  19.257812	   0.091992
  19.267578	  -0.017676
  19.277344	  -0.135823
  19.287109	  -0.227255
  19.296875	  -0.268572
  19.306641	  -0.256251
  19.316406	  -0.207221
  19.326172	  -0.151768
  19.335938	  -0.121465
  19.345703	  -0.136613
  19.355469	  -0.197901
  19.365234	  -0.285429
  19.375000	  -0.365540
  19.384766	  -0.403033
  19.394531	  -0.374317
  19.404297	  -0.276692
  19.414062	  -0.130291
  19.423828	   0.028115
  19.433594	   0.157319
  19.443359	   0.225559
  19.453125	   0.221128
  19.462891	   0.155935
  19.472656	   0.060757
  19.482422	  -0.026058
  19.492188	  -0.072350
  19.501953	  -0.063391
  19.511719	  -0.006589
  19.521484	   0.071992
  19.531250	   0.137935
  19.541016	   0.161772
  19.550781	   0.130353
  19.560547	   0.052094
  19.570312	  -0.045866
  19.580078	  -0.127563
  19.589844	  -0.161556
  19.599609	  -0.132817
  19.609375	  -0.048761
  19.619141	   0.062859
  19.628906	   0.163537
  19.638672	   0.217664
  19.648438	   0.205365
  19.658203	   0.129862
  19.667969	   0.016699
  19.677734	  -0.094961
  19.687500	  -0.165887
  19.697266	  -0.170367
  19.707031	  -0.105026
  19.716797	   0.010238
  19.726562	   0.139438
  19.736328	   0.243199
  19.746094	   0.292363
  19.755859	   0.277671
  19.765625	   0.212116
  19.775391	   0.125286
  19.785156	   0.051885
  19.794922	   0.018739
  19.804688	   0.035062
  19.814453	   0.089533
  19.824219	   0.155194
  19.833984	   0.200296
  19.843750	   0.201026
  19.853516	   0.151363
  19.863281	   0.066353
  19.873047	  -0.022488
  19.882812	  -0.078064
  19.892578	  -0.070997
  19.902344	   0.009462
  19.912109	   0.150840
  19.921875	   0.320862
  19.931641	   0.477678
  19.941406	   0.583317
  19.951172	   0.615632
  19.960938	   0.574600
  19.970703	   0.480942
  19.980469	   0.367743
  19.990234	   0.268298
  20.000000	   0.204626
  20.009766	   0.180791
  20.019531	   0.183262
  20.029297	   0.187927
  20.039062	   0.170905
  20.048828	   0.118942
  20.058594	   0.035389
  20.068359	  -0.060527
  20.078125	  -0.140864
  20.087891	  -0.179841
  20.097656	  -0.164282
  20.107422	  -0.099615
  20.117188	  -0.009028
  20.126953	   0.074055
  20.136719	   0.117547
  20.146484	   0.102107
  20.156250	   0.028224
  20.166016	  -0.083682
  20.175781	  -0.200252
  20.185547	  -0.286796
  20.195312	  -0.319344
  20.205078	  -0.292810
  20.214844	  -0.222329
  20.224609	  -0.137310
  20.234375	  -0.070428
  20.244141	  -0.045584
  20.253906	  -0.069245
  20.263672	  -0.128326
  20.273438	  -0.195350
  20.283203	  -0.238952
  20.292969	  -0.235822
  20.302734	  -0.179636
  20.312500	  -0.083648
  20.322266	   0.024049
  20.332031	   0.110897
  20.341797	   0.152046
  20.351562	   0.139826
  20.361328	   0.086963
  20.371094	   0.022272
  20.380859	  -0.019710
  20.390625	  -0.011406
  20.400391	   0.057396
  20.410156	   0.175260
  20.419922	   0.312550
  20.429688	   0.431457
  20.439453	   0.499042
  20.449219	   0.498608
  20.458984	   0.435340
  20.468750	   0.334160
  20.478516	   0.230612
  20.488281	   0.158052
  20.498047	   0.135808
  20.507812	   0.162569
  20.517578	   0.217387
  20.527344	   0.267883
  20.537109	   0.282637
  20.546875	   0.243203
  20.556641	   0.151344
  20.566406	   0.028804
  20.576172	  -0.090336
  20.585938	  -0.171948
  20.595703	  -0.194328
  20.605469	  -0.156293
  20.615234	  -0.077899
  20.625000	   0.006534
  20.634766	   0.060640
  20.644531	   0.059087
  20.654297	  -0.003176
  20.664062	  -0.108852
  20.673828	  -0.224174
  20.683594	  -0.310649
  20.693359	  -0.338495
  20.703125	  -0.297003
  20.712891	  -0.198178
  20.722656	  -0.072418
  20.732422	   0.042128
  20.742188	   0.112677
  20.751953	   0.122701
  20.761719	   0.076756
  20.771484	  -0.002348
  20.781250	  -0.082838
  20.791016	  -0.136214
  20.800781	  -0.147892
  20.810547	  -0.122350
  20.820312	  -0.080938
  20.830078	  -0.053244
  20.839844	  -0.065265
  20.849609	  -0.128818
  20.859375	  -0.236157
  20.869141	  -0.361851
  20.878906	  -0.471317
  20.888672	  -0.532937
  20.898438	  -0.529387
  20.908203	  -0.464063
  20.917969	  -0.360259
  20.927734	  -0.253366
  20.937500	  -0.178873
  20.947266	  -0.160454
  20.957031	  -0.202347
  20.966797	  -0.288659
  20.976562	  -0.389730
  20.986328	  -0.473103
  20.996094	  -0.515075
  21.005859	  -0.508616
  21.015625	  -0.464870
  21.025391	  -0.407834
  21.035156	  -0.364343
  21.044922	  -0.353194
  21.054688	  -0.377542
  21.064453	  -0.423434
  21.074219	  -0.465051
  21.083984	  -0.474712
  21.093750	  -0.433886
  21.103516	  -0.341062
  21.113281	  -0.213450
  21.123047	  -0.081740
  21.132812	   0.020277
  21.142578	   0.067538
  21.152344	   0.052699
  21.162109	  -0.011008
  21.171875	  -0.094143
  21.181641	  -0.161156
  21.191406	  -0.182647
  21.201172	  -0.145446
  21.210938	  -0.056946
  21.220703	   0.057789
  21.230469	   0.165049
  21.240234	   0.234351
  21.250000	   0.248885
  21.259766	   0.210845
  21.269531	   0.139835
  21.279297	   0.065079
  21.289062	   0.014391
  21.298828	   0.004004
  21.308594	   0.032961
  21.318359	   0.084070
  21.328125	   0.130962
  21.337891	   0.148537
  21.347656	   0.122882
  21.357422	   0.056920
  21.367188	  -0.030301
  21.376953	  -0.110430
  21.386719	  -0.156214
  21.396484	  -0.151619
  21.406250	  -0.097914
  21.416016	  -0.013451
  21.425781	   0.072809
  21.435547	   0.131651
  21.445312	   0.144064
  21.455078	   0.107951
  21.464844	   0.038672
  21.474609	  -0.036781
  21.484375	  -0.089798
  21.494141	  -0.100647
  21.503906	  -0.065590
  21.513672	   0.002016
  21.523438	   0.076985
  21.533203	   0.131986
  21.542969	   0.147999
  21.552734	   0.121633
  21.562500	   0.066552
  21.572266	   0.008410
  21.582031	  -0.024834
  21.591797	  -0.013673
  21.601562	   0.045168
  21.611328	   0.136869
  21.621094	   0.233390
  21.630859	   0.303402
  21.640625	   0.323714
  21.650391	   0.288042
  21.660156	   0.209845
  21.669922	   0.118129
  21.679688	   0.047589
  21.689453	   0.026574
  21.699219	   0.067136
  21.708984	   0.160726
  21.718750	   0.281054
  21.728516	   0.393123
  21.738281	   0.465192
  21.748047	   0.479439
  21.757812	   0.437559
  21.767578	   0.359415
  21.777344	   0.275332
  21.787109	   0.214953
  21.796875	   0.196722
  21.806641	   0.221828
  21.816406	   0.274706
  21.826172	   0.329795
  21.835938	   0.361927
  21.845703	   0.356392
  21.855469	   0.314884
  21.865234	   0.255058
  21.875000	   0.203820
  21.884766	   0.186828
  21.894531	   0.218106
  21.904297	   0.293684
  21.914062	   0.391734
  21.923828	   0.479315
  21.933594	   0.523406
  21.943359	   0.502342
  21.953125	   0.413541
  21.962891	   0.274752
  21.972656	   0.118349
  21.982422	  -0.019334
  21.992188	  -0.109844
  22.001953	  -0.141467
  22.011719	  -0.122037
  22.021484	  -0.074848
  22.031250	  -0.029285
  22.041016	  -0.009692
  22.050781	  -0.026576
  22.060547	  -0.073305
  22.070312	  -0.129427
  22.080078	  -0.169243
  22.089844	  -0.172362
  22.099609	  -0.132219
  22.109375	  -0.059323
  22.119141	   0.022029
  22.128906	   0.082401
  22.138672	   0.098050
  22.148438	   0.059919
  22.158203	  -0.022585
  22.167969	  -0.124503
  22.177734	  -0.213972
  22.187500	  -0.263500
  22.197266	  -0.259832
  22.207031	  -0.208792
  22.216797	  -0.133345
  22.226562	  -0.065535
  22.236328	  -0.035187
  22.246094	  -0.059436
  22.255859	  -0.136812
  22.265625	  -0.247983
  22.275391	  -0.362811
  22.285156	  -0.451123
  22.294922	  -0.493245
  22.304688	  -0.486494
  22.314453	  -0.445326
  22.324219	  -0.395175
  22.333984	  -0.362341
  22.343750	  -0.363726
  22.353516	  -0.400254
  22.363281	  -0.456411
  22.373047	  -0.506094
  22.382812	  -0.522602
  22.392578	  -0.489026
  22.402344	  -0.405192
  22.412109	  -0.288490
  22.421875	  -0.168243
  22.431641	  -0.075571
  22.441406	  -0.032449
  22.451172	  -0.043914
  22.460938	  -0.096296
  22.470703	  -0.162119
  22.480469	  -0.209922
  22.490234	  -0.215442
  22.500000	  -0.170125
  22.509766	  -0.083885
  22.519531	   0.018815
  22.529297	   0.108096
  22.539062	   0.159603
  22.548828	   0.163231
  22.558594	   0.126425
  22.568359	   0.070904
  22.578125	   0.024036
  22.587891	   0.008153
  22.597656	   0.031797
  22.607422	   0.086231
  22.617188	   0.148561
  22.626953	   0.190381
  22.636719	   0.188739
  22.646484	   0.135356
  22.656250	   0.040590
  22.666016	  -0.069459
  22.675781	  -0.161759
  22.685547	  -0.207975
  22.695312	  -0.194689
  22.705078	  -0.128452
  22.714844	  -0.033737
  22.724609	   0.055575
  22.734375	   0.108208
  22.744141	   0.106677
  22.753906	   0.053651
  22.763672	  -0.028881
  22.773438	  -0.107378
  22.783203	  -0.148709
  22.792969	  -0.132051
  22.802734	  -0.056450
  22.812500	   0.058676
  22.822266	   0.180288
  22.832031	   0.273331
  22.841797	   0.313022
  22.851562	   0.293450
  22.861328	   0.229390
  22.871094	   0.150733
  22.880859	   0.091528
  22.890625	   0.077618
  22.900391	   0.117296
  22.910156	   0.198349
  22.919922	   0.292499
  22.929688	   0.365618
  22.939453	   0.390010
  22.949219	   0.354322
  22.958984	   0.267543
  22.968750	   0.155688
  22.978516	   0.052430
  22.988281	  -0.012887
  22.998047	  -0.025508
  23.007812	   0.009893
  23.017578	   0.071493
  23.027344	   0.128801
  23.037109	   0.154193
  23.046875	   0.133236
  23.056641	   0.070041
  23.066406	  -0.014318
  23.076172	  -0.089681
  23.085938	  -0.128083
  23.095703	  -0.114257
  23.105469	  -0.051504
  23.115234	   0.039248
  23.125000	   0.126851
  23.134766	   0.181129
  23.144531	   0.183749
  23.154297	   0.134805
  23.164062	   0.052704
  23.173828	  -0.032617
  23.183594	  -0.090671
  23.193359	  -0.101604
  23.203125	  -0.063487
  23.212891	   0.006938
  23.222656	   0.080348
  23.232422	   0.125578
  23.242188	   0.121090
  23.251953	   0.063030
  23.261719	  -0.033073
  23.271484	  -0.137595
  23.281250	  -0.217200
  23.291016	  -0.246585
  23.300781	  -0.217374
  23.310547	  -0.140989
  23.320312	  -0.044480
  23.330078	   0.039131
  23.339844	   0.082515
  23.349609	   0.073523
  23.359375	   0.019141
  23.369141	  -0.057428
  23.378906	  -0.125385
  23.388672	  -0.157474
  23.398438	  -0.139570
  23.408203	  -0.075292
  23.417969	   0.015942
  23.427734	   0.106567
  23.437500	   0.171317
  23.447266	   0.196570
  23.457031	   0.185130
  23.466797	   0.154736
  23.476562	   0.130912
  23.486328	   0.136865
  23.496094	   0.184229
  23.505859	   0.268119
  23.515625	   0.368349
  23.525391	   0.456407
  23.535156	   0.505598
  23.544922	   0.500660
  23.554688	   0.443293
  23.564453	   0.351592
  23.574219	   0.253584
  23.583984	   0.177265
  23.593750	   0.140769
  23.603516	   0.146278
  23.613281	   0.179839
  23.623047	   0.217113
  23.632812	   0.232832
  23.642578	   0.210431
  23.652344	   0.148238
  23.662109	   0.059924
  23.671875	  -0.030939
  23.681641	  -0.100146
  23.691406	  -0.132431
  23.701172	  -0.127680
  23.710938	  -0.101369
  23.720703	  -0.078926
  23.730469	  -0.086035
  23.740234	  -0.138442
  23.750000	  -0.235087
  23.759766	  -0.357254
  23.769531	  -0.474234
  23.779297	  -0.553628
  23.789062	  -0.572679
  23.798828	  -0.526568
  23.808594	  -0.430632
  23.818359	  -0.315611
  23.828125	  -0.217490
  23.837891	  -0.165473
  23.847656	  -0.172286
  23.857422	  -0.230196
  23.867188	  -0.314109
  23.876953	  -0.390602
  23.886719	  -0.429643
  23.896484	  -0.414826
  23.906250	  -0.348552
  23.916016	  -0.250410
  23.925781	  -0.149493
  23.935547	  -0.073557
  23.945312	  -0.039016
  23.955078	  -0.045405
  23.964844	  -0.076270
  23.974609	  -0.106034
  23.984375	  -0.110221
  23.994141	  -0.075165
  24.003906	  -0.003573
  24.013672	   0.086151
  24.023438	   0.166601
  24.033203	   0.211608
  24.042969	   0.206227
  24.052734	   0.152754
  24.062500	   0.070480
  24.072266	  -0.010793
  24.082031	  -0.061202
  24.091797	  -0.061438
  24.101562	  -0.009699
  24.111328	   0.077564
  24.121094	   0.171400
  24.130859	   0.240551
  24.140625	   0.262397
  24.150391	   0.230732
  24.160156	   0.157585
  24.169922	   0.068478
  24.179688	  -0.007094
  24.189453	  -0.046449
  24.199219	  -0.041820
  24.208984	  -0.002817
  24.218750	   0.047611
  24.228516	   0.082194
  24.238281	   0.079969
  24.248047	   0.034564
  24.257812	  -0.042970
  24.267578	  -0.127882
  24.277344	  -0.190673
  24.287109	  -0.208048
  24.296875	  -0.171830
  24.306641	  -0.092558
  24.316406	   0.003648
  24.326172	   0.083878
  24.335938	   0.119801
  24.345703	   0.097536
  24.355469	   0.022505
  24.365234	  -0.082471
  24.375000	  -0.185142
  24.384766	  -0.255005
  24.394531	  -0.273703
  24.404297	  -0.240942
  24.414062	  -0.173912
  24.423828	  -0.100491
  24.433594	  -0.048813
  24.443359	  -0.036998
  24.453125	  -0.066793
  24.462891	  -0.123353
  24.472656	  -0.181166
  24.482422	  -0.213844
  24.492188	  -0.204126
  24.501953	  -0.150384
  24.511719	  -0.067248
  24.521484	   0.019865
  24.531250	   0.084254
  24.541016	   0.107938
  24.550781	   0.088439
  24.560547	   0.039810
  24.570312	  -0.012483
  24.580078	  -0.040989
  24.589844	  -0.026523
  24.599609	   0.034505
  24.609375	   0.128389
  24.619141	   0.228721
  24.628906	   0.305600
  24.638672	   0.336152
  24.648438	   0.312521
  24.658203	   0.244477
  24.667969	   0.155716
  24.677734	   0.075259
  24.687500	   0.027109
  24.697266	   0.021970
  24.707031	   0.054006
  24.716797	   0.103781
  24.726562	   0.146196
  24.736328	   0.160421
  24.746094	   0.138073
  24.755859	   0.086578
  24.765625	   0.026425
  24.775391	  -0.016665
  24.785156	  -0.021738
  24.794922	   0.018982
  24.804688	   0.096473
  24.814453	   0.187531
  24.824219	   0.262764
  24.833984	   0.297114
  24.843750	   0.279049
  24.853516	   0.215042
  24.863281	   0.127614
  24.873047	   0.047564
  24.882812	   0.003132
  24.892578	   0.009988
  24.902344	   0.065658
  24.912109	   0.150418
  24.921875	   0.234367
  24.931641	   0.288112
  24.941406	   0.293243
  24.951172	   0.248792
  24.960938	   0.171378
  24.970703	   0.088985
  24.980469	   0.030674
  24.990234	   0.015972
  25.000000	   0.047800
  25.009766	   0.111521
  25.019531	   0.180416
  25.029297	   0.225581
  25.039062	   0.226611
  25.048828	   0.179145
  25.058594	   0.096507
  25.068359	   0.004846
  25.078125	  -0.066460
  25.087891	  -0.095609
  25.097656	  -0.076425
  25.107422	  -0.020697
  25.117188	   0.046074
  25.126953	   0.093990
  25.136719	   0.099724
  25.146484	   0.055158
  25.156250	  -0.029489
  25.166016	  -0.129183
  25.175781	  -0.212979
  25.185547	  -0.255066
  25.195312	  -0.243929
  25.205078	  -0.186295
  25.214844	  -0.104438
  25.224609	  -0.027864
  25.234375	   0.017568
  25.244141	   0.019063
  25.253906	  -0.018636
  25.263672	  -0.075360
  25.273438	  -0.123451
  25.283203	  -0.138594
  25.292969	  -0.109493
  25.302734	  -0.042776
  25.312500	   0.038786
  25.322266	   0.104210
  25.332031	   0.125550
  25.341797	   0.088370
  25.351562	  -0.002415
  25.361328	  -0.123594
  25.371094	  -0.241351
  25.380859	  -0.322948
  25.390625	  -0.348264
  25.400391	  -0.317029
  25.410156	  -0.249113
  25.419922	  -0.177651
  25.429688	  -0.137361
  25.439453	  -0.152143
  25.449219	  -0.226304
  25.458984	  -0.342527
  25.468750	  -0.467319
  25.478516	  -0.562036
  25.488281	  -0.595681
  25.498047	  -0.555024
  25.507812	  -0.448624
  25.517578	  -0.303487
  25.527344	  -0.155680
  25.537109	  -0.038322
  25.546875	   0.028798
  25.556641	   0.044421
  25.566406	   0.024230
  25.576172	  -0.006674
  25.585938	  -0.024245
  25.595703	  -0.014945
  25.605469	   0.019299
  25.615234	   0.062382
  25.625000	   0.090936
  25.634766	   0.084154
  25.644531	   0.032747
  25.654297	  -0.056409
  25.664062	  -0.161751
  25.673828	  -0.254159
  25.683594	  -0.307168
  25.693359	  -0.306507
  25.703125	  -0.255458
  25.712891	  -0.174033
  25.722656	  -0.092208
  25.732422	  -0.039634
  25.742188	  -0.035490
  25.751953	  -0.082112
  25.761719	  -0.164617
  25.771484	  -0.256567
  25.781250	  -0.329537
  25.791016	  -0.363053
  25.800781	  -0.351300
  25.810547	  -0.304231
  25.820312	  -0.242807
  25.830078	  -0.190286
  25.839844	  -0.162923
  25.849609	  -0.163622
  25.859375	  -0.180975
  25.869141	  -0.194038
  25.878906	  -0.181045
  25.888672	  -0.128729
  25.898438	  -0.038655
  25.908203	   0.071981
  25.917969	   0.175556
  25.927734	   0.243494
  25.937500	   0.256619
  25.947266	   0.212588
  25.957031	   0.127610
  25.966797	   0.031654
  25.976562	  -0.041289
  25.986328	  -0.064535
  25.996094	  -0.027656
  26.005859	   0.060088
  26.015625	   0.173050
  26.025391	   0.278052
  26.035156	   0.345629
  26.044922	   0.359735
  26.054688	   0.322509
  26.064453	   0.252546
  26.074219	   0.177458
  26.083984	   0.123536
  26.093750	   0.106334
  26.103516	   0.125595
  26.113281	   0.166294
  26.123047	   0.205291
  26.132812	   0.221007
  26.142578	   0.202455
  26.152344	   0.154164
  26.162109	   0.095119
  26.171875	   0.052027
  26.181641	   0.049368
  26.191406	   0.099910
  26.201172	   0.199218
  26.210938	   0.326289
  26.220703	   0.450190
  26.230469	   0.540410
  26.240234	   0.577227
  26.250000	   0.558388
  26.259766	   0.499661
  26.269531	   0.429061
  26.279297	   0.376757
  26.289062	   0.364278
  26.298828	   0.396832
  26.308594	   0.461470
  26.318359	   0.531691
  26.328125	   0.576825
  26.337891	   0.572810
  26.347656	   0.510548
  26.357422	   0.398936
  26.367188	   0.261608
  26.376953	   0.128697
  26.386719	   0.026697
  26.396484	  -0.029911
  26.406250	  -0.042312
  26.416016	  -0.025128
  26.425781	   0.000640
  26.435547	   0.016693
  26.445312	   0.015018
  26.455078	   0.001063
  26.464844	  -0.008712
  26.474609	   0.006018
  26.484375	   0.060332
  26.494141	   0.156488
  26.503906	   0.280860
  26.513672	   0.406737
  26.523438	   0.502163
  26.533203	   0.540131
  26.542969	   0.507544
  26.552734	   0.409756
  26.562500	   0.269056
  26.572266	   0.117612
  26.582031	  -0.012649
  26.591797	  -0.099686
  26.601562	  -0.137234
  26.611328	  -0.135018
  26.621094	  -0.113502
  26.630859	  -0.095293
  26.640625	  -0.096531
  26.650391	  -0.121423
  26.660156	  -0.161889
  26.669922	  -0.202232
  26.679688	  -0.226849
  26.689453	  -0.227849
  26.699219	  -0.209448
  26.708984	  -0.187293
  26.718750	  -0.182811
  26.728516	  -0.214623
  26.738281	  -0.290298
  26.748047	  -0.401689
  26.757812	  -0.525843
  26.767578	  -0.631486
  26.777344	  -0.688975
  26.787109	  -0.680277
  26.796875	  -0.605421
  26.806641	  -0.483050
  26.816406	  -0.344753
  26.826172	  -0.225059
  26.835938	  -0.150545
  26.845703	  -0.131781
  26.855469	  -0.160873
  26.865234	  -0.215316
  26.875000	  -0.266658
  26.884766	  -0.290764
  26.894531	  -0.275962
  26.904297	  -0.226209
  26.914062	  -0.158268
  26.923828	  -0.094152
  26.933594	  -0.051808
  26.943359	  -0.037662
  26.953125	  -0.043916
  26.962891	  -0.051674
  26.972656	  -0.038751
  26.982422	   0.010796
  26.992188	   0.099090
  27.001953	   0.211816
  27.011719	   0.321806
  27.021484	   0.397731
  27.031250	   0.414905
  27.041016	   0.364310
  27.050781	   0.256523
  27.060547	   0.118976
  27.070312	  -0.012648
  27.080078	  -0.105928
  27.089844	  -0.142158
  27.099609	  -0.122037
  27.109375	  -0.064644
  27.119141	  -0.000071
  27.128906	   0.041624
  27.138672	   0.041170
  27.148438	  -0.003265
  27.158203	  -0.075885
  27.167969	  -0.149502
  27.177734	  -0.195870
  27.187500	  -0.196299
  27.197266	  -0.148635
  27.207031	  -0.068069
  27.216797	   0.018521
  27.226562	   0.082594
  27.236328	   0.104620
  27.246094	   0.081452
  27.255859	   0.027628
  27.265625	  -0.029949
  27.275391	  -0.062054
  27.285156	  -0.048257
  27.294922	   0.014957
  27.304688	   0.112103
  27.314453	   0.213512
  27.324219	   0.285400
  27.333984	   0.301649
  27.343750	   0.253090
  27.353516	   0.150950
  27.363281	   0.023209
  27.373047	  -0.094862
  27.382812	  -0.172635
  27.392578	  -0.194293
  27.402344	  -0.163672
  27.412109	  -0.102105
  27.421875	  -0.040150
  27.431641	  -0.006256
  27.441406	  -0.016482
  27.451172	  -0.068983
  27.460938	  -0.145175
  27.470703	  -0.217081
  27.480469	  -0.258059
  27.490234	  -0.252931
  27.500000	  -0.203746
  27.509766	  -0.129059
  27.519531	  -0.056978
  27.529297	  -0.014573
  27.539062	  -0.017550
  27.548828	  -0.064065
  27.558594	  -0.135008
  27.568359	  -0.200753
  27.578125	  -0.231975
  27.587891	  -0.210625
  27.597656	  -0.137071
  27.607422	  -0.030742
  27.617188	   0.076042
  27.626953	   0.148912
  27.636719	   0.163171
  27.646484	   0.112224
  27.656250	   0.009783
  27.666016	  -0.114908
  27.675781	  -0.227060
  27.685547	  -0.297961
  27.695312	  -0.314099
  27.705078	  -0.280617
  27.714844	  -0.218046
  27.724609	  -0.153671
  27.734375	  -0.110863
  27.744141	  -0.100365
  27.753906	  -0.116741
  27.763672	  -0.141257
  27.773438	  -0.150012
  27.783203	  -0.124181
  27.792969	  -0.058426
  27.802734	   0.035818
  27.812500	   0.133557
  27.822266	   0.204920
  27.832031	   0.226196
  27.841797	   0.189158
  27.851562	   0.105169
  27.861328	   0.002383
  27.871094	  -0.083157
  27.880859	  -0.119494
  27.890625	  -0.089637
  27.900391	   0.002514
  27.910156	   0.133299
  27.919922	   0.267148
  27.929688	   0.368405
  27.939453	   0.413005
  27.949219	   0.395968
  27.958984	   0.332163
  27.968750	   0.250213
  27.978516	   0.181837
  27.988281	   0.150492
  27.998047	   0.163384
  28.007812	   0.209602
  28.017578	   0.264903
  28.027344	   0.301242
  28.037109	   0.297480
  28.046875	   0.247306
  28.056641	   0.161511
  28.066406	   0.063864
  28.076172	  -0.017802
  28.085938	  -0.061931
  28.095703	  -0.061144
  28.105469	  -0.024778
  28.115234	   0.024887
  28.125000	   0.061271
  28.134766	   0.063806
  28.144531	   0.026068
  28.154297	  -0.041316
  28.164062	  -0.114090
  28.173828	  -0.162917
  28.183594	  -0.163946
  28.193359	  -0.107534
  28.203125	  -0.001946
  28.212891	   0.129315
  28.222656	   0.255591
  28.232422	   0.349588
  28.242188	   0.396525
  28.251953	   0.398586
  28.261719	   0.373098
  28.271484	   0.345183
  28.281250	   0.337648
  28.291016	   0.361897
  28.300781	   0.413279
  28.310547	   0.472617
  28.320312	   0.513390
  28.330078	   0.511907
  28.339844	   0.456700
  28.349609	   0.353601
  28.359375	   0.224524
  28.369141	   0.100291
  28.378906	   0.010032
  28.388672	  -0.029031
  28.398438	  -0.017673
  28.408203	   0.025616
  28.417969	   0.071276
  28.427734	   0.089332
  28.437500	   0.060262
  28.447266	  -0.017830
  28.457031	  -0.128331
  28.466797	  -0.241861
  28.476562	  -0.326602
  28.486328	  -0.359516
  28.496094	  -0.334433
  28.505859	  -0.264144
  28.515625	  -0.175750
  28.525391	  -0.100989
  28.535156	  -0.065030
  28.544922	  -0.077760
  28.554688	  -0.130685
  28.564453	  -0.200497
  28.574219	  -0.257958
  28.583984	  -0.278846
  28.593750	  -0.252979
  28.603516	  -0.188049
  28.613281	  -0.106921
  28.623047	  -0.039411
  28.632812	  -0.011574
  28.642578	  -0.036396
  28.652344	  -0.109265
  28.662109	  -0.209827
  28.671875	  -0.309497
  28.681641	  -0.381852
  28.691406	  -0.412100
  28.701172	  -0.402165
  28.710938	  -0.369579
  28.720703	  -0.340606
  28.730469	  -0.340173
  28.740234	  -0.382287
  28.750000	  -0.464458
  28.759766	  -0.568161
  28.769531	  -0.665150
  28.779297	  -0.727312
  28.789062	  -0.736476
  28.798828	  -0.690625
  28.808594	  -0.604291
  28.818359	  -0.503059
  28.828125	  -0.414241
  28.837891	  -0.357156
  28.847656	  -0.336582
  28.857422	  -0.341710
  28.867188	  -0.350922
  28.876953	  -0.340531
  28.886719	  -0.294197
  28.896484	  -0.209475
  28.906250	  -0.099061
  28.916016	   0.013749
  28.925781	   0.103684
  28.935547	   0.153009
  28.945312	   0.158346
  28.955078	   0.132247
  28.964844	   0.098839
  28.974609	   0.085113
  28.984375	   0.110977
  28.994141	   0.181733
  29.003906	   0.285752
  29.013672	   0.398229
  29.023438	   0.489732
  29.033203	   0.536472
  29.042969	   0.528628
  29.052734	   0.473734
  29.062500	   0.393934
  29.072266	   0.318133
  29.082031	   0.271875
  29.091797	   0.268614
  29.101562	   0.305465
  29.111328	   0.364912
  29.121094	   0.421732
  29.130859	   0.452549
  29.140625	   0.444471
  29.150391	   0.399684
  29.160156	   0.334365
  29.169922	   0.272403
  29.179688	   0.236327
  29.189453	   0.238829
  29.199219	   0.278046
  29.208984	   0.338317
  29.218750	   0.396094
  29.228516	   0.428779
  29.238281	   0.423151
  29.248047	   0.380250
  29.257812	   0.314878
  29.267578	   0.249917
  29.277344	   0.207605
  29.287109	   0.201020
  29.296875	   0.229004
  29.306641	   0.276421
  29.316406	   0.319701
  29.326172	   0.335624
  29.335938	   0.310056
  29.345703	   0.243395
  29.355469	   0.150638
  29.365234	   0.056031
  29.375000	  -0.015758
  29.384766	  -0.048647
  29.394531	  -0.040966
  29.404297	  -0.005885
  29.414062	   0.033759
  29.423828	   0.054347
  29.433594	   0.040761
  29.443359	  -0.007462
  29.453125	  -0.075493
  29.462891	  -0.138477
  29.472656	  -0.170871
  29.482422	  -0.156449
  29.492188	  -0.095253
  29.501953	  -0.004771
  29.511719	   0.085277
  29.521484	   0.142868
  29.531250	   0.144849
  29.541016	   0.085370
  29.550781	  -0.021543
  29.560547	  -0.146307
  29.570312	  -0.253610
  29.580078	  -0.314363
  29.589844	  -0.315581
  29.599609	  -0.264703
  29.609375	  -0.186800
  29.619141	  -0.115611
  29.628906	  -0.081570
  29.638672	  -0.101022
  29.648438	  -0.170441
  29.658203	  -0.267675
  29.667969	  -0.359759
  29.677734	  -0.414530
  29.687500	  -0.411932
  29.697266	  -0.351050
  29.707031	  -0.250444
  29.716797	  -0.141736
  29.726562	  -0.058790
  29.736328	  -0.026335
  29.746094	  -0.052016
  29.755859	  -0.124573
  29.765625	  -0.218604
  29.775391	  -0.304045
  29.785156	  -0.356829
  29.794922	  -0.366877
  29.804688	  -0.340641
  29.814453	  -0.297441
  29.824219	  -0.261165
  29.833984	  -0.250542
  29.843750	  -0.271673
  29.853516	  -0.315598
  29.863281	  -0.361765
  29.873047	  -0.386026
  29.882812	  -0.370124
  29.892578	  -0.309060
  29.902344	  -0.213547
  29.912109	  -0.106591
  29.921875	  -0.015440
  29.931641	   0.038143
  29.941406	   0.045659
  29.951172	   0.014829
  29.960938	  -0.033406
  29.970703	  -0.072737
  29.980469	  -0.081331
  29.990234	  -0.050000
  30.000000	   0.014284
  30.009766	   0.090880
  30.019531	   0.153037
  30.029297	   0.177767
  30.039062	   0.154368
  30.048828	   0.088465
  30.058594	   0.000039
  30.068359	  -0.083824
  30.078125	  -0.138815
  30.087891	  -0.152247
  30.097656	  -0.127593
  30.107422	  -0.082981
  30.117188	  -0.044180
  30.126953	  -0.034632
  30.136719	  -0.066195
  30.146484	  -0.134069
  30.156250	  -0.217849
  30.166016	  -0.288432
  30.175781	  -0.318343
  30.185547	  -0.291780
  30.195312	  -0.210721
  30.205078	  -0.094826
  30.214844	   0.024908
  30.224609	   0.116549
  30.234375	   0.158019
  30.244141	   0.144471
  30.253906	   0.089655
  30.263672	   0.020846
  30.273438	  -0.030825
  30.283203	  -0.041159
  30.292969	  -0.000967
  30.302734	   0.081350
  30.312500	   0.183525
  30.322266	   0.277930
  30.332031	   0.341680
  30.341797	   0.364600
  30.351562	   0.352204
  30.361328	   0.322688
  30.371094	   0.299202
  30.380859	   0.300379
  30.390625	   0.332740
  30.400391	   0.387851
  30.410156	   0.445313
  30.419922	   0.480465
  30.429688	   0.473920
  30.439453	   0.419320
  30.449219	   0.326366
  30.458984	   0.217923
  30.468750	   0.122182
  30.478516	   0.062740
  30.488281	   0.050235
  30.498047	   0.078634
  30.507812	   0.127586
  30.517578	   0.170004
  30.527344	   0.182123
  30.537109	   0.152342
  30.546875	   0.085593
  30.556641	   0.001611
  30.566406	  -0.072284
  30.576172	  -0.111265
  30.585938	  -0.102221
  30.595703	  -0.048738
  30.605469	   0.030009
  30.615234	   0.106075
  30.625000	   0.152771
  30.634766	   0.154216
  30.644531	   0.110897
  30.654297	   0.039181
  30.664062	  -0.035043
  30.673828	  -0.086238
  30.683594	  -0.098932
  30.693359	  -0.073638
  30.703125	  -0.026723
  30.712891	   0.015785
  30.722656	   0.028215
  30.732422	  -0.004607
  30.742188	  -0.080890
  30.751953	  -0.181591
  30.761719	  -0.276550
  30.771484	  -0.334952
  30.781250	  -0.336366
  30.791016	  -0.278366
  30.800781	  -0.177906
  30.810547	  -0.065851
  30.820312	   0.023439
  30.830078	   0.063807
  30.839844	   0.046097
  30.849609	  -0.019090
  30.859375	  -0.105644
  30.869141	  -0.181651
  30.878906	  -0.220996
  30.888672	  -0.212653
  30.898438	  -0.164277
  30.908203	  -0.098788
  30.917969	  -0.045251
  30.927734	  -0.027405
  30.937500	  -0.054134
  30.947266	  -0.115466
  30.957031	  -0.185673
  30.966797	  -0.232477
  30.976562	  -0.229063
  30.986328	  -0.164523
  30.996094	  -0.048884
  31.005859	   0.089292
  31.015625	   0.212009
  31.025391	   0.284570
  31.035156	   0.287457
  31.044922	   0.223185
  31.054688	   0.115669
  31.064453	   0.002284
  31.074219	  -0.078596
  31.083984	  -0.100254
  31.093750	  -0.056068
  31.103516	   0.039130
  31.113281	   0.155122
  31.123047	   0.257488
  31.132812	   0.319832
  31.142578	   0.332671
  31.152344	   0.305857
  31.162109	   0.263845
  31.171875	   0.235677
  31.181641	   0.243488
  31.191406	   0.293852
  31.201172	   0.375147
  31.210938	   0.461932
  31.220703	   0.524670
  31.230469	   0.541182
  31.240234	   0.505535
  31.250000	   0.431004
  31.259766	   0.345931
  31.269531	   0.283870
  31.279297	   0.271571
  31.289062	   0.319130
  31.298828	   0.415916
  31.308594	   0.533795
  31.318359	   0.636546
  31.328125	   0.692140
  31.337891	   0.683509
  31.347656	   0.613987
  31.357422	   0.505539
  31.367188	   0.390493
  31.376953	   0.299818
  31.386719	   0.252240
  31.396484	   0.248097
  31.406250	   0.270136
  31.416016	   0.290841
  31.425781	   0.283539
  31.435547	   0.233124
  31.445312	   0.142406
  31.455078	   0.031691
  31.464844	  -0.068295
  31.474609	  -0.127595
  31.484375	  -0.128251
  31.494141	  -0.071452
  31.503906	   0.022028
  31.513672	   0.118344
  31.523438	   0.181759
  31.533203	   0.186521
  31.542969	   0.125261
  31.552734	   0.010972
  31.562500	  -0.128024
  31.572266	  -0.258198
  31.582031	  -0.352331
  31.591797	  -0.398257
  31.601562	  -0.401808
  31.611328	  -0.383063
  31.621094	  -0.367514
  31.630859	  -0.375608
  31.640625	  -0.414654
  31.650391	  -0.476154
  31.660156	  -0.539512
  31.669922	  -0.580658
  31.679688	  -0.582207
  31.689453	  -0.541198
  31.699219	  -0.471305
  31.708984	  -0.398515
  31.718750	  -0.351716
  31.728516	  -0.351648
  31.738281	  -0.402356
  31.748047	  -0.488490
  31.757812	  -0.579678
  31.767578	  -0.640643
  31.777344	  -0.643539
  31.787109	  -0.578116
  31.796875	  -0.455969
  31.806641	  -0.307208
  31.816406	  -0.170582
  31.826172	  -0.080440
  31.835938	  -0.055116
  31.845703	  -0.090840
  31.855469	  -0.163362
  31.865234	  -0.236726
  31.875000	  -0.276097
  31.884766	  -0.260088
  31.894531	  -0.188222
  31.904297	  -0.080908
  31.914062	   0.028017
  31.923828	   0.103442
  31.933594	   0.121457
  31.943359	   0.077653
  31.953125	  -0.011696
  31.962891	  -0.115936
  31.972656	  -0.201459
  31.982422	  -0.244054
  31.992188	  -0.237652
  32.001953	  -0.196262
  32.011719	  -0.148390
  32.021484	  -0.125984
  32.031250	  -0.151961
  32.041016	  -0.230907
  32.050781	  -0.346414
  32.060547	  -0.466111
  32.070312	  -0.552678
  32.080078	  -0.576901
  32.089844	  -0.528111
  32.099609	  -0.418209
  32.109375	  -0.277796
  32.119141	  -0.145734
  32.128906	  -0.055815
  32.138672	  -0.025254
  32.148438	  -0.049072
  32.158203	  -0.102318
  32.167969	  -0.149306
  32.177734	  -0.156520
  32.187500	  -0.104599
  32.197266	   0.004857
  32.207031	   0.150001
  32.216797	   0.296631
  32.226562	   0.410344
  32.236328	   0.468559
  32.246094	   0.468116
  32.255859	   0.425817
  32.265625	   0.371818
  32.275391	   0.338403
  32.285156	   0.348263
  32.294922	   0.406544
  32.304688	   0.499485
  32.314453	   0.600049
  32.324219	   0.678381
  32.333984	   0.713176
  32.343750	   0.699767
  32.353516	   0.651938
  32.363281	   0.596829
  32.373047	   0.564787
  32.382812	   0.577908
  32.392578	   0.641451
  32.402344	   0.741288
  32.412109	   0.848319
  32.421875	   0.928291
  32.431641	   0.953502
  32.441406	   0.912198
  32.451172	   0.812362
  32.460938	   0.678598
  32.470703	   0.543332
  32.480469	   0.435551
  32.490234	   0.371151
  32.500000	   0.348287
  32.509766	   0.349290
  32.519531	   0.348266
  32.529297	   0.321492
  32.539062	   0.256722
  32.548828	   0.158017
  32.558594	   0.044383
  32.568359	  -0.057172
  32.578125	  -0.121546
  32.587891	  -0.134726
  32.597656	  -0.098899
  32.607422	  -0.031672
  32.617188	   0.040195
  32.626953	   0.090170
  32.636719	   0.100945
  32.646484	   0.069775
  32.656250	   0.008324
  32.666016	  -0.062772
  32.675781	  -0.122384
  32.685547	  -0.157134
  32.695312	  -0.166250
  32.705078	  -0.161214
  32.714844	  -0.160450
  32.724609	  -0.181177
  32.734375	  -0.231674
  32.744141	  -0.307053
  32.753906	  -0.390283
  32.763672	  -0.458193
  32.773438	  -0.490251
  32.783203	  -0.476764
  32.792969	  -0.423324
  32.802734	  -0.349642
  32.812500	  -0.283035
  32.822266	  -0.248828
  32.832031	  -0.261166
  32.841797	  -0.317654
  32.851562	  -0.399860
  32.861328	  -0.479638
  32.871094	  -0.529000
  32.880859	  -0.530003
  32.890625	  -0.481018
  32.900391	  -0.397095
  32.910156	  -0.304290
  32.919922	  -0.230052
  32.929688	  -0.193283
  32.939453	  -0.197777
  32.949219	  -0.231537
  32.958984	  -0.272242
  32.968750	  -0.296808
  32.978516	  -0.291360
  32.988281	  -0.257713
  32.998047	  -0.213657
  33.007812	  -0.186648
  33.017578	  -0.202986
  33.027344	  -0.276428
  33.037109	  -0.400524
  33.046875	  -0.547863
  33.056641	  -0.676990
  33.066406	  -0.745028
  33.076172	  -0.721873
  33.085938	  -0.601128
  33.095703	  -0.403872
  33.105469	  -0.173730
  33.115234	   0.035337
  33.125000	   0.174654
  33.134766	   0.214762
  33.144531	   0.153195
  33.154297	   0.013708
  33.164062	  -0.162495
  33.173828	  -0.330304
  33.183594	  -0.454268
  33.193359	  -0.517605
  33.203125	  -0.523867
  33.212891	  -0.491188
  33.222656	  -0.441747
  33.232422	  -0.390729
  33.242188	  -0.339149
  33.251953	  -0.273327
  33.261719	  -0.171241
  33.271484	  -0.013289
  33.281250	   0.206737
  33.291016	   0.474876
  33.300781	   0.757370
  33.310547	   1.008560
  33.320312	   1.183897
  33.330078	   1.253728
  33.339844	   1.213063
  33.349609	   1.083843
  33.359375	   0.908757
  33.369141	   0.738572
  33.378906	   0.617159
  33.388672	   0.569193
  33.398438	   0.594495
  33.408203	   0.670683
  33.417969	   0.762875
  33.427734	   0.836793
  33.437500	   0.870559
  33.447266	   0.861091
  33.457031	   0.823087
  33.466797	   0.781322
  33.476562	   0.759431
  33.486328	   0.769546
  33.496094	   0.806755
  33.505859	   0.850518
  33.515625	   0.872479
  33.525391	   0.847765
  33.535156	   0.765455
  33.544922	   0.634238
  33.554688	   0.480951
  33.564453	   0.342318
  33.574219	   0.252705
  33.583984	   0.232166
  33.593750	   0.279047
  33.603516	   0.369787
  33.613281	   0.466062
  33.623047	   0.526813
  33.632812	   0.521017
  33.642578	   0.436871
  33.652344	   0.284351
  33.662109	   0.090525
  33.671875	  -0.110482
  33.681641	  -0.289125
  33.691406	  -0.429510
  33.701172	  -0.532820
  33.710938	  -0.614143
  33.720703	  -0.694218
  33.730469	  -0.789448
  33.740234	  -0.904057
  33.750000	  -1.027394
  33.759766	  -1.137374
  33.769531	  -1.208710
  33.779297	  -1.222789
  33.789062	  -1.175413
  33.798828	  -1.079460
  33.808594	  -0.961384
  33.818359	  -0.852788
  33.828125	  -0.780111
  33.837891	  -0.756143
  33.847656	  -0.776389
  33.857422	  -0.821495
  33.867188	  -0.864688
  33.876953	  -0.881395
  33.886719	  -0.857452
  33.896484	  -0.792930
  33.906250	  -0.700351
  33.916016	  -0.598233
  33.925781	  -0.502679
  33.935547	  -0.420484
  33.945312	  -0.346575
  33.955078	  -0.266909
  33.964844	  -0.165744
  33.974609	  -0.034415
  33.984375	   0.121979
  33.994141	   0.282897
  34.003906	   0.416797
  34.013672	   0.490475
  34.023438	   0.480150
  34.033203	   0.380317
  34.042969	   0.207029
  34.052734	  -0.005845
  34.062500	  -0.216327
  34.072266	  -0.386796
  34.082031	  -0.494932
  34.091797	  -0.539342
  34.101562	  -0.537919
  34.111328	  -0.519579
  34.121094	  -0.512385
  34.130859	  -0.532378
  34.140625	  -0.577186
  34.150391	  -0.626739
  34.160156	  -0.650833
  34.169922	  -0.620777
  34.179688	  -0.520817
  34.189453	  -0.355098
  34.199219	  -0.147510
  34.208984	   0.065654
  34.218750	   0.247657
  34.228516	   0.373627
  34.238281	   0.438755
  34.248047	   0.459391
  34.257812	   0.466578
  34.267578	   0.494339
  34.277344	   0.566904
  34.287109	   0.689507
  34.296875	   0.846093
  34.306641	   1.004763
  34.316406	   1.129024
  34.326172	   1.190738
  34.335938	   1.180097
  34.345703	   1.108971
  34.355469	   1.006429
  34.365234	   0.908057
  34.375000	   0.842968
  34.384766	   0.823273
  34.394531	   0.839870
  34.404297	   0.866118
  34.414062	   0.868094
  34.423828	   0.817672
  34.433594	   0.703654
  34.443359	   0.536833
  34.453125	   0.347067
  34.462891	   0.173366
  34.472656	   0.050526
  34.482422	  -0.002849
  34.492188	   0.009411
  34.501953	   0.062810
  34.511719	   0.121339
  34.521484	   0.150698
  34.531250	   0.130763
  34.541016	   0.062744
  34.550781	  -0.031599
  34.560547	  -0.118405
  34.570312	  -0.164751
  34.580078	  -0.151498
  34.589844	  -0.081168
  34.599609	   0.022077
  34.609375	   0.120494
  34.619141	   0.175971
  34.628906	   0.163643
  34.638672	   0.080940
  34.648438	  -0.051305
  34.658203	  -0.196171
  34.667969	  -0.313857
  34.677734	  -0.376025
  34.687500	  -0.376107
  34.697266	  -0.331765
  34.707031	  -0.278507
  34.716797	  -0.256633
  34.726562	  -0.296136
  34.736328	  -0.404935
  34.746094	  -0.564733
  34.755859	  -0.736103
  34.765625	  -0.871135
  34.775391	  -0.929345
  34.785156	  -0.891332
  34.794922	  -0.765502
  34.804688	  -0.585556
  34.814453	  -0.399702
  34.824219	  -0.255359
  34.833984	  -0.184639
  34.843750	  -0.195494
  34.853516	  -0.271312
  34.863281	  -0.378723
  34.873047	  -0.480491
  34.882812	  -0.548704
  34.892578	  -0.573532
  34.902344	  -0.564627
  34.912109	  -0.545025
  34.921875	  -0.540191
  34.931641	  -0.566588
  34.941406	  -0.624214
  34.951172	  -0.695956
  34.960938	  -0.753990
  34.970703	  -0.770738
  34.980469	  -0.730149
  34.990234	  -0.634934
  35.000000	  -0.506897
  35.009766	  -0.380064
  35.019531	  -0.289051
  35.029297	  -0.256906
  35.039062	  -0.286894
  35.048828	  -0.361284
  35.058594	  -0.447610
  35.068359	  -0.510123
  35.078125	  -0.522245
  35.087891	  -0.475463
  35.097656	  -0.381414
  35.107422	  -0.266503
  35.117188	  -0.161129
  35.126953	  -0.087679
  35.136719	  -0.051881
  35.146484	  -0.040863
  35.156250	  -0.028703
  35.166016	   0.012588
  35.175781	   0.100902
  35.185547	   0.235456
  35.195312	   0.395354
  35.205078	   0.546223
  35.214844	   0.652758
  35.224609	   0.692677
  35.234375	   0.666804
  35.244141	   0.601195
  35.253906	   0.539957
  35.263672	   0.530753
  35.273438	   0.607788
  35.283203	   0.778149
  35.292969	   1.016523
  35.302734	   1.270533
  35.312500	   1.475352
  35.322266	   1.573052
  35.332031	   1.530406
  35.341797	   1.349317
  35.351562	   1.066463
  35.361328	   0.742355
  35.371094	   0.443535
  35.380859	   0.223863
  35.390625	   0.111000
  35.400391	   0.102246
  35.410156	   0.170574
  35.419922	   0.278110
  35.429688	   0.391828
  35.439453	   0.495613
  35.449219	   0.594373
  35.458984	   0.708898
  35.468750	   0.863658
  35.478516	   1.072346
  35.488281	   1.326863
  35.498047	   1.594204
  35.507812	   1.822886
  35.517578	   1.957066
  35.527344	   1.953683
  35.537109	   1.796780
  35.546875	   1.504016
  35.556641	   1.123025
  35.566406	   0.718703
  35.576172	   0.355551
  35.585938	   0.080806
  35.595703	  -0.086344
  35.605469	  -0.156335
  35.615234	  -0.161708
  35.625000	  -0.143637
  35.634766	  -0.137506
  35.644531	  -0.162533
  35.654297	  -0.218675
  35.664062	  -0.291222
  35.673828	  -0.360637
  35.683594	  -0.413376
  35.693359	  -0.449244
  35.703125	  -0.482384
  35.712891	  -0.535564
  35.722656	  -0.630092
  35.732422	  -0.775454
  35.742188	  -0.962920
  35.751953	  -1.165914
  35.761719	  -1.347402
  35.771484	  -1.471880
  35.781250	  -1.517729
  35.791016	  -1.485462
  35.800781	  -1.398753
  35.810547	  -1.297694
  35.820312	  -1.226461
  35.830078	  -1.219582
  35.839844	  -1.291480
  35.849609	  -1.432777
  35.859375	  -1.614462
  35.869141	  -1.798237
  35.878906	  -1.949251
  35.888672	  -2.046683
  35.898438	  -2.088589
  35.908203	  -2.089546
  35.917969	  -2.072368
  35.927734	  -2.057222
  35.937500	  -2.052403
  35.947266	  -2.050256
  35.957031	  -2.029792
  35.966797	  -1.964950
  35.976562	  -1.835404
  35.986328	  -1.635839
  35.996094	  -1.380209
  36.005859	  -1.099342
  36.015625	  -0.832681
  36.025391	  -0.617067
  36.035156	  -0.476447
  36.044922	  -0.415984
  36.054688	  -0.422353
  36.064453	  -0.469725
  36.074219	  -0.528928
  36.083984	  -0.576269
  36.093750	  -0.598874
  36.103516	  -0.594930
  36.113281	  -0.569358
  36.123047	  -0.527243
  36.132812	  -0.468262
  36.142578	  -0.384806
  36.152344	  -0.264939
  36.162109	  -0.099176
  36.171875	   0.111681
  36.181641	   0.351162
  36.191406	   0.587004
  36.201172	   0.777258
  36.210938	   0.881207
  36.220703	   0.871712
  36.230469	   0.744778
  36.240234	   0.522824
  36.250000	   0.250173
  36.259766	  -0.018083
  36.269531	  -0.230368
  36.279297	  -0.351444
  36.289062	  -0.369666
  36.298828	  -0.296480
  36.308594	  -0.158746
  36.318359	   0.013048
  36.328125	   0.196211
  36.337891	   0.382716
  36.347656	   0.579112
  36.357422	   0.799786
  36.367188	   1.056477
  36.376953	   1.348418
  36.386719	   1.657327
  36.396484	   1.949656
  36.406250	   2.185737
  36.416016	   2.332722
  36.425781	   2.376567
  36.435547	   2.328412
  36.445312	   2.222531
  36.455078	   2.106022
  36.464844	   2.023458
  36.474609	   2.001658
  36.484375	   2.039976
  36.494141	   2.109691
  36.503906	   2.163002
  36.513672	   2.148777
  36.523438	   2.029760
  36.533203	   1.795366
  36.542969	   1.465656
  36.552734	   1.085125
  36.562500	   0.708493
  36.572266	   0.383448
  36.582031	   0.136361
  36.591797	  -0.034135
  36.601562	  -0.153645
  36.611328	  -0.260099
  36.621094	  -0.387946
  36.630859	  -0.554355
  36.640625	  -0.752543
  36.650391	  -0.954700
  36.660156	  -1.123429
  36.669922	  -1.227442
  36.679688	  -1.255588
  36.689453	  -1.223813
  36.699219	  -1.172149
  36.708984	  -1.152400
  36.718750	  -1.210647
  36.728516	  -1.370640
  36.738281	  -1.623980
  36.748047	  -1.930732
  36.757812	  -2.230468
  36.767578	  -2.460130
  36.777344	  -2.572712
  36.787109	  -2.550493
  36.796875	  -2.408508
  36.806641	  -2.187359
  36.816406	  -1.938220
  36.826172	  -1.705539
  36.835938	  -1.513614
  36.845703	  -1.361631
  36.855469	  -1.228567
  36.865234	  -1.085696
  36.875000	  -0.911590
  36.884766	  -0.703684
  36.894531	  -0.481744
  36.904297	  -0.281687
  36.914062	  -0.141875
  36.923828	  -0.086975
  36.933594	  -0.115567
  36.943359	  -0.196534
  36.953125	  -0.276211
  36.962891	  -0.294414
  36.972656	  -0.204179
  36.982422	   0.011459
  36.992188	   0.331521
  37.001953	   0.700953
  37.011719	   1.045298
  37.021484	   1.291553
  37.031250	   1.388487
  37.041016	   1.319968
  37.050781	   1.107286
  37.060547	   0.800222
  37.070312	   0.460390
  37.080078	   0.142825
  37.089844	  -0.117943
  37.099609	  -0.312976
  37.109375	  -0.454210
  37.119141	  -0.562573
  37.128906	  -0.654063
  37.138672	  -0.729474
  37.148438	  -0.771829
  37.158203	  -0.752518
  37.167969	  -0.643679
  37.177734	  -0.431897
  37.187500	  -0.127664
  37.197266	   0.233428
  37.207031	   0.598786
  37.216797	   0.913727
  37.226562	   1.138113
  37.236328	   1.258829
  37.246094	   1.293578
  37.255859	   1.284462
  37.265625	   1.283431
  37.275391	   1.334571
  37.285156	   1.459301
  37.294922	   1.649569
  37.304688	   1.871242
  37.314453	   2.076358
  37.324219	   2.219753
  37.333984	   2.274172
  37.343750	   2.238589
  37.353516	   2.137020
  37.363281	   2.008561
  37.373047	   1.892538
  37.382812	   1.814317
  37.392578	   1.776984
  37.402344	   1.761807
  37.412109	   1.737130
  37.421875	   1.672209
  37.431641	   1.550673
  37.441406	   1.378496
  37.451172	   1.183415
  37.460938	   1.005894
  37.470703	   0.884927
  37.480469	   0.843843
  37.490234	   0.881319
  37.500000	   0.970932
  37.509766	   1.069429
  37.519531	   1.130779
  37.529297	   1.120968
  37.539062	   1.028304
  37.548828	   0.865685
  37.558594	   0.664275
  37.568359	   0.461178
  37.578125	   0.285853
  37.587891	   0.150364
  37.597656	   0.047041
  37.607422	  -0.045797
  37.617188	  -0.152488
  37.626953	  -0.287680
  37.636719	  -0.448042
  37.646484	  -0.611563
  37.656250	  -0.745061
  37.666016	  -0.817317
  37.675781	  -0.812927
  37.685547	  -0.741455
  37.695312	  -0.637990
  37.705078	  -0.554241
  37.714844	  -0.542788
  37.724609	  -0.639711
  37.734375	  -0.851664
  37.744141	  -1.152086
  37.753906	  -1.488169
  37.763672	  -1.796495
  37.773438	  -2.022184
  37.783203	  -2.135142
  37.792969	  -2.137946
  37.802734	  -2.062774
  37.812500	  -1.958632
  37.822266	  -1.873427
  37.832031	  -1.837219
  37.841797	  -1.852492
  37.851562	  -1.894722
  37.861328	  -1.922854
  37.871094	  -1.895792
  37.880859	  -1.788908
  37.890625	  -1.604645
  37.900391	  -1.373432
  37.910156	  -1.144636
  37.919922	  -0.970783
  37.929688	  -0.890640
  37.939453	  -0.917049
  37.949219	  -1.033654
  37.958984	  -1.201389
  37.968750	  -1.372193
  37.978516	  -1.504882
  37.988281	  -1.577537
  37.998047	  -1.592177
  38.007812	  -1.570436
  38.017578	  -1.542243
  38.027344	  -1.532045
  38.037109	  -1.547841
  38.046875	  -1.577125
  38.056641	  -1.591145
  38.066406	  -1.555697
  38.076172	  -1.444239
  38.085938	  -1.248268
  38.095703	  -0.980981
  38.105469	  -0.672793
  38.115234	  -0.360403
  38.125000	  -0.073533
  38.134766	   0.175628
  38.144531	   0.396267
  38.154297	   0.614534
  38.164062	   0.862477
  38.173828	   1.164386
  38.183594	   1.525639
  38.193359	   1.928207
  38.203125	   2.334547
  38.212891	   2.698484
  38.222656	   2.979123
  38.232422	   3.152730
  38.242188	   3.218312
  38.251953	   3.195049
  38.261719	   3.112797
  38.271484	   2.999541
  38.281250	   2.870801
  38.291016	   2.725219
  38.300781	   2.548153
  38.310547	   2.321882
  38.320312	   2.038329
  38.330078	   1.708997
  38.339844	   1.367617
  38.349609	   1.063617
  38.359375	   0.847982
  38.369141	   0.756131
  38.378906	   0.793924
  38.388672	   0.932197
  38.398438	   1.112551
  38.408203	   1.263230
  38.417969	   1.320405
  38.427734	   1.248062
  38.437500	   1.049958
  38.447266	   0.769575
  38.457031	   0.477957
  38.466797	   0.253309
  38.476562	   0.158920
  38.486328	   0.226437
  38.496094	   0.449531
  38.505859	   0.789403
  38.515625	   1.189466
  38.525391	   1.593593
  38.535156	   1.961338
  38.544922	   2.275013
  38.554688	   2.536749
  38.564453	   2.757508
  38.574219	   2.943089
  38.583984	   3.083215
  38.593750	   3.148596
  38.603516	   3.097720
  38.613281	   2.891283
  38.623047	   2.509053
  38.632812	   1.962710
  38.642578	   1.299327
  38.652344	   0.593336
  38.662109	  -0.071112
  38.671875	  -0.622003
  38.681641	  -1.018424
  38.691406	  -1.260329
  38.701172	  -1.385830
  38.710938	  -1.456884
  38.720703	  -1.538204
  38.730469	  -1.676449
  38.740234	  -1.886542
  38.750000	  -2.149419
  38.759766	  -2.421469
  38.769531	  -2.651874
  38.779297	  -2.801427
  38.789062	  -2.856059
  38.798828	  -2.830422
  38.808594	  -2.760564
  38.818359	  -2.688744
  38.828125	  -2.646277
  38.837891	  -2.640944
  38.847656	  -2.653752
  38.857422	  -2.646360
  38.867188	  -2.576498
  38.876953	  -2.415681
  38.886719	  -2.162624
  38.896484	  -1.847163
  38.906250	  -1.522887
  38.916016	  -1.250708
  38.925781	  -1.078872
  38.935547	  -1.026294
  38.945312	  -1.075029
  38.955078	  -1.174611
  38.964844	  -1.256917
  38.974609	  -1.256688
  38.984375	  -1.130923
  38.994141	  -0.870896
  39.003906	  -0.503117
  39.013672	  -0.079396
  39.023438	   0.340223
  39.033203	   0.705638
  39.042969	   0.989898
  39.052734	   1.193392
  39.062500	   1.338307
  39.072266	   1.456095
  39.082031	   1.572987
  39.091797	   1.699008
  39.101562	   1.824361
  39.111328	   1.924154
  39.121094	   1.969303
  39.130859	   1.939215
  39.140625	   1.831351
  39.150391	   1.664044
  39.160156	   1.471548
  39.169922	   1.293210
  39.179688	   1.160725
  39.189453	   1.088076
  39.199219	   1.067613
  39.208984	   1.073444
  39.218750	   1.070618
  39.228516	   1.026624
  39.238281	   0.921104
  39.248047	   0.750625
  39.257812	   0.527393
  39.267578	   0.273143
  39.277344	   0.011154
  39.287109	  -0.240229
  39.296875	  -0.470112
  39.306641	  -0.673074
  39.316406	  -0.844227
  39.326172	  -0.974197
  39.335938	  -1.047005
  39.345703	  -1.042570
  39.355469	  -0.943478
  39.365234	  -0.743589
  39.375000	  -0.454876
  39.384766	  -0.109140
  39.394531	   0.247059
  39.404297	   0.563421
  39.414062	   0.799574
  39.423828	   0.936785
  39.433594	   0.983379
  39.443359	   0.971506
  39.453125	   0.945876
  39.462891	   0.947986
  39.472656	   1.001156
  39.482422	   1.101646
  39.492188	   1.219152
  39.501953	   1.306764
  39.511719	   1.317121
  39.521484	   1.219221
  39.531250	   1.010015
  39.541016	   0.716646
  39.550781	   0.388461
  39.560547	   0.081558
  39.570312	  -0.158736
  39.580078	  -0.311276
  39.589844	  -0.383716
  39.599609	  -0.406808
  39.609375	  -0.420631
  39.619141	  -0.457920
  39.628906	  -0.530763
  39.638672	  -0.625704
  39.648438	  -0.709163
  39.658203	  -0.741265
  39.667969	  -0.692938
  39.677734	  -0.559802
  39.687500	  -0.367384
  39.697266	  -0.165292
  39.707031	  -0.011998
  39.716797	   0.044606
  39.726562	  -0.016042
  39.736328	  -0.179213
  39.746094	  -0.398868
  39.755859	  -0.612465
  39.765625	  -0.761601
  39.775391	  -0.811309
  39.785156	  -0.761201
  39.794922	  -0.644462
  39.804688	  -0.514989
  39.814453	  -0.427224
  39.824219	  -0.415859
  39.833984	  -0.482735
  39.843750	  -0.595692
  39.853516	  -0.699897
  39.863281	  -0.737683
  39.873047	  -0.669808
  39.882812	  -0.490508
  39.892578	  -0.230819
  39.902344	   0.051142
  39.912109	   0.289609
  39.921875	   0.433466
  39.931641	   0.463486
  39.941406	   0.398362
  39.951172	   0.287351
  39.960938	   0.192152
  39.970703	   0.164519
  39.980469	   0.227657
  39.990234	   0.368119
