# Time	Amplitude (cm/s/s)
   0.000000	  -1.331110
   0.009766	  -1.342887
   0.019531	  -1.267273
   0.029297	  -1.129836
   0.039062	  -0.971570
   0.048828	  -0.834670
   0.058594	  -0.748015
   0.068359	  -0.717471
   0.078125	  -0.724450
   0.087891	  -0.733253
   0.097656	  -0.704612
   0.107422	  -0.610636
   0.117188	  -0.445847
   0.126953	  -0.230376
   0.136719	  -0.004148
   0.146484	   0.185932
   0.156250	   0.301308
   0.166016	   0.324294
   0.175781	   0.263466
   0.185547	   0.150156
   0.195312	   0.027429
   0.205078	  -0.064469
   0.214844	  -0.101028
   0.224609	  -0.080311
   0.234375	  -0.021506
   0.244141	   0.043972
   0.253906	   0.085336
   0.263672	   0.084418
   0.273438	   0.042388
   0.283203	  -0.021161
   0.292969	  -0.076239
   0.302734	  -0.094442
   0.312500	  -0.060278
   0.322266	   0.022490
   0.332031	   0.131944
   0.341797	   0.236170
   0.351562	   0.305467
   0.361328	   0.324018
   0.371094	   0.296569
   0.380859	   0.247462
   0.390625	   0.212149
   0.400391	   0.224073
   0.410156	   0.301561
   0.419922	   0.439412
   0.429688	   0.608298
   0.439453	   0.762309
   0.449219	   0.852175
   0.458984	   0.839698
   0.468750	   0.708605
   0.478516	   0.468344
   0.488281	   0.149871
   0.498047	  -0.204724
   0.507812	  -0.554872
   0.517578	  -0.872022
   0.527344	  -1.144588
   0.537109	  -1.376199
   0.546875	  -1.578689
   0.556641	  -1.763163
   0.566406	  -1.932999
   0.576172	  -2.081679
   0.585938	  -2.196175
   0.595703	  -2.264225
   0.605469	  -2.282125
   0.615234	  -2.259301
   0.625000	  -2.217159
   0.634766	  -2.182025
   0.644531	  -2.174495
   0.654297	  -2.199321
   0.664062	  -2.240121
   0.673828	  -2.261787
   0.683594	  -2.220726
   0.693359	  -2.080105
   0.703125	  -1.825146
   0.712891	  -1.473018
   0.722656	  -1.073378
   0.732422	  -0.698580
   0.742188	  -0.426023
   0.751953	  -0.317898
   0.761719	  -0.404613
   0.771484	  -0.677101
   0.781250	  -1.090358
   0.791016	  -1.576867
   0.800781	  -2.065350
   0.810547	  -2.498633
   0.820312	  -2.844944
   0.830078	  -3.099428
   0.839844	  -3.276208
   0.849609	  -3.394701
   0.859375	  -3.465829
   0.869141	  -3.483664
   0.878906	  -3.425839
   0.888672	  -3.262655
   0.898438	  -2.971424
   0.908203	  -2.550406
   0.917969	  -2.026660
   0.927734	  -1.454149
   0.937500	  -0.901906
   0.947266	  -0.435723
   0.957031	  -0.099298
   0.966797	   0.098753
   0.976562	   0.187448
   0.986328	   0.224423
   0.996094	   0.278123
   1.005859	   0.406942
   1.015625	   0.642085
   1.025391	   0.979578
   1.035156	   1.383721
   1.044922	   1.800340
   1.054688	   2.174949
   1.064453	   2.469440
   1.074219	   2.671662
   1.083984	   2.795043
   1.093750	   2.869037
   1.103516	   2.924499
   1.113281	   2.979827
   1.123047	   3.033228
   1.132812	   3.064053
   1.142578	   3.042644
   1.152344	   2.944816
   1.162109	   2.765289
   1.171875	   2.524628
   1.181641	   2.266575
   1.191406	   2.046168
   1.201172	   1.912483
   1.210938	   1.891978
   1.220703	   1.978379
   1.230469	   2.132950
   1.240234	   2.295418
   1.250000	   2.402110
   1.259766	   2.405368
   1.269531	   2.287744
   1.279297	   2.066315
   1.289062	   1.785780
   1.298828	   1.502846
   1.308594	   1.267343
   1.318359	   1.106514
   1.328125	   1.017714
   1.337891	   0.971735
   1.347656	   0.925250
   1.357422	   0.837745
   1.367188	   0.686842
   1.376953	   0.476630
   1.386719	   0.236184
   1.396484	   0.008940
   1.406250	  -0.163204
   1.416016	  -0.255432
   1.425781	  -0.269793
   1.435547	  -0.235887
   1.445312	  -0.202327
   1.455078	  -0.221922
   1.464844	  -0.335573
   1.474609	  -0.560052
   1.484375	  -0.883321
   1.494141	  -1.268339
   1.503906	  -1.663515
   1.513672	  -2.015926
   1.523438	  -2.282991
   1.533203	  -2.439307
   1.542969	  -2.477489
   1.552734	  -2.404133
   1.562500	  -2.233658
   1.572266	  -1.983106
   1.582031	  -1.670065
   1.591797	  -1.314078
   1.601562	  -0.940051
   1.611328	  -0.581067
   1.621094	  -0.278077
   1.630859	  -0.075198
   1.640625	  -0.011256
   1.650391	  -0.110051
   1.660156	  -0.372739
   1.669922	  -0.775350
   1.679688	  -1.272888
   1.689453	  -1.809171
   1.699219	  -2.329504
   1.708984	  -2.792158
   1.718750	  -3.175017
   1.728516	  -3.475391
   1.738281	  -3.703503
   1.748047	  -3.872428
   1.757812	  -3.988546
   1.767578	  -4.046374
   1.777344	  -4.029892
   1.787109	  -3.919966
   1.796875	  -3.704982
   1.806641	  -3.390401
   1.816406	  -3.003085
   1.826172	  -2.588035
   1.835938	  -2.197897
   1.845703	  -1.878360
   1.855469	  -1.654265
   1.865234	  -1.521300
   1.875000	  -1.446425
   1.884766	  -1.377295
   1.894531	  -1.257891
   1.904297	  -1.045394
   1.914062	  -0.722924
   1.923828	  -0.304130
   1.933594	   0.171603
   1.943359	   0.651386
   1.953125	   1.084171
   1.962891	   1.433979
   1.972656	   1.686833
   1.982422	   1.849656
   1.992188	   1.942366
   2.001953	   1.986847
   2.011719	   1.997389
   2.021484	   1.976393
   2.031250	   1.916832
   2.041016	   1.810141
   2.050781	   1.655895
   2.060547	   1.468777
   2.070312	   1.279280
   2.080078	   1.126979
   2.089844	   1.048190
   2.099609	   1.062287
   2.109375	   1.161813
   2.119141	   1.310577
   2.128906	   1.451236
   2.138672	   1.520578
   2.148438	   1.467825
   2.158203	   1.270030
   2.167969	   0.939382
   2.177734	   0.519890
   2.187500	   0.074464
   2.197266	  -0.333296
   2.207031	  -0.656526
   2.216797	  -0.875989
   2.226562	  -1.001039
   2.236328	  -1.060825
   2.246094	  -1.089353
   2.255859	  -1.110190
   2.265625	  -1.126576
   2.275391	  -1.120698
   2.285156	  -1.062352
   2.294922	  -0.923682
   2.304688	  -0.694321
   2.314453	  -0.390904
   2.324219	  -0.056907
   2.333984	   0.247843
   2.343750	   0.464800
   2.353516	   0.555590
   2.363281	   0.515581
   2.373047	   0.377208
   2.382812	   0.201534
   2.392578	   0.060546
   2.402344	   0.015852
   2.412109	   0.100679
   2.421875	   0.310954
   2.431641	   0.608114
   2.441406	   0.932339
   2.451172	   1.221420
   2.460938	   1.428783
   2.470703	   1.534734
   2.480469	   1.547626
   2.490234	   1.495355
   2.500000	   1.410984
   2.509766	   1.318274
   2.519531	   1.222641
   2.529297	   1.110817
   2.539062	   0.959073
   2.548828	   0.746559
   2.558594	   0.468324
   2.568359	   0.142687
   2.578125	  -0.190295
   2.587891	  -0.479166
   2.597656	  -0.676784
   2.607422	  -0.755887
   2.617188	  -0.718872
   2.626953	  -0.598106
   2.636719	  -0.446398
   2.646484	  -0.320705
   2.656250	  -0.264519
   2.666016	  -0.294819
   2.675781	  -0.397828
   2.685547	  -0.534712
   2.695312	  -0.654931
   2.705078	  -0.712405
   2.714844	  -0.678916
   2.724609	  -0.550423
   2.734375	  -0.344736
   2.744141	  -0.092188
   2.753906	   0.176579
   2.763672	   0.440794
   2.773438	   0.693846
   2.783203	   0.940343
   2.792969	   1.187626
   2.802734	   1.435646
   2.812500	   1.669868
   2.822266	   1.860672
   2.832031	   1.970185
   2.841797	   1.964444
   2.851562	   1.826532
   2.861328	   1.565638
   2.871094	   1.218273
   2.880859	   0.840563
   2.890625	   0.493803
   2.900391	   0.227934
   2.910156	   0.068496
   2.919922	   0.011443
   2.929688	   0.027490
   2.939453	   0.074268
   2.949219	   0.111854
   2.958984	   0.116086
   2.968750	   0.085021
   2.978516	   0.036490
   2.988281	  -0.001931
   2.998047	  -0.006393
   3.007812	   0.031707
   3.017578	   0.100748
   3.027344	   0.172504
   3.037109	   0.213035
   3.046875	   0.196641
   3.056641	   0.117374
   3.066406	  -0.006628
   3.076172	  -0.138090
   3.085938	  -0.233398
   3.095703	  -0.258751
   3.105469	  -0.203692
   3.115234	  -0.086785
   3.125000	   0.049076
   3.134766	   0.150434
   3.144531	   0.171449
   3.154297	   0.089995
   3.164062	  -0.084231
   3.173828	  -0.312751
   3.183594	  -0.541673
   3.193359	  -0.720711
   3.203125	  -0.821026
   3.212891	  -0.845269
   3.222656	  -0.825902
   3.232422	  -0.812063
   3.242188	  -0.849450
   3.251953	  -0.960442
   3.261719	  -1.131832
   3.271484	  -1.315076
   3.281250	  -1.439680
   3.291016	  -1.435636
   3.300781	  -1.257524
   3.310547	  -0.902045
   3.320312	  -0.412793
   3.330078	   0.129707
   3.339844	   0.629713
   3.349609	   1.002763
   3.359375	   1.198414
   3.369141	   1.211960
   3.378906	   1.081681
   3.388672	   0.873052
   3.398438	   0.655718
   3.408203	   0.481225
   3.417969	   0.368988
   3.427734	   0.304782
   3.437500	   0.251482
   3.447266	   0.167481
   3.457031	   0.025580
   3.466797	  -0.174708
   3.476562	  -0.405895
   3.486328	  -0.622554
   3.496094	  -0.778654
   3.505859	  -0.845537
   3.515625	  -0.823673
   3.525391	  -0.743612
   3.535156	  -0.655606
   3.544922	  -0.611526
   3.554688	  -0.645540
   3.564453	  -0.760572
   3.574219	  -0.925443
   3.583984	  -1.083867
   3.593750	  -1.172224
   3.603516	  -1.139981
   3.613281	  -0.965778
   3.623047	  -0.663827
   3.632812	  -0.278767
   3.642578	   0.128806
   3.652344	   0.500767
   3.662109	   0.797318
   3.671875	   1.005008
   3.681641	   1.134734
   3.691406	   1.211329
   3.701172	   1.259376
   3.710938	   1.291075
   3.720703	   1.300932
   3.730469	   1.269166
   3.740234	   1.172230
   3.750000	   0.995948
   3.759766	   0.745726
   3.769531	   0.449372
   3.779297	   0.150935
   3.789062	  -0.102513
   3.798828	  -0.276402
   3.808594	  -0.360657
   3.818359	  -0.373517
   3.828125	  -0.355432
   3.837891	  -0.354986
   3.847656	  -0.411757
   3.857422	  -0.542246
   3.867188	  -0.733953
   3.876953	  -0.949722
   3.886719	  -1.140754
   3.896484	  -1.263522
   3.906250	  -1.294401
   3.916016	  -1.236738
   3.925781	  -1.117914
   3.935547	  -0.977698
   3.945312	  -0.852437
   3.955078	  -0.761159
   3.964844	  -0.698920
   3.974609	  -0.639921
   3.984375	  -0.549223
   3.994141	  -0.398545
   4.003906	  -0.180027
   4.013672	   0.087448
   4.023438	   0.362054
   4.033203	   0.591768
   4.042969	   0.731516
   4.052734	   0.758423
   4.062500	   0.679488
   4.072266	   0.528812
   4.082031	   0.355367
   4.091797	   0.205859
   4.101562	   0.109100
   4.111328	   0.067727
   4.121094	   0.060335
   4.130859	   0.053080
   4.140625	   0.016130
   4.150391	  -0.061599
   4.160156	  -0.165474
   4.169922	  -0.259023
   4.179688	  -0.297596
   4.189453	  -0.246769
   4.199219	  -0.098385
   4.208984	   0.122381
   4.218750	   0.362371
   4.228516	   0.557078
   4.238281	   0.653070
   4.248047	   0.628150
   4.257812	   0.501637
   4.267578	   0.330332
   4.277344	   0.190800
   4.287109	   0.153577
   4.296875	   0.258101
   4.306641	   0.497247
   4.316406	   0.817286
   4.326172	   1.133789
   4.335938	   1.358435
   4.345703	   1.427714
   4.355469	   1.323725
   4.365234	   1.079847
   4.375000	   0.769323
   4.384766	   0.480680
   4.394531	   0.288543
   4.404297	   0.229950
   4.414062	   0.294308
   4.423828	   0.430224
   4.433594	   0.566448
   4.443359	   0.639170
   4.453125	   0.615708
   4.462891	   0.506032
   4.472656	   0.358086
   4.482422	   0.238745
   4.492188	   0.207539
   4.501953	   0.292888
   4.511719	   0.479654
   4.521484	   0.712730
   4.531250	   0.915498
   4.541016	   1.016585
   4.550781	   0.975314
   4.560547	   0.796682
   4.570312	   0.530465
   4.580078	   0.254756
   4.589844	   0.049798
   4.599609	  -0.028647
   4.609375	   0.032916
   4.619141	   0.202757
   4.628906	   0.416382
   4.638672	   0.599490
   4.648438	   0.692950
   4.658203	   0.670868
   4.667969	   0.545721
   4.677734	   0.359499
   4.687500	   0.165031
   4.697266	   0.005136
   4.707031	  -0.102276
   4.716797	  -0.167700
   4.726562	  -0.221352
   4.736328	  -0.296435
   4.746094	  -0.411641
   4.755859	  -0.560369
   4.765625	  -0.711358
   4.775391	  -0.820715
   4.785156	  -0.850552
   4.794922	  -0.786602
   4.804688	  -0.647353
   4.814453	  -0.480437
   4.824219	  -0.347061
   4.833984	  -0.300098
   4.843750	  -0.364201
   4.853516	  -0.525762
   4.863281	  -0.736816
   4.873047	  -0.931559
   4.882812	  -1.049049
   4.892578	  -1.053074
   4.902344	  -0.941194
   4.912109	  -0.739337
   4.921875	  -0.484425
   4.931641	  -0.202870
   4.941406	   0.104899
   4.951172	   0.465593
   4.960938	   0.917298
   4.970703	   1.481621
   4.980469	   2.134816
   4.990234	   2.791303
   5.000000	   3.310062
   5.009766	   3.526658
   5.019531	   3.303728
   5.029297	   2.584246
   5.039062	   1.428203
   5.048828	   0.016577
   5.058594	  -1.383958
   5.068359	  -2.488959
   5.078125	  -3.077962
   5.087891	  -3.064406
   5.097656	  -2.529714
   5.107422	  -1.707565
   5.117188	  -0.920075
   5.126953	  -0.483792
   5.136719	  -0.614396
   5.146484	  -1.360712
   5.156250	  -2.589943
   5.166016	  -4.029399
   5.175781	  -5.350988
   5.185547	  -6.269829
   5.195312	  -6.623122
   5.205078	  -6.402037
   5.214844	  -5.726011
   5.224609	  -4.769966
   5.234375	  -3.672966
   5.244141	  -2.465056
   5.253906	  -1.043873
   5.263672	   0.784915
   5.273438	   3.213432
   5.283203	   6.316142
   5.292969	   9.957732
   5.302734	  13.765531
   5.312500	  17.188531
   5.322266	  19.635777
   5.332031	  20.656857
   5.341797	  20.107228
   5.351562	  18.238984
   5.361328	  15.675857
   5.371094	  13.265440
   5.380859	  11.841543
   5.390625	  11.962516
   5.400391	  13.705704
   5.410156	  16.587965
   5.419922	  19.648840
   5.429688	  21.685668
   5.439453	  21.582836
   5.449219	  18.645214
   5.458984	  12.839353
   5.468750	   4.868349
   5.478516	  -3.948438
   5.488281	 -11.964456
   5.498047	 -17.588917
   5.507812	 -19.661418
   5.517578	 -17.718419
   5.527344	 -12.083080
   5.537109	  -3.760716
   5.546875	   5.823117
   5.556641	  15.162688
   5.566406	  22.993696
   5.576172	  28.511808
   5.585938	  31.440096
   5.595703	  31.946260
   5.605469	  30.456057
   5.615234	  27.437323
   5.625000	  23.231280
   5.634766	  17.984911
   5.644531	  11.698614
   5.654297	   4.360749
   5.664062	  -3.890497
   5.673828	 -12.647345
   5.683594	 -21.209575
   5.693359	 -28.679827
   5.703125	 -34.157035
   5.712891	 -36.972854
   5.722656	 -36.898437
   5.732422	 -34.254738
   5.742188	 -29.886562
   5.751953	 -25.000169
   5.761719	 -20.903917
   5.771484	 -18.718848
   5.781250	 -19.133573
   5.791016	 -22.263597
   5.800781	 -27.644886
   5.810547	 -34.354659
   5.820312	 -41.220592
   5.830078	 -47.061415
   5.839844	 -50.901382
   5.849609	 -52.116209
   5.859375	 -50.492331
   5.869141	 -46.206053
   5.878906	 -39.746663
   5.888672	 -31.813753
   5.898438	 -23.214103
   5.908203	 -14.771809
   5.917969	  -7.253005
   5.927734	  -1.299086
   5.937500	   2.637506
   5.947266	   4.353894
   5.957031	   3.943117
   5.966797	   1.808587
   5.976562	  -1.370774
   5.986328	  -4.733137
   5.996094	  -7.376825
   6.005859	  -8.529247
   6.015625	  -7.704606
   6.025391	  -4.810823
   6.035156	  -0.175753
   6.044922	   5.517599
   6.054688	  11.373151
   6.064453	  16.466514
   6.074219	  20.026815
   6.083984	  21.572212
   6.093750	  20.970687
   6.103516	  18.420276
   6.113281	  14.365731
   6.123047	   9.384285
   6.132812	   4.077008
   6.142578	  -1.006438
   6.152344	  -5.399115
   6.162109	  -8.712805
   6.171875	 -10.621017
   6.181641	 -10.854424
   6.191406	  -9.225628
   6.201172	  -5.683280
   6.210938	  -0.377208
   6.220703	   6.296148
   6.230469	  13.699235
   6.240234	  21.028321
   6.250000	  27.453645
   6.259766	  32.295452
   6.269531	  35.187946
   6.279297	  36.178796
   6.289062	  35.724689
   6.298828	  34.571215
   6.308594	  33.540289
   6.318359	  33.279539
   6.328125	  34.045214
   6.337891	  35.586631
   6.347656	  37.175450
   6.357422	  37.783443
   6.367188	  36.369050
   6.376953	  32.198781
   6.386719	  25.115144
   6.396484	  15.673243
   6.406250	   5.101304
   6.416016	  -4.912928
   6.425781	 -12.560840
   6.435547	 -16.293606
   6.445312	 -15.150585
   6.455078	  -8.955904
   6.464844	   1.660180
   6.474609	  15.411727
   6.484375	  30.631820
   6.494141	  45.595219
   6.503906	  58.806655
   6.513672	  69.189981
   6.523438	  76.148049
   6.533203	  79.503634
   6.542969	  79.365553
   6.552734	  75.981095
   6.562500	  69.631770
   6.572266	  60.606357
   6.582031	  49.251696
   6.591797	  36.069069
   6.601562	  21.803302
   6.611328	   7.470073
   6.621094	  -5.714966
   6.630859	 -16.509141
   6.640625	 -23.885177
   6.650391	 -27.281752
   6.660156	 -26.789428
   6.669922	 -23.209651
   6.679688	 -17.954552
   6.689453	 -12.796760
   6.699219	  -9.519611
   6.708984	  -9.547017
   6.718750	 -13.640428
   6.728516	 -21.735266
   6.738281	 -32.954965
   6.748047	 -45.796904
   6.757812	 -58.443087
   6.767578	 -69.120496
   6.777344	 -76.428585
   6.787109	 -79.565249
   6.796875	 -78.412820
   6.806641	 -73.482645
   6.816406	 -65.750085
   6.826172	 -56.432499
   6.835938	 -46.766673
   6.845703	 -37.830299
   6.855469	 -30.430374
   6.865234	 -25.057843
   6.875000	 -21.890596
   6.884766	 -20.820633
   6.894531	 -21.486486
   6.904297	 -23.304774
   6.914062	 -25.508581
   6.923828	 -27.208337
   6.933594	 -27.488979
   6.943359	 -25.544966
   6.953125	 -20.836679
   6.962891	 -13.234683
   6.972656	  -3.109879
   6.982422	   8.667374
   6.992188	  20.837035
   7.001953	  31.957391
   7.011719	  40.671189
   7.021484	  45.968936
   7.031250	  47.383916
   7.041016	  45.068066
   7.050781	  39.728339
   7.060547	  32.441051
   7.070312	  24.395433
   7.080078	  16.636773
   7.089844	   9.877686
   7.099609	   4.423582
   7.109375	   0.222065
   7.119141	  -2.992618
   7.128906	  -5.517516
   7.138672	  -7.527857
   7.148438	  -9.006198
   7.158203	  -9.775914
   7.167969	  -9.622339
   7.177734	  -8.451857
   7.187500	  -6.423396
   7.197266	  -3.994085
   7.207031	  -1.849382
   7.216797	  -0.728596
   7.226562	  -1.195798
   7.236328	  -3.430051
   7.246094	  -7.108837
   7.255859	 -11.433401
   7.265625	 -15.301726
   7.275391	 -17.587622
   7.285156	 -17.448287
   7.294922	 -14.569853
   7.304688	  -9.275905
   7.314453	  -2.463339
   7.324219	   4.618725
   7.333984	  10.684143
   7.343750	  14.728324
   7.353516	  16.259589
   7.363281	  15.380711
   7.373047	  12.704834
   7.382812	   9.140286
   7.392578	   5.616689
   7.402344	   2.838236
   7.412109	   1.135640
   7.421875	   0.451574
   7.431641	   0.448441
   7.441406	   0.687744
   7.451172	   0.810294
   7.460938	   0.652201
   7.470703	   0.260052
   7.480469	  -0.190810
   7.490234	  -0.533393
   7.500000	  -0.738920
   7.509766	  -0.979884
   7.519531	  -1.592836
   7.529297	  -2.947168
   7.539062	  -5.264931
   7.548828	  -8.460143
   7.558594	 -12.064924
   7.568359	 -15.283505
   7.578125	 -17.172241
   7.587891	 -16.898715
   7.597656	 -14.001806
   7.607422	  -8.568580
   7.617188	  -1.266147
   7.626953	   6.789494
   7.636719	  14.294363
   7.646484	  20.072308
   7.656250	  23.352942
   7.666016	  23.930914
   7.675781	  22.163628
   7.685547	  18.815893
   7.695312	  14.807479
   7.705078	  10.947606
   7.714844	   7.739829
   7.724609	   5.312450
   7.734375	   3.483889
   7.744141	   1.925413
   7.753906	   0.351852
   7.763672	  -1.334887
   7.773438	  -3.002922
   7.783203	  -4.360546
   7.792969	  -5.106833
   7.802734	  -5.097802
   7.812500	  -4.455619
   7.822266	  -3.568768
   7.832031	  -2.972401
   7.841797	  -3.145466
   7.851562	  -4.297084
   7.861328	  -6.225198
   7.871094	  -8.310610
   7.880859	  -9.664920
   7.890625	  -9.396377
   7.900391	  -6.912409
   7.910156	  -2.158045
   7.919922	   4.296133
   7.929688	  11.357780
   7.939453	  17.688002
   7.949219	  22.069764
   7.958984	  23.756870
   7.968750	  22.692355
   7.978516	  19.523171
   7.988281	  15.401071
   7.998047	  11.627481
   8.007812	   9.250730
   8.017578	   8.740548
   8.027344	   9.841430
   8.037109	  11.650664
   8.046875	  12.896380
   8.056641	  12.328664
   8.066406	   9.102590
   8.076172	   3.036657
   8.085938	  -5.328545
   8.095703	 -14.882440
   8.105469	 -24.252639
   8.115234	 -32.168314
   8.125000	 -37.765758
   8.134766	 -40.747576
   8.144531	 -41.358789
   8.154297	 -40.204209
   8.164062	 -37.981200
   8.173828	 -35.224431
   8.183594	 -32.148181
   8.193359	 -28.632401
   8.203125	 -24.345881
   8.212891	 -18.952049
   8.222656	 -12.316491
   8.232422	  -4.638445
   8.242188	   3.541124
   8.251953	  11.456341
   8.261719	  18.314883
   8.271484	  23.507138
   8.281250	  26.753484
   8.291016	  28.141394
   8.300781	  28.044654
   8.310547	  26.958922
   8.320312	  25.316042
   8.330078	  23.344302
   8.339844	  21.022171
   8.349609	  18.136819
   8.359375	  14.419508
   8.369141	   9.702327
   8.378906	   4.034393
   8.388672	  -2.287328
   8.398438	  -8.783889
   8.408203	 -14.930899
   8.417969	 -20.312554
   8.427734	 -24.733265
   8.437500	 -28.243037
   8.447266	 -31.065764
   8.457031	 -33.457104
   8.466797	 -35.546639
   8.476562	 -37.226888
   8.486328	 -38.136178
   8.496094	 -37.748739
   8.505859	 -35.545770
   8.515625	 -31.210115
   8.525391	 -24.776144
   8.535156	 -16.679836
   8.544922	  -7.687579
   8.554688	   1.276098
   8.564453	   9.346539
   8.574219	  15.911600
   8.583984	  20.717132
   8.593750	  23.854766
   8.603516	  25.643381
   8.613281	  26.453206
   8.623047	  26.540905
   8.632812	  25.958224
   8.642578	  24.567664
   8.652344	  22.156798
   8.662109	  18.603735
   8.671875	  14.024375
   8.681641	   8.836267
   8.691406	   3.703153
   8.701172	  -0.631322
   8.710938	  -3.568735
   8.720703	  -4.861337
   8.730469	  -4.720344
   8.740234	  -3.779086
   8.750000	  -2.911581
   8.759766	  -2.958263
   8.769531	  -4.446128
   8.779297	  -7.397387
   8.789062	 -11.295121
   8.798828	 -15.224184
   8.808594	 -18.147147
   8.818359	 -19.228373
   8.828125	 -18.100568
   8.837891	 -14.984723
   8.847656	 -10.621304
   8.857422	  -6.032700
   8.867188	  -2.193546
   8.876953	   0.282641
   8.886719	   1.336115
   8.896484	   1.467447
   8.906250	   1.553908
   8.916016	   2.534897
   8.925781	   5.069698
   8.935547	   9.280934
   8.945312	  14.669657
   8.955078	  20.232157
   8.964844	  24.742783
   8.974609	  27.113226
   8.984375	  26.714402
   8.994141	  23.560177
   9.003906	  18.297833
   9.013672	  12.012878
   9.023438	   5.914661
   9.033203	   1.004873
   9.042969	  -2.167704
   9.052734	  -3.595338
   9.062500	  -3.726067
   9.072266	  -3.246192
   9.082031	  -2.812959
   9.091797	  -2.831370
   9.101562	  -3.348044
   9.111328	  -4.089972
   9.121094	  -4.623150
   9.130859	  -4.564215
   9.140625	  -3.761598
   9.150391	  -2.376602
   9.160156	  -0.833606
   9.169922	   0.342033
   9.179688	   0.737516
   9.189453	   0.236621
   9.199219	  -0.897608
   9.208984	  -2.078174
   9.218750	  -2.575387
   9.228516	  -1.766682
   9.238281	   0.628385
   9.248047	   4.408997
   9.257812	   8.900774
   9.267578	  13.113708
   9.277344	  16.004673
   9.287109	  16.764749
   9.296875	  15.043620
   9.306641	  11.043759
   9.316406	   5.458760
   9.326172	  -0.721101
   9.335938	  -6.473178
   9.345703	 -10.995525
   9.355469	 -13.875849
   9.365234	 -15.134321
   9.375000	 -15.140394
   9.384766	 -14.442766
   9.394531	 -13.574972
   9.404297	 -12.900047
   9.414062	 -12.537751
   9.423828	 -12.385289
   9.433594	 -12.209526
   9.443359	 -11.766767
   9.453125	 -10.902138
   9.462891	  -9.594356
   9.472656	  -7.936788
   9.482422	  -6.072035
   9.492188	  -4.114663
   9.501953	  -2.099100
   9.511719	   0.023200
   9.521484	   2.335649
   9.531250	   4.878697
   9.541016	   7.577544
   9.550781	  10.210314
   9.560547	  12.436808
   9.570312	  13.884312
   9.580078	  14.263546
   9.589844	  13.473766
   9.599609	  11.657049
   9.609375	   9.178007
   9.619141	   6.530976
   9.628906	   4.202904
   9.638672	   2.536959
   9.648438	   1.643042
   9.658203	   1.385943
   9.667969	   1.455191
   9.677734	   1.491929
   9.687500	   1.227772
   9.697266	   0.585941
   9.707031	  -0.292046
   9.716797	  -1.104576
   9.726562	  -1.513078
   9.736328	  -1.286274
   9.746094	  -0.413035
   9.755859	   0.858988
   9.765625	   2.076771
   9.775391	   2.713413
   9.785156	   2.336205
   9.794922	   0.755894
   9.804688	  -1.893340
   9.814453	  -5.171705
   9.824219	  -8.446158
   9.833984	 -11.063175
   9.843750	 -12.528287
   9.853516	 -12.636860
   9.863281	 -11.516950
   9.873047	  -9.573767
   9.882812	  -7.356736
   9.892578	  -5.393731
   9.902344	  -4.045358
   9.912109	  -3.422863
   9.921875	  -3.390211
   9.931641	  -3.642332
   9.941406	  -3.827329
   9.951172	  -3.668495
   9.960938	  -3.045721
   9.970703	  -2.013107
   9.980469	  -0.753673
   9.990234	   0.505845
  10.000000	   1.584682
  10.009766	   2.407877
  10.019531	   3.015571
  10.029297	   3.521639
  10.039062	   4.041271
  10.048828	   4.618736
  10.058594	   5.185991
  10.068359	   5.570493
  10.078125	   5.551405
  10.087891	   4.944433
  10.097656	   3.683936
  10.107422	   1.870923
  10.117188	  -0.232904
  10.126953	  -2.265989
  10.136719	  -3.864055
  10.146484	  -4.761938
  10.156250	  -4.866501
  10.166016	  -4.276757
  10.175781	  -3.245244
  10.185547	  -2.094440
  10.195312	  -1.116736
  10.205078	  -0.491044
  10.214844	  -0.242330
  10.224609	  -0.254715
  10.234375	  -0.330111
  10.244141	  -0.269208
  10.253906	   0.054832
  10.263672	   0.655334
  10.273438	   1.436113
  10.283203	   2.236023
  10.292969	   2.895061
  10.302734	   3.315989
  10.312500	   3.498193
  10.322266	   3.531705
  10.332031	   3.554684
  10.341797	   3.691440
  10.351562	   3.995265
  10.361328	   4.418388
  10.371094	   4.821175
  10.380859	   5.018075
  10.390625	   4.844201
  10.400391	   4.218700
  10.410156	   3.182084
  10.419922	   1.893838
  10.429688	   0.590653
  10.439453	  -0.480642
  10.449219	  -1.132784
  10.458984	  -1.287298
  10.468750	  -0.987765
  10.478516	  -0.374512
  10.488281	   0.368561
  10.498047	   1.075241
  10.507812	   1.644843
  10.517578	   2.061183
  10.527344	   2.378497
  10.537109	   2.682425
  10.546875	   3.042964
  10.556641	   3.478349
  10.566406	   3.943796
  10.576172	   4.348791
  10.585938	   4.595280
  10.595703	   4.620929
  10.605469	   4.429666
  10.615234	   4.096637
  10.625000	   3.744639
  10.634766	   3.500203
  10.644531	   3.445594
  10.654297	   3.584994
  10.664062	   3.838259
  10.673828	   4.065586
  10.683594	   4.115059
  10.693359	   3.876345
  10.703125	   3.321319
  10.712891	   2.516780
  10.722656	   1.604422
  10.732422	   0.754950
  10.742188	   0.112643
  10.751953	  -0.249891
  10.761719	  -0.350676
  10.771484	  -0.284484
  10.781250	  -0.181509
  10.791016	  -0.154000
  10.800781	  -0.250692
  10.810547	  -0.436094
  10.820312	  -0.602648
  10.830078	  -0.611762
  10.839844	  -0.349008
  10.849609	   0.226665
  10.859375	   1.058089
  10.869141	   1.999342
  10.878906	   2.857340
  10.888672	   3.451866
  10.898438	   3.673555
  10.908203	   3.519751
  10.917969	   3.095563
  10.927734	   2.579377
  10.937500	   2.164257
  10.947266	   1.994943
  10.957031	   2.121554
  10.966797	   2.485292
  10.976562	   2.940386
  10.986328	   3.304228
  10.996094	   3.418258
  11.005859	   3.198952
  11.015625	   2.662179
  11.025391	   1.913763
  11.035156	   1.110786
  11.044922	   0.407994
  11.054688	  -0.091781
  11.064453	  -0.366470
  11.074219	  -0.473990
  11.083984	  -0.523690
  11.093750	  -0.631402
  11.103516	  -0.874798
  11.113281	  -1.264856
  11.123047	  -1.742870
  11.132812	  -2.202928
  11.142578	  -2.530705
  11.152344	  -2.643955
  11.162109	  -2.520086
  11.171875	  -2.201458
  11.181641	  -1.777498
  11.191406	  -1.351164
  11.201172	  -1.002686
  11.210938	  -0.763992
  11.220703	  -0.612742
  11.230469	  -0.487294
  11.240234	  -0.316042
  11.250000	  -0.049391
  11.259766	   0.318039
  11.269531	   0.743371
  11.279297	   1.150900
  11.289062	   1.460793
  11.298828	   1.619852
  11.308594	   1.622359
  11.318359	   1.512814
  11.328125	   1.369266
  11.337891	   1.273319
  11.347656	   1.278024
  11.357422	   1.385841
  11.367188	   1.545262
  11.376953	   1.667913
  11.386719	   1.660380
  11.396484	   1.459532
  11.406250	   1.058612
  11.416016	   0.514537
  11.425781	  -0.066606
  11.435547	  -0.561165
  11.445312	  -0.865924
  11.455078	  -0.929572
  11.464844	  -0.767049
  11.474609	  -0.452232
  11.484375	  -0.091936
  11.494141	   0.209431
  11.503906	   0.382300
  11.513672	   0.410596
  11.523438	   0.330971
  11.533203	   0.213965
  11.542969	   0.134738
  11.552734	   0.144341
  11.562500	   0.251822
  11.572266	   0.423056
  11.582031	   0.595885
  11.591797	   0.705190
  11.601562	   0.708131
  11.611328	   0.600075
  11.621094	   0.415560
  11.630859	   0.214377
  11.640625	   0.058438
  11.650391	  -0.011594
  11.660156	   0.008909
  11.669922	   0.087741
  11.679688	   0.169024
  11.689453	   0.195086
  11.699219	   0.128568
  11.708984	  -0.033639
  11.718750	  -0.259756
  11.728516	  -0.495819
  11.738281	  -0.686620
  11.748047	  -0.796725
  11.757812	  -0.823467
  11.767578	  -0.796944
  11.777344	  -0.767099
  11.787109	  -0.782972
  11.796875	  -0.872216
  11.806641	  -1.028942
  11.816406	  -1.214760
  11.826172	  -1.372813
  11.835938	  -1.449561
  11.845703	  -1.415959
  11.855469	  -1.279717
  11.865234	  -1.083573
  11.875000	  -0.889766
  11.884766	  -0.756162
  11.894531	  -0.712888
  11.904297	  -0.748380
  11.914062	  -0.810565
  11.923828	  -0.823387
  11.933594	  -0.713217
  11.943359	  -0.435869
  11.953125	   0.005568
  11.962891	   0.558793
  11.972656	   1.137370
  11.982422	   1.647879
  11.992188	   2.019749
  12.001953	   2.227305
  12.011719	   2.296229
  12.021484	   2.292087
  12.031250	   2.294977
  12.041016	   2.369309
  12.050781	   2.539476
  12.060547	   2.780148
  12.070312	   3.024666
  12.080078	   3.188599
  12.089844	   3.200067
  12.099609	   3.026037
  12.109375	   2.685227
  12.119141	   2.243021
  12.128906	   1.790225
  12.138672	   1.413218
  12.148438	   1.166082
  12.158203	   1.054499
  12.167969	   1.036933
  12.177734	   1.042384
  12.187500	   0.998074
  12.197266	   0.856915
  12.207031	   0.614813
  12.216797	   0.311607
  12.226562	   0.015471
  12.236328	  -0.203390
  12.246094	  -0.299987
  12.255859	  -0.272642
  12.265625	  -0.165128
  12.275391	  -0.051853
  12.285156	  -0.011237
  12.294922	  -0.096747
  12.304688	  -0.316014
  12.314453	  -0.625615
  12.324219	  -0.943626
  12.333984	  -1.175716
  12.343750	  -1.245838
  12.353516	  -1.120939
  12.363281	  -0.821256
  12.373047	  -0.412895
  12.382812	   0.014423
  12.392578	   0.376423
  12.402344	   0.619934
  12.412109	   0.736343
  12.421875	   0.758626
  12.431641	   0.743698
  12.441406	   0.747080
  12.451172	   0.799539
  12.460938	   0.894451
  12.470703	   0.990600
  12.480469	   1.029340
  12.490234	   0.959707
  12.500000	   0.762038
  12.509766	   0.461062
  12.519531	   0.123094
  12.529297	  -0.162373
  12.539062	  -0.310790
  12.548828	  -0.270927
  12.558594	  -0.043765
  12.568359	   0.314719
  12.578125	   0.708119
  12.587891	   1.026923
  12.597656	   1.179835
  12.607422	   1.119110
  12.617188	   0.852117
  12.626953	   0.436038
  12.636719	  -0.041783
  12.646484	  -0.490813
  12.656250	  -0.842640
  12.666016	  -1.066765
  12.675781	  -1.172756
  12.685547	  -1.199532
  12.695312	  -1.196804
  12.705078	  -1.205967
  12.714844	  -1.247225
  12.724609	  -1.316838
  12.734375	  -1.394346
  12.744141	  -1.455861
  12.753906	  -1.487502
  12.763672	  -1.493404
  12.773438	  -1.495162
  12.783203	  -1.523168
  12.792969	  -1.603523
  12.802734	  -1.745939
  12.812500	  -1.937606
  12.822266	  -2.145596
  12.832031	  -2.327038
  12.841797	  -2.443238
  12.851562	  -2.472396
  12.861328	  -2.416101
  12.871094	  -2.297210
  12.880859	  -2.150007
  12.890625	  -2.006554
  12.900391	  -1.884589
  12.910156	  -1.781727
  12.919922	  -1.678280
  12.929688	  -1.547604
  12.939453	  -1.369897
  12.949219	  -1.143859
  12.958984	  -0.891293
  12.968750	  -0.652289
  12.978516	  -0.472217
  12.988281	  -0.385002
  12.998047	  -0.398821
  13.007812	  -0.489838
  13.017578	  -0.606918
  13.027344	  -0.686435
  13.037109	  -0.672621
  13.046875	  -0.536734
  13.056641	  -0.288483
  13.066406	   0.024425
  13.076172	   0.328820
  13.085938	   0.546852
  13.095703	   0.618434
  13.105469	   0.518224
  13.115234	   0.261896
  13.125000	  -0.099928
  13.134766	  -0.497662
  13.144531	  -0.863084
  13.154297	  -1.147277
  13.164062	  -1.330637
  13.173828	  -1.422415
  13.183594	  -1.450979
  13.193359	  -1.449103
  13.203125	  -1.440031
  13.212891	  -1.429365
  13.222656	  -1.405358
  13.232422	  -1.346888
  13.242188	  -1.235505
  13.251953	  -1.066526
  13.261719	  -0.854640
  13.271484	  -0.631685
  13.281250	  -0.437296
  13.291016	  -0.305823
  13.300781	  -0.254357
  13.310547	  -0.276275
  13.320312	  -0.342712
  13.330078	  -0.411469
  13.339844	  -0.440231
  13.349609	  -0.399478
  13.359375	  -0.280727
  13.369141	  -0.097536
  13.378906	   0.120624
  13.388672	   0.338970
  13.398438	   0.528407
  13.408203	   0.672919
  13.417969	   0.770994
  13.427734	   0.831138
  13.437500	   0.863875
  13.447266	   0.873924
  13.457031	   0.856057
  13.466797	   0.796561
  13.476562	   0.679829
  13.486328	   0.497418
  13.496094	   0.255732
  13.505859	  -0.021196
  13.515625	  -0.295574
  13.525391	  -0.525609
  13.535156	  -0.678050
  13.544922	  -0.739135
  13.554688	  -0.719897
  13.564453	  -0.653601
  13.574219	  -0.585829
  13.583984	  -0.560315
  13.593750	  -0.605216
  13.603516	  -0.724415
  13.613281	  -0.896765
  13.623047	  -1.083453
  13.632812	  -1.240871
  13.642578	  -1.334536
  13.652344	  -1.349331
  13.662109	  -1.292727
  13.671875	  -1.190220
  13.681641	  -1.074963
  13.691406	  -0.975556
  13.701172	  -0.906502
  13.710938	  -0.864658
  13.720703	  -0.832757
  13.730469	  -0.788364
  13.740234	  -0.714687
  13.750000	  -0.609011
  13.759766	  -0.485471
  13.769531	  -0.371078
  13.779297	  -0.296406
  13.789062	  -0.284399
  13.798828	  -0.341420
  13.808594	  -0.453864
  13.818359	  -0.591591
  13.828125	  -0.716984
  13.837891	  -0.796393
  13.847656	  -0.809941
  13.857422	  -0.756360
  13.867188	  -0.651395
  13.876953	  -0.520716
  13.886719	  -0.390210
  13.896484	  -0.277400
  13.906250	  -0.187096
  13.916016	  -0.112667
  13.925781	  -0.042029
  13.935547	   0.034377
  13.945312	   0.117123
  13.955078	   0.195708
  13.964844	   0.251912
  13.974609	   0.267430
  13.984375	   0.232784
  13.994141	   0.153828
  14.003906	   0.052913
  14.013672	  -0.036306
  14.023438	  -0.079003
  14.033203	  -0.050879
  14.042969	   0.052749
  14.052734	   0.213903
  14.062500	   0.396335
  14.072266	   0.556127
  14.082031	   0.655044
  14.091797	   0.672110
  14.101562	   0.609473
  14.111328	   0.490563
  14.121094	   0.351277
  14.130859	   0.227378
  14.140625	   0.142582
  14.150391	   0.101544
  14.160156	   0.090090
  14.169922	   0.082438
  14.179688	   0.052543
  14.189453	  -0.014732
  14.199219	  -0.116850
  14.208984	  -0.233801
  14.218750	  -0.335207
  14.228516	  -0.391708
  14.238281	  -0.386357
  14.248047	  -0.321736
  14.257812	  -0.220042
  14.267578	  -0.115973
  14.277344	  -0.044945
  14.287109	  -0.030870
  14.296875	  -0.077996
  14.306641	  -0.169787
  14.316406	  -0.275307
  14.326172	  -0.360779
  14.335938	  -0.402090
  14.345703	  -0.393616
  14.355469	  -0.350089
  14.365234	  -0.300774
  14.375000	  -0.278062
  14.384766	  -0.304694
  14.394531	  -0.384388
  14.404297	  -0.499454
  14.414062	  -0.616450
  14.423828	  -0.697965
  14.433594	  -0.716340
  14.443359	  -0.664325
  14.453125	  -0.558685
  14.462891	  -0.435268
  14.472656	  -0.337093
  14.482422	  -0.299567
  14.492188	  -0.338005
  14.501953	  -0.441890
  14.511719	  -0.577923
  14.521484	  -0.700835
  14.531250	  -0.768180
  14.541016	  -0.753936
  14.550781	  -0.656208
  14.560547	  -0.496486
  14.570312	  -0.310921
  14.580078	  -0.136984
  14.589844	  -0.000456
  14.599609	   0.092473
  14.609375	   0.155181
  14.619141	   0.212798
  14.628906	   0.289668
  14.638672	   0.396957
  14.648438	   0.525258
  14.658203	   0.645281
  14.667969	   0.716719
  14.677734	   0.702353
  14.687500	   0.582422
  14.697266	   0.363990
  14.707031	   0.081734
  14.716797	  -0.210541
  14.726562	  -0.455047
  14.736328	  -0.606879
  14.746094	  -0.646972
  14.755859	  -0.586841
  14.765625	  -0.463578
  14.775391	  -0.326922
  14.785156	  -0.222859
  14.794922	  -0.179339
  14.804688	  -0.198812
  14.814453	  -0.259844
  14.824219	  -0.326834
  14.833984	  -0.364101
  14.843750	  -0.349162
  14.853516	  -0.280511
  14.863281	  -0.177291
  14.873047	  -0.071264
  14.882812	   0.005748
  14.892578	   0.034206
  14.902344	   0.014404
  14.912109	  -0.033533
  14.921875	  -0.077141
  14.931641	  -0.083821
  14.941406	  -0.033272
  14.951172	   0.074389
  14.960938	   0.217764
  14.970703	   0.360881
  14.980469	   0.465087
  14.990234	   0.501894
  15.000000	   0.462310
  15.009766	   0.359476
  15.019531	   0.223884
  15.029297	   0.093084
  15.039062	  -0.000337
  15.048828	  -0.038230
  15.058594	  -0.020636
  15.068359	   0.037156
  15.078125	   0.112760
  15.087891	   0.186647
  15.097656	   0.250009
  15.107422	   0.307497
  15.117188	   0.373894
  15.126953	   0.466134
  15.136719	   0.593888
  15.146484	   0.752551
  15.156250	   0.921558
  15.166016	   1.069004
  15.175781	   1.161154
  15.185547	   1.173540
  15.195312	   1.099704
  15.205078	   0.954370
  15.214844	   0.769772
  15.224609	   0.586290
  15.234375	   0.440503
  15.244141	   0.354666
  15.253906	   0.331076
  15.263672	   0.353025
  15.273438	   0.391724
  15.283203	   0.416564
  15.292969	   0.405039
  15.302734	   0.348973
  15.312500	   0.255209
  15.322266	   0.141011
  15.332031	   0.026365
  15.341797	  -0.073643
  15.351562	  -0.153397
  15.361328	  -0.216665
  15.371094	  -0.272187
  15.380859	  -0.327024
  15.390625	  -0.380653
  15.400391	  -0.422511
  15.410156	  -0.434290
  15.419922	  -0.396380
  15.429688	  -0.296115
  15.439453	  -0.134624
  15.449219	   0.070533
  15.458984	   0.288309
  15.468750	   0.481999
  15.478516	   0.619456
  15.488281	   0.682193
  15.498047	   0.670240
  15.507812	   0.601065
  15.517578	   0.502980
  15.527344	   0.405444
  15.537109	   0.329714
  15.546875	   0.283156
  15.556641	   0.259085
  15.566406	   0.241939
  15.576172	   0.215572
  15.585938	   0.171292
  15.595703	   0.112417
  15.605469	   0.053459
  15.615234	   0.014188
  15.625000	   0.010847
  15.634766	   0.048027
  15.644531	   0.114572
  15.654297	   0.185482
  15.664062	   0.229544
  15.673828	   0.220198
  15.683594	   0.145785
  15.693359	   0.015340
  15.703125	  -0.142484
  15.712891	  -0.287362
  15.722656	  -0.379679
  15.732422	  -0.393212
  15.742188	  -0.323758
  15.751953	  -0.190660
  15.761719	  -0.030581
  15.771484	   0.114404
  15.781250	   0.210379
  15.791016	   0.242188
  15.800781	   0.217464
  15.810547	   0.162805
  15.820312	   0.113554
  15.830078	   0.100854
  15.839844	   0.140589
  15.849609	   0.228062
  15.859375	   0.340192
  15.869141	   0.444286
  15.878906	   0.510129
  15.888672	   0.520947
  15.898438	   0.479300
  15.908203	   0.405828
  15.917969	   0.331400
  15.927734	   0.285609
  15.937500	   0.285888
  15.947266	   0.331225
  15.957031	   0.402792
  15.966797	   0.471213
  15.976562	   0.507774
  15.986328	   0.495416
  15.996094	   0.435445
  16.005859	   0.347442
  16.015625	   0.262364
  16.025391	   0.211326
  16.035156	   0.214165
  16.044922	   0.271967
  16.054688	   0.366348
  16.064453	   0.465805
  16.074219	   0.536887
  16.083984	   0.556177
  16.093750	   0.518732
  16.103516	   0.439915
  16.113281	   0.349900
  16.123047	   0.282785
  16.132812	   0.264192
  16.142578	   0.301786
  16.152344	   0.382114
  16.162109	   0.474918
  16.171875	   0.543394
  16.181641	   0.556778
  16.191406	   0.500844
  16.201172	   0.382649
  16.210938	   0.227962
  16.220703	   0.072401
  16.230469	  -0.050483
  16.240234	  -0.119939
  16.250000	  -0.133817
  16.259766	  -0.107585
  16.269531	  -0.067163
  16.279297	  -0.038410
  16.289062	  -0.037217
  16.298828	  -0.063870
  16.308594	  -0.103630
  16.318359	  -0.133186
  16.328125	  -0.130400
  16.337891	  -0.083593
  16.347656	   0.003160
  16.357422	   0.110752
  16.367188	   0.211507
  16.376953	   0.278968
  16.386719	   0.297332
  16.396484	   0.266999
  16.406250	   0.204147
  16.416016	   0.134485
  16.425781	   0.083514
  16.435547	   0.066946
  16.445312	   0.084873
  16.455078	   0.121903
  16.464844	   0.153233
  16.474609	   0.154419
  16.484375	   0.111190
  16.494141	   0.025589
  16.503906	  -0.083924
  16.513672	  -0.188557
  16.523438	  -0.259295
  16.533203	  -0.277336
  16.542969	  -0.240978
  16.552734	  -0.166352
  16.562500	  -0.081615
  16.572266	  -0.016631
  16.582031	   0.008124
  16.591797	  -0.010630
  16.601562	  -0.057384
  16.611328	  -0.103155
  16.621094	  -0.115911
  16.630859	  -0.072401
  16.640625	   0.032849
  16.650391	   0.184664
  16.660156	   0.351569
  16.669922	   0.495906
  16.679688	   0.586180
  16.689453	   0.607305
  16.699219	   0.565173
  16.708984	   0.483990
  16.718750	   0.397424
  16.728516	   0.336789
  16.738281	   0.320499
  16.748047	   0.348531
  16.757812	   0.403749
  16.767578	   0.459426
  16.777344	   0.490042
  16.787109	   0.481274
  16.796875	   0.435438
  16.806641	   0.370339
  16.816406	   0.312003
  16.826172	   0.284018
  16.835938	   0.297548
  16.845703	   0.345843
  16.855469	   0.405470
  16.865234	   0.444001
  16.875000	   0.431500
  16.884766	   0.351700
  16.894531	   0.208777
  16.904297	   0.027167
  16.914062	  -0.155683
  16.923828	  -0.301201
  16.933594	  -0.382091
  16.943359	  -0.390945
  16.953125	  -0.342068
  16.962891	  -0.265922
  16.972656	  -0.198198
  16.982422	  -0.167420
  16.992188	  -0.185438
  17.001953	  -0.244126
  17.011719	  -0.319299
  17.021484	  -0.380308
  17.031250	  -0.401738
  17.041016	  -0.372925
  17.050781	  -0.301873
  17.060547	  -0.212225
  17.070312	  -0.134483
  17.080078	  -0.094784
  17.089844	  -0.105368
  17.099609	  -0.160253
  17.109375	  -0.237680
  17.119141	  -0.308388
  17.128906	  -0.346644
  17.138672	  -0.339934
  17.148438	  -0.293721
  17.158203	  -0.229483
  17.167969	  -0.176724
  17.177734	  -0.161859
  17.187500	  -0.198040
  17.197266	  -0.279682
  17.207031	  -0.383716
  17.216797	  -0.477204
  17.226562	  -0.528616
  17.236328	  -0.518731
  17.246094	  -0.447278
  17.255859	  -0.332936
  17.265625	  -0.206726
  17.275391	  -0.101178
  17.285156	  -0.039175
  17.294922	  -0.026458
  17.304688	  -0.050414
  17.314453	  -0.085521
  17.324219	  -0.103363
  17.333984	  -0.083549
  17.343750	  -0.021539
  17.353516	   0.069451
  17.363281	   0.163122
  17.373047	   0.229604
  17.382812	   0.246344
  17.392578	   0.206400
  17.402344	   0.121162
  17.412109	   0.016558
  17.421875	  -0.075856
  17.431641	  -0.129661
  17.441406	  -0.132325
  17.451172	  -0.088846
  17.460938	  -0.019072
  17.470703	   0.050176
  17.480469	   0.095219
  17.490234	   0.104107
  17.500000	   0.080574
  17.509766	   0.041974
  17.519531	   0.012093
  17.529297	   0.011594
  17.539062	   0.049729
  17.548828	   0.120437
  17.558594	   0.204300
  17.568359	   0.275631
  17.578125	   0.312043
  17.587891	   0.302911
  17.597656	   0.253535
  17.607422	   0.183409
  17.617188	   0.119149
  17.626953	   0.084660
  17.636719	   0.092140
  17.646484	   0.137236
  17.656250	   0.200198
  17.666016	   0.252659
  17.675781	   0.267655
  17.685547	   0.229259
  17.695312	   0.138389
  17.705078	   0.012687
  17.714844	  -0.119481
  17.724609	  -0.228713
  17.734375	  -0.294475
  17.744141	  -0.311667
  17.753906	  -0.291546
  17.763672	  -0.256787
  17.773438	  -0.232570
  17.783203	  -0.237022
  17.792969	  -0.274542
  17.802734	  -0.334434
  17.812500	  -0.395297
  17.822266	  -0.433482
  17.832031	  -0.432430
  17.841797	  -0.389387
  17.851562	  -0.316969
  17.861328	  -0.238956
  17.871094	  -0.181842
  17.880859	  -0.165237
  17.890625	  -0.194649
  17.900391	  -0.259325
  17.910156	  -0.335959
  17.919922	  -0.396944
  17.929688	  -0.420171
  17.939453	  -0.396811
  17.949219	  -0.334277
  17.958984	  -0.253293
  17.968750	  -0.180196
  17.978516	  -0.137304
  17.988281	  -0.134882
  17.998047	  -0.167644
  18.007812	  -0.217032
  18.017578	  -0.258382
  18.027344	  -0.270288
  18.037109	  -0.242686
  18.046875	  -0.180644
  18.056641	  -0.102461
  18.066406	  -0.032795
  18.076172	   0.006608
  18.085938	   0.005138
  18.095703	  -0.032617
  18.105469	  -0.088490
  18.115234	  -0.137491
  18.125000	  -0.157199
  18.134766	  -0.136322
  18.144531	  -0.079194
  18.154297	  -0.004494
  18.164062	   0.061424
  18.173828	   0.094204
  18.183594	   0.080613
  18.193359	   0.023753
  18.203125	  -0.057622
  18.212891	  -0.135512
  18.222656	  -0.182548
  18.232422	  -0.181774
  18.242188	  -0.132774
  18.251953	  -0.051889
  18.261719	   0.033612
  18.271484	   0.095345
  18.281250	   0.114072
  18.291016	   0.086731
  18.300781	   0.027645
  18.310547	  -0.036530
  18.320312	  -0.076337
  18.330078	  -0.070120
  18.339844	  -0.011884
  18.349609	   0.086386
  18.359375	   0.198785
  18.369141	   0.294450
  18.378906	   0.348191
  18.388672	   0.349011
  18.398438	   0.303479
  18.408203	   0.232832
  18.417969	   0.164938
  18.427734	   0.124104
  18.437500	   0.122438
  18.447266	   0.155889
  18.457031	   0.206328
  18.466797	   0.248804
  18.476562	   0.261228
  18.486328	   0.232863
  18.496094	   0.168456
  18.505859	   0.086509
  18.515625	   0.012327
  18.525391	  -0.031542
  18.535156	  -0.033912
  18.544922	   0.000605
  18.554688	   0.053029
  18.564453	   0.096798
  18.574219	   0.107459
  18.583984	   0.071691
  18.593750	  -0.007666
  18.603516	  -0.112447
  18.613281	  -0.215588
  18.623047	  -0.290810
  18.632812	  -0.322015
  18.642578	  -0.308954
  18.652344	  -0.267077
  18.662109	  -0.221623
  18.671875	  -0.198096
  18.681641	  -0.212654
  18.691406	  -0.265941
  18.701172	  -0.342655
  18.710938	  -0.417045
  18.720703	  -0.462336
  18.730469	  -0.460623
  18.740234	  -0.409602
  18.750000	  -0.323614
  18.759766	  -0.228608
  18.769531	  -0.152811
  18.779297	  -0.116527
  18.789062	  -0.124817
  18.798828	  -0.165767
  18.808594	  -0.215038
  18.818359	  -0.245072
  18.828125	  -0.235591
  18.837891	  -0.181548
  18.847656	  -0.095539
  18.857422	  -0.003728
  18.867188	   0.063333
  18.876953	   0.081701
  18.886719	   0.042894
  18.896484	  -0.042659
  18.906250	  -0.148874
  18.916016	  -0.242865
  18.925781	  -0.296276
  18.935547	  -0.295031
  18.945312	  -0.244013
  18.955078	  -0.164979
  18.964844	  -0.088479
  18.974609	  -0.042675
  18.984375	  -0.043126
  18.994141	  -0.087219
  19.003906	  -0.155290
  19.013672	  -0.218021
  19.023438	  -0.247453
  19.033203	  -0.227594
  19.042969	  -0.160773
  19.052734	  -0.067346
  19.062500	   0.021175
  19.072266	   0.073189
  19.082031	   0.068308
  19.091797	   0.004858
  19.101562	  -0.099153
  19.111328	  -0.211983
  19.121094	  -0.298950
  19.130859	  -0.334286
  19.140625	  -0.309866
  19.150391	  -0.237762
  19.160156	  -0.145758
  19.169922	  -0.067450
  19.179688	  -0.030471
  19.189453	  -0.046996
  19.199219	  -0.109832
  19.208984	  -0.195389
  19.218750	  -0.272354
  19.228516	  -0.312893
  19.238281	  -0.302360
  19.248047	  -0.244083
  19.257812	  -0.157635
  19.267578	  -0.071353
  19.277344	  -0.011922
  19.287109	   0.005139
  19.296875	  -0.019343
  19.306641	  -0.069148
  19.316406	  -0.119280
  19.326172	  -0.145731
  19.335938	  -0.134709
  19.345703	  -0.087929
  19.355469	  -0.022016
  19.365234	   0.037754
  19.375000	   0.067032
  19.384766	   0.051766
  19.394531	  -0.006114
  19.404297	  -0.088809
  19.414062	  -0.168568
  19.423828	  -0.217293
  19.433594	  -0.216370
  19.443359	  -0.163214
  19.453125	  -0.072154
  19.462891	   0.030610
  19.472656	   0.116165
  19.482422	   0.162861
  19.492188	   0.163533
  19.501953	   0.127463
  19.511719	   0.076454
  19.521484	   0.036535
  19.531250	   0.028367
  19.541016	   0.059817
  19.550781	   0.123351
  19.560547	   0.199078
  19.570312	   0.262241
  19.580078	   0.292329
  19.589844	   0.280447
  19.599609	   0.232291
  19.609375	   0.165709
  19.619141	   0.103853
  19.628906	   0.066526
  19.638672	   0.062976
  19.648438	   0.088783
  19.658203	   0.127967
  19.667969	   0.159471
  19.677734	   0.165540
  19.687500	   0.138854
  19.697266	   0.085708
  19.707031	   0.024038
  19.716797	  -0.022992
  19.726562	  -0.035477
  19.736328	  -0.004204
  19.746094	   0.065738
  19.755859	   0.156507
  19.765625	   0.243663
  19.775391	   0.304683
  19.785156	   0.326731
  19.794922	   0.310845
  19.804688	   0.271060
  19.814453	   0.228825
  19.824219	   0.204821
  19.833984	   0.211230
  19.843750	   0.247310
  19.853516	   0.299900
  19.863281	   0.348628
  19.873047	   0.373854
  19.882812	   0.364345
  19.892578	   0.321787
  19.902344	   0.260414
  19.912109	   0.201842
  19.921875	   0.167015
  19.931641	   0.168228
  19.941406	   0.204237
  19.951172	   0.260306
  19.960938	   0.313259
  19.970703	   0.339746
  19.980469	   0.324720
  19.990234	   0.267037
  20.000000	   0.180096
  20.009766	   0.087254
  20.019531	   0.013634
  20.029297	  -0.022707
  20.039062	  -0.017079
  20.048828	   0.020368
  20.058594	   0.068496
  20.068359	   0.102958
  20.078125	   0.105052
  20.087891	   0.068423
  20.097656	   0.001202
  20.107422	  -0.077182
  20.117188	  -0.143278
  20.126953	  -0.178300
  20.136719	  -0.174981
  20.146484	  -0.140071
  20.156250	  -0.091584
  20.166016	  -0.051796
  20.175781	  -0.038649
  20.185547	  -0.058753
  20.195312	  -0.104637
  20.205078	  -0.157325
  20.214844	  -0.193337
  20.224609	  -0.193560
  20.234375	  -0.150719
  20.244141	  -0.072652
  20.253906	   0.019902
  20.263672	   0.100273
  20.273438	   0.145131
  20.283203	   0.142705
  20.292969	   0.096980
  20.302734	   0.026303
  20.312500	  -0.043111
  20.322266	  -0.086480
  20.332031	  -0.089192
  20.341797	  -0.051846
  20.351562	   0.010224
  20.361328	   0.072775
  20.371094	   0.111693
  20.380859	   0.111975
  20.390625	   0.073378
  20.400391	   0.010682
  20.410156	  -0.051541
  20.419922	  -0.087746
  20.429688	  -0.080646
  20.439453	  -0.027486
  20.449219	   0.058885
  20.458984	   0.154554
  20.468750	   0.233018
  20.478516	   0.274536
  20.488281	   0.272967
  20.498047	   0.237625
  20.507812	   0.189508
  20.517578	   0.153307
  20.527344	   0.148103
  20.537109	   0.180165
  20.546875	   0.240457
  20.556641	   0.307758
  20.566406	   0.356240
  20.576172	   0.364763
  20.585938	   0.324489
  20.595703	   0.242099
  20.605469	   0.137456
  20.615234	   0.036626
  20.625000	  -0.037183
  20.634766	  -0.071450
  20.644531	  -0.068133
  20.654297	  -0.042086
  20.664062	  -0.014802
  20.673828	  -0.005858
  20.683594	  -0.025294
  20.693359	  -0.069783
  20.703125	  -0.124022
  20.712891	  -0.166822
  20.722656	  -0.179600
  20.732422	  -0.154080
  20.742188	  -0.096246
  20.751953	  -0.024997
  20.761719	   0.034120
  20.771484	   0.057869
  20.781250	   0.033732
  20.791016	  -0.035343
  20.800781	  -0.131652
  20.810547	  -0.228712
  20.820312	  -0.300432
  20.830078	  -0.330185
  20.839844	  -0.316520
  20.849609	  -0.273450
  20.859375	  -0.225186
  20.869141	  -0.197212
  20.878906	  -0.206917
  20.888672	  -0.257166
  20.898438	  -0.335123
  20.908203	  -0.416762
  20.917969	  -0.475411
  20.927734	  -0.491249
  20.937500	  -0.458317
  20.947266	  -0.386506
  20.957031	  -0.297838
  20.966797	  -0.218406
  20.976562	  -0.168926
  20.986328	  -0.157358
  20.996094	  -0.176274
  21.005859	  -0.205935
  21.015625	  -0.221929
  21.025391	  -0.204569
  21.035156	  -0.146588
  21.044922	  -0.056281
  21.054688	   0.045097
  21.064453	   0.130778
  21.074219	   0.178093
  21.083984	   0.176773
  21.093750	   0.132910
  21.103516	   0.067096
  21.113281	   0.007359
  21.123047	  -0.020609
  21.132812	  -0.002472
  21.142578	   0.059701
  21.152344	   0.148137
  21.162109	   0.235540
  21.171875	   0.294556
  21.181641	   0.307140
  21.191406	   0.270550
  21.201172	   0.197895
  21.210938	   0.113163
  21.220703	   0.042610
  21.230469	   0.005648
  21.240234	   0.008514
  21.250000	   0.042901
  21.259766	   0.089910
  21.269531	   0.127728
  21.279297	   0.140095
  21.289062	   0.122399
  21.298828	   0.083151
  21.308594	   0.040345
  21.318359	   0.014129
  21.328125	   0.018589
  21.337891	   0.055777
  21.347656	   0.114283
  21.357422	   0.172970
  21.367188	   0.208558
  21.376953	   0.204308
  21.386719	   0.156600
  21.396484	   0.076961
  21.406250	  -0.011301
  21.416016	  -0.080707
  21.425781	  -0.108820
  21.435547	  -0.085791
  21.445312	  -0.017592
  21.455078	   0.076165
  21.464844	   0.169002
  21.474609	   0.236482
  21.484375	   0.264050
  21.494141	   0.251105
  21.503906	   0.209942
  21.513672	   0.160165
  21.523438	   0.120765
  21.533203	   0.102896
  21.542969	   0.106071
  21.552734	   0.119146
  21.562500	   0.125663
  21.572266	   0.111434
  21.582031	   0.071411
  21.591797	   0.013089
  21.601562	  -0.044998
  21.611328	  -0.079306
  21.621094	  -0.069759
  21.630859	  -0.007590
  21.640625	   0.100361
  21.650391	   0.232586
  21.660156	   0.358936
  21.669922	   0.449742
  21.679688	   0.484946
  21.689453	   0.460104
  21.699219	   0.387233
  21.708984	   0.290282
  21.718750	   0.196882
  21.728516	   0.129293
  21.738281	   0.097698
  21.748047	   0.098065
  21.757812	   0.115113
  21.767578	   0.129096
  21.777344	   0.123743
  21.787109	   0.092391
  21.796875	   0.040094
  21.806641	  -0.018958
  21.816406	  -0.067573
  21.826172	  -0.092798
  21.835938	  -0.091410
  21.845703	  -0.071504
  21.855469	  -0.049509
  21.865234	  -0.043739
  21.875000	  -0.066925
  21.884766	  -0.120577
  21.894531	  -0.193436
  21.904297	  -0.264711
  21.914062	  -0.311049
  21.923828	  -0.314762
  21.933594	  -0.270317
  21.943359	  -0.186683
  21.953125	  -0.084624
  21.962891	   0.010150
  21.972656	   0.075540
  21.982422	   0.100242
  21.992188	   0.087003
  22.001953	   0.050786
  22.011719	   0.012567
  22.021484	  -0.008903
  22.031250	  -0.004321
  22.041016	   0.022683
  22.050781	   0.057082
  22.060547	   0.078484
  22.070312	   0.069388
  22.080078	   0.022586
  22.089844	  -0.055145
  22.099609	  -0.144531
  22.109375	  -0.220092
  22.119141	  -0.259030
  22.128906	  -0.249531
  22.138672	  -0.195429
  22.148438	  -0.115441
  22.158203	  -0.037141
  22.167969	   0.012308
  22.177734	   0.015408
  22.187500	  -0.029683
  22.197266	  -0.108571
  22.207031	  -0.195647
  22.216797	  -0.262975
  22.226562	  -0.289883
  22.236328	  -0.269896
  22.246094	  -0.212607
  22.255859	  -0.139889
  22.265625	  -0.077887
  22.275391	  -0.047709
  22.285156	  -0.058174
  22.294922	  -0.103171
  22.304688	  -0.164503
  22.314453	  -0.219055
  22.324219	  -0.247599
  22.333984	  -0.241939
  22.343750	  -0.207770
  22.353516	  -0.162217
  22.363281	  -0.126985
  22.373047	  -0.119709
  22.382812	  -0.146744
  22.392578	  -0.200120
  22.402344	  -0.259894
  22.412109	  -0.301089
  22.421875	  -0.302766
  22.431641	  -0.255919
  22.441406	  -0.167292
  22.451172	  -0.057662
  22.460938	   0.044872
  22.470703	   0.114282
  22.480469	   0.135349
  22.490234	   0.108686
  22.500000	   0.050261
  22.509766	  -0.014361
  22.519531	  -0.059004
  22.529297	  -0.065874
  22.539062	  -0.031399
  22.548828	   0.033084
  22.558594	   0.105937
  22.568359	   0.163351
  22.578125	   0.187978
  22.587891	   0.174948
  22.597656	   0.133128
  22.607422	   0.081274
  22.617188	   0.040589
  22.626953	   0.026530
  22.636719	   0.042916
  22.646484	   0.080543
  22.656250	   0.120783
  22.666016	   0.142819
  22.675781	   0.131778
  22.685547	   0.084716
  22.695312	   0.012176
  22.705078	  -0.065302
  22.714844	  -0.124491
  22.724609	  -0.147929
  22.734375	  -0.130426
  22.744141	  -0.081199
  22.753906	  -0.020827
  22.763672	   0.025921
  22.773438	   0.038808
  22.783203	   0.009249
  22.792969	  -0.056714
  22.802734	  -0.140652
  22.812500	  -0.218355
  22.822266	  -0.268383
  22.832031	  -0.279454
  22.841797	  -0.254008
  22.851562	  -0.206700
  22.861328	  -0.158467
  22.871094	  -0.128407
  22.880859	  -0.126534
  22.890625	  -0.150101
  22.900391	  -0.184863
  22.910156	  -0.210802
  22.919922	  -0.210144
  22.929688	  -0.174648
  22.939453	  -0.109392
  22.949219	  -0.031551
  22.958984	   0.035468
  22.968750	   0.070447
  22.978516	   0.062258
  22.988281	   0.014317
  22.998047	  -0.056115
  23.007812	  -0.123617
  23.017578	  -0.163307
  23.027344	  -0.159460
  23.037109	  -0.110951
  23.046875	  -0.031560
  23.056641	   0.054967
  23.066406	   0.123325
  23.076172	   0.155502
  23.085938	   0.146885
  23.095703	   0.107457
  23.105469	   0.057697
  23.115234	   0.020734
  23.125000	   0.013672
  23.134766	   0.041286
  23.144531	   0.094411
  23.154297	   0.153593
  23.164062	   0.196650
  23.173828	   0.207298
  23.183594	   0.181611
  23.193359	   0.129859
  23.203125	   0.072963
  23.212891	   0.034808
  23.222656	   0.033203
  23.232422	   0.072826
  23.242188	   0.142840
  23.251953	   0.220143
  23.261719	   0.277237
  23.271484	   0.291938
  23.281250	   0.255467
  23.291016	   0.175986
  23.300781	   0.076235
  23.310547	  -0.013981
  23.320312	  -0.067833
  23.330078	  -0.070535
  23.339844	  -0.024228
  23.349609	   0.053016
  23.359375	   0.133721
  23.369141	   0.190696
  23.378906	   0.206479
  23.388672	   0.179160
  23.398438	   0.122587
  23.408203	   0.060941
  23.417969	   0.019704
  23.427734	   0.016304
  23.437500	   0.053830
  23.447266	   0.120047
  23.457031	   0.192022
  23.466797	   0.244633
  23.476562	   0.259813
  23.486328	   0.233171
  23.496094	   0.175551
  23.505859	   0.108979
  23.515625	   0.058478
  23.525391	   0.042742
  23.535156	   0.067080
  23.544922	   0.121206
  23.554688	   0.182730
  23.564453	   0.225098
  23.574219	   0.227151
  23.583984	   0.180876
  23.593750	   0.094558
  23.603516	  -0.009802
  23.613281	  -0.103872
  23.623047	  -0.162572
  23.632812	  -0.172450
  23.642578	  -0.135929
  23.652344	  -0.069983
  23.662109	   0.000179
  23.671875	   0.050092
  23.681641	   0.064421
  23.691406	   0.041789
  23.701172	  -0.005597
  23.710938	  -0.057244
  23.720703	  -0.092533
  23.730469	  -0.098677
  23.740234	  -0.075518
  23.750000	  -0.035443
  23.759766	   0.001529
  23.769531	   0.015610
  23.779297	  -0.004903
  23.789062	  -0.058697
  23.798828	  -0.131329
  23.808594	  -0.199991
  23.818359	  -0.241479
  23.828125	  -0.240467
  23.837891	  -0.195111
  23.847656	  -0.117945
  23.857422	  -0.031745
  23.867188	   0.038166
  23.876953	   0.072417
  23.886719	   0.063902
  23.896484	   0.019703
  23.906250	  -0.041937
  23.916016	  -0.098416
  23.925781	  -0.130801
  23.935547	  -0.130200
  23.945312	  -0.100207
  23.955078	  -0.054714
  23.964844	  -0.012022
  23.974609	   0.012417
  23.984375	   0.011866
  23.994141	  -0.009404
  24.003906	  -0.038197
  24.013672	  -0.057990
  24.023438	  -0.055827
  24.033203	  -0.027848
  24.042969	   0.018738
  24.052734	   0.068034
  24.062500	   0.101365
  24.072266	   0.104502
  24.082031	   0.073497
  24.091797	   0.016849
  24.101562	  -0.046889
  24.111328	  -0.095326
  24.121094	  -0.110045
  24.130859	  -0.083232
  24.140625	  -0.020678
  24.150391	   0.059950
  24.160156	   0.134989
  24.169922	   0.182721
  24.179688	   0.190537
  24.189453	   0.158794
  24.199219	   0.100023
  24.208984	   0.033861
  24.218750	  -0.020361
  24.228516	  -0.050636
  24.238281	  -0.056307
  24.248047	  -0.047649
  24.257812	  -0.041243
  24.267578	  -0.052905
  24.277344	  -0.090904
  24.287109	  -0.152054
  24.296875	  -0.222233
  24.306641	  -0.281190
  24.316406	  -0.309933
  24.326172	  -0.297935
  24.335938	  -0.247483
  24.345703	  -0.173465
  24.355469	  -0.098567
  24.365234	  -0.045563
  24.375000	  -0.029422
  24.384766	  -0.052122
  24.394531	  -0.102040
  24.404297	  -0.158193
  24.414062	  -0.197801
  24.423828	  -0.204474
  24.433594	  -0.174045
  24.443359	  -0.115961
  24.453125	  -0.049739
  24.462891	   0.002223
  24.472656	   0.022827
  24.482422	   0.006468
  24.492188	  -0.039019
  24.501953	  -0.095378
  24.511719	  -0.140775
  24.521484	  -0.157951
  24.531250	  -0.140649
  24.541016	  -0.095943
  24.550781	  -0.041548
  24.560547	   0.000895
  24.570312	   0.014127
  24.580078	  -0.007920
  24.589844	  -0.057349
  24.599609	  -0.114677
  24.609375	  -0.155575
  24.619141	  -0.159597
  24.628906	  -0.117751
  24.638672	  -0.036152
  24.648438	   0.065609
  24.658203	   0.160866
  24.667969	   0.224820
  24.677734	   0.242863
  24.687500	   0.215347
  24.697266	   0.157129
  24.707031	   0.092105
  24.716797	   0.044694
  24.726562	   0.031367
  24.736328	   0.055207
  24.746094	   0.105413
  24.755859	   0.161826
  24.765625	   0.202746
  24.775391	   0.213125
  24.785156	   0.190128
  24.794922	   0.144023
  24.804688	   0.094132
  24.814453	   0.061355
  24.824219	   0.060098
  24.833984	   0.092606
  24.843750	   0.147856
  24.853516	   0.205444
  24.863281	   0.243087
  24.873047	   0.244983
  24.882812	   0.207927
  24.892578	   0.142906
  24.902344	   0.071489
  24.912109	   0.018253
  24.921875	   0.001940
  24.931641	   0.028536
  24.941406	   0.088773
  24.951172	   0.161026
  24.960938	   0.218592
  24.970703	   0.238818
  24.980469	   0.210846
  24.990234	   0.139244
  25.000000	   0.042294
  25.009766	  -0.054423
  25.019531	  -0.126801
  25.029297	  -0.160218
  25.039062	  -0.153938
  25.048828	  -0.120439
  25.058594	  -0.080028
  25.068359	  -0.052816
  25.078125	  -0.051060
  25.087891	  -0.074690
  25.097656	  -0.111640
  25.107422	  -0.142813
  25.117188	  -0.149775
  25.126953	  -0.122282
  25.136719	  -0.062793
  25.146484	   0.013762
  25.156250	   0.084950
  25.166016	   0.128759
  25.175781	   0.131615
  25.185547	   0.093563
  25.195312	   0.028691
  25.205078	  -0.039408
  25.214844	  -0.085554
  25.224609	  -0.091482
  25.234375	  -0.051928
  25.244141	   0.023821
  25.253906	   0.115395
  25.263672	   0.198515
  25.273438	   0.253253
  25.283203	   0.270432
  25.292969	   0.253929
  25.302734	   0.218208
  25.312500	   0.182131
  25.322266	   0.161463
  25.332031	   0.162898
  25.341797	   0.181822
  25.351562	   0.204574
  25.361328	   0.214269
  25.371094	   0.197889
  25.380859	   0.151882
  25.390625	   0.084086
  25.400391	   0.011170
  25.410156	  -0.047474
  25.419922	  -0.077100
  25.429688	  -0.073428
  25.439453	  -0.044642
  25.449219	  -0.008679
  25.458984	   0.013283
  25.468750	   0.004820
  25.478516	  -0.039225
  25.488281	  -0.110168
  25.498047	  -0.187936
  25.507812	  -0.247777
  25.517578	  -0.268901
  25.527344	  -0.241965
  25.537109	  -0.172691
  25.546875	  -0.080253
  25.556641	   0.009054
  25.566406	   0.070640
  25.576172	   0.089826
  25.585938	   0.066497
  25.595703	   0.014558
  25.605469	  -0.043568
  25.615234	  -0.085404
  25.625000	  -0.096731
  25.634766	  -0.076716
  25.644531	  -0.037984
  25.654297	  -0.001599
  25.664062	   0.011199
  25.673828	  -0.012541
  25.683594	  -0.071969
  25.693359	  -0.151973
  25.703125	  -0.228030
  25.712891	  -0.274715
  25.722656	  -0.274826
  25.732422	  -0.225840
  25.742188	  -0.141314
  25.751953	  -0.046661
  25.761719	   0.029304
  25.771484	   0.064086
  25.781250	   0.049110
  25.791016	  -0.007485
  25.800781	  -0.083797
  25.810547	  -0.151824
  25.820312	  -0.187084
  25.830078	  -0.176826
  25.839844	  -0.123958
  25.849609	  -0.045405
  25.859375	   0.034411
  25.869141	   0.092518
  25.878906	   0.115517
  25.888672	   0.103945
  25.898438	   0.071383
  25.908203	   0.038720
  25.917969	   0.025781
  25.927734	   0.043456
  25.937500	   0.089276
  25.947266	   0.148088
  25.957031	   0.197611
  25.966797	   0.216819
  25.976562	   0.194089
  25.986328	   0.132070
  25.996094	   0.047449
  26.005859	  -0.034382
  26.015625	  -0.087909
  26.025391	  -0.096255
  26.035156	  -0.057021
  26.044922	   0.016902
  26.054688	   0.101808
  26.064453	   0.171344
  26.074219	   0.205450
  26.083984	   0.196887
  26.093750	   0.153104
  26.103516	   0.092837
  26.113281	   0.038794
  26.123047	   0.009138
  26.132812	   0.010892
  26.142578	   0.037666
  26.152344	   0.072465
  26.162109	   0.094499
  26.171875	   0.087419
  26.181641	   0.045899
  26.191406	  -0.021920
  26.201172	  -0.097055
  26.210938	  -0.156484
  26.220703	  -0.181648
  26.230469	  -0.165549
  26.240234	  -0.115829
  26.250000	  -0.052631
  26.259766	  -0.001918
  26.269531	   0.013413
  26.279297	  -0.018463
  26.289062	  -0.094006
  26.298828	  -0.195216
  26.308594	  -0.295417
  26.318359	  -0.367886
  26.328125	  -0.394334
  26.337891	  -0.370378
  26.347656	  -0.306237
  26.357422	  -0.222609
  26.367188	  -0.143378
  26.376953	  -0.087837
  26.386719	  -0.065168
  26.396484	  -0.072976
  26.406250	  -0.100119
  26.416016	  -0.132482
  26.425781	  -0.159292
  26.435547	  -0.177477
  26.445312	  -0.192399
  26.455078	  -0.214756
  26.464844	  -0.254962
  26.474609	  -0.317324
  26.484375	  -0.396432
  26.494141	  -0.477338
  26.503906	  -0.539690
  26.513672	  -0.564390
  26.523438	  -0.540393
  26.533203	  -0.469091
  26.542969	  -0.364561
  26.552734	  -0.249451
  26.562500	  -0.147859
  26.572266	  -0.077689
  26.582031	  -0.045172
  26.591797	  -0.043489
  26.601562	  -0.055948
  26.611328	  -0.062528
  26.621094	  -0.047372
  26.630859	  -0.004493
  26.640625	   0.060372
  26.650391	   0.132398
  26.660156	   0.193760
  26.669922	   0.230858
  26.679688	   0.239907
  26.689453	   0.228757
  26.699219	   0.214175
  26.708984	   0.215524
  26.718750	   0.247166
  26.728516	   0.312411
  26.738281	   0.401346
  26.748047	   0.493474
  26.757812	   0.564372
  26.767578	   0.594060
  26.777344	   0.574142
  26.787109	   0.511120
  26.796875	   0.424674
  26.806641	   0.341398
  26.816406	   0.286168
  26.826172	   0.274097
  26.835938	   0.305853
  26.845703	   0.367903
  26.855469	   0.437516
  26.865234	   0.490666
  26.875000	   0.510024
  26.884766	   0.490223
  26.894531	   0.438665
  26.904297	   0.371746
  26.914062	   0.308061
  26.923828	   0.261214
  26.933594	   0.234919
  26.943359	   0.222175
  26.953125	   0.208752
  26.962891	   0.179559
  26.972656	   0.125417
  26.982422	   0.047570
  26.992188	  -0.041845
  27.001953	  -0.123640
  27.011719	  -0.178372
  27.021484	  -0.193570
  27.031250	  -0.168691
  27.041016	  -0.115879
  27.050781	  -0.056150
  27.060547	  -0.012282
  27.070312	  -0.000962
  27.080078	  -0.027007
  27.089844	  -0.081783
  27.099609	  -0.146424
  27.109375	  -0.198705
  27.119141	  -0.221105
  27.128906	  -0.207134
  27.138672	  -0.163629
  27.148438	  -0.108181
  27.158203	  -0.062625
  27.167969	  -0.044974
  27.177734	  -0.062722
  27.187500	  -0.109994
  27.197266	  -0.169578
  27.207031	  -0.219116
  27.216797	  -0.239210
  27.226562	  -0.220486
  27.236328	  -0.167025
  27.246094	  -0.094907
  27.255859	  -0.026377
  27.265625	   0.018249
  27.275391	   0.027990
  27.285156	   0.005203
  27.294922	  -0.035301
  27.304688	  -0.071720
  27.314453	  -0.083361
  27.324219	  -0.058426
  27.333984	   0.001336
  27.343750	   0.080828
  27.353516	   0.156614
  27.363281	   0.204963
  27.373047	   0.210077
  27.382812	   0.169553
  27.392578	   0.095177
  27.402344	   0.008776
  27.412109	  -0.065322
  27.421875	  -0.108519
  27.431641	  -0.113914
  27.441406	  -0.087925
  27.451172	  -0.047102
  27.460938	  -0.011372
  27.470703	   0.003686
  27.480469	  -0.007310
  27.490234	  -0.037738
  27.500000	  -0.071842
  27.509766	  -0.091148
  27.519531	  -0.082004
  27.529297	  -0.041372
  27.539062	   0.021340
  27.548828	   0.087155
  27.558594	   0.134118
  27.568359	   0.145210
  27.578125	   0.114678
  27.587891	   0.050429
  27.597656	  -0.028448
  27.607422	  -0.098190
  27.617188	  -0.138587
  27.626953	  -0.139981
  27.636719	  -0.106506
  27.646484	  -0.054419
  27.656250	  -0.006121
  27.666016	   0.017958
  27.675781	   0.006687
  27.685547	  -0.037866
  27.695312	  -0.101346
  27.705078	  -0.162444
  27.714844	  -0.200689
  27.724609	  -0.203827
  27.734375	  -0.172100
  27.744141	  -0.117895
  27.753906	  -0.060932
  27.763672	  -0.020811
  27.773438	  -0.009695
  27.783203	  -0.027856
  27.792969	  -0.063730
  27.802734	  -0.098463
  27.812500	  -0.113254
  27.822266	  -0.096748
  27.832031	  -0.049723
  27.841797	   0.014741
  27.851562	   0.075719
  27.861328	   0.111942
  27.871094	   0.109620
  27.880859	   0.067703
  27.890625	  -0.001375
  27.900391	  -0.075802
  27.910156	  -0.131906
  27.919922	  -0.152391
  27.929688	  -0.132325
  27.939453	  -0.080720
  27.949219	  -0.017133
  27.958984	   0.035468
  27.968750	   0.058994
  27.978516	   0.046657
  27.988281	   0.005217
  27.998047	  -0.047750
  28.007812	  -0.090527
  28.017578	  -0.105404
  28.027344	  -0.085301
  28.037109	  -0.036408
  28.046875	   0.024124
  28.056641	   0.074592
  28.066406	   0.096888
  28.076172	   0.083357
  28.085938	   0.039794
  28.095703	  -0.016565
  28.105469	  -0.063388
  28.115234	  -0.081631
  28.125000	  -0.062898
  28.134766	  -0.013033
  28.144531	   0.049435
  28.154297	   0.099538
  28.164062	   0.114605
  28.173828	   0.082404
  28.183594	   0.005742
  28.193359	  -0.098133
  28.203125	  -0.203169
  28.212891	  -0.283182
  28.222656	  -0.320526
  28.232422	  -0.311669
  28.242188	  -0.267763
  28.251953	  -0.210047
  28.261719	  -0.161818
  28.271484	  -0.139902
  28.281250	  -0.148722
  28.291016	  -0.179100
  28.300781	  -0.212170
  28.310547	  -0.226923
  28.320312	  -0.208564
  28.330078	  -0.154572
  28.339844	  -0.076167
  28.349609	   0.005386
  28.359375	   0.066361
  28.369141	   0.089289
  28.378906	   0.069627
  28.388672	   0.017895
  28.398438	  -0.043570
  28.408203	  -0.088186
  28.417969	  -0.094379
  28.427734	  -0.053259
  28.437500	   0.028009
  28.447266	   0.128351
  28.457031	   0.219715
  28.466797	   0.276393
  28.476562	   0.283478
  28.486328	   0.241585
  28.496094	   0.166246
  28.505859	   0.082320
  28.515625	   0.015449
  28.525391	  -0.016389
  28.535156	  -0.008322
  28.544922	   0.030755
  28.554688	   0.082325
  28.564453	   0.125519
  28.574219	   0.144760
  28.583984	   0.135013
  28.593750	   0.102822
  28.603516	   0.062950
  28.613281	   0.032054
  28.623047	   0.021916
  28.632812	   0.034845
  28.642578	   0.062994
  28.652344	   0.091820
  28.662109	   0.106308
  28.671875	   0.097532
  28.681641	   0.066966
  28.691406	   0.026810
  28.701172	  -0.003934
  28.710938	  -0.006262
  28.720703	   0.031621
  28.730469	   0.109346
  28.740234	   0.213593
  28.750000	   0.321839
  28.759766	   0.409427
  28.769531	   0.457470
  28.779297	   0.458820
  28.789062	   0.420027
  28.798828	   0.358622
  28.808594	   0.296759
  28.818359	   0.253524
  28.828125	   0.238672
  28.837891	   0.249974
  28.847656	   0.275027
  28.857422	   0.296711
  28.867188	   0.300170
  28.876953	   0.278661
  28.886719	   0.236082
  28.896484	   0.185257
  28.906250	   0.142679
  28.916016	   0.121746
  28.925781	   0.127103
  28.935547	   0.152303
  28.945312	   0.181748
  28.955078	   0.196294
  28.964844	   0.180460
  28.974609	   0.128600
  28.984375	   0.047687
  28.994141	  -0.044408
  29.003906	  -0.124621
  29.013672	  -0.172406
  29.023438	  -0.176728
  29.033203	  -0.139828
  29.042969	  -0.076437
  29.052734	  -0.008710
  29.062500	   0.041279
  29.072266	   0.058798
  29.082031	   0.040896
  29.091797	  -0.003503
  29.101562	  -0.057765
  29.111328	  -0.104332
  29.121094	  -0.131551
  29.130859	  -0.137958
  29.140625	  -0.132449
  29.150391	  -0.130268
  29.160156	  -0.146392
  29.169922	  -0.188834
  29.179688	  -0.254488
  29.189453	  -0.329178
  29.199219	  -0.392051
  29.208984	  -0.422797
  29.218750	  -0.409102
  29.228516	  -0.351596
  29.238281	  -0.264408
  29.248047	  -0.171016
  29.257812	  -0.096769
  29.267578	  -0.060669
  29.277344	  -0.069293
  29.287109	  -0.114980
  29.296875	  -0.178876
  29.306641	  -0.237714
  29.316406	  -0.271883
  29.326172	  -0.271890
  29.335938	  -0.240975
  29.345703	  -0.193033
  29.355469	  -0.146758
  29.365234	  -0.118240
  29.375000	  -0.114849
  29.384766	  -0.132667
  29.394531	  -0.158399
  29.404297	  -0.175008
  29.414062	  -0.168882
  29.423828	  -0.135778
  29.433594	  -0.083209
  29.443359	  -0.028273
  29.453125	   0.008377
  29.462891	   0.010244
  29.472656	  -0.028456
  29.482422	  -0.099879
  29.492188	  -0.184448
  29.501953	  -0.256990
  29.511719	  -0.295004
  29.521484	  -0.286127
  29.531250	  -0.232146
  29.541016	  -0.148149
  29.550781	  -0.057114
  29.560547	   0.018054
  29.570312	   0.062186
  29.580078	   0.072463
  29.589844	   0.058372
  29.599609	   0.037152
  29.609375	   0.026542
  29.619141	   0.037615
  29.628906	   0.070457
  29.638672	   0.114359
  29.648438	   0.152427
  29.658203	   0.168855
  29.667969	   0.156003
  29.677734	   0.118443
  29.687500	   0.072220
  29.697266	   0.039368
  29.707031	   0.039535
  29.716797	   0.081779
  29.726562	   0.159674
  29.736328	   0.251794
  29.746094	   0.327761
  29.755859	   0.358008
  29.765625	   0.324011
  29.775391	   0.225406
  29.785156	   0.081400
  29.794922	  -0.074224
  29.804688	  -0.202993
  29.814453	  -0.273318
  29.824219	  -0.269920
  29.833984	  -0.197996
  29.843750	  -0.080796
  29.853516	   0.048458
  29.863281	   0.157476
  29.873047	   0.224857
  29.882812	   0.245779
  29.892578	   0.231622
  29.902344	   0.203949
  29.912109	   0.185218
  29.921875	   0.189744
  29.931641	   0.218221
  29.941406	   0.257771
  29.951172	   0.287413
  29.960938	   0.286819
  29.970703	   0.245043
  29.980469	   0.165861
  29.990234	   0.067650
  30.000000	  -0.022317
  30.009766	  -0.077184
  30.019531	  -0.080128
  30.029297	  -0.030812
  30.039062	   0.053715
  30.048828	   0.144094
  30.058594	   0.208019
  30.068359	   0.220677
  30.078125	   0.172679
  30.087891	   0.072787
  30.097656	  -0.055420
  30.107422	  -0.181665
  30.117188	  -0.278970
  30.126953	  -0.332006
  30.136719	  -0.340974
  30.146484	  -0.319833
  30.156250	  -0.289759
  30.166016	  -0.270432
  30.175781	  -0.272426
  30.185547	  -0.293532
  30.195312	  -0.320297
  30.205078	  -0.334076
  30.214844	  -0.319235
  30.224609	  -0.270287
  30.234375	  -0.195184
  30.244141	  -0.113405
  30.253906	  -0.049415
  30.263672	  -0.023852
  30.273438	  -0.045660
  30.283203	  -0.108119
  30.292969	  -0.190334
  30.302734	  -0.263789
  30.312500	  -0.301736
  30.322266	  -0.288136
  30.332031	  -0.223001
  30.341797	  -0.122250
  30.351562	  -0.012136
  30.361328	   0.079772
  30.371094	   0.133886
  30.380859	   0.144886
  30.390625	   0.122869
  30.400391	   0.089038
  30.410156	   0.067592
  30.419922	   0.076787
  30.429688	   0.122413
  30.439453	   0.195982
  30.449219	   0.278200
  30.458984	   0.346361
  30.468750	   0.382879
  30.478516	   0.381807
  30.488281	   0.350945
  30.498047	   0.308786
  30.507812	   0.277444
  30.517578	   0.274189
  30.527344	   0.304707
  30.537109	   0.360568
  30.546875	   0.421865
  30.556641	   0.464064
  30.566406	   0.466630
  30.576172	   0.420308
  30.585938	   0.330488
  30.595703	   0.215468
  30.605469	   0.100310
  30.615234	   0.008518
  30.625000	  -0.045457
  30.634766	  -0.060259
  30.644531	  -0.046878
  30.654297	  -0.023551
  30.664062	  -0.008329
  30.673828	  -0.012126
  30.683594	  -0.034848
  30.693359	  -0.065970
  30.703125	  -0.089266
  30.712891	  -0.089800
  30.722656	  -0.060473
  30.732422	  -0.005584
  30.742188	   0.060000
  30.751953	   0.115806
  30.761719	   0.143019
  30.771484	   0.131332
  30.781250	   0.082808
  30.791016	   0.011252
  30.800781	  -0.062701
  30.810547	  -0.119031
  30.820312	  -0.145532
  30.830078	  -0.142110
  30.839844	  -0.120537
  30.849609	  -0.099740
  30.859375	  -0.098313
  30.869141	  -0.127057
  30.878906	  -0.184330
  30.888672	  -0.256004
  30.898438	  -0.320147
  30.908203	  -0.354796
  30.917969	  -0.346014
  30.927734	  -0.293294
  30.937500	  -0.210283
  30.947266	  -0.120482
  30.957031	  -0.049396
  30.966797	  -0.015894
  30.976562	  -0.025865
  30.986328	  -0.070417
  30.996094	  -0.129252
  31.005859	  -0.177994
  31.015625	  -0.196819
  31.025391	  -0.177290
  31.035156	  -0.124953
  31.044922	  -0.056836
  31.054688	   0.005201
  31.064453	   0.042750
  31.074219	   0.047719
  31.083984	   0.025241
  31.093750	  -0.008440
  31.103516	  -0.032324
  31.113281	  -0.028873
  31.123047	   0.008949
  31.132812	   0.074480
  31.142578	   0.149228
  31.152344	   0.209218
  31.162109	   0.233540
  31.171875	   0.212029
  31.181641	   0.149272
  31.191406	   0.063462
  31.201172	  -0.019528
  31.210938	  -0.074771
  31.220703	  -0.086552
  31.230469	  -0.053363
  31.240234	   0.012093
  31.250000	   0.087814
  31.259766	   0.150460
  31.269531	   0.183458
  31.279297	   0.182315
  31.289062	   0.155291
  31.298828	   0.119309
  31.308594	   0.092751
  31.318359	   0.087937
  31.328125	   0.106167
  31.337891	   0.137238
  31.347656	   0.163621
  31.357422	   0.167745
  31.367188	   0.139585
  31.376953	   0.081596
  31.386719	   0.009002
  31.396484	  -0.054900
  31.406250	  -0.086850
  31.416016	  -0.072286
  31.425781	  -0.011391
  31.435547	   0.079781
  31.445312	   0.173671
  31.455078	   0.239726
  31.464844	   0.254169
  31.474609	   0.207692
  31.484375	   0.108412
  31.494141	  -0.020900
  31.503906	  -0.150319
  31.513672	  -0.252366
  31.523438	  -0.310349
  31.533203	  -0.322624
  31.542969	  -0.301429
  31.552734	  -0.266918
  31.562500	  -0.238726
  31.572266	  -0.228247
  31.582031	  -0.234474
  31.591797	  -0.244891
  31.601562	  -0.241019
  31.611328	  -0.206463
  31.621094	  -0.134394
  31.630859	  -0.031566
  31.640625	   0.082718
  31.650391	   0.182474
  31.660156	   0.243664
  31.669922	   0.252536
  31.679688	   0.210614
  31.689453	   0.134529
  31.699219	   0.050647
  31.708984	  -0.013650
  31.718750	  -0.038993
  31.728516	  -0.020246
  31.738281	   0.032228
  31.748047	   0.096596
  31.757812	   0.147372
  31.767578	   0.164194
  31.777344	   0.138472
  31.787109	   0.075630
  31.796875	  -0.007654
  31.806641	  -0.090040
  31.816406	  -0.153375
  31.826172	  -0.188865
  31.835938	  -0.199344
  31.845703	  -0.196913
  31.855469	  -0.197001
  31.865234	  -0.211225
  31.875000	  -0.241894
  31.884766	  -0.280317
  31.894531	  -0.309654
  31.904297	  -0.311283
  31.914062	  -0.272311
  31.923828	  -0.191343
  31.933594	  -0.080278
  31.943359	   0.038718
  31.953125	   0.140074
  31.962891	   0.203136
  31.972656	   0.218972
  31.982422	   0.193201
  31.992188	   0.143831
  32.001953	   0.094849
  32.011719	   0.067877
  32.021484	   0.074852
  32.031250	   0.114336
  32.041016	   0.172682
  32.050781	   0.229542
  32.060547	   0.265580
  32.070312	   0.269530
  32.080078	   0.241982
  32.089844	   0.194570
  32.099609	   0.144979
  32.109375	   0.109748
  32.119141	   0.097706
  32.128906	   0.106600
  32.138672	   0.124257
  32.148438	   0.133869
  32.158203	   0.121366
  32.167969	   0.081977
  32.177734	   0.023313
  32.187500	  -0.036435
  32.197266	  -0.074776
  32.207031	  -0.073484
  32.216797	  -0.026332
  32.226562	   0.056990
  32.236328	   0.152489
  32.246094	   0.228748
  32.255859	   0.256900
  32.265625	   0.220326
  32.275391	   0.120689
  32.285156	  -0.021890
  32.294922	  -0.174701
  32.304688	  -0.302438
  32.314453	  -0.377965
  32.324219	  -0.390202
  32.333984	  -0.346521
  32.343750	  -0.268945
  32.353516	  -0.185624
  32.363281	  -0.120729
  32.373047	  -0.086350
  32.382812	  -0.079264
  32.392578	  -0.083576
  32.402344	  -0.078106
  32.412109	  -0.045634
  32.421875	   0.019516
  32.431641	   0.108473
  32.441406	   0.200589
  32.451172	   0.270993
  32.460938	   0.300156
  32.470703	   0.281856
  32.480469	   0.226485
  32.490234	   0.158263
  32.500000	   0.107190
  32.509766	   0.098464
  32.519531	   0.143154
  32.529297	   0.233499
  32.539062	   0.344650
  32.548828	   0.442401
  32.558594	   0.494331
  32.568359	   0.480519
  32.578125	   0.400157
  32.587891	   0.271758
  32.597656	   0.126930
  32.607422	  -0.000080
  32.617188	  -0.083411
  32.626953	  -0.113356
  32.636719	  -0.098259
  32.646484	  -0.060043
  32.656250	  -0.025169
  32.666016	  -0.014403
  32.675781	  -0.035182
  32.685547	  -0.079333
  32.695312	  -0.126933
  32.705078	  -0.154788
  32.714844	  -0.146323
  32.724609	  -0.099127
  32.734375	  -0.027223
  32.744141	   0.042927
  32.753906	   0.081374
  32.763672	   0.065469
  32.773438	  -0.011420
  32.783203	  -0.136448
  32.792969	  -0.280472
  32.802734	  -0.406918
  32.812500	  -0.483354
  32.822266	  -0.491832
  32.832031	  -0.434468
  32.841797	  -0.332393
  32.851562	  -0.218520
  32.861328	  -0.126665
  32.871094	  -0.080832
  32.880859	  -0.088256
  32.890625	  -0.138480
  32.900391	  -0.208477
  32.910156	  -0.271790
  32.919922	  -0.308224
  32.929688	  -0.310608
  32.939453	  -0.286272
  32.949219	  -0.252915
  32.958984	  -0.230601
  32.968750	  -0.233035
  32.978516	  -0.261471
  32.988281	  -0.303601
  32.998047	  -0.337871
  33.007812	  -0.341618
  33.017578	  -0.300009
  33.027344	  -0.212398
  33.037109	  -0.093675
  33.046875	   0.030012
  33.056641	   0.129735
  33.066406	   0.183456
  33.076172	   0.183476
  33.085938	   0.138982
  33.095703	   0.072804
  33.105469	   0.013521
  33.115234	  -0.014275
  33.125000	   0.001882
  33.134766	   0.058590
  33.144531	   0.138460
  33.154297	   0.216792
  33.164062	   0.270529
  33.173828	   0.286200
  33.183594	   0.264026
  33.193359	   0.216807
  33.203125	   0.164176
  33.212891	   0.124503
  33.222656	   0.107581
  33.232422	   0.110887
  33.242188	   0.120835
  33.251953	   0.118557
  33.261719	   0.088018
  33.271484	   0.023349
  33.281250	  -0.067440
  33.291016	  -0.163910
  33.300781	  -0.239453
  33.310547	  -0.270222
  33.320312	  -0.243554
  33.330078	  -0.162865
  33.339844	  -0.047194
  33.349609	   0.074518
  33.359375	   0.172462
  33.369141	   0.225208
  33.378906	   0.225971
  33.388672	   0.183819
  33.398438	   0.119533
  33.408203	   0.057732
  33.417969	   0.018152
  33.427734	   0.009194
  33.437500	   0.025958
  33.447266	   0.053279
  33.457031	   0.072447
  33.466797	   0.068968
  33.476562	   0.038383
  33.486328	  -0.012028
  33.496094	  -0.066273
  33.505859	  -0.106193
  33.515625	  -0.118994
  33.525391	  -0.102847
  33.535156	  -0.068340
  33.544922	  -0.035144
  33.554688	  -0.025010
  33.564453	  -0.053651
  33.574219	  -0.124491
  33.583984	  -0.226628
  33.593750	  -0.337852
  33.603516	  -0.431704
  33.613281	  -0.486124
  33.623047	  -0.490607
  33.632812	  -0.449359
  33.642578	  -0.379381
  33.652344	  -0.304213
  33.662109	  -0.245664
  33.671875	  -0.216507
  33.681641	  -0.216751
  33.691406	  -0.234727
  33.701172	  -0.252450
  33.710938	  -0.253135
  33.720703	  -0.227981
  33.730469	  -0.179635
  33.740234	  -0.121042
  33.750000	  -0.070127
  33.759766	  -0.042377
  33.769531	  -0.044193
  33.779297	  -0.069637
  33.789062	  -0.101955
  33.798828	  -0.119443
  33.808594	  -0.103600
  33.818359	  -0.046551
  33.828125	   0.045065
  33.837891	   0.151335
  33.847656	   0.245176
  33.857422	   0.301283
  33.867188	   0.304787
  33.876953	   0.256559
  33.886719	   0.173222
  33.896484	   0.081806
  33.906250	   0.010853
  33.916016	  -0.018930
  33.925781	  -0.001242
  33.935547	   0.054295
  33.945312	   0.126113
  33.955078	   0.188691
  33.964844	   0.221674
  33.974609	   0.216848
  33.984375	   0.180550
  33.994141	   0.130725
  34.003906	   0.089820
  34.013672	   0.076169
  34.023438	   0.097064
  34.033203	   0.146025
  34.042969	   0.205257
  34.052734	   0.252346
  34.062500	   0.268709
  34.072266	   0.246679
  34.082031	   0.192603
  34.091797	   0.124818
  34.101562	   0.067203
  34.111328	   0.040643
  34.121094	   0.055486
  34.130859	   0.107687
  34.140625	   0.180013
  34.150391	   0.247845
  34.160156	   0.287463
  34.169922	   0.283866
  34.179688	   0.235369
  34.189453	   0.153464
  34.199219	   0.058157
  34.208984	  -0.029384
  34.218750	  -0.094084
  34.228516	  -0.131487
  34.238281	  -0.147996
  34.248047	  -0.156917
  34.257812	  -0.172006
  34.267578	  -0.201116
  34.277344	  -0.242478
  34.287109	  -0.285096
  34.296875	  -0.313121
  34.306641	  -0.312506
  34.316406	  -0.277316
  34.326172	  -0.213152
  34.335938	  -0.136207
  34.345703	  -0.068112
  34.355469	  -0.028377
  34.365234	  -0.027206
  34.375000	  -0.061405
  34.384766	  -0.115055
  34.394531	  -0.164883
  34.404297	  -0.188515
  34.414062	  -0.172696
  34.423828	  -0.118476
  34.433594	  -0.041405
  34.443359	   0.033457
  34.453125	   0.080047
  34.462891	   0.080357
  34.472656	   0.030848
  34.482422	  -0.056070
  34.492188	  -0.156022
  34.501953	  -0.240730
  34.511719	  -0.287279
  34.521484	  -0.285348
  34.531250	  -0.239882
  34.541016	  -0.168362
  34.550781	  -0.093803
  34.560547	  -0.036110
  34.570312	  -0.005044
  34.580078	   0.002645
  34.589844	   0.000877
  34.599609	   0.007649
  34.609375	   0.036749
  34.619141	   0.090986
  34.628906	   0.159616
  34.638672	   0.221125
  34.648438	   0.250501
  34.658203	   0.228441
  34.667969	   0.149131
  34.677734	   0.023665
  34.687500	  -0.122320
  34.697266	  -0.256168
  34.707031	  -0.348390
  34.716797	  -0.382034
  34.726562	  -0.357991
  34.736328	  -0.294385
  34.746094	  -0.220280
  34.755859	  -0.165889
  34.765625	  -0.152703
  34.775391	  -0.186914
  34.785156	  -0.258319
  34.794922	  -0.344888
  34.804688	  -0.421181
  34.814453	  -0.467468
  34.824219	  -0.476213
  34.833984	  -0.453654
  34.843750	  -0.416056
  34.853516	  -0.382234
  34.863281	  -0.365284
  34.873047	  -0.366803
  34.882812	  -0.375864
  34.892578	  -0.373256
  34.902344	  -0.339443
  34.912109	  -0.263264
  34.921875	  -0.148014
  34.931641	  -0.012428
  34.941406	   0.114093
  34.951172	   0.200561
  34.960938	   0.224727
  34.970703	   0.181049
  34.980469	   0.083439
  34.990234	  -0.038293
  35.000000	  -0.147201
  35.009766	  -0.210251
  35.019531	  -0.207981
  35.029297	  -0.139572
  35.039062	  -0.021784
  35.048828	   0.117670
  35.058594	   0.249798
  35.068359	   0.353592
  35.078125	   0.421667
  35.087891	   0.460481
  35.097656	   0.485404
  35.107422	   0.512748
  35.117188	   0.551971
  35.126953	   0.601115
  35.136719	   0.647249
  35.146484	   0.671749
  35.156250	   0.658370
  35.166016	   0.600963
  35.175781	   0.507750
  35.185547	   0.400323
  35.195312	   0.307463
  35.205078	   0.255834
  35.214844	   0.260791
  35.224609	   0.320632
  35.234375	   0.416399
  35.244141	   0.517451
  35.253906	   0.590933
  35.263672	   0.611918
  35.273438	   0.570770
  35.283203	   0.475255
  35.292969	   0.346831
  35.302734	   0.212609
  35.312500	   0.095971
  35.322266	   0.009253
  35.332031	  -0.048944
  35.341797	  -0.091017
  35.351562	  -0.133413
  35.361328	  -0.188276
  35.371094	  -0.256979
  35.380859	  -0.328114
  35.390625	  -0.380820
  35.400391	  -0.392321
  35.410156	  -0.346880
  35.419922	  -0.242834
  35.429688	  -0.094963
  35.439453	   0.068856
  35.449219	   0.215718
  35.458984	   0.317708
  35.468750	   0.360406
  35.478516	   0.346862
  35.488281	   0.295660
  35.498047	   0.233778
  35.507812	   0.186789
  35.517578	   0.169911
  35.527344	   0.183053
  35.537109	   0.211559
  35.546875	   0.232272
  35.556641	   0.222619
  35.566406	   0.169368
  35.576172	   0.073827
  35.585938	  -0.048378
  35.595703	  -0.172805
  35.605469	  -0.274917
  35.615234	  -0.338750
  35.625000	  -0.362317
  35.634766	  -0.357746
  35.644531	  -0.346116
  35.654297	  -0.348931
  35.664062	  -0.379433
  35.673828	  -0.437037
  35.683594	  -0.507026
  35.693359	  -0.565711
  35.703125	  -0.589208
  35.712891	  -0.562632
  35.722656	  -0.486276
  35.732422	  -0.376427
  35.742188	  -0.260371
  35.751953	  -0.167273
  35.761719	  -0.118137
  35.771484	  -0.118444
  35.781250	  -0.156115
  35.791016	  -0.205601
  35.800781	  -0.236685
  35.810547	  -0.224943
  35.820312	  -0.160169
  35.830078	  -0.049860
  35.839844	   0.083407
  35.849609	   0.209690
  35.859375	   0.301679
  35.869141	   0.343391
  35.878906	   0.334553
  35.888672	   0.289254
  35.898438	   0.229581
  35.908203	   0.176790
  35.917969	   0.143406
  35.927734	   0.129252
  35.937500	   0.122876
  35.947266	   0.107745
  35.957031	   0.070760
  35.966797	   0.009670
  35.976562	  -0.063665
  35.986328	  -0.125706
  35.996094	  -0.148791
  36.005859	  -0.111230
  36.015625	  -0.006323
  36.025391	   0.153121
  36.035156	   0.336695
  36.044922	   0.504422
  36.054688	   0.618448
  36.064453	   0.654532
  36.074219	   0.609517
  36.083984	   0.502188
  36.093750	   0.367228
  36.103516	   0.244232
  36.113281	   0.165470
  36.123047	   0.146387
  36.132812	   0.181902
  36.142578	   0.249501
  36.152344	   0.317804
  36.162109	   0.357474
  36.171875	   0.350670
  36.181641	   0.295895
  36.191406	   0.206853
  36.201172	   0.106083
  36.210938	   0.015980
  36.220703	  -0.049402
  36.230469	  -0.088764
  36.240234	  -0.112743
  36.250000	  -0.138378
  36.259766	  -0.181140
  36.269531	  -0.247666
  36.279297	  -0.332010
  36.289062	  -0.416874
  36.298828	  -0.479377
  36.308594	  -0.499250
  36.318359	  -0.466412
  36.328125	  -0.385165
  36.337891	  -0.273465
  36.347656	  -0.157558
  36.357422	  -0.063923
  36.367188	  -0.011419
  36.376953	  -0.006360
  36.386719	  -0.042118
  36.396484	  -0.103120
  36.406250	  -0.171510
  36.416016	  -0.233811
  36.425781	  -0.285018
  36.435547	  -0.328661
  36.445312	  -0.372992
  36.455078	  -0.425014
  36.464844	  -0.484942
  36.474609	  -0.543550
  36.484375	  -0.583735
  36.494141	  -0.585962
  36.503906	  -0.535674
  36.513672	  -0.429873
  36.523438	  -0.280213
  36.533203	  -0.111168
  36.542969	   0.046420
  36.552734	   0.164373
  36.562500	   0.225729
  36.572266	   0.229835
  36.582031	   0.192143
  36.591797	   0.138752
  36.601562	   0.097544
  36.611328	   0.089023
  36.621094	   0.120018
  36.630859	   0.182404
  36.640625	   0.257161
  36.650391	   0.322188
  36.660156	   0.360939
  36.669922	   0.368708
  36.679688	   0.354281
  36.689453	   0.336405
  36.699219	   0.336469
  36.708984	   0.370157
  36.718750	   0.441234
  36.728516	   0.539777
  36.738281	   0.645521
  36.748047	   0.735041
  36.757812	   0.790067
  36.767578	   0.803769
  36.777344	   0.782629
  36.787109	   0.743170
  36.796875	   0.704761
  36.806641	   0.681249
  36.816406	   0.674642
  36.826172	   0.673395
  36.835938	   0.656116
  36.845703	   0.599516
  36.855469	   0.487755
  36.865234	   0.319741
  36.875000	   0.111558
  36.884766	  -0.107072
  36.894531	  -0.301266
  36.904297	  -0.441554
  36.914062	  -0.512890
  36.923828	  -0.518964
  36.933594	  -0.480276
  36.943359	  -0.426699
  36.953125	  -0.387154
  36.962891	  -0.380069
  36.972656	  -0.407961
  36.982422	  -0.457967
  36.992188	  -0.507949
  37.001953	  -0.535779
  37.011719	  -0.528230
  37.021484	  -0.486115
  37.031250	  -0.423703
  37.041016	  -0.362638
  37.050781	  -0.322700
  37.060547	  -0.312978
  37.070312	  -0.326975
  37.080078	  -0.343757
  37.089844	  -0.335018
  37.099609	  -0.275688
  37.109375	  -0.154288
  37.119141	   0.020857
  37.128906	   0.222077
  37.138672	   0.409693
  37.148438	   0.543984
  37.158203	   0.597812
  37.167969	   0.565584
  37.177734	   0.465387
  37.187500	   0.333467
  37.197266	   0.212803
  37.207031	   0.139604
  37.216797	   0.132234
  37.226562	   0.186238
  37.236328	   0.277005
  37.246094	   0.368966
  37.255859	   0.428004
  37.265625	   0.432725
  37.275391	   0.380746
  37.285156	   0.288023
  37.294922	   0.181766
  37.304688	   0.089744
  37.314453	   0.030015
  37.324219	   0.004840
  37.333984	   0.000914
  37.343750	  -0.004330
  37.353516	  -0.032849
  37.363281	  -0.096350
  37.373047	  -0.190572
  37.382812	  -0.295722
  37.392578	  -0.382971
  37.402344	  -0.424670
  37.412109	  -0.404550
  37.421875	  -0.324142
  37.431641	  -0.203000
  37.441406	  -0.072586
  37.451172	   0.034056
  37.460938	   0.093158
  37.470703	   0.097763
  37.480469	   0.059314
  37.490234	   0.002793
  37.500000	  -0.042697
  37.509766	  -0.054467
  37.519531	  -0.024035
  37.529297	   0.040575
  37.539062	   0.118732
  37.548828	   0.185701
  37.558594	   0.222444
  37.568359	   0.223001
  37.578125	   0.196619
  37.587891	   0.163871
  37.597656	   0.148219
  37.607422	   0.166286
  37.617188	   0.220567
  37.626953	   0.297485
  37.636719	   0.371654
  37.646484	   0.414917
  37.656250	   0.406851
  37.666016	   0.342832
  37.675781	   0.236545
  37.685547	   0.115836
  37.695312	   0.013243
  37.705078	  -0.045459
  37.714844	  -0.050567
  37.724609	  -0.012153
  37.734375	   0.043273
  37.744141	   0.082100
  37.753906	   0.075658
  37.763672	   0.010689
  37.773438	  -0.105562
  37.783203	  -0.247505
  37.792969	  -0.379935
  37.802734	  -0.470242
  37.812500	  -0.499758
  37.822266	  -0.470165
  37.832031	  -0.402649
  37.841797	  -0.330065
  37.851562	  -0.284918
  37.861328	  -0.287471
  37.871094	  -0.338262
  37.880859	  -0.417758
  37.890625	  -0.493294
  37.900391	  -0.530852
  37.910156	  -0.507459
  37.919922	  -0.419757
  37.929688	  -0.285658
  37.939453	  -0.138437
  37.949219	  -0.015345
  37.958984	   0.055263
  37.968750	   0.063741
  37.978516	   0.022465
  37.988281	  -0.038466
  37.998047	  -0.081586
  38.007812	  -0.074788
  38.017578	  -0.001979
  38.027344	   0.131981
  38.037109	   0.303606
  38.046875	   0.479300
  38.056641	   0.626847
  38.066406	   0.725698
  38.076172	   0.772452
  38.085938	   0.779810
  38.095703	   0.769750
  38.105469	   0.763775
  38.115234	   0.774109
  38.125000	   0.799251
  38.134766	   0.825541
  38.144531	   0.834007
  38.154297	   0.809709
  38.164062	   0.749756
  38.173828	   0.666640
  38.183594	   0.585296
  38.193359	   0.534682
  38.203125	   0.536880
  38.212891	   0.597762
  38.222656	   0.702901
  38.232422	   0.820559
  38.242188	   0.911088
  38.251953	   0.939685
  38.261719	   0.888132
  38.271484	   0.761379
  38.281250	   0.586576
  38.291016	   0.404735
  38.300781	   0.257824
  38.310547	   0.175660
  38.320312	   0.167073
  38.330078	   0.218258
  38.339844	   0.298722
  38.349609	   0.372547
  38.359375	   0.410870
  38.369141	   0.401147
  38.378906	   0.350024
  38.388672	   0.279037
  38.398438	   0.214991
  38.408203	   0.178811
  38.417969	   0.177155
  38.427734	   0.199981
  38.437500	   0.225007
  38.447266	   0.227326
  38.457031	   0.190494
  38.466797	   0.114764
  38.476562	   0.019118
  38.486328	  -0.063950
  38.496094	  -0.099296
  38.505859	  -0.061833
  38.515625	   0.053475
  38.525391	   0.228065
  38.535156	   0.424167
  38.544922	   0.595819
  38.554688	   0.702854
  38.564453	   0.723091
  38.574219	   0.658605
  38.583984	   0.534002
  38.593750	   0.387434
  38.603516	   0.257620
  38.613281	   0.171462
  38.623047	   0.136534
  38.632812	   0.140880
  38.642578	   0.159856
  38.652344	   0.167202
  38.662109	   0.146050
  38.671875	   0.095685
  38.681641	   0.031533
  38.691406	  -0.021530
  38.701172	  -0.039957
  38.710938	  -0.012185
  38.720703	   0.055006
  38.730469	   0.137037
  38.740234	   0.199026
  38.750000	   0.207664
  38.759766	   0.143200
  38.769531	   0.007137
  38.779297	  -0.177268
  38.789062	  -0.372035
  38.798828	  -0.536619
  38.808594	  -0.640934
  38.818359	  -0.674609
  38.828125	  -0.649222
  38.837891	  -0.592788
  38.847656	  -0.538591
  38.857422	  -0.512518
  38.867188	  -0.523584
  38.876953	  -0.561162
  38.886719	  -0.599952
  38.896484	  -0.610812
  38.906250	  -0.573386
  38.916016	  -0.485712
  38.925781	  -0.367028
  38.935547	  -0.252488
  38.945312	  -0.181440
  38.955078	  -0.183391
  38.964844	  -0.266750
  38.974609	  -0.414552
  38.984375	  -0.588980
  38.994141	  -0.743359
  39.003906	  -0.837594
  39.013672	  -0.851707
  39.023438	  -0.792705
  39.033203	  -0.692271
  39.042969	  -0.595976
  39.052734	  -0.547661
  39.062500	  -0.574342
  39.072266	  -0.676847
  39.082031	  -0.829359
  39.091797	  -0.987973
  39.101562	  -1.105237
  39.111328	  -1.145608
  39.121094	  -1.096511
  39.130859	  -0.971311
  39.140625	  -0.803390
  39.150391	  -0.633668
  39.160156	  -0.496126
  39.169922	  -0.406503
  39.179688	  -0.358072
  39.189453	  -0.325756
  39.199219	  -0.276851
  39.208984	  -0.184244
  39.218750	  -0.037238
  39.228516	   0.153954
  39.238281	   0.361582
  39.248047	   0.550225
  39.257812	   0.689395
  39.267578	   0.764207
  39.277344	   0.780161
  39.287109	   0.760337
  39.296875	   0.736132
  39.306641	   0.735029
  39.316406	   0.770023
  39.326172	   0.834653
  39.335938	   0.905556
  39.345703	   0.951611
  39.355469	   0.946347
  39.365234	   0.879001
  39.375000	   0.760112
  39.384766	   0.619473
  39.394531	   0.497064
  39.404297	   0.430109
  39.414062	   0.440827
  39.423828	   0.529204
  39.433594	   0.673316
  39.443359	   0.837002
  39.453125	   0.982102
  39.462891	   1.080875
  39.472656	   1.124211
  39.482422	   1.122870
  39.492188	   1.101541
  39.501953	   1.088139
  39.511719	   1.102435
  39.521484	   1.148300
  39.531250	   1.212401
  39.541016	   1.269744
  39.550781	   1.293883
  39.560547	   1.267845
  39.570312	   1.191550
  39.580078	   1.082827
  39.589844	   0.971493
  39.599609	   0.888593
  39.609375	   0.854730
  39.619141	   0.871831
  39.628906	   0.921480
  39.638672	   0.970609
  39.648438	   0.982653
  39.658203	   0.930278
  39.667969	   0.805202
  39.677734	   0.621613
  39.687500	   0.411997
  39.697266	   0.216841
  39.707031	   0.071842
  39.716797	  -0.002940
  39.726562	  -0.008306
  39.736328	   0.036053
  39.746094	   0.099720
  39.755859	   0.152704
  39.765625	   0.175439
  39.775391	   0.164055
  39.785156	   0.129261
  39.794922	   0.089617
  39.804688	   0.062128
  39.814453	   0.053995
  39.824219	   0.058886
  39.833984	   0.059219
  39.843750	   0.033566
  39.853516	  -0.033794
  39.863281	  -0.145048
  39.873047	  -0.286094
  39.882812	  -0.430237
  39.892578	  -0.547281
  39.902344	  -0.614754
  39.912109	  -0.627031
  39.921875	  -0.598725
  39.931641	  -0.560691
  39.941406	  -0.549720
  39.951172	  -0.595382
  39.960938	  -0.708685
  39.970703	  -0.876747
  39.980469	  -1.065648
  39.990234	  -1.230758
