# Time	Amplitude (cm/s/s)
   0.000000	  -0.173602
   0.009766	  -0.092547
   0.019531	  -0.031165
   0.029297	  -0.029069
   0.039062	  -0.095090
   0.048828	  -0.203900
   0.058594	  -0.305165
   0.068359	  -0.342045
   0.078125	  -0.272490
   0.087891	  -0.085704
   0.097656	   0.192249
   0.107422	   0.505940
   0.117188	   0.788761
   0.126953	   0.985509
   0.136719	   1.071362
   0.146484	   1.060309
   0.156250	   0.999700
   0.166016	   0.952352
   0.175781	   0.972137
   0.185547	   1.081397
   0.195312	   1.258136
   0.205078	   1.437836
   0.214844	   1.529818
   0.224609	   1.443203
   0.234375	   1.114200
   0.244141	   0.525940
   0.253906	  -0.285570
   0.263672	  -1.241204
   0.273438	  -2.240946
   0.283203	  -3.191315
   0.292969	  -4.029216
   0.302734	  -4.734801
   0.312500	  -5.329754
   0.322266	  -5.862285
   0.332031	  -6.384401
   0.341797	  -6.929357
   0.351562	  -7.496732
   0.361328	  -8.049784
   0.371094	  -8.525413
   0.380859	  -8.852907
   0.390625	  -8.974988
   0.400391	  -8.864233
   0.410156	  -8.529937
   0.419922	  -8.013894
   0.429688	  -7.377275
   0.439453	  -6.683441
   0.449219	  -5.982400
   0.458984	  -5.301401
   0.468750	  -4.643671
   0.478516	  -3.994355
   0.488281	  -3.330520
   0.498047	  -2.631279
   0.507812	  -1.884862
   0.517578	  -1.091263
   0.527344	  -0.261124
   0.537109	   0.587076
   0.546875	   1.429295
   0.556641	   2.236380
   0.566406	   2.973023
   0.576172	   3.597029
   0.585938	   4.061211
   0.595703	   4.319518
   0.605469	   4.337193
   0.615234	   4.102614
   0.625000	   3.636877
   0.634766	   2.996968
   0.644531	   2.269812
   0.654297	   1.557253
   0.664062	   0.955185
   0.673828	   0.532479
   0.683594	   0.316030
   0.693359	   0.286782
   0.703125	   0.388364
   0.712891	   0.545911
   0.722656	   0.689266
   0.732422	   0.773174
   0.742188	   0.787974
   0.751953	   0.757436
   0.761719	   0.724779
   0.771484	   0.731979
   0.781250	   0.799890
   0.791016	   0.916452
   0.800781	   1.037498
   0.810547	   1.100207
   0.820312	   1.044700
   0.830078	   0.836230
   0.839844	   0.479958
   0.849609	   0.022704
   0.859375	  -0.459493
   0.869141	  -0.884224
   0.878906	  -1.188431
   0.888672	  -1.348215
   0.898438	  -1.385806
   0.908203	  -1.360975
   0.917969	  -1.349468
   0.927734	  -1.415507
   0.937500	  -1.587557
   0.947266	  -1.845607
   0.957031	  -2.124463
   0.966797	  -2.332292
   0.976562	  -2.378603
   0.986328	  -2.202742
   0.996094	  -1.793841
   1.005859	  -1.195974
   1.015625	  -0.497095
   1.025391	   0.194488
   1.035156	   0.778568
   1.044922	   1.187617
   1.054688	   1.400361
   1.064453	   1.441085
   1.074219	   1.366119
   1.083984	   1.242871
   1.093750	   1.128701
   1.103516	   1.056265
   1.113281	   1.029188
   1.123047	   1.028093
   1.132812	   1.023524
   1.142578	   0.990344
   1.152344	   0.918323
   1.162109	   0.815594
   1.171875	   0.704612
   1.181641	   0.613067
   1.191406	   0.563731
   1.201172	   0.567198
   1.210938	   0.619866
   1.220703	   0.707200
   1.230469	   0.810253
   1.240234	   0.912379
   1.250000	   1.003432
   1.259766	   1.080256
   1.269531	   1.144166
   1.279297	   1.197537
   1.289062	   1.241927
   1.298828	   1.279178
   1.308594	   1.315131
   1.318359	   1.363759
   1.328125	   1.448612
   1.337891	   1.598996
   1.347656	   1.840317
   1.357422	   2.180692
   1.367188	   2.598388
   1.376953	   3.035574
   1.386719	   3.402767
   1.396484	   3.595303
   1.406250	   3.518981
   1.416016	   3.118273
   1.425781	   2.398454
   1.435547	   1.433781
   1.445312	   0.357383
   1.455078	  -0.666124
   1.464844	  -1.478726
   1.474609	  -1.967413
   1.484375	  -2.091768
   1.494141	  -1.892380
   1.503906	  -1.477313
   1.513672	  -0.990484
   1.523438	  -0.571364
   1.533203	  -0.318119
   1.542969	  -0.265094
   1.552734	  -0.380945
   1.562500	  -0.587028
   1.572266	  -0.789221
   1.582031	  -0.912193
   1.591797	  -0.924670
   1.601562	  -0.847543
   1.611328	  -0.742693
   1.621094	  -0.686946
   1.630859	  -0.740630
   1.640625	  -0.921890
   1.650391	  -1.195816
   1.660156	  -1.482329
   1.669922	  -1.680268
   1.679688	  -1.699669
   1.689453	  -1.491422
   1.699219	  -1.064473
   1.708984	  -0.484878
   1.718750	   0.142867
   1.728516	   0.706053
   1.738281	   1.115702
   1.748047	   1.330081
   1.757812	   1.362680
   1.767578	   1.272779
   1.777344	   1.142396
   1.787109	   1.047638
   1.796875	   1.033813
   1.806641	   1.102022
   1.816406	   1.210809
   1.826172	   1.291460
   1.835938	   1.271325
   1.845703	   1.097453
   1.855469	   0.753340
   1.865234	   0.264375
   1.875000	  -0.308560
   1.884766	  -0.884259
   1.894531	  -1.379899
   1.904297	  -1.727818
   1.914062	  -1.886459
   1.923828	  -1.844066
   1.933594	  -1.616140
   1.943359	  -1.239106
   1.953125	  -0.762800
   1.962891	  -0.243489
   1.972656	   0.262238
   1.982422	   0.703321
   1.992188	   1.040545
   2.001953	   1.253232
   2.011719	   1.344905
   2.021484	   1.345563
   2.031250	   1.308157
   2.041016	   1.298171
   2.050781	   1.377479
   2.060547	   1.586187
   2.070312	   1.927834
   2.080078	   2.363314
   2.089844	   2.816855
   2.099609	   3.193816
   2.109375	   3.406067
   2.119141	   3.397652
   2.128906	   3.162620
   2.138672	   2.748765
   2.148438	   2.245164
   2.158203	   1.756641
   2.167969	   1.372747
   2.177734	   1.141055
   2.187500	   1.053548
   2.197266	   1.050902
   2.207031	   1.043617
   2.216797	   0.943367
   2.226562	   0.694306
   2.236328	   0.293874
   2.246094	  -0.204020
   2.255859	  -0.704806
   2.265625	  -1.103026
   2.275391	  -1.316313
   2.285156	  -1.312286
   2.294922	  -1.119394
   2.304688	  -0.818043
   2.314453	  -0.514971
   2.324219	  -0.309433
   2.333984	  -0.262434
   2.343750	  -0.379160
   2.353516	  -0.610176
   2.363281	  -0.870568
   2.373047	  -1.070162
   2.382812	  -1.144351
   2.392578	  -1.075045
   2.402344	  -0.894934
   2.412109	  -0.674080
   2.421875	  -0.493996
   2.431641	  -0.418543
   2.441406	  -0.471842
   2.451172	  -0.630679
   2.460938	  -0.833676
   2.470703	  -1.003546
   2.480469	  -1.074354
   2.490234	  -1.014134
   2.500000	  -0.835170
   2.509766	  -0.588791
   2.519531	  -0.347058
   2.529297	  -0.178219
   2.539062	  -0.124712
   2.548828	  -0.191223
   2.558594	  -0.346368
   2.568359	  -0.536552
   2.578125	  -0.706236
   2.587891	  -0.816833
   2.597656	  -0.857368
   2.607422	  -0.843492
   2.617188	  -0.806018
   2.626953	  -0.774152
   2.636719	  -0.760470
   2.646484	  -0.753842
   2.656250	  -0.723186
   2.666016	  -0.630621
   2.675781	  -0.448727
   2.685547	  -0.174947
   2.695312	   0.162884
   2.705078	   0.512519
   2.714844	   0.813017
   2.724609	   1.014559
   2.734375	   1.095011
   2.744141	   1.066933
   2.753906	   0.972195
   2.763672	   0.866004
   2.773438	   0.796163
   2.783203	   0.785310
   2.792969	   0.822839
   2.802734	   0.869706
   2.812500	   0.874433
   2.822266	   0.794378
   2.832031	   0.614180
   2.841797	   0.354181
   2.851562	   0.065267
   2.861328	  -0.188377
   2.871094	  -0.352452
   2.880859	  -0.403102
   2.890625	  -0.356949
   2.900391	  -0.266439
   2.910156	  -0.201630
   2.919922	  -0.224675
   2.929688	  -0.366134
   2.939453	  -0.611864
   2.949219	  -0.905650
   2.958984	  -1.167111
   2.968750	  -1.318883
   2.978516	  -1.313607
   2.988281	  -1.151104
   2.998047	  -0.879527
   3.007812	  -0.579928
   3.017578	  -0.339623
   3.027344	  -0.223770
   3.037109	  -0.255265
   3.046875	  -0.409993
   3.056641	  -0.628933
   3.066406	  -0.842380
   3.076172	  -0.997101
   3.085938	  -1.076135
   3.095703	  -1.103652
   3.105469	  -1.132867
   3.115234	  -1.221454
   3.125000	  -1.403783
   3.134766	  -1.670827
   3.144531	  -1.966074
   3.154297	  -2.200063
   3.164062	  -2.279279
   3.173828	  -2.139579
   3.183594	  -1.772169
   3.193359	  -1.232291
   3.203125	  -0.626534
   3.212891	  -0.082144
   3.222656	   0.291877
   3.232422	   0.438876
   3.242188	   0.372238
   3.251953	   0.170419
   3.261719	  -0.049213
   3.271484	  -0.169028
   3.281250	  -0.109291
   3.291016	   0.146940
   3.300781	   0.550315
   3.310547	   1.003800
   3.320312	   1.396482
   3.330078	   1.640557
   3.339844	   1.698665
   3.349609	   1.592407
   3.359375	   1.389777
   3.369141	   1.176797
   3.378906	   1.024172
   3.388672	   0.961324
   3.398438	   0.967236
   3.408203	   0.981145
   3.417969	   0.928772
   3.427734	   0.754008
   3.437500	   0.443975
   3.447266	   0.037881
   3.457031	  -0.383935
   3.466797	  -0.726985
   3.476562	  -0.915877
   3.486328	  -0.921633
   3.496094	  -0.772931
   3.505859	  -0.546900
   3.515625	  -0.342537
   3.525391	  -0.246156
   3.535156	  -0.301232
   3.544922	  -0.493508
   3.554688	  -0.756716
   3.564453	  -0.996870
   3.574219	  -1.126354
   3.583984	  -1.095512
   3.593750	  -0.910388
   3.603516	  -0.630302
   3.613281	  -0.346286
   3.623047	  -0.148339
   3.632812	  -0.093463
   3.642578	  -0.186083
   3.652344	  -0.377840
   3.662109	  -0.586591
   3.671875	  -0.727425
   3.681641	  -0.744099
   3.691406	  -0.629232
   3.701172	  -0.425834
   3.710938	  -0.209719
   3.720703	  -0.059472
   3.730469	  -0.025353
   3.740234	  -0.108881
   3.750000	  -0.260923
   3.759766	  -0.399197
   3.769531	  -0.438788
   3.779297	  -0.324356
   3.789062	  -0.051960
   3.798828	   0.327814
   3.808594	   0.726794
   3.818359	   1.050109
   3.828125	   1.229584
   3.837891	   1.247175
   3.847656	   1.139565
   3.857422	   0.982083
   3.867188	   0.857917
   3.876953	   0.824305
   3.886719	   0.888753
   3.896484	   1.004813
   3.906250	   1.089673
   3.916016	   1.057515
   3.925781	   0.856286
   3.935547	   0.493716
   3.945312	   0.041862
   3.955078	  -0.382882
   3.964844	  -0.658316
   3.974609	  -0.700238
   3.984375	  -0.495644
   3.994141	  -0.112537
   4.003906	   0.318492
   4.013672	   0.645815
   4.023438	   0.747766
   4.033203	   0.575537
   4.042969	   0.172656
   4.052734	  -0.336526
   4.062500	  -0.786229
   4.072266	  -1.023563
   4.082031	  -0.959367
   4.091797	  -0.598001
   4.101562	  -0.035645
   4.111328	   0.572534
   4.121094	   1.065125
   4.130859	   1.328881
   4.140625	   1.335893
   4.150391	   1.150597
   4.160156	   0.904246
   4.169922	   0.745904
   4.179688	   0.787332
   4.189453	   1.061283
   4.199219	   1.508014
   4.208984	   1.994857
   4.218750	   2.361985
   4.228516	   2.478232
   4.238281	   2.287280
   4.248047	   1.827951
   4.257812	   1.221523
   4.267578	   0.630711
   4.277344	   0.204911
   4.287109	   0.031095
   4.296875	   0.107565
   4.306641	   0.349447
   4.316406	   0.623394
   4.326172	   0.798489
   4.335938	   0.794647
   4.345703	   0.610934
   4.355469	   0.323663
   4.365234	   0.055315
   4.375000	  -0.073965
   4.384766	   0.005893
   4.394531	   0.285844
   4.404297	   0.678463
   4.414062	   1.048547
   4.423828	   1.262571
   4.433594	   1.238858
   4.443359	   0.979782
   4.453125	   0.573678
   4.462891	   0.165140
   4.472656	  -0.096014
   4.482422	  -0.108771
   4.492188	   0.141789
   4.501953	   0.577883
   4.511719	   1.056024
   4.521484	   1.418268
   4.531250	   1.549305
   4.541016	   1.418516
   4.550781	   1.091261
   4.560547	   0.704693
   4.570312	   0.416378
   4.580078	   0.344222
   4.589844	   0.519909
   4.599609	   0.873645
   4.609375	   1.256994
   4.619141	   1.496690
   4.628906	   1.460679
   4.638672	   1.112389
   4.648438	   0.532594
   4.658203	  -0.100796
   4.667969	  -0.569813
   4.677734	  -0.691617
   4.687500	  -0.385736
   4.697266	   0.291017
   4.707031	   1.155827
   4.716797	   1.955490
   4.726562	   2.448825
   4.736328	   2.488306
   4.746094	   2.072591
   4.755859	   1.350797
   4.765625	   0.575482
   4.775391	   0.018932
   4.785156	  -0.119443
   4.794922	   0.217079
   4.804688	   0.920289
   4.814453	   1.751471
   4.824219	   2.422268
   4.833984	   2.695368
   4.843750	   2.470659
   4.853516	   1.826246
   4.863281	   0.998235
   4.873047	   0.303690
   4.882812	   0.031105
   4.892578	   0.335204
   4.902344	   1.173520
   4.912109	   2.310178
   4.921875	   3.391185
   4.931641	   4.071638
   4.941406	   4.156464
   4.951172	   3.708692
   4.960938	   3.085912
   4.970703	   2.885011
   4.980469	   3.802138
   4.990234	   6.441246
   5.000000	  11.122507
   5.009766	  17.745799
   5.019531	  25.752550
   5.029297	  34.204320
   5.039062	  41.965336
   5.048828	  47.947130
   5.058594	  51.354691
   5.068359	  51.870498
   5.078125	  49.726649
   5.087891	  45.642834
   5.097656	  40.642141
   5.107422	  35.788779
   5.117188	  31.913398
   5.126953	  29.396877
   5.136719	  28.070483
   5.146484	  27.261916
   5.156250	  25.979810
   5.166016	  23.192801
   5.175781	  18.132770
   5.185547	  10.542400
   5.195312	   0.798139
   5.205078	 -10.130933
   5.214844	 -20.886464
   5.224609	 -30.041391
   5.234375	 -36.458838
   5.244141	 -39.595548
   5.253906	 -39.665057
   5.263672	 -37.608140
   5.273438	 -34.866471
   5.283203	 -33.008129
   5.292969	 -33.296627
   5.302734	 -36.316077
   5.312500	 -41.756969
   5.322266	 -48.429952
   5.332031	 -54.517451
   5.341797	 -58.009412
   5.351562	 -57.217173
   5.361328	 -51.233415
   5.371094	 -40.214897
   5.380859	 -25.407488
   5.390625	  -8.899313
   5.400391	   6.839799
   5.410156	  19.516139
   5.419922	  27.523234
   5.429688	  30.274054
   5.439453	  28.270612
   5.449219	  22.899257
   5.458984	  16.015254
   5.468750	   9.437173
   5.478516	   4.493703
   5.488281	   1.746383
   5.498047	   0.957000
   5.507812	   1.294575
   5.517578	   1.705867
   5.527344	   1.326613
   5.537109	  -0.197884
   5.546875	  -2.582401
   5.556641	  -4.999146
   5.566406	  -6.367320
   5.576172	  -5.738340
   5.585938	  -2.650003
   5.595703	   2.667084
   5.605469	   9.300496
   5.615234	  15.885129
   5.625000	  20.981889
   5.634766	  23.489668
   5.644531	  22.963137
   5.654297	  19.737716
   5.664062	  14.822717
   5.673828	   9.595313
   5.683594	   5.389169
   5.693359	   3.103288
   5.703125	   2.949174
   5.712891	   4.410740
   5.722656	   6.425348
   5.732422	   7.727139
   5.742188	   7.245968
   5.751953	   4.441432
   5.761719	  -0.525124
   5.771484	  -6.825519
   5.781250	 -13.187523
   5.791016	 -18.231425
   5.800781	 -20.816708
   5.810547	 -20.299354
   5.820312	 -16.635132
   5.830078	 -10.316907
   5.839844	  -2.186594
   5.849609	   6.802434
   5.859375	  15.789435
   5.869141	  24.115525
   5.878906	  31.318196
   5.888672	  37.037191
   5.898438	  40.891601
   5.908203	  42.397760
   5.917969	  40.979983
   5.927734	  36.087930
   5.937500	  27.389187
   5.947266	  14.970142
   5.957031	  -0.534322
   5.966797	 -17.945837
   5.976562	 -35.705552
   5.986328	 -52.166682
   5.996094	 -65.942278
   6.005859	 -76.209469
   6.015625	 -82.877819
   6.025391	 -86.565864
   6.035156	 -88.385744
   6.044922	 -89.593940
   6.054688	 -91.208100
   6.064453	 -93.702098
   6.074219	 -96.869327
   6.083984	 -99.894105
   6.093750	-101.608015
   6.103516	-100.851560
   6.113281	 -96.829114
   6.123047	 -89.347243
   6.132812	 -78.862631
   6.142578	 -66.325305
   6.152344	 -52.867403
   6.162109	 -39.437531
   6.171875	 -26.500088
   6.181641	 -13.901522
   6.191406	  -0.955720
   6.201172	  13.266677
   6.210938	  29.525361
   6.220703	  47.997377
   6.230469	  67.995247
   6.240234	  87.916387
   6.250000	 105.462155
   6.259766	 118.089386
   6.269531	 123.589165
   6.279297	 120.646499
   6.289062	 109.232433
   6.298828	  90.718528
   6.308594	  67.672591
   6.318359	  43.375887
   6.328125	  21.173956
   6.337891	   3.816333
   6.347656	  -7.056739
   6.357422	 -11.160703
   6.367188	  -9.495325
   6.376953	  -3.986018
   6.386719	   3.059796
   6.396484	   9.535317
   6.406250	  14.005982
   6.416016	  15.955887
   6.425781	  15.760248
   6.435547	  14.411670
   6.445312	  13.094592
   6.455078	  12.740603
   6.464844	  13.697364
   6.474609	  15.606060
   6.484375	  17.518153
   6.494141	  18.210205
   6.503906	  16.596685
   6.513672	  12.111982
   6.523438	   4.942495
   6.533203	  -3.965106
   6.542969	 -13.125985
   6.552734	 -20.906579
   6.562500	 -25.967225
   6.572266	 -27.626694
   6.582031	 -26.039506
   6.591797	 -22.132063
   6.601562	 -17.315483
   6.611328	 -13.060052
   6.621094	 -10.458019
   6.630859	  -9.905305
   6.640625	 -10.996983
   6.650391	 -12.666799
   6.660156	 -13.527057
   6.669922	 -12.304546
   6.679688	  -8.239490
   6.689453	  -1.326867
   6.699219	   7.671011
   6.708984	  17.440154
   6.718750	  26.487256
   6.728516	  33.548914
   6.738281	  37.907876
   6.748047	  39.518115
   6.757812	  38.903887
   6.767578	  36.872977
   6.777344	  34.146721
   6.787109	  31.038724
   6.796875	  27.300126
   6.806641	  22.195442
   6.816406	  14.795914
   6.826172	   4.401409
   6.835938	  -9.048027
   6.845703	 -24.716647
   6.855469	 -40.878960
   6.865234	 -55.216202
   6.875000	 -65.342411
   6.884766	 -69.423275
   6.894531	 -66.712925
   6.904297	 -57.846847
   6.914062	 -44.790622
   6.923828	 -30.437431
   6.933594	 -17.945402
   6.943359	  -9.980477
   6.953125	  -8.059922
   6.962891	 -12.167337
   6.972656	 -20.739172
   6.982422	 -31.025589
   6.992188	 -39.732468
   7.001953	 -43.782617
   7.011719	 -41.010466
   7.021484	 -30.629946
   7.031250	 -13.380082
   7.041016	   8.662849
   7.050781	  32.537971
   7.060547	  54.993994
   7.070312	  73.083863
   7.080078	  84.638011
   7.089844	  88.540391
   7.099609	  84.787896
   7.109375	  74.363623
   7.119141	  58.985564
   7.128906	  40.800071
   7.138672	  22.077700
   7.148438	   4.946829
   7.158203	  -8.821369
   7.167969	 -17.976375
   7.177734	 -21.901898
   7.187500	 -20.674847
   7.197266	 -15.056708
   7.207031	  -6.401925
   7.216797	   3.524170
   7.226562	  12.807046
   7.236328	  19.690207
   7.246094	  22.873928
   7.255859	  21.743384
   7.265625	  16.472737
   7.275391	   7.976908
   7.285156	  -2.281945
   7.294922	 -12.590709
   7.304688	 -21.316827
   7.314453	 -27.200578
   7.324219	 -29.546831
   7.333984	 -28.283969
   7.343750	 -23.893361
   7.353516	 -17.244232
   7.363281	  -9.387082
   7.373047	  -1.359651
   7.382812	   5.955427
   7.392578	  11.905947
   7.402344	  16.086633
   7.412109	  18.320064
   7.421875	  18.627596
   7.431641	  17.206310
   7.441406	  14.412310
   7.451172	  10.736851
   7.460938	   6.756699
   7.470703	   3.047208
   7.480469	   0.063701
   7.490234	  -1.982787
   7.500000	  -3.214504
   7.509766	  -4.098470
   7.519531	  -5.353784
   7.529297	  -7.757813
   7.539062	 -11.889708
   7.548828	 -17.878877
   7.558594	 -25.237802
   7.568359	 -32.846297
   7.578125	 -39.118745
   7.587891	 -42.335436
   7.597656	 -41.068130
   7.607422	 -34.593847
   7.617188	 -23.182177
   7.626953	  -8.164871
   7.636719	   8.252220
   7.646484	  23.408508
   7.656250	  34.749754
   7.666016	  40.398814
   7.675781	  39.594977
   7.685547	  32.888762
   7.695312	  22.037440
   7.705078	   9.620260
   7.714844	  -1.537819
   7.724609	  -8.997481
   7.734375	 -11.241957
   7.744141	  -7.994315
   7.753906	  -0.244946
   7.763672	  10.009894
   7.773438	  20.248852
   7.783203	  28.006510
   7.792969	  31.416998
   7.802734	  29.597793
   7.812500	  22.795178
   7.822266	  12.272836
   7.832031	  -0.014190
   7.841797	 -11.871243
   7.851562	 -21.330247
   7.861328	 -27.024762
   7.871094	 -28.398572
   7.880859	 -25.718225
   7.890625	 -19.908810
   7.900391	 -12.272202
   7.910156	  -4.168895
   7.919922	   3.255676
   7.929688	   9.240032
   7.939453	  13.444724
   7.949219	  15.871746
   7.958984	  16.709219
   7.968750	  16.162478
   7.978516	  14.331263
   7.988281	  11.173706
   7.998047	   6.567059
   8.007812	   0.441734
   8.017578	  -7.061048
   8.027344	 -15.468735
   8.037109	 -23.947094
   8.046875	 -31.387948
   8.056641	 -36.607412
   8.066406	 -38.611051
   8.076172	 -36.856809
   8.085938	 -31.439756
   8.095703	 -23.137775
   8.105469	 -13.291438
   8.115234	  -3.535574
   8.125000	   4.557662
   8.134766	   9.836508
   8.144531	  11.835483
   8.154297	  10.877514
   8.164062	   7.981678
   8.173828	   4.597079
   8.183594	   2.230010
   8.193359	   2.060664
   8.203125	   4.648638
   8.212891	   9.802377
   8.222656	  16.643111
   8.232422	  23.841473
   8.242188	  29.959524
   8.251953	  33.805080
   8.261719	  34.705862
   8.271484	  32.636986
   8.281250	  28.178497
   8.291016	  22.326805
   8.300781	  16.221451
   8.310547	  10.866294
   8.320312	   6.918196
   8.330078	   4.590073
   8.339844	   3.678140
   8.349609	   3.687341
   8.359375	   4.004993
   8.369141	   4.066844
   8.378906	   3.471798
   8.388672	   2.025674
   8.398438	  -0.278941
   8.408203	  -3.319833
   8.417969	  -6.905586
   8.427734	 -10.812968
   8.437500	 -14.792223
   8.447266	 -18.550677
   8.457031	 -21.738468
   8.466797	 -23.961903
   8.476562	 -24.839054
   8.486328	 -24.092741
   8.496094	 -21.655826
   8.505859	 -17.751012
   8.515625	 -12.908125
   8.525391	  -7.897246
   8.535156	  -3.581855
   8.544922	  -0.723838
   8.554688	   0.207720
   8.564453	  -0.832560
   8.574219	  -3.438861
   8.583984	  -6.844889
   8.593750	 -10.112887
   8.603516	 -12.370856
   8.613281	 -13.032029
   8.623047	 -11.934681
   8.632812	  -9.363291
   8.642578	  -5.947181
   8.652344	  -2.468938
   8.662109	   0.358957
   8.671875	   2.082996
   8.681641	   2.609305
   8.691406	   2.191171
   8.701172	   1.314084
   8.710938	   0.519963
   8.720703	   0.229034
   8.730469	   0.615480
   8.740234	   1.572958
   8.750000	   2.775356
   8.759766	   3.807095
   8.769531	   4.315893
   8.779297	   4.135821
   8.789062	   3.340686
   8.798828	   2.212647
   8.808594	   1.139812
   8.818359	   0.479745
   8.828125	   0.435857
   8.837891	   0.987768
   8.847656	   1.897398
   8.857422	   2.786717
   8.867188	   3.259570
   8.876953	   3.026411
   8.886719	   1.991427
   8.896484	   0.275426
   8.906250	  -1.829870
   8.916016	  -3.957854
   8.925781	  -5.779360
   8.935547	  -7.093567
   8.945312	  -7.868771
   8.955078	  -8.222438
   8.964844	  -8.350982
   8.974609	  -8.436257
   8.984375	  -8.562729
   8.994141	  -8.674567
   9.003906	  -8.587507
   9.013672	  -8.051501
   9.023438	  -6.843019
   9.033203	  -4.856184
   9.042969	  -2.162396
   9.052734	   0.981715
   9.062500	   4.181900
   9.072266	   6.996350
   9.082031	   9.042652
   9.091797	  10.091686
   9.101562	  10.123038
   9.111328	   9.327996
   9.121094	   8.060773
   9.130859	   6.751968
   9.140625	   5.806771
   9.150391	   5.512415
   9.160156	   5.975116
   9.169922	   7.098308
   9.179688	   8.604042
   9.189453	  10.090683
   9.199219	  11.113956
   9.208984	  11.275746
   9.218750	  10.305152
   9.228516	   8.118457
   9.238281	   4.848047
   9.248047	   0.834527
   9.257812	  -3.418781
   9.267578	  -7.323993
   9.277344	 -10.308459
   9.287109	 -11.919667
   9.296875	 -11.915394
   9.306641	 -10.319471
   9.316406	  -7.428477
   9.326172	  -3.763935
   9.335938	   0.023413
   9.345703	   3.278816
   9.355469	   5.471435
   9.365234	   6.296080
   9.375000	   5.725157
   9.384766	   3.999012
   9.394531	   1.558179
   9.404297	  -1.064366
   9.414062	  -3.363028
   9.423828	  -4.961593
   9.433594	  -5.673747
   9.443359	  -5.511144
   9.453125	  -4.643206
   9.462891	  -3.325882
   9.472656	  -1.823670
   9.482422	  -0.348347
   9.492188	   0.970192
   9.501953	   2.077887
   9.511719	   2.964508
   9.521484	   3.623064
   9.531250	   4.019527
   9.541016	   4.086260
   9.550781	   3.742346
   9.560547	   2.932786
   9.570312	   1.670435
   9.580078	   0.062427
   9.589844	  -1.692401
   9.599609	  -3.338635
   9.609375	  -4.623764
   9.619141	  -5.364446
   9.628906	  -5.498283
   9.638672	  -5.103247
   9.648438	  -4.376499
   9.658203	  -3.577059
   9.667969	  -2.948451
   9.677734	  -2.644334
   9.687500	  -2.679843
   9.697266	  -2.923994
   9.707031	  -3.136362
   9.716797	  -3.038003
   9.726562	  -2.396410
   9.736328	  -1.100206
   9.746094	   0.797691
   9.755859	   3.080542
   9.765625	   5.411668
   9.775391	   7.409710
   9.785156	   8.735246
   9.794922	   9.166663
   9.804688	   8.647081
   9.814453	   7.292572
   9.824219	   5.362065
   9.833984	   3.198456
   9.843750	   1.156198
   9.853516	  -0.467958
   9.863281	  -1.487022
   9.873047	  -1.849964
   9.882812	  -1.639698
   9.892578	  -1.046143
   9.902344	  -0.321650
   9.912109	   0.272005
   9.921875	   0.515615
   9.931641	   0.275129
   9.941406	  -0.471793
   9.951172	  -1.629542
   9.960938	  -3.000098
   9.970703	  -4.318455
   9.980469	  -5.302495
   9.990234	  -5.708533
  10.000000	  -5.381686
  10.009766	  -4.290131
  10.019531	  -2.534859
  10.029297	  -0.331523
  10.039062	   2.032571
  10.048828	   4.256942
  10.058594	   6.088104
  10.068359	   7.366786
  10.078125	   8.050603
  10.087891	   8.207089
  10.097656	   7.980131
  10.107422	   7.540249
  10.117188	   7.033653
  10.126953	   6.545039
  10.136719	   6.084611
  10.146484	   5.602156
  10.156250	   5.022411
  10.166016	   4.289265
  10.175781	   3.403465
  10.185547	   2.440604
  10.195312	   1.542398
  10.205078	   0.882844
  10.214844	   0.619014
  10.224609	   0.841412
  10.234375	   1.539415
  10.244141	   2.593144
  10.253906	   3.795417
  10.263672	   4.898616
  10.273438	   5.674039
  10.283203	   5.967679
  10.292969	   5.737420
  10.302734	   5.061921
  10.312500	   4.119293
  10.322266	   3.141758
  10.332031	   2.358499
  10.341797	   1.941372
  10.351562	   1.966599
  10.361328	   2.400684
  10.371094	   3.112288
  10.380859	   3.905389
  10.390625	   4.564502
  10.400391	   4.900880
  10.410156	   4.789573
  10.419922	   4.190422
  10.429688	   3.150273
  10.439453	   1.787908
  10.449219	   0.266418
  10.458984	  -1.240420
  10.468750	  -2.580884
  10.478516	  -3.651150
  10.488281	  -4.409969
  10.498047	  -4.880139
  10.507812	  -5.137120
  10.517578	  -5.287424
  10.527344	  -5.441329
  10.537109	  -5.685647
  10.546875	  -6.062457
  10.556641	  -6.558631
  10.566406	  -7.108715
  10.576172	  -7.610645
  10.585938	  -7.950554
  10.595703	  -8.030426
  10.605469	  -7.791447
  10.615234	  -7.226848
  10.625000	  -6.380909
  10.634766	  -5.334716
  10.644531	  -4.183139
  10.654297	  -3.010178
  10.664062	  -1.870261
  10.673828	  -0.781184
  10.683594	   0.269447
  10.693359	   1.306921
  10.703125	   2.347640
  10.712891	   3.380907
  10.722656	   4.361304
  10.732422	   5.215206
  10.742188	   5.860096
  10.751953	   6.230750
  10.761719	   6.303522
  10.771484	   6.109997
  10.781250	   5.734311
  10.791016	   5.293511
  10.800781	   4.905931
  10.810547	   4.656793
  10.820312	   4.571692
  10.830078	   4.606704
  10.839844	   4.659092
  10.849609	   4.596393
  10.859375	   4.295978
  10.869141	   3.683816
  10.878906	   2.761131
  10.888672	   1.611060
  10.898438	   0.383149
  10.908203	  -0.740105
  10.917969	  -1.585455
  10.927734	  -2.028366
  10.937500	  -2.019440
  10.947266	  -1.591557
  10.957031	  -0.847126
  10.966797	   0.069672
  10.976562	   1.007086
  10.986328	   1.836915
  10.996094	   2.474920
  11.005859	   2.886804
  11.015625	   3.080608
  11.025391	   3.090230
  11.035156	   2.956696
  11.044922	   2.713517
  11.054688	   2.380220
  11.064453	   1.964841
  11.074219	   1.473018
  11.083984	   0.919255
  11.093750	   0.335525
  11.103516	  -0.226394
  11.113281	  -0.700153
  11.123047	  -1.016382
  11.132812	  -1.117287
  11.142578	  -0.970152
  11.152344	  -0.575976
  11.162109	   0.029066
  11.171875	   0.779709
  11.181641	   1.593677
  11.191406	   2.386824
  11.201172	   3.087891
  11.210938	   3.649710
  11.220703	   4.054658
  11.230469	   4.313519
  11.240234	   4.458355
  11.250000	   4.531183
  11.259766	   4.571149
  11.269531	   4.603137
  11.279297	   4.630538
  11.289062	   4.633977
  11.298828	   4.576512
  11.308594	   4.414221
  11.318359	   4.109618
  11.328125	   3.644392
  11.337891	   3.027796
  11.347656	   2.297926
  11.357422	   1.514864
  11.367188	   0.746999
  11.376953	   0.053937
  11.386719	  -0.529190
  11.396484	  -1.001233
  11.406250	  -1.394992
  11.416016	  -1.766938
  11.425781	  -2.179053
  11.435547	  -2.677746
  11.445312	  -3.276027
  11.455078	  -3.944504
  11.464844	  -4.614404
  11.474609	  -5.192309
  11.484375	  -5.582761
  11.494141	  -5.712431
  11.503906	  -5.548981
  11.513672	  -5.109277
  11.523438	  -4.454854
  11.533203	  -3.676365
  11.542969	  -2.872010
  11.552734	  -2.126497
  11.562500	  -1.496538
  11.572266	  -1.006346
  11.582031	  -0.653057
  11.591797	  -0.418645
  11.601562	  -0.282949
  11.611328	  -0.232498
  11.621094	  -0.261908
  11.630859	  -0.367898
  11.640625	  -0.539198
  11.650391	  -0.747605
  11.660156	  -0.945308
  11.669922	  -1.071391
  11.679688	  -1.066864
  11.689453	  -0.893904
  11.699219	  -0.552699
  11.708984	  -0.089231
  11.718750	   0.410229
  11.728516	   0.837961
  11.738281	   1.092445
  11.748047	   1.106916
  11.757812	   0.870014
  11.767578	   0.431667
  11.777344	  -0.108318
  11.787109	  -0.626125
  11.796875	  -1.006838
  11.806641	  -1.174614
  11.816406	  -1.111128
  11.826172	  -0.856930
  11.835938	  -0.495720
  11.845703	  -0.126896
  11.855469	   0.164737
  11.865234	   0.332553
  11.875000	   0.377905
  11.884766	   0.343765
  11.894531	   0.295147
  11.904297	   0.293446
  11.914062	   0.373543
  11.923828	   0.531171
  11.933594	   0.724321
  11.943359	   0.887569
  11.953125	   0.953918
  11.962891	   0.876495
  11.972656	   0.642877
  11.982422	   0.277736
  11.992188	  -0.166264
  12.001953	  -0.625337
  12.011719	  -1.042802
  12.021484	  -1.382256
  12.031250	  -1.631549
  12.041016	  -1.797172
  12.050781	  -1.892316
  12.060547	  -1.924195
  12.070312	  -1.886297
  12.080078	  -1.759134
  12.089844	  -1.519504
  12.099609	  -1.154744
  12.109375	  -0.676128
  12.119141	  -0.125513
  12.128906	   0.428513
  12.138672	   0.905027
  12.148438	   1.231830
  12.158203	   1.366625
  12.167969	   1.311236
  12.177734	   1.113745
  12.187500	   0.857175
  12.197266	   0.637622
  12.207031	   0.538170
  12.216797	   0.606249
  12.226562	   0.841000
  12.236328	   1.194029
  12.246094	   1.582751
  12.255859	   1.911839
  12.265625	   2.096160
  12.275391	   2.078721
  12.285156	   1.839324
  12.294922	   1.392976
  12.304688	   0.780423
  12.314453	   0.055298
  12.324219	  -0.727317
  12.333984	  -1.517548
  12.343750	  -2.271779
  12.353516	  -2.949818
  12.363281	  -3.511469
  12.373047	  -3.915866
  12.382812	  -4.125422
  12.392578	  -4.113959
  12.402344	  -3.876337
  12.412109	  -3.435722
  12.421875	  -2.844926
  12.431641	  -2.180087
  12.441406	  -1.527497
  12.451172	  -0.966864
  12.460938	  -0.555657
  12.470703	  -0.318997
  12.480469	  -0.247781
  12.490234	  -0.305163
  12.500000	  -0.438888
  12.509766	  -0.595384
  12.519531	  -0.731389
  12.529297	  -0.820245
  12.539062	  -0.852215
  12.548828	  -0.830433
  12.558594	  -0.765418
  12.568359	  -0.671121
  12.578125	  -0.564126
  12.587891	  -0.465664
  12.597656	  -0.404252
  12.607422	  -0.415997
  12.617188	  -0.540241
  12.626953	  -0.810163
  12.636719	  -1.240401
  12.646484	  -1.815813
  12.656250	  -2.486087
  12.666016	  -3.169778
  12.675781	  -3.768512
  12.685547	  -4.188646
  12.695312	  -4.364656
  12.705078	  -4.277201
  12.714844	  -3.959756
  12.724609	  -3.490856
  12.734375	  -2.973327
  12.744141	  -2.506109
  12.753906	  -2.156869
  12.763672	  -1.943701
  12.773438	  -1.831616
  12.783203	  -1.745016
  12.792969	  -1.592420
  12.802734	  -1.295873
  12.812500	  -0.816039
  12.822266	  -0.165439
  12.832031	   0.593895
  12.841797	   1.367152
  12.851562	   2.052227
  12.861328	   2.565863
  12.871094	   2.862572
  12.880859	   2.941229
  12.890625	   2.838491
  12.900391	   2.612498
  12.910156	   2.323170
  12.919922	   2.015962
  12.929688	   1.714041
  12.939453	   1.420393
  12.949219	   1.127565
  12.958984	   0.830072
  12.968750	   0.533828
  12.978516	   0.258475
  12.988281	   0.031607
  12.998047	  -0.122707
  13.007812	  -0.196188
  13.017578	  -0.203951
  13.027344	  -0.183580
  13.037109	  -0.184950
  13.046875	  -0.253696
  13.056641	  -0.413836
  13.066406	  -0.655830
  13.076172	  -0.934829
  13.085938	  -1.180564
  13.095703	  -1.316429
  13.105469	  -1.282077
  13.115234	  -1.052522
  13.125000	  -0.647690
  13.134766	  -0.129371
  13.144531	   0.413523
  13.154297	   0.886833
  13.164062	   1.213544
  13.173828	   1.350213
  13.183594	   1.293138
  13.193359	   1.073477
  13.203125	   0.743997
  13.212891	   0.362528
  13.222656	  -0.022341
  13.232422	  -0.379221
  13.242188	  -0.694114
  13.251953	  -0.964383
  13.261719	  -1.190115
  13.271484	  -1.367043
  13.281250	  -1.484076
  13.291016	  -1.526281
  13.300781	  -1.481721
  13.310547	  -1.348902
  13.320312	  -1.141297
  13.330078	  -0.886619
  13.339844	  -0.620645
  13.349609	  -0.377646
  13.359375	  -0.180914
  13.369141	  -0.036952
  13.378906	   0.064455
  13.388672	   0.144285
  13.398438	   0.224674
  13.408203	   0.319315
  13.417969	   0.427456
  13.427734	   0.533707
  13.437500	   0.613573
  13.447266	   0.642371
  13.457031	   0.603868
  13.466797	   0.495124
  13.476562	   0.325556
  13.486328	   0.110692
  13.496094	  -0.136632
  13.505859	  -0.413627
  13.515625	  -0.729779
  13.525391	  -1.102219
  13.535156	  -1.545273
  13.544922	  -2.057896
  13.554688	  -2.614078
  13.564453	  -3.160878
  13.574219	  -3.626366
  13.583984	  -3.936314
  13.593750	  -4.035086
  13.603516	  -3.904086
  13.613281	  -3.571240
  13.623047	  -3.107414
  13.632812	  -2.609670
  13.642578	  -2.175609
  13.652344	  -1.876229
  13.662109	  -1.735607
  13.671875	  -1.723893
  13.681641	  -1.766162
  13.691406	  -1.764728
  13.701172	  -1.628334
  13.710938	  -1.299432
  13.720703	  -0.771419
  13.730469	  -0.090867
  13.740234	   0.655472
  13.750000	   1.364436
  13.759766	   1.943408
  13.769531	   2.332246
  13.779297	   2.514080
  13.789062	   2.512722
  13.798828	   2.378928
  13.808594	   2.171119
  13.818359	   1.937505
  13.828125	   1.705402
  13.837891	   1.480493
  13.847656	   1.254910
  13.857422	   1.019882
  13.867188	   0.777204
  13.876953	   0.544578
  13.886719	   0.352478
  13.896484	   0.233668
  13.906250	   0.209458
  13.916016	   0.278256
  13.925781	   0.411265
  13.935547	   0.557705
  13.945312	   0.658485
  13.955078	   0.664120
  13.964844	   0.551007
  13.974609	   0.330532
  13.984375	   0.047731
  13.994141	  -0.230332
  14.003906	  -0.432985
  14.013672	  -0.505507
  14.023438	  -0.423919
  14.033203	  -0.200771
  14.042969	   0.119326
  14.052734	   0.472440
  14.062500	   0.791972
  14.072266	   1.024068
  14.082031	   1.137562
  14.091797	   1.126482
  14.101562	   1.005788
  14.111328	   0.803062
  14.121094	   0.549737
  14.130859	   0.274842
  14.140625	   0.002626
  14.150391	  -0.246555
  14.160156	  -0.454072
  14.169922	  -0.601960
  14.179688	  -0.674491
  14.189453	  -0.662313
  14.199219	  -0.567465
  14.208984	  -0.406637
  14.218750	  -0.210280
  14.228516	  -0.016606
  14.238281	   0.138461
  14.248047	   0.232361
  14.257812	   0.264110
  14.267578	   0.256192
  14.277344	   0.248633
  14.287109	   0.286403
  14.296875	   0.403806
  14.306641	   0.610956
  14.316406	   0.887115
  14.326172	   1.183661
  14.335938	   1.436363
  14.345703	   1.583479
  14.355469	   1.584059
  14.365234	   1.430576
  14.375000	   1.151669
  14.384766	   0.803961
  14.394531	   0.455452
  14.404297	   0.165772
  14.414062	  -0.030403
  14.423828	  -0.131551
  14.433594	  -0.166699
  14.443359	  -0.183207
  14.453125	  -0.229263
  14.462891	  -0.337056
  14.472656	  -0.512192
  14.482422	  -0.732615
  14.492188	  -0.956992
  14.501953	  -1.139274
  14.511719	  -1.244172
  14.521484	  -1.258164
  14.531250	  -1.192412
  14.541016	  -1.076943
  14.550781	  -0.948531
  14.560547	  -0.836885
  14.570312	  -0.754169
  14.580078	  -0.691557
  14.589844	  -0.623885
  14.599609	  -0.520529
  14.609375	  -0.358439
  14.619141	  -0.132604
  14.628906	   0.139797
  14.638672	   0.422965
  14.648438	   0.672421
  14.658203	   0.847807
  14.667969	   0.924146
  14.677734	   0.897905
  14.687500	   0.786173
  14.697266	   0.619764
  14.707031	   0.433112
  14.716797	   0.254731
  14.726562	   0.101487
  14.736328	  -0.021790
  14.746094	  -0.117998
  14.755859	  -0.191221
  14.765625	  -0.241165
  14.775391	  -0.261192
  14.785156	  -0.240927
  14.794922	  -0.172341
  14.804688	  -0.056607
  14.814453	   0.091545
  14.824219	   0.244423
  14.833984	   0.367538
  14.843750	   0.429717
  14.853516	   0.413826
  14.863281	   0.324207
  14.873047	   0.187819
  14.882812	   0.048132
  14.892578	  -0.046652
  14.902344	  -0.057449
  14.912109	   0.034254
  14.921875	   0.221075
  14.931641	   0.472285
  14.941406	   0.743286
  14.951172	   0.988777
  14.960938	   1.175179
  14.970703	   1.288284
  14.980469	   1.333852
  14.990234	   1.331488
  15.000000	   1.304457
  15.009766	   1.269488
  15.019531	   1.230445
  15.029297	   1.178130
  15.039062	   1.096094
  15.048828	   0.969970
  15.058594	   0.796454
  15.068359	   0.588167
  15.078125	   0.372186
  15.087891	   0.182453
  15.097656	   0.048672
  15.107422	  -0.014198
  15.117188	  -0.011818
  15.126953	   0.030783
  15.136719	   0.077505
  15.146484	   0.093840
  15.156250	   0.059504
  15.166016	  -0.023537
  15.175781	  -0.130703
  15.185547	  -0.222538
  15.195312	  -0.258092
  15.205078	  -0.209455
  15.214844	  -0.072382
  15.224609	   0.130761
  15.234375	   0.356952
  15.244141	   0.555503
  15.253906	   0.683814
  15.263672	   0.720638
  15.273438	   0.672420
  15.283203	   0.570640
  15.292969	   0.461121
  15.302734	   0.388951
  15.312500	   0.384067
  15.322266	   0.452223
  15.332031	   0.574104
  15.341797	   0.712544
  15.351562	   0.825084
  15.361328	   0.877424
  15.371094	   0.853271
  15.380859	   0.757548
  15.390625	   0.612408
  15.400391	   0.448048
  15.410156	   0.291983
  15.419922	   0.160761
  15.429688	   0.056913
  15.439453	  -0.028213
  15.449219	  -0.107353
  15.458984	  -0.189179
  15.468750	  -0.272554
  15.478516	  -0.345624
  15.488281	  -0.390144
  15.498047	  -0.389326
  15.507812	  -0.336027
  15.517578	  -0.237901
  15.527344	  -0.117232
  15.537109	  -0.005184
  15.546875	   0.067638
  15.556641	   0.080953
  15.566406	   0.031318
  15.576172	  -0.067071
  15.585938	  -0.187672
  15.595703	  -0.301118
  15.605469	  -0.385513
  15.615234	  -0.433730
  15.625000	  -0.455012
  15.634766	  -0.470273
  15.644531	  -0.502853
  15.654297	  -0.568203
  15.664062	  -0.666416
  15.673828	  -0.780574
  15.683594	  -0.881694
  15.693359	  -0.938690
  15.703125	  -0.929764
  15.712891	  -0.851097
  15.722656	  -0.719495
  15.732422	  -0.567812
  15.742188	  -0.434516
  15.751953	  -0.350909
  15.761719	  -0.330426
  15.771484	  -0.363782
  15.781250	  -0.421735
  15.791016	  -0.464602
  15.800781	  -0.455310
  15.810547	  -0.371551
  15.820312	  -0.212925
  15.830078	  -0.000747
  15.839844	   0.229260
  15.849609	   0.438708
  15.859375	   0.598571
  15.869141	   0.697377
  15.878906	   0.742894
  15.888672	   0.757049
  15.898438	   0.766210
  15.908203	   0.790553
  15.917969	   0.836441
  15.927734	   0.894502
  15.937500	   0.943916
  15.947266	   0.961108
  15.957031	   0.929422
  15.966797	   0.846085
  15.976562	   0.723802
  15.986328	   0.586442
  15.996094	   0.460464
  16.005859	   0.365388
  16.015625	   0.306936
  16.025391	   0.275486
  16.035156	   0.250452
  16.044922	   0.208971
  16.054688	   0.135616
  16.064453	   0.029444
  16.074219	  -0.094389
  16.083984	  -0.209186
  16.093750	  -0.285893
  16.103516	  -0.303625
  16.113281	  -0.257654
  16.123047	  -0.161905
  16.132812	  -0.044927
  16.142578	   0.059300
  16.152344	   0.122472
  16.162109	   0.131031
  16.171875	   0.089944
  16.181641	   0.019885
  16.191406	  -0.051133
  16.201172	  -0.098567
  16.210938	  -0.110634
  16.220703	  -0.092648
  16.230469	  -0.064830
  16.240234	  -0.054374
  16.250000	  -0.084727
  16.259766	  -0.166039
  16.269531	  -0.290383
  16.279297	  -0.433561
  16.289062	  -0.562959
  16.298828	  -0.648640
  16.308594	  -0.673652
  16.318359	  -0.639805
  16.328125	  -0.566737
  16.337891	  -0.484571
  16.347656	  -0.422778
  16.357422	  -0.399287
  16.367188	  -0.413819
  16.376953	  -0.447954
  16.386719	  -0.471983
  16.396484	  -0.456152
  16.406250	  -0.382259
  16.416016	  -0.251400
  16.425781	  -0.084957
  16.435547	   0.081659
  16.445312	   0.210449
  16.455078	   0.273497
  16.464844	   0.262437
  16.474609	   0.191387
  16.484375	   0.092271
  16.494141	   0.004085
  16.503906	  -0.040207
  16.513672	  -0.024701
  16.523438	   0.044236
  16.533203	   0.140239
  16.542969	   0.225809
  16.552734	   0.264645
  16.562500	   0.233213
  16.572266	   0.127732
  16.582031	  -0.035537
  16.591797	  -0.226445
  16.601562	  -0.411079
  16.611328	  -0.562151
  16.621094	  -0.666071
  16.630859	  -0.724517
  16.640625	  -0.750427
  16.650391	  -0.760384
  16.660156	  -0.766588
  16.669922	  -0.771582
  16.679688	  -0.767692
  16.689453	  -0.741212
  16.699219	  -0.679488
  16.708984	  -0.577936
  16.718750	  -0.444044
  16.728516	  -0.296624
  16.738281	  -0.160425
  16.748047	  -0.058042
  16.757812	  -0.002169
  16.767578	   0.008861
  16.777344	  -0.009528
  16.787109	  -0.033700
  16.796875	  -0.040296
  16.806641	  -0.014567
  16.816406	   0.044538
  16.826172	   0.124393
  16.835938	   0.203815
  16.845703	   0.261305
  16.855469	   0.283292
  16.865234	   0.269212
  16.875000	   0.231464
  16.884766	   0.190228
  16.894531	   0.165101
  16.904297	   0.166824
  16.914062	   0.192359
  16.923828	   0.225432
  16.933594	   0.242581
  16.943359	   0.222620
  16.953125	   0.156048
  16.962891	   0.050726
  16.972656	  -0.068589
  16.982422	  -0.167138
  16.992188	  -0.211383
  17.001953	  -0.180795
  17.011719	  -0.076035
  17.021484	   0.079522
  17.031250	   0.245782
  17.041016	   0.377688
  17.050781	   0.438977
  17.060547	   0.413396
  17.070312	   0.309634
  17.080078	   0.158334
  17.089844	   0.002192
  17.099609	  -0.117514
  17.109375	  -0.173483
  17.119141	  -0.159933
  17.128906	  -0.092819
  17.138672	  -0.002968
  17.148438	   0.075241
  17.158203	   0.115570
  17.167969	   0.107968
  17.177734	   0.060389
  17.187500	  -0.005888
  17.197266	  -0.065379
  17.207031	  -0.098363
  17.216797	  -0.097976
  17.226562	  -0.071879
  17.236328	  -0.038071
  17.246094	  -0.016657
  17.255859	  -0.020848
  17.265625	  -0.050771
  17.275391	  -0.092533
  17.285156	  -0.122988
  17.294922	  -0.118484
  17.304688	  -0.064312
  17.314453	   0.038718
  17.324219	   0.173149
  17.333984	   0.309748
  17.343750	   0.416766
  17.353516	   0.470290
  17.363281	   0.461999
  17.373047	   0.401515
  17.382812	   0.312522
  17.392578	   0.224046
  17.402344	   0.160076
  17.412109	   0.131271
  17.421875	   0.131742
  17.431641	   0.142043
  17.441406	   0.137200
  17.451172	   0.096809
  17.460938	   0.013430
  17.470703	  -0.103827
  17.480469	  -0.231888
  17.490234	  -0.341554
  17.500000	  -0.407743
  17.509766	  -0.418407
  17.519531	  -0.378844
  17.529297	  -0.309838
  17.539062	  -0.240283
  17.548828	  -0.196990
  17.558594	  -0.195390
  17.568359	  -0.234527
  17.578125	  -0.298145
  17.587891	  -0.361444
  17.597656	  -0.400961
  17.607422	  -0.403900
  17.617188	  -0.373373
  17.626953	  -0.327558
  17.636719	  -0.292972
  17.646484	  -0.294292
  17.656250	  -0.344447
  17.666016	  -0.438694
  17.675781	  -0.554999
  17.685547	  -0.660773
  17.695312	  -0.723718
  17.705078	  -0.722991
  17.714844	  -0.656717
  17.724609	  -0.543104
  17.734375	  -0.414662
  17.744141	  -0.307441
  17.753906	  -0.248989
  17.763672	  -0.249176
  17.773438	  -0.297078
  17.783203	  -0.364965
  17.792969	  -0.417990
  17.802734	  -0.426191
  17.812500	  -0.374663
  17.822266	  -0.268434
  17.832031	  -0.130462
  17.841797	   0.006395
  17.851562	   0.110549
  17.861328	   0.162040
  17.871094	   0.158559
  17.880859	   0.115202
  17.890625	   0.058282
  17.900391	   0.015593
  17.910156	   0.006700
  17.919922	   0.036662
  17.929688	   0.095267
  17.939453	   0.161803
  17.949219	   0.213379
  17.958984	   0.233640
  17.968750	   0.218666
  17.978516	   0.178030
  17.988281	   0.130817
  17.998047	   0.098290
  18.007812	   0.096079
  18.017578	   0.128810
  18.027344	   0.189117
  18.037109	   0.261203
  18.046875	   0.327413
  18.056641	   0.375144
  18.066406	   0.401350
  18.076172	   0.412906
  18.085938	   0.422750
  18.095703	   0.443418
  18.105469	   0.480627
  18.115234	   0.529606
  18.125000	   0.575797
  18.134766	   0.599869
  18.144531	   0.585238
  18.154297	   0.525238
  18.164062	   0.427054
  18.173828	   0.310684
  18.183594	   0.202978
  18.193359	   0.128710
  18.203125	   0.101815
  18.212891	   0.120031
  18.222656	   0.165039
  18.232422	   0.208310
  18.242188	   0.220764
  18.251953	   0.182958
  18.261719	   0.092221
  18.271484	  -0.035831
  18.281250	  -0.172028
  18.291016	  -0.283065
  18.300781	  -0.342369
  18.310547	  -0.338681
  18.320312	  -0.279370
  18.330078	  -0.187408
  18.339844	  -0.093132
  18.349609	  -0.023758
  18.359375	   0.005601
  18.369141	  -0.003713
  18.378906	  -0.035651
  18.388672	  -0.066526
  18.398438	  -0.074715
  18.408203	  -0.049377
  18.417969	   0.005073
  18.427734	   0.070383
  18.437500	   0.121286
  18.447266	   0.135230
  18.457031	   0.101428
  18.466797	   0.025854
  18.476562	  -0.069724
  18.486328	  -0.154468
  18.496094	  -0.198639
  18.505859	  -0.183676
  18.515625	  -0.108623
  18.525391	   0.009323
  18.535156	   0.140353
  18.544922	   0.251680
  18.554688	   0.317930
  18.564453	   0.328683
  18.574219	   0.290675
  18.583984	   0.224097
  18.593750	   0.154520
  18.603516	   0.103534
  18.613281	   0.081479
  18.623047	   0.084841
  18.632812	   0.099058
  18.642578	   0.105439
  18.652344	   0.089430
  18.662109	   0.046973
  18.671875	  -0.013515
  18.681641	  -0.074280
  18.691406	  -0.115298
  18.701172	  -0.122522
  18.710938	  -0.094077
  18.720703	  -0.041926
  18.730469	   0.011796
  18.740234	   0.042592
  18.750000	   0.032716
  18.759766	  -0.021755
  18.769531	  -0.108610
  18.779297	  -0.202958
  18.789062	  -0.275371
  18.798828	  -0.301883
  18.808594	  -0.272330
  18.818359	  -0.194001
  18.828125	  -0.089266
  18.837891	   0.012040
  18.847656	   0.082795
  18.857422	   0.107749
  18.867188	   0.088414
  18.876953	   0.042000
  18.886719	  -0.005181
  18.896484	  -0.027422
  18.906250	  -0.008914
  18.916016	   0.050710
  18.925781	   0.136550
  18.935547	   0.224189
  18.945312	   0.288856
  18.955078	   0.314596
  18.964844	   0.300033
  18.974609	   0.258602
  18.984375	   0.213146
  18.994141	   0.186869
  19.003906	   0.194010
  19.013672	   0.233730
  19.023438	   0.289571
  19.033203	   0.334824
  19.042969	   0.341972
  19.052734	   0.292867
  19.062500	   0.185958
  19.072266	   0.037901
  19.082031	  -0.121158
  19.091797	  -0.257079
  19.101562	  -0.342738
  19.111328	  -0.366749
  19.121094	  -0.336850
  19.130859	  -0.276793
  19.140625	  -0.217825
  19.150391	  -0.187748
  19.160156	  -0.201358
  19.169922	  -0.255530
  19.179688	  -0.330592
  19.189453	  -0.397386
  19.199219	  -0.427464
  19.208984	  -0.402844
  19.218750	  -0.321957
  19.228516	  -0.199865
  19.238281	  -0.062863
  19.248047	   0.060467
  19.257812	   0.148503
  19.267578	   0.192920
  19.277344	   0.200058
  19.287109	   0.187120
  19.296875	   0.174868
  19.306641	   0.179652
  19.316406	   0.207732
  19.326172	   0.253849
  19.335938	   0.304357
  19.345703	   0.343453
  19.355469	   0.359973
  19.365234	   0.352018
  19.375000	   0.327656
  19.384766	   0.301468
  19.394531	   0.288366
  19.404297	   0.297186
  19.414062	   0.326641
  19.423828	   0.365325
  19.433594	   0.395873
  19.443359	   0.401758
  19.453125	   0.374122
  19.462891	   0.315967
  19.472656	   0.241968
  19.482422	   0.173784
  19.492188	   0.132474
  19.501953	   0.130751
  19.511719	   0.167944
  19.521484	   0.229636
  19.531250	   0.292223
  19.541016	   0.330873
  19.550781	   0.328046
  19.560547	   0.279529
  19.570312	   0.195764
  19.580078	   0.097960
  19.589844	   0.010376
  19.599609	  -0.048422
  19.609375	  -0.072149
  19.619141	  -0.068791
  19.628906	  -0.057234
  19.638672	  -0.059748
  19.648438	  -0.093049
  19.658203	  -0.161256
  19.667969	  -0.253380
  19.677734	  -0.346373
  19.687500	  -0.412743
  19.697266	  -0.430072
  19.707031	  -0.389023
  19.716797	  -0.296968
  19.726562	  -0.175868
  19.736328	  -0.055130
  19.746094	   0.038070
  19.755859	   0.087566
  19.765625	   0.092997
  19.775391	   0.068962
  19.785156	   0.038907
  19.794922	   0.026012
  19.804688	   0.044416
  19.814453	   0.093985
  19.824219	   0.160491
  19.833984	   0.221128
  19.843750	   0.253297
  19.853516	   0.243414
  19.863281	   0.192462
  19.873047	   0.116208
  19.882812	   0.039926
  19.892578	  -0.010491
  19.902344	  -0.017835
  19.912109	   0.020080
  19.921875	   0.089389
  19.931641	   0.164886
  19.941406	   0.218830
  19.951172	   0.230749
  19.960938	   0.194727
  19.970703	   0.121593
  19.980469	   0.035228
  19.990234	  -0.035718
  20.000000	  -0.067732
  20.009766	  -0.050505
  20.019531	   0.009682
  20.029297	   0.092360
  20.039062	   0.170120
  20.048828	   0.218056
  20.058594	   0.222026
  20.068359	   0.182828
  20.078125	   0.114948
  20.087891	   0.040504
  20.097656	  -0.019237
  20.107422	  -0.051551
  20.117188	  -0.056337
  20.126953	  -0.045093
  20.136719	  -0.035308
  20.146484	  -0.042463
  20.156250	  -0.072772
  20.166016	  -0.119534
  20.175781	  -0.164597
  20.185547	  -0.184562
  20.195312	  -0.159524
  20.205078	  -0.081160
  20.214844	   0.042852
  20.224609	   0.189873
  20.234375	   0.328594
  20.244141	   0.428527
  20.253906	   0.469457
  20.263672	   0.447578
  20.273438	   0.376229
  20.283203	   0.280975
  20.292969	   0.190813
  20.302734	   0.128558
  20.312500	   0.103756
  20.322266	   0.110484
  20.332031	   0.130644
  20.341797	   0.141413
  20.351562	   0.124051
  20.361328	   0.070866
  20.371094	  -0.012107
  20.380859	  -0.107559
  20.390625	  -0.193454
  20.400391	  -0.251162
  20.410156	  -0.272149
  20.419922	  -0.260797
  20.429688	  -0.232414
  20.439453	  -0.207255
  20.449219	  -0.202870
  20.458984	  -0.227640
  20.468750	  -0.277885
  20.478516	  -0.339534
  20.488281	  -0.393638
  20.498047	  -0.423570
  20.507812	  -0.421159
  20.517578	  -0.389446
  20.527344	  -0.341067
  20.537109	  -0.292971
  20.546875	  -0.259552
  20.556641	  -0.246930
  20.566406	  -0.250630
  20.576172	  -0.257636
  20.585938	  -0.252071
  20.595703	  -0.222310
  20.605469	  -0.166737
  20.615234	  -0.095763
  20.625000	  -0.029110
  20.634766	   0.010862
  20.644531	   0.007454
  20.654297	  -0.043489
  20.664062	  -0.130781
  20.673828	  -0.230405
  20.683594	  -0.312705
  20.693359	  -0.351883
  20.703125	  -0.334502
  20.712891	  -0.264017
  20.722656	  -0.159638
  20.732422	  -0.049866
  20.742188	   0.037095
  20.751953	   0.082716
  20.761719	   0.084022
  20.771484	   0.053913
  20.781250	   0.015846
  20.791016	  -0.005203
  20.800781	   0.007757
  20.810547	   0.057181
  20.820312	   0.129771
  20.830078	   0.201029
  20.839844	   0.243979
  20.849609	   0.238949
  20.859375	   0.180891
  20.869141	   0.081630
  20.878906	  -0.033799
  20.888672	  -0.135431
  20.898438	  -0.198369
  20.908203	  -0.210964
  20.917969	  -0.178342
  20.927734	  -0.120089
  20.937500	  -0.062987
  20.947266	  -0.031452
  20.957031	  -0.039077
  20.966797	  -0.084259
  20.976562	  -0.151358
  20.986328	  -0.216845
  20.996094	  -0.258106
  21.005859	  -0.261656
  21.015625	  -0.227801
  21.025391	  -0.170107
  21.035156	  -0.110004
  21.044922	  -0.068578
  21.054688	  -0.058659
  21.064453	  -0.080123
  21.074219	  -0.120144
  21.083984	  -0.158233
  21.093750	  -0.174184
  21.103516	  -0.155898
  21.113281	  -0.104187
  21.123047	  -0.032705
  21.132812	   0.036958
  21.142578	   0.083247
  21.152344	   0.092725
  21.162109	   0.065241
  21.171875	   0.014261
  21.181641	  -0.037852
  21.191406	  -0.067912
  21.201172	  -0.060440
  21.210938	  -0.013525
  21.220703	   0.060127
  21.230469	   0.137384
  21.240234	   0.192645
  21.250000	   0.206738
  21.259766	   0.173570
  21.269531	   0.102199
  21.279297	   0.013599
  21.289062	  -0.066636
  21.298828	  -0.117019
  21.308594	  -0.127167
  21.318359	  -0.100591
  21.328125	  -0.052393
  21.337891	  -0.002812
  21.347656	   0.030879
  21.357422	   0.041068
  21.367188	   0.032572
  21.376953	   0.020453
  21.386719	   0.023700
  21.396484	   0.057186
  21.406250	   0.124930
  21.416016	   0.217303
  21.425781	   0.313325
  21.435547	   0.387365
  21.445312	   0.417901
  21.455078	   0.395203
  21.464844	   0.325135
  21.474609	   0.227658
  21.484375	   0.130470
  21.494141	   0.059986
  21.503906	   0.032793
  21.513672	   0.050547
  21.523438	   0.100060
  21.533203	   0.158434
  21.542969	   0.201360
  21.552734	   0.211562
  21.562500	   0.184408
  21.572266	   0.128765
  21.582031	   0.062949
  21.591797	   0.007396
  21.601562	  -0.023136
  21.611328	  -0.024925
  21.621094	  -0.006244
  21.630859	   0.016378
  21.640625	   0.025103
  21.650391	   0.008253
  21.660156	  -0.034575
  21.669922	  -0.091752
  21.679688	  -0.143600
  21.689453	  -0.169670
  21.699219	  -0.156669
  21.708984	  -0.104048
  21.718750	  -0.025118
  21.728516	   0.056845
  21.738281	   0.116195
  21.748047	   0.133546
  21.757812	   0.102356
  21.767578	   0.031113
  21.777344	  -0.059686
  21.787109	  -0.144665
  21.796875	  -0.202274
  21.806641	  -0.221943
  21.816406	  -0.207177
  21.826172	  -0.173530
  21.835938	  -0.142306
  21.845703	  -0.132322
  21.855469	  -0.152812
  21.865234	  -0.200048
  21.875000	  -0.258888
  21.884766	  -0.308631
  21.894531	  -0.330947
  21.904297	  -0.316904
  21.914062	  -0.270443
  21.923828	  -0.206997
  21.933594	  -0.147741
  21.943359	  -0.111615
  21.953125	  -0.108117
  21.962891	  -0.133582
  21.972656	  -0.172406
  21.982422	  -0.202831
  21.992188	  -0.205212
  22.001953	  -0.169705
  22.011719	  -0.100503
  22.021484	  -0.014961
  22.031250	   0.062189
  22.041016	   0.107518
  22.050781	   0.107367
  22.060547	   0.063010
  22.070312	  -0.009421
  22.080078	  -0.084310
  22.089844	  -0.135389
  22.099609	  -0.144891
  22.109375	  -0.109766
  22.119141	  -0.042706
  22.128906	   0.032420
  22.138672	   0.089126
  22.148438	   0.107811
  22.158203	   0.082827
  22.167969	   0.024568
  22.177734	  -0.044183
  22.187500	  -0.096351
  22.197266	  -0.110243
  22.207031	  -0.077358
  22.216797	  -0.005558
  22.226562	   0.083522
  22.236328	   0.161885
  22.246094	   0.204786
  22.255859	   0.199126
  22.265625	   0.147715
  22.275391	   0.067945
  22.285156	  -0.014558
  22.294922	  -0.074965
  22.304688	  -0.097709
  22.314453	  -0.081385
  22.324219	  -0.038415
  22.333984	   0.010271
  22.343750	   0.043483
  22.353516	   0.047892
  22.363281	   0.023022
  22.373047	  -0.018676
  22.382812	  -0.056658
  22.392578	  -0.070197
  22.402344	  -0.046438
  22.412109	   0.014380
  22.421875	   0.098468
  22.431641	   0.182985
  22.441406	   0.243865
  22.451172	   0.264172
  22.460938	   0.239964
  22.470703	   0.181613
  22.480469	   0.110120
  22.490234	   0.049822
  22.500000	   0.020094
  22.509766	   0.029017
  22.519531	   0.071187
  22.529297	   0.130310
  22.539062	   0.185486
  22.548828	   0.218803
  22.558594	   0.221420
  22.568359	   0.195996
  22.578125	   0.154716
  22.587891	   0.113842
  22.597656	   0.086990
  22.607422	   0.079765
  22.617188	   0.087833
  22.626953	   0.099119
  22.636719	   0.099223
  22.646484	   0.077901
  22.656250	   0.033985
  22.666016	  -0.023261
  22.675781	  -0.077030
  22.685547	  -0.109126
  22.695312	  -0.107106
  22.705078	  -0.069680
  22.714844	  -0.008219
  22.724609	   0.056403
  22.734375	   0.100643
  22.744141	   0.106440
  22.753906	   0.067732
  22.763672	  -0.007069
  22.773438	  -0.097667
  22.783203	  -0.178700
  22.792969	  -0.228433
  22.802734	  -0.236233
  22.812500	  -0.206133
  22.822266	  -0.155165
  22.832031	  -0.107020
  22.841797	  -0.083275
  22.851562	  -0.095340
  22.861328	  -0.140038
  22.871094	  -0.200451
  22.880859	  -0.251774
  22.890625	  -0.270123
  22.900391	  -0.241164
  22.910156	  -0.165464
  22.919922	  -0.058624
  22.929688	   0.053866
  22.939453	   0.145270
  22.949219	   0.196681
  22.958984	   0.203320
  22.968750	   0.175865
  22.978516	   0.136350
  22.988281	   0.110150
  22.998047	   0.116922
  23.007812	   0.163699
  23.017578	   0.242585
  23.027344	   0.333751
  23.037109	   0.412603
  23.046875	   0.458455
  23.056641	   0.461594
  23.066406	   0.426218
  23.076172	   0.368296
  23.085938	   0.309247
  23.095703	   0.267846
  23.105469	   0.253371
  23.115234	   0.262517
  23.125000	   0.281141
  23.134766	   0.290127
  23.144531	   0.273113
  23.154297	   0.223124
  23.164062	   0.145615
  23.173828	   0.056727
  23.183594	  -0.022593
  23.193359	  -0.074440
  23.203125	  -0.090807
  23.212891	  -0.076840
  23.222656	  -0.049212
  23.232422	  -0.030103
  23.242188	  -0.038955
  23.251953	  -0.085002
  23.261719	  -0.163355
  23.271484	  -0.256147
  23.281250	  -0.338440
  23.291016	  -0.386827
  23.300781	  -0.387677
  23.310547	  -0.342074
  23.320312	  -0.265621
  23.330078	  -0.183168
  23.339844	  -0.120288
  23.349609	  -0.094525
  23.359375	  -0.109510
  23.369141	  -0.154014
  23.378906	  -0.206242
  23.388672	  -0.241799
  23.398438	  -0.242465
  23.408203	  -0.202636
  23.417969	  -0.131177
  23.427734	  -0.048064
  23.437500	   0.022880
  23.447266	   0.062520
  23.457031	   0.063106
  23.466797	   0.030759
  23.476562	  -0.017085
  23.486328	  -0.058249
  23.496094	  -0.073962
  23.505859	  -0.055559
  23.515625	  -0.007332
  23.525391	   0.055482
  23.535156	   0.112720
  23.544922	   0.147045
  23.554688	   0.150503
  23.564453	   0.127429
  23.574219	   0.092626
  23.583984	   0.065501
  23.593750	   0.062373
  23.603516	   0.089844
  23.613281	   0.141756
  23.623047	   0.200943
  23.632812	   0.245203
  23.642578	   0.255340
  23.652344	   0.222347
  23.662109	   0.151070
  23.671875	   0.058946
  23.681641	  -0.029778
  23.691406	  -0.092325
  23.701172	  -0.115198
  23.710938	  -0.098723
  23.720703	  -0.056675
  23.730469	  -0.011141
  23.740234	   0.015543
  23.750000	   0.008863
  23.759766	  -0.032693
  23.769531	  -0.097184
  23.779297	  -0.163641
  23.789062	  -0.209719
  23.798828	  -0.219796
  23.808594	  -0.190575
  23.818359	  -0.132176
  23.828125	  -0.064369
  23.837891	  -0.009350
  23.847656	   0.016281
  23.857422	   0.007407
  23.867188	  -0.027980
  23.876953	  -0.071978
  23.886719	  -0.103572
  23.896484	  -0.106524
  23.906250	  -0.075434
  23.916016	  -0.017767
  23.925781	   0.048882
  23.935547	   0.103245
  23.945312	   0.128157
  23.955078	   0.116772
  23.964844	   0.074931
  23.974609	   0.018815
  23.984375	  -0.031209
  23.994141	  -0.058268
  24.003906	  -0.055292
  24.013672	  -0.027609
  24.023438	   0.009172
  24.033203	   0.035229
  24.042969	   0.034284
  24.052734	   0.000178
  24.062500	  -0.060236
  24.072266	  -0.129019
  24.082031	  -0.183267
  24.091797	  -0.203251
  24.101562	  -0.179620
  24.111328	  -0.117037
  24.121094	  -0.032883
  24.130859	   0.048560
  24.140625	   0.104382
  24.150391	   0.120815
  24.160156	   0.097731
  24.169922	   0.048254
  24.179688	  -0.006317
  24.189453	  -0.044437
  24.199219	  -0.052157
  24.208984	  -0.028057
  24.218750	   0.016529
  24.228516	   0.062037
  24.238281	   0.088260
  24.248047	   0.082159
  24.257812	   0.043013
  24.267578	  -0.017034
  24.277344	  -0.077259
  24.287109	  -0.115923
  24.296875	  -0.118353
  24.306641	  -0.082546
  24.316406	  -0.020203
  24.326172	   0.047247
  24.335938	   0.096241
  24.345703	   0.109572
  24.355469	   0.082688
  24.365234	   0.025509
  24.375000	  -0.040946
  24.384766	  -0.091940
  24.394531	  -0.107771
  24.404297	  -0.080772
  24.414062	  -0.018043
  24.423828	   0.061065
  24.433594	   0.131799
  24.443359	   0.172725
  24.453125	   0.173203
  24.462891	   0.136943
  24.472656	   0.080420
  24.482422	   0.026758
  24.492188	  -0.002646
  24.501953	   0.004264
  24.511719	   0.046108
  24.521484	   0.108914
  24.531250	   0.171522
  24.541016	   0.213525
  24.550781	   0.222776
  24.560547	   0.199725
  24.570312	   0.157013
  24.580078	   0.114494
  24.589844	   0.091584
  24.599609	   0.099780
  24.609375	   0.138137
  24.619141	   0.193402
  24.628906	   0.244754
  24.638672	   0.271425
  24.648438	   0.260381
  24.658203	   0.211223
  24.667969	   0.136481
  24.677734	   0.057171
  24.687500	  -0.004782
  24.697266	  -0.034483
  24.707031	  -0.029445
  24.716797	  -0.000438
  24.726562	   0.032545
  24.736328	   0.047716
  24.746094	   0.029627
  24.755859	  -0.024980
  24.765625	  -0.105763
  24.775391	  -0.192324
  24.785156	  -0.261445
  24.794922	  -0.295365
  24.804688	  -0.288076
  24.814453	  -0.247335
  24.824219	  -0.191659
  24.833984	  -0.143396
  24.843750	  -0.120440
  24.853516	  -0.129625
  24.863281	  -0.164272
  24.873047	  -0.206799
  24.882812	  -0.235462
  24.892578	  -0.232760
  24.902344	  -0.192381
  24.912109	  -0.122081
  24.921875	  -0.041350
  24.931641	   0.025379
  24.941406	   0.057567
  24.951172	   0.046268
  24.960938	  -0.002168
  24.970703	  -0.067812
  24.980469	  -0.123794
  24.990234	  -0.145600
  25.000000	  -0.119770
  25.009766	  -0.048904
  25.019531	   0.048812
  25.029297	   0.145462
  25.039062	   0.212635
  25.048828	   0.230845
  25.058594	   0.195902
  25.068359	   0.120074
  25.078125	   0.027695
  25.087891	  -0.053170
  25.097656	  -0.100077
  25.107422	  -0.103336
  25.117188	  -0.068553
  25.126953	  -0.013849
  25.136719	   0.037056
  25.146484	   0.063335
  25.156250	   0.054057
  25.166016	   0.011320
  25.175781	  -0.051447
  25.185547	  -0.115138
  25.195312	  -0.162366
  25.205078	  -0.183780
  25.214844	  -0.181023
  25.224609	  -0.165355
  25.234375	  -0.152624
  25.244141	  -0.156610
  25.253906	  -0.183373
  25.263672	  -0.228729
  25.273438	  -0.279825
  25.283203	  -0.320123
  25.292969	  -0.335850
  25.302734	  -0.321390
  25.312500	  -0.281501
  25.322266	  -0.229509
  25.332031	  -0.182117
  25.341797	  -0.152868
  25.351562	  -0.146764
  25.361328	  -0.158205
  25.371094	  -0.173118
  25.380859	  -0.174563
  25.390625	  -0.149740
  25.400391	  -0.095729
  25.410156	  -0.021669
  25.419922	   0.053590
  25.429688	   0.107707
  25.439453	   0.122757
  25.449219	   0.091984
  25.458984	   0.022866
  25.468750	  -0.064747
  25.478516	  -0.144899
  25.488281	  -0.194064
  25.498047	  -0.198956
  25.507812	  -0.160836
  25.517578	  -0.094747
  25.527344	  -0.023931
  25.537109	   0.028578
  25.546875	   0.048191
  25.556641	   0.033842
  25.566406	  -0.001911
  25.576172	  -0.037808
  25.585938	  -0.052027
  25.595703	  -0.030588
  25.605469	   0.027098
  25.615234	   0.107570
  25.625000	   0.187867
  25.634766	   0.243661
  25.644531	   0.258049
  25.654297	   0.227782
  25.664062	   0.164636
  25.673828	   0.091345
  25.683594	   0.033506
  25.693359	   0.010357
  25.703125	   0.027742
  25.712891	   0.075864
  25.722656	   0.132697
  25.732422	   0.171920
  25.742188	   0.172557
  25.751953	   0.126902
  25.761719	   0.043833
  25.771484	  -0.053727
  25.781250	  -0.136396
  25.791016	  -0.178345
  25.800781	  -0.166232
  25.810547	  -0.103917
  25.820312	  -0.011267
  25.830078	   0.082562
  25.839844	   0.149051
  25.849609	   0.170012
  25.859375	   0.143712
  25.869141	   0.085332
  25.878906	   0.021639
  25.888672	  -0.018227
  25.898438	  -0.012660
  25.908203	   0.045209
  25.917969	   0.145415
  25.927734	   0.264753
  25.937500	   0.374691
  25.947266	   0.450765
  25.957031	   0.480224
  25.966797	   0.465378
  25.976562	   0.421714
  25.986328	   0.371672
  25.996094	   0.336453
  26.005859	   0.328800
  26.015625	   0.349211
  26.025391	   0.386686
  26.035156	   0.423467
  26.044922	   0.441804
  26.054688	   0.430209
  26.064453	   0.386956
  26.074219	   0.319773
  26.083984	   0.242147
  26.093750	   0.167885
  26.103516	   0.106166
  26.113281	   0.058973
  26.123047	   0.021750
  26.132812	  -0.013215
  26.142578	  -0.052293
  26.152344	  -0.096922
  26.162109	  -0.142548
  26.171875	  -0.180630
  26.181641	  -0.202904
  26.191406	  -0.206105
  26.201172	  -0.194989
  26.210938	  -0.182111
  26.220703	  -0.184027
  26.230469	  -0.215042
  26.240234	  -0.280777
  26.250000	  -0.374054
  26.259766	  -0.475010
  26.269531	  -0.555852
  26.279297	  -0.589018
  26.289062	  -0.556132
  26.298828	  -0.454719
  26.308594	  -0.300198
  26.318359	  -0.122271
  26.328125	   0.043341
  26.337891	   0.165188
  26.347656	   0.225041
  26.357422	   0.222548
  26.367188	   0.174078
  26.376953	   0.106228
  26.386719	   0.046289
  26.396484	   0.013037
  26.406250	   0.011018
  26.416016	   0.030266
  26.425781	   0.051418
  26.435547	   0.054249
  26.445312	   0.026432
  26.455078	  -0.030757
  26.464844	  -0.101952
  26.474609	  -0.162704
  26.484375	  -0.188222
  26.494141	  -0.162715
  26.503906	  -0.085916
  26.513672	   0.025680
  26.523438	   0.143472
  26.533203	   0.235810
  26.542969	   0.278376
  26.552734	   0.262298
  26.562500	   0.197136
  26.572266	   0.107662
  26.582031	   0.025482
  26.591797	  -0.021643
  26.601562	  -0.019142
  26.611328	   0.029531
  26.621094	   0.104180
  26.630859	   0.174784
  26.640625	   0.211613
  26.650391	   0.195103
  26.660156	   0.122172
  26.669922	   0.006960
  26.679688	  -0.124059
  26.689453	  -0.240754
  26.699219	  -0.318714
  26.708984	  -0.346164
  26.718750	  -0.326223
  26.728516	  -0.274052
  26.738281	  -0.210246
  26.748047	  -0.153057
  26.757812	  -0.112323
  26.767578	  -0.087158
  26.777344	  -0.067999
  26.787109	  -0.041925
  26.796875	   0.000990
  26.806641	   0.062860
  26.816406	   0.136562
  26.826172	   0.208195
  26.835938	   0.262417
  26.845703	   0.288502
  26.855469	   0.284721
  26.865234	   0.259281
  26.875000	   0.227425
  26.884766	   0.205725
  26.894531	   0.205751
  26.904297	   0.229504
  26.914062	   0.268394
  26.923828	   0.306180
  26.933594	   0.324832
  26.943359	   0.311120
  26.953125	   0.261494
  26.962891	   0.183420
  26.972656	   0.092666
  26.982422	   0.007577
  26.992188	  -0.057504
  27.001953	  -0.097170
  27.011719	  -0.116344
  27.021484	  -0.127596
  27.031250	  -0.145392
  27.041016	  -0.179483
  27.050781	  -0.230037
  27.060547	  -0.286503
  27.070312	  -0.330822
  27.080078	  -0.343976
  27.089844	  -0.313538
  27.099609	  -0.239410
  27.109375	  -0.135519
  27.119141	  -0.026598
  27.128906	   0.059024
  27.138672	   0.098271
  27.148438	   0.080767
  27.158203	   0.012295
  27.167969	  -0.086984
  27.177734	  -0.188967
  27.187500	  -0.266531
  27.197266	  -0.301862
  27.207031	  -0.291394
  27.216797	  -0.245745
  27.226562	  -0.184835
  27.236328	  -0.130068
  27.246094	  -0.096465
  27.255859	  -0.087583
  27.265625	  -0.094998
  27.275391	  -0.102411
  27.285156	  -0.092750
  27.294922	  -0.055513
  27.304688	   0.008424
  27.314453	   0.086407
  27.324219	   0.158185
  27.333984	   0.203176
  27.343750	   0.208097
  27.353516	   0.172138
  27.363281	   0.107672
  27.373047	   0.036179
  27.382812	  -0.019226
  27.392578	  -0.041966
  27.402344	  -0.027915
  27.412109	   0.013138
  27.421875	   0.061048
  27.431641	   0.092674
  27.441406	   0.090410
  27.451172	   0.048829
  27.460938	  -0.022985
  27.470703	  -0.104259
  27.480469	  -0.169567
  27.490234	  -0.197575
  27.500000	  -0.178408
  27.509766	  -0.117039
  27.519531	  -0.031535
  27.529297	   0.053187
  27.539062	   0.113837
  27.548828	   0.136450
  27.558594	   0.120606
  27.568359	   0.078771
  27.578125	   0.031131
  27.587891	  -0.002112
  27.597656	  -0.008106
  27.607422	   0.014275
  27.617188	   0.054576
  27.626953	   0.095241
  27.636719	   0.118662
  27.646484	   0.114073
  27.656250	   0.081695
  27.666016	   0.032574
  27.675781	  -0.015798
  27.685547	  -0.046375
  27.695312	  -0.049328
  27.705078	  -0.026073
  27.714844	   0.011050
  27.724609	   0.043387
  27.734375	   0.053208
  27.744141	   0.030889
  27.753906	  -0.020716
  27.763672	  -0.086422
  27.773438	  -0.143483
  27.783203	  -0.169354
  27.792969	  -0.149692
  27.802734	  -0.083684
  27.812500	   0.015255
  27.822266	   0.123746
  27.832031	   0.216197
  27.841797	   0.273295
  27.851562	   0.288212
  27.861328	   0.268322
  27.871094	   0.231822
  27.880859	   0.200526
  27.890625	   0.191477
  27.900391	   0.210465
  27.910156	   0.249835
  27.919922	   0.291432
  27.929688	   0.313604
  27.939453	   0.299723
  27.949219	   0.245065
  27.958984	   0.159465
  27.968750	   0.064677
  27.978516	  -0.012729
  27.988281	  -0.050466
  27.998047	  -0.038387
  28.007812	   0.017702
  28.017578	   0.097705
  28.027344	   0.173834
  28.037109	   0.219881
  28.046875	   0.219945
  28.056641	   0.173581
  28.066406	   0.095614
  28.076172	   0.010748
  28.085938	  -0.055108
  28.095703	  -0.083708
  28.105469	  -0.070472
  28.115234	  -0.025585
  28.125000	   0.030044
  28.134766	   0.072401
  28.144531	   0.082771
  28.154297	   0.053931
  28.164062	  -0.007978
  28.173828	  -0.086414
  28.183594	  -0.160960
  28.193359	  -0.214915
  28.203125	  -0.241121
  28.212891	  -0.243934
  28.222656	  -0.236751
  28.232422	  -0.236153
  28.242188	  -0.254987
  28.251953	  -0.297068
  28.261719	  -0.355506
  28.271484	  -0.415281
  28.281250	  -0.459045
  28.291016	  -0.473906
  28.300781	  -0.456567
  28.310547	  -0.414827
  28.320312	  -0.364807
  28.330078	  -0.324917
  28.339844	  -0.308822
  28.349609	  -0.320062
  28.359375	  -0.350410
  28.369141	  -0.382659
  28.378906	  -0.396865
  28.388672	  -0.377782
  28.398438	  -0.320714
  28.408203	  -0.233596
  28.417969	  -0.134467
  28.427734	  -0.045219
  28.437500	   0.016105
  28.447266	   0.041640
  28.457031	   0.036281
  28.466797	   0.015551
  28.476562	  -0.000483
  28.486328	   0.004983
  28.496094	   0.038904
  28.505859	   0.095489
  28.515625	   0.158169
  28.525391	   0.205768
  28.535156	   0.220640
  28.544922	   0.195756
  28.554688	   0.138041
  28.564453	   0.066590
  28.574219	   0.006272
  28.583984	  -0.021065
  28.593750	  -0.004627
  28.603516	   0.051027
  28.613281	   0.127083
  28.623047	   0.196738
  28.632812	   0.234507
  28.642578	   0.225315
  28.652344	   0.170122
  28.662109	   0.086024
  28.671875	   0.000682
  28.681641	  -0.057028
  28.691406	  -0.066917
  28.701172	  -0.024479
  28.710938	   0.057494
  28.720703	   0.153236
  28.730469	   0.232781
  28.740234	   0.272108
  28.750000	   0.261147
  28.759766	   0.206865
  28.769531	   0.130439
  28.779297	   0.059589
  28.789062	   0.018848
  28.798828	   0.021203
  28.808594	   0.064049
  28.818359	   0.130755
  28.828125	   0.197179
  28.837891	   0.240668
  28.847656	   0.248265
  28.857422	   0.221174
  28.867188	   0.173949
  28.876953	   0.128799
  28.886719	   0.107183
  28.896484	   0.121795
  28.906250	   0.171885
  28.916016	   0.243551
  28.925781	   0.314851
  28.935547	   0.363769
  28.945312	   0.376072
  28.955078	   0.350179
  28.964844	   0.297271
  28.974609	   0.236691
  28.984375	   0.188382
  28.994141	   0.165244
  29.003906	   0.168266
  29.013672	   0.186262
  29.023438	   0.200293
  29.033203	   0.191123
  29.042969	   0.146896
  29.052734	   0.068142
  29.062500	  -0.031791
  29.072266	  -0.131118
  29.082031	  -0.207212
  29.091797	  -0.244652
  29.101562	  -0.240741
  29.111328	  -0.206447
  29.121094	  -0.162385
  29.130859	  -0.131297
  29.140625	  -0.129774
  29.150391	  -0.162267
  29.160156	  -0.219602
  29.169922	  -0.282537
  29.179688	  -0.329074
  29.189453	  -0.342792
  29.199219	  -0.319107
  29.208984	  -0.267082
  29.218750	  -0.206079
  29.228516	  -0.158410
  29.238281	  -0.140718
  29.248047	  -0.157288
  29.257812	  -0.197862
  29.267578	  -0.240907
  29.277344	  -0.261296
  29.287109	  -0.239701
  29.296875	  -0.170323
  29.306641	  -0.064083
  29.316406	   0.054033
  29.326172	   0.152693
  29.335938	   0.204436
  29.345703	   0.194886
  29.355469	   0.127750
  29.365234	   0.023867
  29.375000	  -0.085409
  29.384766	  -0.168219
  29.394531	  -0.202204
  29.404297	  -0.181125
  29.414062	  -0.115966
  29.423828	  -0.030308
  29.433594	   0.048228
  29.443359	   0.097371
  29.453125	   0.107157
  29.462891	   0.082125
  29.472656	   0.038243
  29.482422	  -0.004065
  29.492188	  -0.028046
  29.501953	  -0.026855
  29.511719	  -0.005646
  29.521484	   0.021115
  29.531250	   0.035911
  29.541016	   0.025514
  29.550781	  -0.013486
  29.560547	  -0.073114
  29.570312	  -0.137005
  29.580078	  -0.186793
  29.589844	  -0.209440
  29.599609	  -0.202610
  29.609375	  -0.175967
  29.619141	  -0.147765
  29.628906	  -0.137919
  29.638672	  -0.160099
  29.648438	  -0.215843
  29.658203	  -0.292975
  29.667969	  -0.369095
  29.677734	  -0.418998
  29.687500	  -0.423443
  29.697266	  -0.376098
  29.707031	  -0.286120
  29.716797	  -0.175344
  29.726562	  -0.071028
  29.736328	   0.003323
  29.746094	   0.035778
  29.755859	   0.029670
  29.765625	   0.001839
  29.775391	  -0.023922
  29.785156	  -0.025825
  29.794922	   0.007800
  29.804688	   0.074189
  29.814453	   0.157179
  29.824219	   0.233197
  29.833984	   0.279993
  29.843750	   0.284906
  29.853516	   0.249593
  29.863281	   0.189484
  29.873047	   0.128120
  29.882812	   0.088452
  29.892578	   0.084304
  29.902344	   0.115166
  29.912109	   0.166290
  29.921875	   0.214137
  29.931641	   0.235227
  29.941406	   0.215191
  29.951172	   0.154691
  29.960938	   0.069951
  29.970703	  -0.012405
  29.980469	  -0.064464
  29.990234	  -0.066881
  30.000000	  -0.015972
  30.009766	   0.074542
  30.019531	   0.177829
  30.029297	   0.262829
  30.039062	   0.304641
  30.048828	   0.292797
  30.058594	   0.234520
  30.068359	   0.151855
  30.078125	   0.073713
  30.087891	   0.025657
  30.097656	   0.021017
  30.107422	   0.056452
  30.117188	   0.113448
  30.126953	   0.165139
  30.136719	   0.185983
  30.146484	   0.160837
  30.156250	   0.090248
  30.166016	  -0.009812
  30.175781	  -0.113580
  30.185547	  -0.194373
  30.195312	  -0.233525
  30.205078	  -0.226236
  30.214844	  -0.182396
  30.224609	  -0.122274
  30.234375	  -0.068818
  30.244141	  -0.039465
  30.253906	  -0.040405
  30.263672	  -0.065293
  30.273438	  -0.098625
  30.283203	  -0.122331
  30.292969	  -0.122941
  30.302734	  -0.096589
  30.312500	  -0.050009
  30.322266	   0.002690
  30.332031	   0.046085
  30.341797	   0.069814
  30.351562	   0.072682
  30.361328	   0.062817
  30.371094	   0.053774
  30.380859	   0.058141
  30.390625	   0.081239
  30.400391	   0.117578
  30.410156	   0.151718
  30.419922	   0.163510
  30.429688	   0.135954
  30.439453	   0.062748
  30.449219	  -0.047445
  30.458984	  -0.171948
  30.468750	  -0.280306
  30.478516	  -0.343934
  30.488281	  -0.345936
  30.498047	  -0.287584
  30.507812	  -0.189006
  30.517578	  -0.083526
  30.527344	  -0.007322
  30.537109	   0.012239
  30.546875	  -0.034301
  30.556641	  -0.135071
  30.566406	  -0.260378
  30.576172	  -0.372011
  30.585938	  -0.435292
  30.595703	  -0.429857
  30.605469	  -0.355638
  30.615234	  -0.232132
  30.625000	  -0.091397
  30.634766	   0.032738
  30.644531	   0.115468
  30.654297	   0.148181
  30.664062	   0.139716
  30.673828	   0.111549
  30.683594	   0.088871
  30.693359	   0.090910
  30.703125	   0.123996
  30.712891	   0.179793
  30.722656	   0.239153
  30.732422	   0.280039
  30.742188	   0.286468
  30.751953	   0.255140
  30.761719	   0.197292
  30.771484	   0.135105
  30.781250	   0.093976
  30.791016	   0.093482
  30.800781	   0.140288
  30.810547	   0.225561
  30.820312	   0.327780
  30.830078	   0.419932
  30.839844	   0.478507
  30.849609	   0.491143
  30.859375	   0.460315
  30.869141	   0.401892
  30.878906	   0.339274
  30.888672	   0.295320
  30.898438	   0.284966
  30.908203	   0.311060
  30.917969	   0.364657
  30.927734	   0.429339
  30.937500	   0.487682
  30.947266	   0.527309
  30.957031	   0.544276
  30.966797	   0.542713
  30.976562	   0.531135
  30.986328	   0.517196
  30.996094	   0.503202
  31.005859	   0.484376
  31.015625	   0.450665
  31.025391	   0.391431
  31.035156	   0.301077
  31.044922	   0.183225
  31.054688	   0.051486
  31.064453	  -0.073807
  31.074219	  -0.171991
  31.083984	  -0.229304
  31.093750	  -0.244259
  31.103516	  -0.228935
  31.113281	  -0.205427
  31.123047	  -0.198461
  31.132812	  -0.226633
  31.142578	  -0.295416
  31.152344	  -0.394497
  31.162109	  -0.500601
  31.171875	  -0.584955
  31.181641	  -0.622893
  31.191406	  -0.602236
  31.201172	  -0.527458
  31.210938	  -0.418119
  31.220703	  -0.302051
  31.230469	  -0.205695
  31.240234	  -0.145042
  31.250000	  -0.120446
  31.259766	  -0.117198
  31.269531	  -0.111702
  31.279297	  -0.081008
  31.289062	  -0.012224
  31.298828	   0.091696
  31.308594	   0.212022
  31.318359	   0.320314
  31.328125	   0.388414
  31.337891	   0.398811
  31.347656	   0.351597
  31.357422	   0.265364
  31.367188	   0.171491
  31.376953	   0.103650
  31.386719	   0.086091
  31.396484	   0.124800
  31.406250	   0.204701
  31.416016	   0.294028
  31.425781	   0.354511
  31.435547	   0.353994
  31.445312	   0.277228
  31.455078	   0.131183
  31.464844	  -0.056925
  31.474609	  -0.248199
  31.484375	  -0.404310
  31.494141	  -0.499277
  31.503906	  -0.526873
  31.513672	  -0.501300
  31.523438	  -0.451086
  31.533203	  -0.408530
  31.542969	  -0.398398
  31.552734	  -0.429782
  31.562500	  -0.493763
  31.572266	  -0.567446
  31.582031	  -0.622685
  31.591797	  -0.636260
  31.601562	  -0.597877
  31.611328	  -0.513271
  31.621094	  -0.401565
  31.630859	  -0.288084
  31.640625	  -0.195428
  31.650391	  -0.136086
  31.660156	  -0.109193
  31.669922	  -0.102398
  31.679688	  -0.097875
  31.689453	  -0.080026
  31.699219	  -0.041859
  31.708984	   0.012365
  31.718750	   0.069141
  31.728516	   0.111523
  31.738281	   0.126383
  31.748047	   0.110268
  31.757812	   0.071564
  31.767578	   0.028053
  31.777344	   0.000754
  31.787109	   0.006332
  31.796875	   0.050920
  31.806641	   0.127679
  31.816406	   0.219053
  31.826172	   0.302885
  31.835938	   0.360167
  31.845703	   0.381566
  31.855469	   0.370348
  31.865234	   0.340664
  31.875000	   0.311903
  31.884766	   0.301282
  31.894531	   0.317459
  31.904297	   0.357583
  31.914062	   0.408831
  31.923828	   0.453801
  31.933594	   0.477620
  31.943359	   0.473992
  31.953125	   0.447783
  31.962891	   0.413082
  31.972656	   0.387406
  31.982422	   0.384252
  31.992188	   0.406899
  32.001953	   0.445953
  32.011719	   0.481800
  32.021484	   0.491266
  32.031250	   0.456158
  32.041016	   0.370581
  32.050781	   0.244240
  32.060547	   0.100335
  32.070312	  -0.031402
  32.080078	  -0.124188
  32.089844	  -0.162877
  32.099609	  -0.148755
  32.109375	  -0.098691
  32.119141	  -0.038894
  32.128906	   0.004521
  32.138672	   0.014807
  32.148438	  -0.009656
  32.158203	  -0.055171
  32.167969	  -0.098194
  32.177734	  -0.114469
  32.187500	  -0.088504
  32.197266	  -0.019895
  32.207031	   0.075844
  32.216797	   0.172329
  32.226562	   0.241435
  32.236328	   0.263241
  32.246094	   0.233163
  32.255859	   0.163648
  32.265625	   0.079752
  32.275391	   0.010146
  32.285156	  -0.023247
  32.294922	  -0.013232
  32.304688	   0.029967
  32.314453	   0.082310
  32.324219	   0.114626
  32.333984	   0.103260
  32.343750	   0.038899
  32.353516	  -0.069604
  32.363281	  -0.197792
  32.373047	  -0.313650
  32.382812	  -0.388276
  32.392578	  -0.405390
  32.402344	  -0.366319
  32.412109	  -0.288772
  32.421875	  -0.199950
  32.431641	  -0.126576
  32.441406	  -0.085532
  32.451172	  -0.078508
  32.460938	  -0.092553
  32.470703	  -0.106230
  32.480469	  -0.098953
  32.490234	  -0.059940
  32.500000	   0.006699
  32.509766	   0.082728
  32.519531	   0.142243
  32.529297	   0.161446
  32.539062	   0.128087
  32.548828	   0.046914
  32.558594	  -0.061099
  32.568359	  -0.165744
  32.578125	  -0.238439
  32.587891	  -0.263105
  32.597656	  -0.243023
  32.607422	  -0.200972
  32.617188	  -0.172239
  32.626953	  -0.192675
  32.636719	  -0.285756
  32.646484	  -0.453142
  32.656250	  -0.672091
  32.666016	  -0.900853
  32.675781	  -1.090447
  32.685547	  -1.199030
  32.695312	  -1.204197
  32.705078	  -1.109208
  32.714844	  -0.941193
  32.724609	  -0.742057
  32.734375	  -0.555226
  32.744141	  -0.412658
  32.753906	  -0.326322
  32.763672	  -0.286719
  32.773438	  -0.268523
  32.783203	  -0.241045
  32.792969	  -0.179674
  32.802734	  -0.074326
  32.812500	   0.067856
  32.822266	   0.226105
  32.832031	   0.374301
  32.841797	   0.490648
  32.851562	   0.565197
  32.861328	   0.602575
  32.871094	   0.619188
  32.880859	   0.636174
  32.890625	   0.670928
  32.900391	   0.730413
  32.910156	   0.808700
  32.919922	   0.889485
  32.929688	   0.952477
  32.939453	   0.981100
  32.949219	   0.968557
  32.958984	   0.919999
  32.968750	   0.850081
  32.978516	   0.776993
  32.988281	   0.715342
  32.998047	   0.670713
  33.007812	   0.637997
  33.017578	   0.604128
  33.027344	   0.554125
  33.037109	   0.478056
  33.046875	   0.376174
  33.056641	   0.260150
  33.066406	   0.149837
  33.076172	   0.066681
  33.085938	   0.026223
  33.095703	   0.032469
  33.105469	   0.076252
  33.115234	   0.138211
  33.125000	   0.195271
  33.134766	   0.228226
  33.144531	   0.227613
  33.154297	   0.195741
  33.164062	   0.144250
  33.173828	   0.088273
  33.183594	   0.039623
  33.193359	   0.001768
  33.203125	  -0.031320
  33.212891	  -0.071923
  33.222656	  -0.132196
  33.232422	  -0.217247
  33.242188	  -0.320614
  33.251953	  -0.424268
  33.261719	  -0.503589
  33.271484	  -0.535782
  33.281250	  -0.508729
  33.291016	  -0.426877
  33.300781	  -0.311628
  33.310547	  -0.195588
  33.320312	  -0.112284
  33.330078	  -0.084730
  33.339844	  -0.116857
  33.349609	  -0.191022
  33.359375	  -0.272829
  33.369141	  -0.321946
  33.378906	  -0.305464
  33.388672	  -0.209328
  33.398438	  -0.043892
  33.408203	   0.158428
  33.417969	   0.352719
  33.427734	   0.495243
  33.437500	   0.556603
  33.447266	   0.530006
  33.457031	   0.431867
  33.466797	   0.294702
  33.476562	   0.154911
  33.486328	   0.039843
  33.496094	  -0.041259
  33.505859	  -0.099243
  33.515625	  -0.159322
  33.525391	  -0.249800
  33.535156	  -0.389394
  33.544922	  -0.577884
  33.554688	  -0.793639
  33.564453	  -0.999123
  33.574219	  -1.152639
  33.583984	  -1.222286
  33.593750	  -1.197210
  33.603516	  -1.092128
  33.613281	  -0.943350
  33.623047	  -0.797492
  33.632812	  -0.696575
  33.642578	  -0.664509
  33.652344	  -0.699473
  33.662109	  -0.774725
  33.671875	  -0.847482
  33.681641	  -0.872842
  33.691406	  -0.818045
  33.701172	  -0.672394
  33.710938	  -0.449740
  33.720703	  -0.183063
  33.730469	   0.086657
  33.740234	   0.323223
  33.750000	   0.505242
  33.759766	   0.630176
  33.769531	   0.711460
  33.779297	   0.770270
  33.789062	   0.825330
  33.798828	   0.884738
  33.808594	   0.942815
  33.818359	   0.983000
  33.828125	   0.985489
  33.837891	   0.936507
  33.847656	   0.835542
  33.857422	   0.697646
  33.867188	   0.549800
  33.876953	   0.422558
  33.886719	   0.339995
  33.896484	   0.311580
  33.906250	   0.328969
  33.916016	   0.368883
  33.925781	   0.401064
  33.935547	   0.398491
  33.945312	   0.346269
  33.955078	   0.246138
  33.964844	   0.115215
  33.974609	  -0.020366
  33.984375	  -0.134414
  33.994141	  -0.208909
  34.003906	  -0.238624
  34.013672	  -0.230687
  34.023438	  -0.199642
  34.033203	  -0.160248
  34.042969	  -0.121049
  34.052734	  -0.081346
  34.062500	  -0.032754
  34.072266	   0.035355
  34.082031	   0.128865
  34.091797	   0.243410
  34.101562	   0.362891
  34.111328	   0.463004
  34.121094	   0.518799
  34.130859	   0.513572
  34.140625	   0.445721
  34.150391	   0.330744
  34.160156	   0.197260
  34.169922	   0.078113
  34.179688	  -0.000460
  34.189453	  -0.027754
  34.199219	  -0.012300
  34.208984	   0.021232
  34.218750	   0.041069
  34.228516	   0.020282
  34.238281	  -0.052547
  34.248047	  -0.167840
  34.257812	  -0.296865
  34.267578	  -0.400550
  34.277344	  -0.442413
  34.287109	  -0.401243
  34.296875	  -0.279162
  34.306641	  -0.102197
  34.316406	   0.086943
  34.326172	   0.241543
  34.335938	   0.324799
  34.345703	   0.320351
  34.355469	   0.236026
  34.365234	   0.099730
  34.375000	  -0.050839
  34.384766	  -0.180952
  34.394531	  -0.269595
  34.404297	  -0.314609
  34.414062	  -0.330739
  34.423828	  -0.341686
  34.433594	  -0.369421
  34.443359	  -0.424889
  34.453125	  -0.503631
  34.462891	  -0.587902
  34.472656	  -0.654377
  34.482422	  -0.684389
  34.492188	  -0.672647
  34.501953	  -0.630916
  34.511719	  -0.584960
  34.521484	  -0.565593
  34.531250	  -0.596903
  34.541016	  -0.685891
  34.550781	  -0.817396
  34.560547	  -0.956413
  34.570312	  -1.057349
  34.580078	  -1.077353
  34.589844	  -0.989393
  34.599609	  -0.790817
  34.609375	  -0.504669
  34.619141	  -0.173454
  34.628906	   0.152437
  34.638672	   0.427773
  34.648438	   0.622838
  34.658203	   0.728082
  34.667969	   0.752228
  34.677734	   0.715266
  34.687500	   0.639465
  34.697266	   0.541906
  34.707031	   0.431143
  34.716797	   0.308701
  34.726562	   0.174085
  34.736328	   0.030549
  34.746094	  -0.111395
  34.755859	  -0.234716
  34.765625	  -0.320956
  34.775391	  -0.357803
  34.785156	  -0.345935
  34.794922	  -0.301923
  34.804688	  -0.255229
  34.814453	  -0.239565
  34.824219	  -0.281120
  34.833984	  -0.387699
  34.843750	  -0.542870
  34.853516	  -0.707795
  34.863281	  -0.830887
  34.873047	  -0.862658
  34.882812	  -0.771158
  34.892578	  -0.552905
  34.902344	  -0.235477
  34.912109	   0.129415
  34.921875	   0.480433
  34.931641	   0.764169
  34.941406	   0.950170
  34.951172	   1.038589
  34.960938	   1.058053
  34.970703	   1.054549
  34.980469	   1.075107
  34.990234	   1.151708
  35.000000	   1.290693
  35.009766	   1.471040
  35.019531	   1.651795
  35.029297	   1.785938
  35.039062	   1.835847
  35.048828	   1.785157
  35.058594	   1.643208
  35.068359	   1.440920
  35.078125	   1.219862
  35.087891	   1.018548
  35.097656	   0.860720
  35.107422	   0.749469
  35.117188	   0.668846
  35.126953	   0.591898
  35.136719	   0.491901
  35.146484	   0.352621
  35.156250	   0.174005
  35.166016	  -0.028399
  35.175781	  -0.229668
  35.185547	  -0.404683
  35.195312	  -0.536640
  35.205078	  -0.621721
  35.214844	  -0.668375
  35.224609	  -0.691795
  35.234375	  -0.706043
  35.244141	  -0.717125
  35.253906	  -0.719882
  35.263672	  -0.700009
  35.273438	  -0.640508
  35.283203	  -0.530061
  35.292969	  -0.370073
  35.302734	  -0.177536
  35.312500	   0.017562
  35.322266	   0.179554
  35.332031	   0.276652
  35.341797	   0.289431
  35.351562	   0.215355
  35.361328	   0.067949
  35.371094	  -0.128809
  35.380859	  -0.348556
  35.390625	  -0.569973
  35.400391	  -0.780872
  35.410156	  -0.977674
  35.419922	  -1.160968
  35.429688	  -1.329436
  35.439453	  -1.475118
  35.449219	  -1.582467
  35.458984	  -1.632020
  35.468750	  -1.607542
  35.478516	  -1.503839
  35.488281	  -1.331863
  35.498047	  -1.118507
  35.507812	  -0.900362
  35.517578	  -0.713082
  35.527344	  -0.579857
  35.537109	  -0.503233
  35.546875	  -0.463640
  35.556641	  -0.425809
  35.566406	  -0.351433
  35.576172	  -0.214074
  35.585938	  -0.011157
  35.595703	   0.231385
  35.605469	   0.463990
  35.615234	   0.626829
  35.625000	   0.667641
  35.634766	   0.558299
  35.644531	   0.304553
  35.654297	  -0.054481
  35.664062	  -0.457185
  35.673828	  -0.837288
  35.683594	  -1.142917
  35.693359	  -1.350648
  35.703125	  -1.469934
  35.712891	  -1.536552
  35.722656	  -1.597375
  35.732422	  -1.691717
  35.742188	  -1.835646
  35.751953	  -2.014604
  35.761719	  -2.186839
  35.771484	  -2.296468
  35.781250	  -2.291679
  35.791016	  -2.141915
  35.800781	  -1.848247
  35.810547	  -1.443522
  35.820312	  -0.982363
  35.830078	  -0.524528
  35.839844	  -0.117271
  35.849609	   0.217405
  35.859375	   0.486570
  35.869141	   0.720313
  35.878906	   0.958266
  35.888672	   1.233546
  35.898438	   1.559679
  35.908203	   1.924813
  35.917969	   2.294845
  35.927734	   2.624009
  35.937500	   2.868936
  35.947266	   3.001271
  35.957031	   3.014654
  35.966797	   2.924126
  35.976562	   2.758754
  35.986328	   2.550628
  35.996094	   2.324452
  36.005859	   2.091445
  36.015625	   1.849410
  36.025391	   1.588396
  36.035156	   1.299282
  36.044922	   0.981591
  36.054688	   0.647310
  36.064453	   0.319152
  36.074219	   0.023962
  36.083984	  -0.216154
  36.093750	  -0.391444
  36.103516	  -0.507882
  36.113281	  -0.584915
  36.123047	  -0.648385
  36.132812	  -0.721295
  36.142578	  -0.815880
  36.152344	  -0.929956
  36.162109	  -1.048841
  36.171875	  -1.151981
  36.181641	  -1.221589
  36.191406	  -1.249821
  36.201172	  -1.241590
  36.210938	  -1.211848
  36.220703	  -1.178398
  36.230469	  -1.153140
  36.240234	  -1.135441
  36.250000	  -1.110626
  36.259766	  -1.054684
  36.269531	  -0.943891
  36.279297	  -0.765958
  36.289062	  -0.528475
  36.298828	  -0.261095
  36.308594	  -0.009984
  36.318359	   0.174208
  36.328125	   0.251176
  36.337891	   0.203704
  36.347656	   0.043911
  36.357422	  -0.189332
  36.367188	  -0.441205
  36.376953	  -0.656551
  36.386719	  -0.795180
  36.396484	  -0.841865
  36.406250	  -0.807816
  36.416016	  -0.723389
  36.425781	  -0.624818
  36.435547	  -0.539825
  36.445312	  -0.477321
  36.455078	  -0.424913
  36.464844	  -0.355130
  36.474609	  -0.238119
  36.484375	  -0.056210
  36.494141	   0.185002
  36.503906	   0.453270
  36.513672	   0.695603
  36.523438	   0.851816
  36.533203	   0.871493
  36.542969	   0.728872
  36.552734	   0.430888
  36.562500	   0.015882
  36.572266	  -0.456450
  36.582031	  -0.920447
  36.591797	  -1.320259
  36.601562	  -1.621190
  36.611328	  -1.813558
  36.621094	  -1.908739
  36.630859	  -1.929703
  36.640625	  -1.899991
  36.650391	  -1.835261
  36.660156	  -1.740122
  36.669922	  -1.610735
  36.679688	  -1.441334
  36.689453	  -1.231376
  36.699219	  -0.989925
  36.708984	  -0.735166
  36.718750	  -0.489035
  36.728516	  -0.269088
  36.738281	  -0.080964
  36.748047	   0.085252
  36.757812	   0.252841
  36.767578	   0.450769
  36.777344	   0.702941
  36.787109	   1.018175
  36.796875	   1.384558
  36.806641	   1.770403
  36.816406	   2.131695
  36.826172	   2.423595
  36.835938	   2.612130
  36.845703	   2.682131
  36.855469	   2.638876
  36.865234	   2.503235
  36.875000	   2.302440
  36.884766	   2.060232
  36.894531	   1.790187
  36.904297	   1.494759
  36.914062	   1.170212
  36.923828	   0.815231
  36.933594	   0.439392
  36.943359	   0.067585
  36.953125	  -0.262128
  36.962891	  -0.507208
  36.972656	  -0.633281
  36.982422	  -0.626312
  36.992188	  -0.499693
  37.001953	  -0.293139
  37.011719	  -0.062981
  37.021484	   0.133481
  37.031250	   0.254699
  37.041016	   0.287189
  37.050781	   0.249244
  37.060547	   0.184631
  37.070312	   0.148182
  37.080078	   0.187927
  37.089844	   0.329581
  37.099609	   0.568367
  37.109375	   0.870695
  37.119141	   1.184839
  37.128906	   1.456795
  37.138672	   1.645853
  37.148438	   1.734744
  37.158203	   1.731289
  37.167969	   1.661593
  37.177734	   1.557796
  37.187500	   1.445225
  37.197266	   1.333761
  37.207031	   1.216470
  37.216797	   1.075681
  37.226562	   0.893779
  37.236328	   0.664188
  37.246094	   0.397909
  37.255859	   0.122702
  37.265625	  -0.125169
  37.275391	  -0.313754
  37.285156	  -0.427996
  37.294922	  -0.477146
  37.304688	  -0.493737
  37.314453	  -0.523889
  37.324219	  -0.611880
  37.333984	  -0.784187
  37.343750	  -1.038627
  37.353516	  -1.342677
  37.363281	  -1.641987
  37.373047	  -1.876552
  37.382812	  -1.999346
  37.392578	  -1.991198
  37.402344	  -1.866906
  37.412109	  -1.670449
  37.421875	  -1.460851
  37.431641	  -1.293365
  37.441406	  -1.202216
  37.451172	  -1.190568
  37.460938	  -1.230914
  37.470703	  -1.275545
  37.480469	  -1.273424
  37.490234	  -1.187749
  37.500000	  -1.008412
  37.509766	  -0.755462
  37.519531	  -0.472804
  37.529297	  -0.214600
  37.539062	  -0.029145
  37.548828	   0.054468
  37.558594	   0.032881
  37.568359	  -0.073273
  37.578125	  -0.227955
  37.587891	  -0.391544
  37.597656	  -0.531557
  37.607422	  -0.628812
  37.617188	  -0.677665
  37.626953	  -0.681317
  37.636719	  -0.645062
  37.646484	  -0.570829
  37.656250	  -0.455585
  37.666016	  -0.294198
  37.675781	  -0.085324
  37.685547	   0.162612
  37.695312	   0.428505
  37.705078	   0.680718
  37.714844	   0.884270
  37.724609	   1.010838
  37.734375	   1.047994
  37.744141	   1.004028
  37.753906	   0.906140
  37.763672	   0.792106
  37.773438	   0.698011
  37.783203	   0.646236
  37.792969	   0.637975
  37.802734	   0.653132
  37.812500	   0.657831
  37.822266	   0.617037
  37.832031	   0.507862
  37.841797	   0.328788
  37.851562	   0.101428
  37.861328	  -0.135907
  37.871094	  -0.340573
  37.880859	  -0.479429
  37.890625	  -0.539074
  37.900391	  -0.528678
  37.910156	  -0.474269
  37.919922	  -0.406526
  37.929688	  -0.346604
  37.939453	  -0.295408
  37.949219	  -0.230602
  37.958984	  -0.112933
  37.968750	   0.099966
  37.978516	   0.436970
  37.988281	   0.899980
  37.998047	   1.458622
  38.007812	   2.055471
  38.017578	   2.620500
  38.027344	   3.090174
  38.037109	   3.424838
  38.046875	   3.618486
  38.056641	   3.697504
  38.066406	   3.708761
  38.076172	   3.701055
  38.085938	   3.706323
  38.095703	   3.727119
  38.105469	   3.734795
  38.115234	   3.679119
  38.125000	   3.506156
  38.134766	   3.178339
  38.144531	   2.689853
  38.154297	   2.072032
  38.164062	   1.386804
  38.173828	   0.710251
  38.183594	   0.111653
  38.193359	  -0.365162
  38.203125	  -0.712194
  38.212891	  -0.956221
  38.222656	  -1.147033
  38.232422	  -1.339106
  38.242188	  -1.572894
  38.251953	  -1.861761
  38.261719	  -2.188445
  38.271484	  -2.511590
  38.281250	  -2.779566
  38.291016	  -2.946546
  38.300781	  -2.985476
  38.310547	  -2.894027
  38.320312	  -2.692343
  38.330078	  -2.414319
  38.339844	  -2.096219
  38.349609	  -1.766965
  38.359375	  -1.443341
  38.369141	  -1.131149
  38.378906	  -0.830885
  38.388672	  -0.544837
  38.398438	  -0.282085
  38.408203	  -0.058998
  38.417969	   0.105173
  38.427734	   0.195808
  38.437500	   0.210326
  38.447266	   0.162162
  38.457031	   0.079194
  38.466797	  -0.003313
  38.476562	  -0.053018
  38.486328	  -0.050455
  38.496094	   0.005047
  38.505859	   0.095770
  38.515625	   0.192348
  38.525391	   0.264541
  38.535156	   0.292217
  38.544922	   0.272611
  38.554688	   0.221249
  38.564453	   0.166284
  38.574219	   0.138350
  38.583984	   0.159707
  38.593750	   0.236643
  38.603516	   0.357852
  38.613281	   0.499194
  38.623047	   0.632867
  38.632812	   0.737308
  38.642578	   0.803952
  38.652344	   0.838201
  38.662109	   0.854288
  38.671875	   0.866160
  38.681641	   0.878206
  38.691406	   0.879823
  38.701172	   0.846470
  38.710938	   0.747389
  38.720703	   0.557489
  38.730469	   0.269122
  38.740234	  -0.100831
  38.750000	  -0.511633
  38.759766	  -0.907525
  38.769531	  -1.232121
  38.779297	  -1.443638
  38.789062	  -1.525724
  38.798828	  -1.490070
  38.808594	  -1.369806
  38.818359	  -1.205983
  38.828125	  -1.031971
  38.837891	  -0.861443
  38.847656	  -0.684403
  38.857422	  -0.472877
  38.867188	  -0.194324
  38.876953	   0.172052
  38.886719	   0.622169
  38.896484	   1.122229
  38.906250	   1.614465
  38.916016	   2.032052
  38.925781	   2.318362
  38.935547	   2.444090
  38.945312	   2.416276
  38.955078	   2.275917
  38.964844	   2.084725
  38.974609	   1.905318
  38.984375	   1.781434
  38.994141	   1.724733
  39.003906	   1.712550
  39.013672	   1.697161
  39.023438	   1.623214
  39.033203	   1.447225
  39.042969	   1.152472
  39.052734	   0.754367
  39.062500	   0.294851
  39.072266	  -0.171747
  39.082031	  -0.595988
  39.091797	  -0.947392
  39.101562	  -1.220310
  39.111328	  -1.429814
  39.121094	  -1.599590
  39.130859	  -1.746889
  39.140625	  -1.870707
  39.150391	  -1.948190
  39.160156	  -1.941163
  39.169922	  -1.810799
  39.179688	  -1.535191
  39.189453	  -1.123200
  39.199219	  -0.618962
  39.208984	  -0.094530
  39.218750	   0.367725
  39.228516	   0.697605
  39.238281	   0.857206
  39.248047	   0.851899
  39.257812	   0.728314
  39.267578	   0.559705
  39.277344	   0.423278
  39.287109	   0.376713
  39.296875	   0.441374
  39.306641	   0.597413
  39.316406	   0.792030
  39.326172	   0.957778
  39.335938	   1.034647
  39.345703	   0.988616
  39.355469	   0.820836
  39.365234	   0.564984
  39.375000	   0.274408
  39.384766	   0.003995
  39.394531	  -0.206760
  39.404297	  -0.343852
  39.414062	  -0.419088
  39.423828	  -0.461340
  39.433594	  -0.502571
  39.443359	  -0.564167
  39.453125	  -0.648647
  39.462891	  -0.739584
  39.472656	  -0.809348
  39.482422	  -0.831343
  39.492188	  -0.791824
  39.501953	  -0.696616
  39.511719	  -0.570128
  39.521484	  -0.446989
  39.531250	  -0.359467
  39.541016	  -0.325393
  39.550781	  -0.341174
  39.560547	  -0.382554
  39.570312	  -0.412974
  39.580078	  -0.396564
  39.589844	  -0.311164
  39.599609	  -0.156736
  39.609375	   0.043772
  39.619141	   0.251363
  39.628906	   0.423262
  39.638672	   0.526240
  39.648438	   0.546520
  39.658203	   0.493137
  39.667969	   0.394006
  39.677734	   0.286524
  39.687500	   0.206230
  39.697266	   0.177434
  39.707031	   0.208634
  39.716797	   0.293549
  39.726562	   0.416422
  39.736328	   0.558849
  39.746094	   0.705170
  39.755859	   0.844486
  39.765625	   0.969151
  39.775391	   1.071339
  39.785156	   1.140224
  39.794922	   1.162052
  39.804688	   1.123979
  39.814453	   1.020630
  39.824219	   0.860644
  39.833984	   0.669889
  39.843750	   0.488821
  39.853516	   0.363509
  39.863281	   0.332379
  39.873047	   0.412790
  39.882812	   0.592292
  39.892578	   0.828335
  39.902344	   1.057611
  39.912109	   1.212947
  39.921875	   1.242798
  39.931641	   1.127125
  39.941406	   0.884245
  39.951172	   0.565985
  39.960938	   0.242314
  39.970703	  -0.019778
  39.980469	  -0.176306
  39.990234	  -0.218575
