Time history matched to spectrum: Study 1 targetSpectrum.txt
#Misfit: 0.106173
File Type: Accelerations (g)
#Indentifier:  Step 4
#Zero Time Index: 5038
NPTS= 4096 , DT= 0.009766 SEC
-0.000177145
-9.44357E-05
-3.1801E-05
-2.96622E-05
-9.70306E-05
-0.000208061
-0.000311393
-0.000349026
-0.000278051
-8.74531E-05
0.000196172
0.000516265
0.000804858
0.001005621
0.001093227
0.001081948
0.001020102
0.000971788
0.000991977
0.001103466
0.001283812
0.00146718
0.001561039
0.001472656
0.001136939
0.000536673
-0.000291398
-0.001266535
-0.00228668
-0.003256444
-0.004111445
-0.00483143
-0.005438524
-0.005981923
-0.006514695
-0.007070772
-0.007649727
-0.008214065
-0.008699401
-0.009033579
-0.009158151
-0.009045136
-0.008704017
-0.008177443
-0.007527832
-0.006819838
-0.00610449
-0.005409593
-0.00473844
-0.004075872
-0.00339849
-0.002684979
-0.001923329
-0.001113534
-0.000266453
0.000599057
0.001458464
0.00228202
0.003033697
0.003670438
0.004144093
0.004407671
0.004425707
0.004186341
0.003711099
0.003058131
0.002316135
0.001589034
0.000974679
0.000543346
0.00032248
0.000292635
0.00039629
0.000557052
0.000703333
0.000788953
0.000804055
0.000772894
0.00073957
0.000746917
0.000816214
0.000935155
0.001058671
0.00112266
0.00106602
0.000853296
0.000489753
2.31673E-05
-0.00046887
-0.000902269
-0.001212685
-0.00137573
-0.001414088
-0.00138875
-0.001377008
-0.001444395
-0.001619956
-0.001883272
-0.002167819
-0.00237989
-0.002427146
-0.002247696
-0.00183045
-0.001220382
-0.00050724
0.000198457
0.000794457
0.001211854
0.00142894
0.001470495
0.001393999
0.001268236
0.001151736
0.001077821
0.001050192
0.001049074
0.001044412
0.001010555
0.000937064
0.000832239
0.000718992
0.000625579
0.000575236
0.000578773
0.000632516
0.000721633
0.000826789
0.000930999
0.00102391
0.001102302
0.001167516
0.001221977
0.001267272
0.001305284
0.00134197
0.001391591
0.001478176
0.001631629
0.001877874
0.002225196
0.002651416
0.003097524
0.003472211
0.003668677
0.003590797
0.003181911
0.002447402
0.001463042
0.000364677
-0.000679718
-0.001508904
-0.002007564
-0.002134457
-0.001931
-0.001507462
-0.001010698
-0.000583024
-0.000324611
-0.000270504
-0.000388719
-0.000599008
-0.000805328
-0.000930809
-0.000943541
-0.00086484
-0.00075785
-0.000700965
-0.000755745
-0.000940704
-0.00122022
-0.001512581
-0.001714559
-0.001734356
-0.001521859
-0.001086197
-0.000494773
0.000145783
0.000720462
0.001138471
0.001357226
0.00139049
0.001298754
0.00116571
0.001069018
0.001054911
0.001124512
0.001235519
0.001317816
0.00129727
0.00111985
0.000768714
0.00026977
-0.000314857
-0.000902305
-0.00140806
-0.00176308
-0.001924958
-0.0018817
-0.001649122
-0.001264394
-0.000778367
-0.000248458
0.00026759
0.000717674
0.001061781
0.001278808
0.001372352
0.001373023
0.001334854
0.001324664
0.001405591
0.001618558
0.001967178
0.002411545
0.002874342
0.003258996
0.003475579
0.003466992
0.003227163
0.002804862
0.002290984
0.001792491
0.001400762
0.001164342
0.001075049
0.001072349
0.001064915
0.000962619
0.000708476
0.000299871
-0.000208184
-0.00071919
-0.001125537
-0.001343177
-0.001339067
-0.001142239
-0.000834738
-0.000525481
-0.000315748
-0.00026779
-0.000386898
-0.000622629
-0.000888335
-0.001092002
-0.001167705
-0.001096985
-0.000913198
-0.000687837
-0.000504078
-0.000427085
-0.000481471
-0.00064355
-0.00085069
-0.001024027
-0.00109628
-0.001034831
-0.000852214
-0.000600807
-0.000354141
-0.000181856
-0.000127257
-0.000195126
-0.000353437
-0.000547502
-0.000720649
-0.000833503
-0.000874865
-0.000860706
-0.000822467
-0.000789951
-0.00077599
-0.000769227
-0.000737945
-0.000643491
-0.000457885
-0.000178517
0.000166208
0.000522979
0.000829609
0.001035264
0.001117358
0.001088707
0.000992036
0.000883678
0.000812411
0.000801337
0.000839632
0.000887455
0.000892279
0.00081059
0.000626714
0.000361409
6.6599E-05
-0.000192221
-0.000359645
-0.000411329
-0.000364234
-0.000271877
-0.000205745
-0.00022926
-0.000373606
-0.000624351
-0.000924133
-0.00119093
-0.001345799
-0.001340415
-0.001174596
-0.000897477
-0.000591763
-0.000346554
-0.000228337
-0.000260474
-0.00041836
-0.000641768
-0.000859571
-0.00101745
-0.001098097
-0.001126176
-0.001155987
-0.001246382
-0.001432432
-0.001704926
-0.002006198
-0.002244962
-0.002325795
-0.002183244
-0.001808336
-0.00125744
-0.00063932
-8.38204E-05
0.000297834
0.000447833
0.000379835
0.000173897
-5.02173E-05
-0.000172478
-0.000111521
0.000149939
0.000561546
0.001024286
0.001424982
0.001674038
0.001733332
0.001624905
0.00141814
0.001200813
0.001045073
0.000980943
0.000986976
0.001001168
0.000947727
0.000769396
0.000453036
3.86541E-05
-0.00039177
-0.000741821
-0.000934568
-0.000940442
-0.000788705
-0.000558061
-0.000349528
-0.00025118
-0.00030738
-0.00050358
-0.000772159
-0.001017214
-0.001149341
-0.001117869
-0.000928967
-0.000643165
-0.000353353
-0.000151366
-9.53704E-05
-0.000189881
-0.000385551
-0.000598562
-0.00074227
-0.000759285
-0.000642073
-0.000434524
-0.000213999
-6.06857E-05
-2.58704E-05
-0.000111103
-0.000266248
-0.000407344
-0.000447743
-0.000330976
-5.30204E-05
0.000334504
0.000741627
0.00107154
0.001254678
0.001272628
0.001162821
0.001002126
0.000875426
0.000841128
0.000906891
0.001025319
0.001111911
0.001079097
0.000873761
0.000503792
4.27163E-05
-0.000390696
-0.000671751
-0.000714529
-0.000505759
-0.000114834
0.000324992
0.000658995
0.000763027
0.000587283
0.00017618
-0.000343394
-0.000802274
-0.001044452
-0.000978946
-0.000610205
-3.63724E-05
0.000584218
0.001086862
0.001356001
0.001363156
0.001174079
0.0009227
0.000761127
0.0008034
0.001082942
0.00153879
0.002035568
0.002410189
0.002528808
0.002333959
0.001865256
0.001246452
0.000643583
0.000209093
3.17296E-05
0.00010976
0.000356579
0.000636116
0.000814785
0.000810864
0.000623402
0.000330268
5.64439E-05
-7.54745E-05
6.01327E-06
0.000291678
0.000692309
0.001069946
0.001288338
0.001264141
0.000999778
0.000585386
0.00016851
-9.79735E-05
-0.000110991
0.000144683
0.000589677
0.001077576
0.001447212
0.001580923
0.001447465
0.001113532
0.000719074
0.000424876
0.000351247
0.000530519
0.000891474
0.001282647
0.001527235
0.001490489
0.001135091
0.000543463
-0.000102853
-0.000581442
-0.000705732
-0.000393608
0.000296956
0.001179415
0.001995398
0.002498801
0.002539088
0.002114889
0.001378364
0.000587227
1.93184E-05
-0.000121881
0.000221509
0.00093907
0.001787215
0.002471702
0.002750376
0.002521081
0.001863516
0.001018607
0.000309888
3.17398E-05
0.000342045
0.001197469
0.002357324
0.003460393
0.004154733
0.00424129
0.00378438
0.00314889
0.002943889
0.003879733
0.0065727
0.011349497
0.018107958
0.026278112
0.034902367
0.042821771
0.048925643
0.052402746
0.05292908
0.050741479
0.04657432
0.041471572
0.036519162
0.032564692
0.029996813
0.02864335
0.027818282
0.02651001
0.023666123
0.018502827
0.010757551
0.000814428
-0.010337687
-0.021312718
-0.030654481
-0.037202896
-0.04040362
-0.040474548
-0.038375653
-0.035578032
-0.033681764
-0.03397615
-0.037057221
-0.042609152
-0.049418318
-0.055630052
-0.059193278
-0.05838487
-0.052278995
-0.041035609
-0.025926008
-0.009080932
0.006979387
0.019914428
0.028084933
0.030891892
0.028847563
0.023366589
0.016342096
0.009629768
0.004585411
0.001782023
0.000976531
0.001320995
0.001740681
0.001353687
-0.000201922
-0.002635103
-0.005101169
-0.006497265
-0.005855449
-0.002704085
0.002721514
0.009490302
0.016209315
0.021410091
0.023969049
0.023431772
0.020140527
0.015125221
0.009791136
0.005499152
0.00316662
0.003009361
0.004500755
0.006556478
0.007884836
0.007393845
0.004532073
-0.000535841
-0.006964815
-0.013456656
-0.018603495
-0.021241539
-0.020713627
-0.016974624
-0.010527456
-0.002231218
0.006941259
0.016111668
0.024607679
0.031957343
0.037793052
0.041726123
0.04326302
0.041816309
0.036824418
0.02794815
0.015275655
-0.000545227
-0.018312079
-0.036434237
-0.053231308
-0.067288039
-0.077764764
-0.084569203
-0.088332514
-0.090189535
-0.091422388
-0.09306949
-0.095614386
-0.098846252
-0.10193276
-0.103681648
-0.102909755
-0.098805218
-0.091170656
-0.080472072
-0.067678883
-0.05394633
-0.040242379
-0.027040906
-0.014185227
-0.000975224
0.013537426
0.030127919
0.048976915
0.069382905
0.089710599
0.107614444
0.120499373
0.126111393
0.123108672
0.111461666
0.092569927
0.069053664
0.044261109
0.021606078
0.003894217
-0.007200754
-0.011388472
-0.009689107
-0.004067365
0.003122241
0.009729915
0.014291818
0.016281517
0.016081886
0.014705786
0.013361829
0.013000615
0.013976902
0.015924551
0.017875666
0.018581842
0.016935393
0.012359165
0.005043362
-0.004046027
-0.013393862
-0.021333244
-0.026497168
-0.028190504
-0.026570924
-0.022583738
-0.01766886
-0.013326584
-0.010671448
-0.010107454
-0.011221411
-0.012925305
-0.013803119
-0.012555659
-0.008407643
-0.001353946
0.007827562
0.017796076
0.027027812
0.034233586
0.038681506
0.040324607
0.039697844
0.037625487
0.034843593
0.031672167
0.027857271
0.02264841
0.015097871
0.004491234
-0.009232681
-0.025221068
-0.041713224
-0.056343063
-0.06667593
-0.070840077
-0.068074413
-0.059027395
-0.045704716
-0.031058603
-0.018311635
-0.01018416
-0.00822441
-0.01241565
-0.02116242
-0.031658764
-0.040543335
-0.04467614
-0.041847414
-0.031255047
-0.013653145
0.008839642
0.033202011
0.05611632
0.07457537
0.086365317
0.090347338
0.086518261
0.075881248
0.060189351
0.041632726
0.022528265
0.005047785
-0.009001397
-0.01834324
-0.022348876
-0.021096783
-0.015363988
-0.006532577
0.003596092
0.013068414
0.020092048
0.023340743
0.022187127
0.016808915
0.008139702
-0.002328515
-0.012847662
-0.021751864
-0.027755692
-0.030149828
-0.028861193
-0.024380981
-0.017596155
-0.009578655
-0.001387399
0.006076966
0.012148926
0.016414932
0.018693943
0.019007751
0.017557459
0.014706439
0.01095597
0.006894591
0.003109396
6.5001E-05
-0.002023252
-0.003280106
-0.004182112
-0.005463045
-0.007916136
-0.012132355
-0.018243752
-0.025752859
-0.03351663
-0.039917087
-0.043199424
-0.041906255
-0.035299844
-0.023655283
-0.008331501
0.008420633
0.023886233
0.035458933
0.04122328
0.040403038
0.033559961
0.022487184
0.009816592
-0.001569203
-0.009181103
-0.011471385
-0.008157464
-0.000249945
0.010214178
0.020662094
0.028578071
0.032058161
0.03020183
0.023260386
0.012523302
-1.44796E-05
-0.012113513
-0.021765558
-0.027576288
-0.028978135
-0.026243087
-0.020315112
-0.012522655
-0.004253974
0.003322118
0.009428604
0.013719106
0.016195659
0.017050223
0.016492324
0.014623738
0.011401741
0.006701081
0.000450749
-0.007205151
-0.015784423
-0.02443581
-0.032028518
-0.037354502
-0.039399032
-0.037608989
-0.032081384
-0.023609974
-0.013562692
-0.003607729
0.004650676
0.010037253
0.012077023
0.011099504
0.008144569
0.004690897
0.00227552
0.002102718
0.004743508
0.010002426
0.016982766
0.024328034
0.030570943
0.03449498
0.035414145
0.033303047
0.028753568
0.022782454
0.016552501
0.011088055
0.007059384
0.004683748
0.003753204
0.003762593
0.004086728
0.004149841
0.003542651
0.002067014
-0.000284634
-0.003387585
-0.007046516
-0.011033641
-0.015094105
-0.018929262
-0.02218211
-0.024450921
-0.025345973
-0.02458443
-0.022097782
-0.018113278
-0.013171556
-0.008058414
-0.003654954
-0.00073861
0.000211959
-0.000849551
-0.003509042
-0.006984581
-0.010319272
-0.012623322
-0.013297989
-0.012178246
-0.009554379
-0.006068552
-0.002519324
0.000366283
0.002125506
0.002662556
0.002235889
0.001340902
0.000530574
0.000233708
0.000628041
0.001605059
0.002831996
0.003884791
0.004403972
0.004220226
0.003408863
0.002257803
0.001163073
0.000489536
0.000444752
0.001007927
0.00193612
0.002843589
0.003326092
0.003088174
0.002032068
0.000281047
-0.001867214
-0.004038627
-0.005897306
-0.007238334
-0.008029358
-0.008390243
-0.00852141
-0.008608426
-0.008737479
-0.008851599
-0.008762762
-0.008215817
-0.006982672
-0.00495529
-0.002206527
0.00100175
0.004267245
0.007139133
0.009227196
0.010297639
0.010329631
0.009518363
0.008225279
0.006889763
0.005925277
0.005624913
0.006097057
0.007243171
0.008779635
0.010296615
0.011340771
0.011505863
0.010515461
0.00828414
0.004946987
0.000851558
-0.003488552
-0.007473462
-0.010518836
-0.012162926
-0.012158565
-0.010530072
-0.007580079
-0.00384075
2.38908E-05
0.003345731
0.005583097
0.006424571
0.005841997
0.004080624
0.001589979
-0.001086088
-0.003431661
-0.00506285
-0.005789538
-0.005623616
-0.004737965
-0.003393757
-0.001860888
-0.000355456
0.000989992
0.002120293
0.003025008
0.003697004
0.004101558
0.004169653
0.00381872
0.002992639
0.001704526
6.3701E-05
-0.00172694
-0.00340677
-0.004718127
-0.005473924
-0.005610493
-0.005207395
-0.004465815
-0.00365006
-0.003008623
-0.0026983
-0.002734534
-0.002983667
-0.003200369
-0.003100003
-0.002445316
-0.001122659
0.00081397
0.00314341
0.00552211
0.007560929
0.008913516
0.009353738
0.008823552
0.0074414
0.005471495
0.003263731
0.001179794
-0.000477508
-0.001517369
-0.001887718
-0.001673161
-0.001067493
-0.000328214
0.000277556
0.000526138
0.000280744
-0.000481421
-0.001662798
-0.003061324
-0.004406587
-0.005410709
-0.005825034
-0.005491516
-0.004377685
-0.002586591
-0.000338289
0.002074052
0.004343818
0.006212351
0.007517129
0.008214901
0.008374581
0.008142991
0.007694132
0.007177197
0.006678611
0.006208787
0.005716486
0.005124909
0.004376801
0.003472923
0.002490412
0.001573876
0.000900861
0.000631647
0.000858584
0.001570832
0.002646065
0.003872874
0.004998588
0.005789836
0.006089468
0.00585451
0.005165226
0.00420336
0.003205876
0.002406632
0.001980992
0.002006734
0.002449678
0.003175804
0.003985091
0.004657655
0.005000898
0.004887319
0.004275941
0.003214564
0.001824396
0.000271855
-0.001265735
-0.002633555
-0.003725663
-0.004499968
-0.004979734
-0.005241959
-0.005395331
-0.005552377
-0.005801681
-0.006186181
-0.006692481
-0.007253791
-0.007765964
-0.00811281
-0.008194312
-0.007950456
-0.007374335
-0.006511132
-0.005443588
-0.004268509
-0.00307161
-0.00190843
-0.000797127
0.000274946
0.001333593
0.002395551
0.003449905
0.00445031
0.005321639
0.00597969
0.006357908
0.006432165
0.006234691
0.005851338
0.005401542
0.005006052
0.00475183
0.004664992
0.004700718
0.004754176
0.004690197
0.004383651
0.003758996
0.002817481
0.001643939
0.000390968
-0.000755209
-0.001617811
-0.002069761
-0.002060653
-0.001624038
-0.000864414
7.10939E-05
0.001027639
0.001874403
0.002525429
0.002945718
0.003143478
0.003153296
0.003017037
0.002768895
0.002428796
0.00200494
0.00150308
0.000938015
0.000342372
-0.000231014
-0.000714442
-0.001037124
-0.001140089
-0.000989951
-0.000587731
2.96592E-05
0.000795621
0.001626201
0.002435535
0.003150909
0.003724194
0.004137406
0.00440155
0.004549342
0.004623656
0.004664438
0.004697079
0.004725039
0.004728548
0.00466991
0.004504307
0.004193488
0.003718767
0.003089588
0.002344822
0.00154578
0.000762244
5.50378E-05
-0.00053999
-0.001021666
-0.001423461
-0.001802998
-0.002223523
-0.002732394
-0.003342885
-0.004025004
-0.004708576
-0.005298274
-0.005696695
-0.005829011
-0.005662226
-0.005213548
-0.004545769
-0.003751393
-0.002930622
-0.002169895
-0.00152708
-0.001026884
-0.000666385
-0.000427189
-0.000288723
-0.000237243
-0.000267253
-0.000375406
-0.000550202
-0.000762862
-0.0009646
-0.001093256
-0.001088637
-0.000912147
-0.000563979
-9.1052E-05
0.000418601
0.000855062
0.00111474
0.001129506
0.000887769
0.000440477
-0.000110529
-0.000638903
-0.001027386
-0.001198586
-0.001133804
-0.000874418
-0.000505837
-0.000129486
0.000168099
0.00033934
0.000385617
0.000350781
0.00030117
0.000299435
0.000381166
0.000542011
0.000739103
0.000905683
0.000973386
0.000894383
0.000655997
0.000283404
-0.000169657
-0.000638099
-0.001064084
-0.001410465
-0.001664846
-0.001833849
-0.001930935
-0.001963464
-0.001924793
-0.001795035
-0.001550514
-0.00117831
-0.000689927
-0.000128074
0.000437258
0.000923497
0.001256969
0.001394515
0.001337996
0.001136474
0.000874668
0.000650635
0.000549153
0.000618621
0.000858163
0.001218397
0.001615052
0.001950856
0.002138939
0.002121144
0.001876861
0.001421404
0.00079635
5.64265E-05
-0.00074216
-0.001548518
-0.002318142
-0.003010018
-0.003583132
-0.003995782
-0.004209614
-0.004197917
-0.003955446
-0.003505839
-0.002902986
-0.002224579
-0.00155867
-0.000986596
-0.000566997
-0.000325507
-0.000252838
-0.000311391
-0.000447845
-0.000607535
-0.000746315
-0.000836985
-0.000869607
-0.000847381
-0.000781039
-0.000684817
-0.000575639
-0.000475167
-0.000412502
-0.000424487
-0.000551266
-0.000826697
-0.001265715
-0.00185287
-0.002536823
-0.003234467
-0.00384542
-0.004274129
-0.004453731
-0.004364491
-0.004040567
-0.003562098
-0.003034007
-0.002557254
-0.002200887
-0.001983368
-0.001868996
-0.001780629
-0.001624918
-0.001322319
-0.000832693
-0.000168815
0.000606015
0.001395053
0.002094109
0.002618228
0.002920992
0.003001254
0.002896419
0.002665814
0.002370582
0.002057104
0.001749021
0.001449381
0.001150577
0.000847012
0.000544722
0.00026375
3.2252E-05
-0.000125211
-0.000200192
-0.000208113
-0.000187327
-0.000188724
-0.000258873
-0.000422282
-0.000669214
-0.000953907
-0.001204657
-0.001343295
-0.001308242
-0.001074002
-0.000660908
-0.000132011
0.000421962
0.000904932
0.00123831
0.001377768
0.001319529
0.001095385
0.000759181
0.000369927
-2.27969E-05
-0.00038696
-0.00070828
-0.000984064
-0.001214403
-0.001394942
-0.001514363
-0.00155743
-0.00151196
-0.001376431
-0.001164589
-0.000904713
-0.000633311
-0.000385353
-0.000184606
-3.77061E-05
6.57704E-05
0.00014723
0.000229259
0.000325832
0.00043618
0.000544599
0.000626095
0.000655481
0.000616192
0.000505229
0.0003322
0.000112951
-0.00013942
-0.000422068
-0.000744672
-0.001124713
-0.001576809
-0.002099894
-0.002667427
-0.003225386
-0.003700373
-0.004016647
-0.004117435
-0.003983761
-0.003644122
-0.003170831
-0.002662929
-0.002220009
-0.001914519
-0.001771028
-0.001759074
-0.001802206
-0.001800743
-0.001661565
-0.001325951
-0.000787162
-9.27214E-05
0.000668849
0.001392282
0.001983069
0.002379843
0.002565388
0.002564002
0.002427478
0.002215428
0.001977046
0.001740206
0.001510707
0.00128052
0.001040696
0.000793065
0.000555692
0.000359671
0.000238437
0.000213733
0.000283935
0.000419658
0.000569087
0.000671923
0.000677673
0.000562252
0.000337278
4.87051E-05
-0.000235033
-0.000441821
-0.000515823
-0.00043257
-0.000204868
0.000121761
0.000482082
0.000808135
0.001044967
0.001160778
0.001149471
0.001026314
0.000819451
0.000560956
0.000280451
2.67959E-06
-0.000251587
-0.000463339
-0.000614245
-0.000688256
-0.00067583
-0.000579046
-0.000414936
-0.000214571
-1.69449E-05
0.000141287
0.000237103
0.0002695
0.00026142
0.000253707
0.000292248
0.000412047
0.000623424
0.000905219
0.001207817
0.001465677
0.001615795
0.001616387
0.001459771
0.001175172
0.000820368
0.000464747
0.000169155
-3.10235E-05
-0.000134236
-0.000170101
-0.000186946
-0.000233942
-0.000343935
-0.000522645
-0.000747566
-0.000976522
-0.001162524
-0.001269563
-0.001283841
-0.001216747
-0.001098921
-0.000967889
-0.000853964
-0.00076956
-0.00070567
-0.000636617
-0.000531152
-0.000365754
-0.00013531
0.00014265
0.000431597
0.000686144
0.000865109
0.000943006
0.00091623
0.000802217
0.000632412
0.000441951
0.00025993
0.000103558
-2.22347E-05
-0.000120406
-0.000195123
-0.000246087
-0.000266522
-0.000245844
-0.000175858
-5.77622E-05
9.34133E-05
0.000249411
0.000375039
0.000438487
0.000422271
0.000330823
0.000191652
4.91143E-05
-4.76041E-05
-5.86214E-05
3.49531E-05
0.000225587
0.000481923
0.000758455
0.001008956
0.001199162
0.001314576
0.001361073
0.001358661
0.001331079
0.001295396
0.001255556
0.001202173
0.001118463
0.000989765
0.000812708
0.00060017
0.000379782
0.000186177
4.96653E-05
-1.44878E-05
-1.20592E-05
3.14112E-05
7.90867E-05
9.57551E-05
6.07184E-05
-2.40173E-05
-0.00013337
-0.00022708
-0.000263359
-0.00021373
-7.38592E-05
0.00013343
0.000364237
0.00056684
0.000697769
0.000735345
0.000686143
0.000582286
0.000470532
0.000396889
0.000391905
0.000461452
0.00058582
0.000727086
0.000841922
0.000895331
0.000870685
0.000773008
0.000624906
0.000457192
0.000297942
0.000164042
5.80745E-05
-2.87888E-05
-0.000109544
-0.00019304
-0.000278116
-0.000352678
-0.000398106
-0.000397271
-0.000342885
-0.000242756
-0.000119624
-5.2898E-06
6.90184E-05
8.26051E-05
3.19571E-05
-6.84398E-05
-0.000191502
-0.000307263
-0.000393381
-0.000442582
-0.000464298
-0.00047987
-0.000513115
-0.000579799
-0.000680016
-0.000796504
-0.000899688
-0.000957847
-0.000948739
-0.000868466
-0.000734179
-0.0005794
-0.000443384
-0.00035807
-0.000337169
-0.000371206
-0.000430342
-0.000474084
-0.000464602
-0.000379134
-0.00021727
-7.62245E-07
0.000233939
0.000447661
0.000610787
0.000711609
0.000758055
0.000772499
0.000781847
0.000806687
0.000853511
0.000912757
0.00096318
0.000980722
0.00094839
0.000863352
0.000738573
0.00059841
0.000469861
0.000372845
0.0003132
0.000281108
0.000255563
0.000213236
0.000138384
3.00449E-05
-9.63153E-05
-0.000213455
-0.000291728
-0.000309821
-0.000262912
-0.000165209
-4.58439E-05
6.05102E-05
0.000124971
0.000133705
9.17796E-05
2.02908E-05
-5.21765E-05
-0.000100579
-0.000112892
-9.45388E-05
-6.61531E-05
-5.54837E-05
-8.64561E-05
-0.000169428
-0.000296309
-0.000442409
-0.000574448
-0.000661878
-0.0006874
-0.000652862
-0.000578303
-0.00049446
-0.000431406
-0.000407436
-0.000422264
-0.000457096
-0.000481615
-0.000465461
-0.00039006
-0.000256531
-8.66908E-05
8.33255E-05
0.000214744
0.000279079
0.000267793
0.000195293
9.41541E-05
4.16837E-06
-4.10276E-05
-2.52051E-05
4.51388E-05
0.000143101
0.000230417
0.000270046
0.000237972
0.000130339
-3.62622E-05
-0.000231066
-0.000419468
-0.000573623
-0.000679664
-0.000739303
-0.000765742
-0.000775902
-0.000782233
-0.000787329
-0.000783359
-0.000756339
-0.000693355
-0.000589731
-0.000453106
-0.000302678
-0.000163699
-5.92265E-05
-2.21327E-06
9.04184E-06
-9.72245E-06
-3.43878E-05
-4.11184E-05
-1.48643E-05
4.54469E-05
0.000126932
0.000207974
0.000266638
0.000289073
0.000274706
0.000236188
0.00019411
0.00016847
0.000170229
0.000196285
0.000230033
0.000247532
0.000227163
0.000159233
5.17612E-05
-6.99888E-05
-0.000170549
-0.000215697
-0.000184485
-7.75867E-05
8.11449E-05
0.000250798
0.000385396
0.000447936
0.000421833
0.000315953
0.000161565
2.23673E-06
-0.000119912
-0.000177023
-0.000163197
-9.47133E-05
-3.02857E-06
7.67765E-05
0.000117929
0.000110171
6.16214E-05
-6.00816E-06
-6.67133E-05
-0.00010037
-9.99755E-05
-7.33459E-05
-3.8848E-05
-1.69969E-05
-2.12735E-05
-5.18071E-05
-9.44214E-05
-0.000125498
-0.000120902
-6.56245E-05
3.95082E-05
0.000176683
0.000316069
0.000425271
0.000479888
0.000471428
0.000409709
0.0003189
0.000228618
0.000163343
0.00013395
0.000134431
0.000144942
0.00014
9.87847E-05
1.37041E-05
-0.000105946
-0.00023662
-0.000348524
-0.000416064
-0.000426946
-0.000386576
-0.000316161
-0.000245187
-0.00020101
-0.000199378
-0.000239313
-0.00030423
-0.00036882
-0.000409144
-0.000412143
-0.000380993
-0.000334243
-0.000298951
-0.000300298
-0.000351477
-0.000447647
-0.000566326
-0.000674258
-0.000738488
-0.000737746
-0.000670119
-0.000554188
-0.000423124
-0.000313715
-0.00025407
-0.000254261
-0.000303141
-0.000372413
-0.00042652
-0.000434889
-0.000382309
-0.000273912
-0.000133124
6.52551E-06
0.000112805
0.000165347
0.000161795
0.000117553
5.94714E-05
1.59112E-05
6.83673E-06
3.74102E-05
9.72112E-05
0.000165105
0.000217734
0.000238408
0.000223129
0.000181663
0.000133487
0.000100296
9.80398E-05
0.000131439
0.000192977
0.000266534
0.000334095
0.0003828
0.000409541
0.000421333
0.000431378
0.000452467
0.000490436
0.000540414
0.000587548
0.000612111
0.000597182
0.000535957
0.000435769
0.000317024
0.00020712
0.000131337
0.000103893
0.000122481
0.000168407
0.000212561
0.000225269
0.000186692
9.41031E-05
-3.65622E-05
-0.000175539
-0.000288842
-0.000349356
-0.000345593
-0.000285071
-0.000191233
-9.50327E-05
-2.42429E-05
5.71531E-06
-3.78878E-06
-3.63786E-05
-6.78837E-05
-7.62398E-05
-5.03847E-05
5.17653E-06
7.18194E-05
0.000123761
0.00013799
0.000103498
2.63816E-05
-7.11469E-05
-0.00015762
-0.000202693
-0.000187424
-0.00011084
9.51327E-06
0.000143217
0.000256816
0.000324418
0.000335391
0.000296607
0.00022867
0.000157673
0.000105647
8.31418E-05
8.65724E-05
0.00010108
0.000107591
9.12551E-05
4.79316E-05
-1.37908E-05
-7.57959E-05
-0.000117651
-0.000125022
-9.59969E-05
-4.27816E-05
1.20367E-05
4.34612E-05
3.33837E-05
-2.2199E-05
-0.000110827
-0.0002071
-0.000280991
-0.000308044
-0.000277888
-0.00019796
-9.10878E-05
1.22857E-05
8.44847E-05
0.000109948
9.02184E-05
4.28571E-05
-5.28673E-06
-2.79816E-05
-9.09592E-06
5.17449E-05
0.000139337
0.000228764
0.000294751
0.000321016
0.000306156
0.00026388
0.000217496
0.000190683
0.000197969
0.0002385
0.000295481
0.000341657
0.000348951
0.000298844
0.000189753
3.86745E-05
-0.000123631
-0.000262326
-0.000349733
-0.000374234
-0.000343724
-0.000282442
-0.00022227
-0.00019158
-0.000205467
-0.000260745
-0.000337339
-0.000405496
-0.000436188
-0.000411065
-0.000328528
-0.000203944
-6.41459E-05
6.1701E-05
0.000151534
0.000196857
0.000204141
0.000190939
0.000178437
0.000183318
0.000211971
0.00025903
0.000310568
0.000350462
0.000367319
0.000359202
0.000334343
0.00030762
0.000294251
0.000303251
0.000333307
0.000372781
0.000403952
0.000409957
0.000381757
0.000322415
0.000246906
0.000177331
0.000135178
0.000133419
0.000171371
0.000234322
0.000298187
0.000337626
0.000334741
0.000285234
0.000199759
9.99592E-05
1.05878E-05
-4.94102E-05
-7.36214E-05
-7.01949E-05
-5.8402E-05
-6.09673E-05
-9.4948E-05
-0.000164547
-0.000258551
-0.000353442
-0.000421166
-0.000438849
-0.000396962
-0.000303029
-0.000179457
-5.62551E-05
3.88469E-05
8.93531E-05
9.48949E-05
7.03694E-05
3.9701E-05
2.65429E-05
4.53224E-05
9.59031E-05
0.000163766
0.000225641
0.000258466
0.000248382
0.00019639
0.00011858
4.07408E-05
-1.07051E-05
-1.8199E-05
2.04898E-05
9.12133E-05
0.000168251
0.000223296
0.000235458
0.000198701
0.000124074
3.59469E-05
-3.64469E-05
-6.91143E-05
-5.15357E-05
9.87959E-06
9.42449E-05
0.000173592
0.000222506
0.000226557
0.000186559
0.000117294
4.13306E-05
-1.96296E-05
-5.26031E-05
-5.74867E-05
-4.60133E-05
-3.60286E-05
-4.33296E-05
-7.42571E-05
-0.000121973
-0.000167956
-0.000188329
-0.00016278
-8.28163E-05
4.37265E-05
0.000193748
0.0003353
0.000437272
0.000479038
0.000456712
0.000383907
0.000286709
0.000194707
0.000131182
0.000105873
0.000112739
0.00013331
0.000144299
0.000126583
7.23122E-05
-1.23541E-05
-0.000109754
-0.000197402
-0.000256288
-0.000277703
-0.000266119
-0.000237157
-0.000211485
-0.00020701
-0.000232286
-0.000283556
-0.000346463
-0.000401671
-0.000432214
-0.000429754
-0.000397394
-0.000348028
-0.00029895
-0.000264849
-0.000251969
-0.000255745
-0.000262894
-0.000257215
-0.000226847
-0.00017014
-9.77173E-05
-2.97041E-05
1.10837E-05
7.60612E-06
-4.43765E-05
-0.00013345
-0.000235107
-0.000319087
-0.000359064
-0.000341329
-0.000269405
-0.000162896
-5.08837E-05
3.7852E-05
8.44041E-05
8.57367E-05
5.50133E-05
1.61694E-05
-5.30918E-06
7.91531E-06
5.8348E-05
0.000132419
0.000205132
0.000248958
0.000243826
0.000184583
8.32959E-05
-3.44888E-05
-0.000138195
-0.000202417
-0.000215269
-0.000181982
-0.00012254
-6.42724E-05
-3.20939E-05
-3.98745E-05
-8.59786E-05
-0.000154447
-0.00022127
-0.000263373
-0.000266996
-0.00023245
-0.000173579
-0.000112249
-6.99776E-05
-5.98561E-05
-8.17582E-05
-0.000122596
-0.000161462
-0.000177739
-0.00015908
-0.000106313
-3.33724E-05
3.77122E-05
8.49459E-05
9.46173E-05
6.65724E-05
1.4552E-05
-3.86245E-05
-6.9298E-05
-6.16735E-05
-1.3801E-05
6.13541E-05
0.000140188
0.000196577
0.000210957
0.000177112
0.000104285
1.38765E-05
-6.79959E-05
-0.000119407
-0.000129762
-0.000102644
-5.34622E-05
-2.86939E-06
3.15092E-05
4.19061E-05
3.32367E-05
2.08704E-05
2.41837E-05
5.83531E-05
0.00012748
0.000221738
0.000319719
0.00039527
0.00042643
0.000403268
0.00033177
0.000232304
0.000133133
6.12102E-05
3.34622E-05
5.15786E-05
0.000102102
0.000161667
0.000205469
0.00021588
0.000188171
0.000131393
6.42337E-05
7.54694E-06
-2.36082E-05
-2.54337E-05
-6.37143E-06
1.67122E-05
2.56153E-05
8.42143E-06
-3.52806E-05
-9.36245E-05
-0.000146531
-0.000173133
-0.000159866
-0.000106171
-2.56306E-05
5.80051E-05
0.000118566
0.000136271
0.000104445
3.1748E-05
-6.09041E-05
-0.000147617
-0.000206402
-0.000226472
-0.000211405
-0.000177071
-0.00014521
-0.000135022
-0.000155931
-0.000204131
-0.000264171
-0.00031493
-0.000337701
-0.000323371
-0.000275962
-0.000211221
-0.000150756
-0.000113893
-0.000110323
-0.000136308
-0.000175924
-0.00020697
-0.0002094
-0.000173168
-0.000102554
-1.52663E-05
6.34582E-05
0.000109712
0.000109558
6.42959E-05
-9.61327E-06
-8.60306E-05
-0.000138152
-0.000147848
-0.000112006
-4.35776E-05
3.30816E-05
9.09449E-05
0.000110011
8.45173E-05
2.50694E-05
-4.50847E-05
-9.83173E-05
-0.000112493
-7.89367E-05
-5.67143E-06
8.52265E-05
0.000165189
0.000208965
0.00020319
0.00015073
6.93316E-05
-1.48551E-05
-7.64949E-05
-9.97031E-05
-8.30459E-05
-3.9199E-05
1.04806E-05
4.43704E-05
4.88694E-05
2.34918E-05
-1.90571E-05
-5.78143E-05
-7.16296E-05
-4.73857E-05
1.46735E-05
0.000100478
0.000186719
0.000248842
0.000269563
0.000244861
0.000185319
0.000112367
5.08388E-05
2.05041E-05
2.96092E-05
7.26398E-05
0.000132969
0.000189271
0.000223268
0.000225939
0.000199996
0.000157873
0.000116165
8.87653E-05
8.13929E-05
8.96255E-05
0.000101142
0.000101248
7.94908E-05
3.46786E-05
-2.37357E-05
-7.8602E-05
-0.000111353
-0.000109292
-7.1102E-05
-8.38673E-06
5.75541E-05
0.000102697
0.000108612
6.91143E-05
-7.21327E-06
-9.96602E-05
-0.000182347
-0.000233095
-0.000241054
-0.00021034
-0.000158332
-0.000109204
-8.49745E-05
-9.72857E-05
-0.000142896
-0.000204542
-0.000256912
-0.000275636
-0.000246086
-0.000168841
-5.98204E-05
5.49653E-05
0.000148235
0.000200695
0.000207469
0.000179454
0.000139133
0.000112398
0.000119308
0.00016704
0.000247536
0.000340562
0.000421023
0.000467811
0.000471014
0.000434916
0.000375812
0.000315558
0.000273312
0.000258542
0.000267874
0.000286879
0.000296048
0.000278687
0.000227678
0.000148587
5.78847E-05
-2.30541E-05
-7.59592E-05
-9.26602E-05
-7.84082E-05
-5.02163E-05
-3.07173E-05
-0.00003975
-8.67367E-05
-0.000166689
-0.000261374
-0.000345347
-0.000394721
-0.000395589
-0.000349055
-0.000271042
-0.000186906
-0.000122743
-9.64541E-05
-0.000111745
-0.000157157
-0.000210451
-0.000246734
-0.000247413
-0.000206771
-0.000133854
-4.90449E-05
2.33469E-05
6.37959E-05
6.43939E-05
3.13867E-05
-1.74337E-05
-5.94378E-05
-7.54714E-05
-5.66929E-05
-7.48163E-06
5.66143E-05
0.00011502
0.000150046
0.000153574
0.00013003
9.45163E-05
6.68378E-05
6.36459E-05
9.16776E-05
0.000144649
0.000205044
0.000250207
0.000260551
0.000226885
0.000154153
6.0149E-05
-3.03857E-05
-9.42092E-05
-0.000117549
-0.000100738
-5.78316E-05
-1.13684E-05
1.58602E-05
9.04388E-06
-3.33602E-05
-9.91673E-05
-0.000166981
-0.000213999
-0.000224282
-0.000194464
-0.000134873
-6.56827E-05
-9.54082E-06
1.66133E-05
7.55816E-06
-2.8551E-05
-7.34469E-05
-0.000105686
-0.000108698
-7.69735E-05
-1.81296E-05
4.98796E-05
0.000105352
0.000130772
0.000119155
7.64602E-05
1.9199E-05
-3.18459E-05
-5.94571E-05
-5.64204E-05
-2.81724E-05
9.35918E-06
3.5948E-05
3.49837E-05
1.81633E-07
-6.14653E-05
-0.000131652
-0.000187007
-0.000207399
-0.000183286
-0.000119426
-3.35541E-05
4.9551E-05
0.000106512
0.000123281
9.97255E-05
4.92388E-05
-6.44592E-06
-4.53439E-05
-5.32214E-05
-2.86296E-05
1.68663E-05
6.33031E-05
9.00612E-05
8.38357E-05
4.38908E-05
-1.73816E-05
-7.88357E-05
-0.000118289
-0.000120768
-8.42306E-05
-2.06153E-05
4.82112E-05
9.82051E-05
0.000111808
8.43755E-05
2.60296E-05
-4.17816E-05
-9.38163E-05
-0.00010997
-8.24204E-05
-1.84112E-05
6.23112E-05
0.000134489
0.00017625
0.000176738
0.000139738
8.20612E-05
2.73041E-05
-0.0000027
4.35102E-06
4.7049E-05
0.000111137
0.000175022
0.000217883
0.000227322
0.000203801
0.000160217
0.000116831
9.34531E-05
0.000101816
0.000140956
0.000197349
0.000249749
0.000276964
0.000265695
0.000215534
0.000139266
5.83378E-05
-4.87959E-06
-3.51867E-05
-3.00459E-05
-4.46939E-07
3.32092E-05
4.86898E-05
3.02316E-05
-2.54898E-05
-0.000107921
-0.000196249
-0.000266781
-0.000301393
-0.000293955
-0.000252383
-0.00019557
-0.000146322
-0.000122898
-0.00013227
-0.000167624
-0.000211019
-0.000240267
-0.00023751
-0.000196307
-0.000124572
-4.21939E-05
2.58969E-05
5.87418E-05
4.72122E-05
-2.21224E-06
-6.91959E-05
-0.00012632
-0.000148571
-0.000122214
-4.9902E-05
4.98082E-05
0.000148431
0.000216974
0.000235556
0.0001999
0.000122524
2.82602E-05
-5.42551E-05
-0.000102119
-0.000105445
-6.9952E-05
-1.41316E-05
3.78122E-05
6.46276E-05
5.51602E-05
1.1551E-05
-5.24969E-05
-0.000117488
-0.00016568
-0.000187531
-0.000184717
-0.00016873
-0.000155739
-0.000159806
-0.000187115
-0.000233397
-0.000285536
-0.000326656
-0.000342704
-0.000327949
-0.000287246
-0.000234193
-0.000185834
-0.000155988
-0.000149759
-0.000161434
-0.000176651
-0.000178126
-0.000152796
-9.76827E-05
-2.21112E-05
5.46837E-05
0.000109905
0.000125262
9.38612E-05
2.33327E-05
-6.60684E-05
-0.000147856
-0.000198024
-0.000203016
-0.000164118
-9.66806E-05
-2.44194E-05
2.91612E-05
4.91745E-05
3.45327E-05
-0.00000195
-3.85796E-05
-5.30888E-05
-3.12122E-05
2.7651E-05
0.000109765
0.000191701
0.000248634
0.000263315
0.000232431
0.000167996
9.32092E-05
3.41898E-05
1.05684E-05
2.83082E-05
7.74122E-05
0.000135405
0.000175429
0.000176079
0.000129492
4.47276E-05
-5.48235E-05
-0.00013918
-0.000181985
-0.000169624
-0.000106038
-1.14969E-05
8.42469E-05
0.000152093
0.000173482
0.000146645
8.70735E-05
2.20806E-05
-1.8599E-05
-1.29184E-05
4.61316E-05
0.000148383
0.000270156
0.000382338
0.000459964
0.000490024
0.000474876
0.00043032
0.000379257
0.000343319
0.00033551
0.000356338
0.000394578
0.000432109
0.00045082
0.000438989
0.000394853
0.000326299
0.000247089
0.000171311
0.000108333
6.01765E-05
2.21939E-05
-1.34847E-05
-5.33602E-05
-0.0000989
-0.000145457
-0.000184316
-0.000207045
-0.000210311
-0.000198968
-0.000185828
-0.000187783
-0.000219431
-0.000286507
-0.000381688
-0.000484704
-0.000567196
-0.000601039
-0.000567482
-0.000463999
-0.000306324
-0.000124766
4.42255E-05
0.000168559
0.000229634
0.00022709
0.000177631
0.000108396
4.72337E-05
1.33031E-05
1.12429E-05
3.08837E-05
5.24673E-05
5.53561E-05
2.69714E-05
-3.13847E-05
-0.000104033
-0.000166024
-0.000192063
-0.000166036
-8.76694E-05
2.62041E-05
0.0001464
0.000240622
0.000284057
0.000267651
0.000201159
0.000109859
2.6002E-05
-2.20847E-05
-1.95327E-05
3.01337E-05
0.000106306
0.000178351
0.000215932
0.000199085
0.000124665
7.10204E-06
-0.000126591
-0.000245667
-0.000325218
-0.000353229
-0.000332881
-0.000279645
-0.000214537
-0.000156181
-0.000114615
-8.89367E-05
-6.93867E-05
-4.27806E-05
1.0102E-06
6.41429E-05
0.000139349
0.000212444
0.000267772
0.00029439
0.000290532
0.000264572
0.000232066
0.000209923
0.00020995
0.000234188
0.000273871
0.000312429
0.000331461
0.000317469
0.000266831
0.000187163
9.45571E-05
7.73163E-06
-5.86776E-05
-9.91531E-05
-0.000118718
-0.0001302
-0.000148359
-0.000183146
-0.000234732
-0.00029235
-0.000337573
-0.000350996
-0.000319937
-0.000244296
-0.000138285
-2.71408E-05
6.02286E-05
0.000100277
8.24153E-05
1.25459E-05
-8.87592E-05
-0.000192823
-0.00027197
-0.000308022
-0.000297341
-0.00025076
-0.000188607
-0.000132722
-9.84337E-05
-8.93704E-05
-9.69367E-05
-0.000104501
-9.46429E-05
-5.66459E-05
8.59592E-06
8.81704E-05
0.000161413
0.000207322
0.000212344
0.000175651
0.000109869
3.69173E-05
-1.96184E-05
-4.28224E-05
-2.84847E-05
1.34061E-05
6.22939E-05
9.45653E-05
9.22551E-05
4.98255E-05
-2.34541E-05
-0.000106387
-0.000173028
-0.000201607
-0.000182049
-0.000119428
-3.21786E-05
5.42724E-05
0.00011616
0.000139235
0.000123067
8.03786E-05
3.17663E-05
-2.1551E-06
-8.27143E-06
1.45663E-05
5.56898E-05
9.71847E-05
0.000121084
0.000116401
8.33622E-05
3.32388E-05
-1.61204E-05
-4.73214E-05
-5.03347E-05
-2.66051E-05
1.12755E-05
4.42724E-05
5.42939E-05
3.15194E-05
-2.11388E-05
-8.81857E-05
-0.000146411
-0.00017281
-0.000152747
-8.53918E-05
1.55663E-05
0.000126271
0.000220609
0.000278872
0.000294094
0.000273798
0.000236553
0.000204618
0.000195385
0.00021476
0.000254934
0.00029738
0.000320004
0.00030584
0.000250066
0.000162719
6.59969E-05
-1.29888E-05
-5.14959E-05
-3.91704E-05
1.80633E-05
9.9699E-05
0.000177382
0.000224368
0.000224434
0.000177123
9.75653E-05
1.09673E-05
-5.62327E-05
-8.54163E-05
-7.19102E-05
-2.61071E-05
3.06571E-05
7.38786E-05
8.44602E-05
5.50316E-05
-8.14082E-06
-8.81776E-05
-0.000164245
-0.000219301
-0.000246042
-0.000248912
-0.000241583
-0.000240972
-0.000260191
-0.000303131
-0.000362761
-0.000423756
-0.000468413
-0.000483578
-0.000465885
-0.000423293
-0.000372252
-0.000331548
-0.000315124
-0.000326594
-0.000357561
-0.000390468
-0.000404964
-0.000385492
-0.000327259
-0.000238363
-0.000137211
-4.61418E-05
1.64337E-05
4.24898E-05
3.70214E-05
1.58684E-05
-4.92857E-07
5.08469E-06
3.9698E-05
9.74378E-05
0.000161397
0.000209967
0.000225143
0.000199751
0.000140858
6.7949E-05
0.0000064
-2.14949E-05
-4.72143E-06
5.20684E-05
0.000129677
0.000200753
0.000239293
0.000229913
0.000173594
8.77796E-05
6.95918E-07
-5.81918E-05
-6.82827E-05
-2.49786E-05
5.86673E-05
0.000156363
0.000237532
0.000277661
0.000266477
0.000211087
0.000133101
6.08051E-05
1.92327E-05
2.16357E-05
6.53561E-05
0.000133423
0.000201203
0.00024558
0.000253332
0.000225688
0.000177499
0.000131428
0.00010937
0.000124281
0.000175393
0.000248521
0.000321277
0.000371193
0.000383747
0.000357326
0.000303338
0.000241521
0.000192227
0.000168616
0.0001717
0.000190063
0.000204381
0.000195023
0.000149894
6.95327E-05
-3.24398E-05
-0.000133794
-0.000211441
-0.000249645
-0.000245654
-0.00021066
-0.000165699
-0.000133977
-0.000132422
-0.000165579
-0.000224084
-0.000288303
-0.00033579
-0.000349788
-0.000325619
-0.000272533
-0.000210285
-0.000161643
-0.00014359
-0.000160498
-0.0002019
-0.000245823
-0.000266629
-0.000244593
-0.000173799
-6.53908E-05
5.51357E-05
0.000155809
0.000208608
0.000198863
0.000130357
2.43541E-05
-8.7152E-05
-0.000171652
-0.000206331
-0.000184821
-0.000118333
-3.09265E-05
4.92122E-05
9.93582E-05
0.000109344
8.3801E-05
3.90235E-05
-4.14796E-06
-2.86184E-05
-2.74031E-05
-5.76122E-06
2.15459E-05
3.66439E-05
2.60347E-05
-1.37612E-05
-7.46061E-05
-0.000139801
-0.000190605
-0.000213714
-0.000206745
-0.000179558
-0.000150781
-0.000140734
-0.000163366
-0.000220248
-0.000298954
-0.000376628
-0.000427549
-0.000432085
-0.000383773
-0.000291959
-0.000178922
-7.24776E-05
3.39082E-06
3.65082E-05
3.02755E-05
1.87653E-06
-2.44102E-05
-2.6352E-05
7.95918E-06
7.57031E-05
0.000160387
0.000237956
0.000285707
0.00029072
0.000254687
0.000193351
0.000130735
9.02571E-05
8.60245E-05
0.000117516
0.000169684
0.000218507
0.000240028
0.000219583
0.000157848
7.13786E-05
-1.26582E-05
-6.57796E-05
-6.82459E-05
-1.6298E-05
7.60633E-05
0.000181458
0.000268193
0.000310858
0.000298772
0.000239306
0.000154954
7.52173E-05
2.61806E-05
2.14459E-05
5.76041E-05
0.000115763
0.000168509
0.000189779
0.000164119
9.20898E-05
-1.00122E-05
-0.000115898
-0.00019834
-0.000238291
-0.000230853
-0.000186118
-0.000124769
-7.02224E-05
-4.02704E-05
-4.12296E-05
-6.66255E-05
-0.000100638
-0.000124828
-0.00012545
-9.85602E-05
-5.10296E-05
2.7449E-06
4.70255E-05
7.12388E-05
7.41653E-05
6.4099E-05
5.48714E-05
5.93276E-05
8.28969E-05
0.000119978
0.000154814
0.000166847
0.000138729
6.40286E-05
-4.84133E-05
-0.000175457
-0.000286027
-0.000350953
-0.000352996
-0.000293453
-0.000192863
-8.52306E-05
-7.47143E-06
1.24888E-05
-3.5001E-05
-0.000137828
-0.000265692
-0.000379603
-0.000444176
-0.00043863
-0.000362896
-0.000236869
-9.32622E-05
3.34061E-05
0.000117824
0.000151205
0.000142567
0.000113826
9.06847E-05
9.27653E-05
0.000126527
0.000183462
0.000244034
0.000285754
0.000292314
0.000260347
0.000201318
0.000137862
9.58939E-05
9.53898E-05
0.000143151
0.000230164
0.000334469
0.000428502
0.000488272
0.000501166
0.000469709
0.000410094
0.000346198
0.000301347
0.000290782
0.000317408
0.000372099
0.000438101
0.000497635
0.00053807
0.000555384
0.000553789
0.000541974
0.000527751
0.000513471
0.000494261
0.000459862
0.000399419
0.000307221
0.000186964
5.25367E-05
-7.53133E-05
-0.000175501
-0.000233984
-0.000249244
-0.000233607
-0.000209619
-0.000202511
-0.000231258
-0.000301445
-0.000402548
-0.000510817
-0.000596893
-0.000635605
-0.000614527
-0.000538222
-0.000426652
-0.000308215
-0.000209893
-0.000148002
-0.000122904
-0.00011959
-0.000113982
-8.26612E-05
-1.24735E-05
9.35673E-05
0.000216349
0.000326851
0.000396341
0.00040695
0.000358772
0.00027078
0.000174991
0.000105765
8.7848E-05
0.000127347
0.000208879
0.000300029
0.000361746
0.000361218
0.000282886
0.00013386
-5.80867E-05
-0.000253264
-0.000412561
-0.000509466
-0.000537626
-0.000511531
-0.000460292
-0.000416867
-0.000406529
-0.000438553
-0.00050384
-0.000579027
-0.000635393
-0.000649245
-0.000610079
-0.000523746
-0.00040976
-0.000293963
-0.000199416
-0.000138863
-0.000111421
-0.000104488
-9.98724E-05
-8.16592E-05
-4.27133E-05
1.26173E-05
7.0552E-05
0.000113799
0.000128962
0.000112518
7.30245E-05
2.86255E-05
7.69388E-07
6.46122E-06
5.19592E-05
0.000130285
0.000223523
0.000309066
0.000367517
0.000389353
0.000377906
0.000347616
0.000318268
0.000307431
0.000323938
0.000364881
0.000417174
0.000463062
0.000487367
0.000483665
0.000456921
0.000421512
0.000395312
0.000392094
0.000415203
0.000455054
0.000491633
0.000501292
0.000465467
0.000378144
0.000249224
0.000102383
-3.20429E-05
-0.000126722
-0.000166201
-0.000151791
-0.000100705
-3.96878E-05
4.61327E-06
1.51092E-05
-9.85306E-06
-5.62969E-05
-0.000100198
-0.000116805
-9.03102E-05
-2.0301E-05
7.73918E-05
0.000175846
0.000246362
0.000268613
0.000237921
0.000166988
8.13796E-05
1.03531E-05
-2.37214E-05
-1.3502E-05
3.05786E-05
8.39898E-05
0.000116965
0.000105367
3.96929E-05
-7.10245E-05
-0.000201829
-0.000320051
-0.0003962
-0.000413663
-0.000373795
-0.000294665
-0.000204031
-0.000129159
-8.72776E-05
-8.01102E-05
-9.44418E-05
-0.000108398
-0.000100972
-6.11633E-05
6.83571E-06
8.44163E-05
0.000145146
0.000164741
0.000130701
4.78714E-05
-6.23459E-05
-0.000169127
-0.000243305
-0.000268474
-0.000247983
-0.000205073
-0.000175754
-0.000196607
-0.000291588
-0.00046239
-0.000685807
-0.000919238
-0.001112701
-0.0012235
-0.001228772
-0.001131845
-0.000960401
-0.000757201
-0.000566557
-0.00042108
-0.000332982
-0.00029257
-0.000274003
-0.000245964
-0.000183341
-7.58429E-05
6.92408E-05
0.000230719
0.00038194
0.000500661
0.000576732
0.000614872
0.000631824
0.000649157
0.00068462
0.000745319
0.000825204
0.000907638
0.000971915
0.001001122
0.000988323
0.000938774
0.00086743
0.00079285
0.000729941
0.000684401
0.000651017
0.000616457
0.000565434
0.000487812
0.000383851
0.000265459
0.000152895
6.80418E-05
2.67582E-05
3.31316E-05
7.78082E-05
0.000141032
0.000199256
0.000232884
0.000232258
0.000199736
0.000147194
9.00745E-05
4.04316E-05
1.80408E-06
-3.19592E-05
-7.33908E-05
-0.000134894
-0.000221681
-0.000327157
-0.000432927
-0.000513866
-0.000546716
-0.000519111
-0.000435589
-0.000317988
-0.00019958
-0.000114576
-8.64592E-05
-0.000119242
-0.00019492
-0.000278397
-0.000328516
-0.000311698
-0.0002136
-4.47878E-05
0.000161661
0.000359917
0.00050535
0.000567962
0.000540822
0.000440681
0.000300716
0.000158072
4.06561E-05
-4.2101E-05
-0.000101268
-0.000162573
-0.000254898
-0.000397341
-0.000589678
-0.000809836
-0.001019513
-0.001176162
-0.001247231
-0.001221643
-0.001114416
-0.000962602
-0.000813767
-0.000710791
-0.00067807
-0.000713748
-0.000790536
-0.000864778
-0.000890655
-0.00083474
-0.000686116
-0.000458918
-0.000186799
8.84255E-05
0.000329819
0.000515553
0.000643037
0.00072598
0.00078599
0.000842173
0.000902794
0.000962056
0.001003061
0.001005601
0.000955619
0.000852594
0.000711884
0.00056102
0.000431182
0.000346934
0.000317939
0.000335683
0.000376411
0.000409249
0.000406623
0.000353336
0.000251161
0.000117566
-2.07816E-05
-0.000137157
-0.000213172
-0.000243494
-0.000235395
-0.000203716
-0.000163518
-0.000123519
-8.30061E-05
-3.34224E-05
3.60765E-05
0.000131495
0.000248378
0.000370297
0.000472453
0.000529387
0.000524053
0.000454817
0.000337494
0.000201286
7.97071E-05
-4.69388E-07
-2.83204E-05
-1.2551E-05
2.16653E-05
4.19071E-05
2.06959E-05
-5.36194E-05
-0.000171265
-0.000302923
-0.000408724
-0.000451442
-0.000409432
-0.000284859
-0.000104283
8.87173E-05
0.000246472
0.000331428
0.000326889
0.000240843
0.000101765
-5.18765E-05
-0.000184645
-0.000275097
-0.00032103
-0.000337489
-0.000348659
-0.00037696
-0.00043356
-0.000513909
-0.0005999
-0.000667732
-0.000698356
-0.000686374
-0.000643792
-0.000596898
-0.000577136
-0.000609085
-0.000699889
-0.000834078
-0.000975932
-0.001078928
-0.00109934
-0.001009585
-0.000806956
-0.000514968
-0.000176994
0.000155548
0.000436503
0.000635549
0.000742941
0.00076758
0.000729863
0.000652515
0.000552965
0.000439942
0.000315001
0.000177638
3.11724E-05
-0.000113668
-0.000239506
-0.000327506
-0.000365105
-0.000352995
-0.000308085
-0.000260438
-0.000244454
-0.000286857
-0.000395611
-0.000553949
-0.00072224
-0.000847844
-0.000880263
-0.000786896
-0.000564189
-0.000240283
0.000132056
0.000490238
0.000779764
0.000969561
0.001059785
0.001079646
0.00107607
0.001097048
0.001175212
0.001317034
0.001501061
0.001685505
0.001822386
0.001873313
0.001821589
0.001676743
0.001470327
0.001244757
0.001039335
0.000878286
0.000764764
0.000682496
0.000603978
0.00050194
0.000359817
0.000177556
-2.89786E-05
-0.000234355
-0.000412942
-0.000547592
-0.000634409
-0.000682015
-0.000705913
-0.000720452
-0.00073176
-0.000734573
-0.000714295
-0.00065358
-0.000540879
-0.000377626
-0.000181159
1.79204E-05
0.000183218
0.000282298
0.000295338
0.00021975
6.93357E-05
-0.000131438
-0.000355669
-0.000581605
-0.000796808
-0.000997627
-0.001184661
-0.001356567
-0.001505222
-0.001614762
-0.001665327
-0.001640349
-0.00153453
-0.001359044
-0.001141334
-0.000918737
-0.000727635
-0.000591691
-0.000513503
-0.000473102
-0.000434499
-0.000358605
-0.000218443
-1.13847E-05
0.000236107
0.000473459
0.000639621
0.000681266
0.000569693
0.000310768
-5.55929E-05
-0.000466515
-0.000854376
-0.001166242
-0.001378212
-0.001499933
-0.00156791
-0.001629974
-0.001726242
-0.001873108
-0.002055718
-0.002231468
-0.002343335
-0.002338448
-0.002185628
-0.001885966
-0.001472982
-0.001002411
-0.000535233
-0.000119664
0.000221842
0.0004965
0.000735013
0.000977822
0.00125872
0.001591509
0.001964095
0.002341679
0.00267756
0.002927486
0.003062521
0.003076178
0.002983802
0.002815055
0.002602682
0.00237189
0.002134128
0.001887153
0.001620812
0.001325798
0.001001623
0.00066052
0.000325665
2.4451E-05
-0.000220565
-0.000399433
-0.000518247
-0.000596852
-0.000661617
-0.000736015
-0.000832531
-0.000948935
-0.001070246
-0.001175491
-0.001246519
-0.001275328
-0.001266929
-0.00123658
-0.001202447
-0.001176673
-0.001158613
-0.001133292
-0.001076208
-0.000963154
-0.00078159
-0.00053926
-0.000266423
-1.01878E-05
0.000177763
0.000256302
0.000207861
4.48071E-05
-0.000193196
-0.000450209
-0.00066995
-0.000811408
-0.000859046
-0.000824302
-0.000738152
-0.000637569
-0.000550842
-0.000487062
-0.000433585
-0.000362378
-0.000242979
-5.73571E-05
0.000188778
0.00046252
0.000709799
0.0008692
0.000889279
0.000743747
0.000439682
1.62061E-05
-0.000465765
-0.000939232
-0.001347203
-0.001654276
-0.001850569
-0.001947693
-0.001969085
-0.001938766
-0.001872715
-0.001775635
-0.001643607
-0.001470749
-0.001256506
-0.001010128
-0.000750169
-0.000499015
-0.00027458
-8.26163E-05
8.69918E-05
0.000258001
0.000459968
0.000717287
0.001038954
0.001412814
0.001806534
0.002175199
0.002473056
0.002665439
0.002736868
0.002692731
0.002554321
0.002349429
0.002102278
0.001826721
0.001525264
0.001194094
0.000831868
0.000448359
6.89643E-05
-0.000267478
-0.000517559
-0.000646205
-0.000639094
-0.000509891
-0.000299121
-6.42663E-05
0.000136205
0.000259897
0.00029305
0.000254331
0.000188399
0.000151206
0.000191762
0.000336307
0.000579966
0.000888464
0.001209019
0.001486526
0.001679442
0.001770147
0.001766621
0.001695503
0.001589588
0.001474719
0.001360981
0.001241296
0.001097634
0.000912019
0.000677743
0.00040603
0.000125206
-0.000127723
-0.000320157
-0.000436731
-0.000486884
-0.000503813
-0.000534581
-0.000624367
-0.000800191
-0.001059823
-0.001370079
-0.001675497
-0.001914849
-0.002040149
-0.002031835
-0.001905006
-0.00170454
-0.001490664
-0.00131976
-0.001226751
-0.001214865
-0.001256035
-0.001301577
-0.001299412
-0.001211989
-0.001028992
-0.00077088
-0.000482453
-0.00021898
-2.97398E-05
5.55796E-05
3.3552E-05
-7.47684E-05
-0.000232607
-0.000399535
-0.000542405
-0.000641645
-0.000691495
-0.000695221
-0.000658227
-0.000582479
-0.000464883
-0.000300202
-8.70653E-05
0.000165931
0.00043725
0.00069461
0.000902316
0.001031467
0.001069382
0.001024518
0.000924633
0.000808271
0.000712256
0.000659424
0.000650995
0.000666461
0.000671256
0.00062963
0.000518227
0.000335498
0.000103498
-0.000138681
-0.000347523
-0.000489213
-0.000550076
-0.000539467
-0.000483948
-0.000414822
-0.000353678
-0.000301437
-0.000235308
-0.000115238
0.000102006
0.000445888
0.000918347
0.00148839
0.002097419
0.00267398
0.003153239
0.003494733
0.003692333
0.003772963
0.00378445
0.003776587
0.003781962
0.003803183
0.003811015
0.003754203
0.00357771
0.003243203
0.002744748
0.002114318
0.001415106
0.000724746
0.000113932
-0.000372614
-0.000726729
-0.000975736
-0.001170442
-0.001366435
-0.001604994
-0.001899756
-0.002233107
-0.002562847
-0.002836292
-0.00300668
-0.003046404
-0.002953089
-0.002747289
-0.002463591
-0.002138999
-0.001803026
-0.001472797
-0.001154234
-0.000847842
-0.000555956
-0.000287842
-6.0202E-05
0.000107319
0.000199804
0.000214618
0.000165471
8.08102E-05
-3.38061E-06
-0.0000541
-5.14847E-05
0.00000515
9.77245E-05
0.000196273
0.00026994
0.000298181
0.000278174
0.000225764
0.000169678
0.000141173
0.000162966
0.000241472
0.000365155
0.000509382
0.000645783
0.000752355
0.000820359
0.000855307
0.000871722
0.000883837
0.000896129
0.000897779
0.000863745
0.000762642
0.000568866
0.000274614
-0.000102889
-0.000522074
-0.000926046
-0.001257266
-0.0014731
-0.001556861
-0.00152048
-0.001397761
-0.001230595
-0.001053032
-0.000879023
-0.00069837
-0.000482528
-0.00019829
0.000175563
0.000634866
0.001145132
0.001647413
0.002073522
0.002365676
0.002493969
0.002465588
0.002322364
0.00212727
0.001944202
0.00181779
0.001759932
0.0017475
0.001731797
0.001656341
0.00147676
0.001175992
0.000769762
0.000300868
-0.000175252
-0.000608151
-0.000966727
-0.001245214
-0.001458994
-0.001632235
-0.00178254
-0.001908885
-0.001987949
-0.001980779
-0.001847754
-0.001566521
-0.001146122
-0.000631594
-9.64592E-05
0.00037523
0.000711842
0.0008747
0.000869285
0.000743178
0.000571128
0.000431916
0.000384401
0.000450382
0.000609605
0.000808194
0.000977324
0.001055762
0.001008792
0.000837588
0.000576514
0.000280008
4.07653E-06
-0.00021098
-0.000350869
-0.000427641
-0.000470755
-0.000512828
-0.000575681
-0.000661885
-0.000754678
-0.000825865
-0.000848309
-0.000807984
-0.000710833
-0.000581763
-0.000456111
-0.000366803
-0.000332034
-0.000348137
-0.000390361
-0.000421402
-0.000404657
-0.000317514
-0.000159935
4.46653E-05
0.000256493
0.0004319
0.00053698
0.000557673
0.000503201
0.000402047
0.000292371
0.000210439
0.000181055
0.000212892
0.00029954
0.00042492
0.000570254
0.000719561
0.00086172
0.00098893
0.001093203
0.001163494
0.001185767
0.001146917
0.001041459
0.000878208
0.00068356
0.000498797
0.000370928
0.000339162
0.000421214
0.00060438
0.00084524
0.001079195
0.001237701
0.001268161
0.001150128
0.000902291
0.000577536
0.000247259
-2.01816E-05
-0.000179904
-0.000223036
