# Time	Amplitude (cm/s/s)
   0.000000	   0.742413
   0.009766	   0.796182
   0.019531	   0.843006
   0.029297	   0.867491
   0.039062	   0.858931
   0.048828	   0.813061
   0.058594	   0.732562
   0.068359	   0.626323
   0.078125	   0.507695
   0.087891	   0.392085
   0.097656	   0.294343
   0.107422	   0.226369
   0.117188	   0.195341
   0.126953	   0.202833
   0.136719	   0.244926
   0.146484	   0.313230
   0.156250	   0.396535
   0.166016	   0.482706
   0.175781	   0.560388
   0.185547	   0.620188
   0.195312	   0.655179
   0.205078	   0.660791
   0.214844	   0.634364
   0.224609	   0.574703
   0.234375	   0.481960
   0.244141	   0.357975
   0.253906	   0.206935
   0.263672	   0.036032
   0.273438	  -0.144364
   0.283203	  -0.321392
   0.292969	  -0.481383
   0.302734	  -0.612342
   0.312500	  -0.706632
   0.322266	  -0.763107
   0.332031	  -0.787934
   0.341797	  -0.793648
   0.351562	  -0.796460
   0.361328	  -0.812373
   0.371094	  -0.853078
   0.380859	  -0.922760
   0.390625	  -1.016738
   0.400391	  -1.122410
   0.410156	  -1.222305
   0.419922	  -1.298430
   0.429688	  -1.336718
   0.439453	  -1.330334
   0.449219	  -1.280944
   0.458984	  -1.197638
   0.468750	  -1.093921
   0.478516	  -0.983730
   0.488281	  -0.877697
   0.498047	  -0.780757
   0.507812	  -0.691748
   0.517578	  -0.604994
   0.527344	  -0.513251
   0.537109	  -0.410994
   0.546875	  -0.296977
   0.556641	  -0.175258
   0.566406	  -0.054429
   0.576172	   0.054627
   0.585938	   0.141703
   0.595703	   0.199976
   0.605469	   0.227684
   0.615234	   0.228294
   0.625000	   0.209269
   0.634766	   0.179901
   0.644531	   0.148975
   0.654297	   0.122965
   0.664062	   0.105231
   0.673828	   0.096285
   0.683594	   0.094862
   0.693359	   0.099259
   0.703125	   0.108448
   0.712891	   0.122564
   0.722656	   0.142718
   0.732422	   0.170294
   0.742188	   0.206119
   0.751953	   0.249830
   0.761719	   0.299705
   0.771484	   0.352946
   0.781250	   0.406246
   0.791016	   0.456364
   0.800781	   0.500470
   0.810547	   0.536152
   0.820312	   0.561199
   0.830078	   0.573360
   0.839844	   0.570342
   0.849609	   0.550185
   0.859375	   0.511971
   0.869141	   0.456613
   0.878906	   0.387386
   0.888672	   0.309869
   0.898438	   0.231160
   0.908203	   0.158509
   0.917969	   0.097739
   0.927734	   0.051979
   0.937500	   0.021163
   0.947266	   0.002528
   0.957031	  -0.008041
   0.966797	  -0.014256
   0.976562	  -0.017915
   0.986328	  -0.018238
   0.996094	  -0.012357
   1.005859	   0.003136
   1.015625	   0.030107
   1.025391	   0.067058
   1.035156	   0.108336
   1.044922	   0.144840
   1.054688	   0.166208
   1.064453	   0.163892
   1.074219	   0.134169
   1.083984	   0.080030
   1.093750	   0.011205
   1.103516	  -0.057910
   1.113281	  -0.111931
   1.123047	  -0.138723
   1.132812	  -0.132941
   1.142578	  -0.097695
   1.152344	  -0.043788
   1.162109	   0.013349
   1.171875	   0.058122
   1.181641	   0.079298
   1.191406	   0.073187
   1.201172	   0.044497
   1.210938	   0.004592
   1.220703	  -0.032308
   1.230469	  -0.053774
   1.240234	  -0.053220
   1.250000	  -0.032092
   1.259766	   0.000496
   1.269531	   0.030514
   1.279297	   0.043313
   1.289062	   0.028116
   1.298828	  -0.018671
   1.308594	  -0.092279
   1.318359	  -0.180828
   1.328125	  -0.268557
   1.337891	  -0.339999
   1.347656	  -0.383857
   1.357422	  -0.395502
   1.367188	  -0.377509
   1.376953	  -0.338268
   1.386719	  -0.289273
   1.396484	  -0.242026
   1.406250	  -0.205447
   1.416016	  -0.184444
   1.425781	  -0.179810
   1.435547	  -0.189177
   1.445312	  -0.208479
   1.455078	  -0.233328
   1.464844	  -0.259866
   1.474609	  -0.284980
   1.484375	  -0.306067
   1.494141	  -0.320698
   1.503906	  -0.326532
   1.513672	  -0.321668
   1.523438	  -0.305327
   1.533203	  -0.278563
   1.542969	  -0.244609
   1.552734	  -0.208536
   1.562500	  -0.176172
   1.572266	  -0.152528
   1.582031	  -0.140208
   1.591797	  -0.138361
   1.601562	  -0.142621
   1.611328	  -0.146150
   1.621094	  -0.141552
   1.630859	  -0.123114
   1.640625	  -0.088673
   1.650391	  -0.040531
   1.660156	   0.014901
   1.669922	   0.068630
   1.679688	   0.111320
   1.689453	   0.135584
   1.699219	   0.137667
   1.708984	   0.118079
   1.718750	   0.081107
   1.728516	   0.033460
   1.738281	  -0.017421
   1.748047	  -0.064862
   1.757812	  -0.103835
   1.767578	  -0.131117
   1.777344	  -0.144883
   1.787109	  -0.144111
   1.796875	  -0.128190
   1.806641	  -0.096981
   1.816406	  -0.051333
   1.826172	   0.006217
   1.835938	   0.070963
   1.845703	   0.136160
   1.855469	   0.193952
   1.865234	   0.236991
   1.875000	   0.260329
   1.884766	   0.262999
   1.894531	   0.248722
   1.904297	   0.225393
   1.914062	   0.203378
   1.923828	   0.193014
   1.933594	   0.201994
   1.943359	   0.233374
   1.953125	   0.284762
   1.962891	   0.348928
   1.972656	   0.415618
   1.982422	   0.474043
   1.992188	   0.515296
   2.001953	   0.534042
   2.011719	   0.529056
   2.021484	   0.502570
   2.031250	   0.458755
   2.041016	   0.401903
   2.050781	   0.334932
   2.060547	   0.258665
   2.070312	   0.172065
   2.080078	   0.073272
   2.089844	  -0.038968
   2.099609	  -0.164001
   2.109375	  -0.298553
   2.119141	  -0.436848
   2.128906	  -0.571568
   2.138672	  -0.695361
   2.148438	  -0.802479
   2.158203	  -0.890105
   2.167969	  -0.958979
   2.177734	  -1.013190
   2.187500	  -1.059142
   2.197266	  -1.103965
   2.207031	  -1.153716
   2.216797	  -1.211787
   2.226562	  -1.277876
   2.236328	  -1.347774
   2.246094	  -1.414056
   2.255859	  -1.467582
   2.265625	  -1.499537
   2.275391	  -1.503605
   2.285156	  -1.477769
   2.294922	  -1.425307
   2.304688	  -1.354625
   2.314453	  -1.277868
   2.324219	  -1.208511
   2.333984	  -1.158451
   2.343750	  -1.135300
   2.353516	  -1.140600
   2.363281	  -1.169512
   2.373047	  -1.212148
   2.382812	  -1.256254
   2.392578	  -1.290526
   2.402344	  -1.307617
   2.412109	  -1.305890
   2.421875	  -1.289333
   2.431641	  -1.265594
   2.441406	  -1.242687
   2.451172	  -1.225426
   2.460938	  -1.212794
   2.470703	  -1.197243
   2.480469	  -1.166355
   2.490234	  -1.106538
   2.500000	  -1.007703
   2.509766	  -0.867452
   2.519531	  -0.693328
   2.529297	  -0.502163
   2.539062	  -0.316415
   2.548828	  -0.158344
   2.558594	  -0.043594
   2.568359	   0.023908
   2.578125	   0.054135
   2.587891	   0.069379
   2.597656	   0.099141
   2.607422	   0.172765
   2.617188	   0.311785
   2.626953	   0.524063
   2.636719	   0.801320
   2.646484	   1.120701
   2.656250	   1.449875
   2.666016	   1.754227
   2.675781	   2.004165
   2.685547	   2.180640
   2.695312	   2.277634
   2.705078	   2.301273
   2.714844	   2.266220
   2.724609	   2.190703
   2.734375	   2.091743
   2.744141	   1.981876
   2.753906	   1.868023
   2.763672	   1.752385
   2.773438	   1.634619
   2.783203	   1.514229
   2.792969	   1.392246
   2.802734	   1.271661
   2.812500	   1.156644
   2.822266	   1.051067
   2.832031	   0.957055
   2.841797	   0.874213
   2.851562	   0.799827
   2.861328	   0.729905
   2.871094	   0.660576
   2.880859	   0.589242
   2.890625	   0.515031
   2.900391	   0.438432
   2.910156	   0.360384
   2.919922	   0.281346
   2.929688	   0.200901
   2.939453	   0.118180
   2.949219	   0.033035
   2.958984	  -0.052569
   2.968750	  -0.133619
   2.978516	  -0.202238
   2.988281	  -0.249220
   2.998047	  -0.266653
   3.007812	  -0.250834
   3.017578	  -0.204460
   3.027344	  -0.137144
   3.037109	  -0.063818
   3.046875	  -0.001277
   3.056641	   0.036230
   3.066406	   0.041003
   3.076172	   0.014217
   3.085938	  -0.034268
   3.095703	  -0.088615
   3.105469	  -0.131435
   3.115234	  -0.148518
   3.125000	  -0.132375
   3.134766	  -0.083471
   3.144531	  -0.008870
   3.154297	   0.081114
   3.164062	   0.176935
   3.173828	   0.272961
   3.183594	   0.368571
   3.193359	   0.466797
   3.203125	   0.571106
   3.212891	   0.681703
   3.222656	   0.793004
   3.232422	   0.893620
   3.242188	   0.969266
   3.251953	   1.007874
   3.261719	   1.005232
   3.271484	   0.968994
   3.281250	   0.919223
   3.291016	   0.884634
   3.300781	   0.895118
   3.310547	   0.972476
   3.320312	   1.122136
   3.330078	   1.328604
   3.339844	   1.556484
   3.349609	   1.757332
   3.359375	   1.880824
   3.369141	   1.887342
   3.378906	   1.758480
   3.388672	   1.502460
   3.398438	   1.152810
   3.408203	   0.760542
   3.417969	   0.381953
   3.427734	   0.065352
   3.437500	  -0.159709
   3.447266	  -0.287892
   3.457031	  -0.337024
   3.466797	  -0.341193
   3.476562	  -0.340241
   3.486328	  -0.368772
   3.496094	  -0.447720
   3.505859	  -0.580515
   3.515625	  -0.754447
   3.525391	  -0.946247
   3.535156	  -1.129803
   3.544922	  -1.283534
   3.554688	  -1.395324
   3.564453	  -1.463908
   3.574219	  -1.496789
   3.583984	  -1.505830
   3.593750	  -1.502239
   3.603516	  -1.492604
   3.613281	  -1.477152
   3.623047	  -1.450502
   3.632812	  -1.404392
   3.642578	  -1.331289
   3.652344	  -1.227643
   3.662109	  -1.095795
   3.671875	  -0.944065
   3.681641	  -0.785144
   3.691406	  -0.633371
   3.701172	  -0.501684
   3.710938	  -0.399043
   3.720703	  -0.328855
   3.730469	  -0.288656
   3.740234	  -0.270990
   3.750000	  -0.265230
   3.759766	  -0.259952
   3.769531	  -0.245424
   3.779297	  -0.215771
   3.789062	  -0.170357
   3.798828	  -0.114056
   3.808594	  -0.056187
   3.818359	  -0.008184
   3.828125	   0.019594
   3.837891	   0.021185
   3.847656	  -0.002463
   3.857422	  -0.042674
   3.867188	  -0.084447
   3.876953	  -0.110022
   3.886719	  -0.103798
   3.896484	  -0.057272
   3.906250	   0.027599
   3.916016	   0.137884
   3.925781	   0.252535
   3.935547	   0.348085
   3.945312	   0.405636
   3.955078	   0.416995
   3.964844	   0.387875
   3.974609	   0.336826
   3.984375	   0.289911
   3.994141	   0.272510
   4.003906	   0.300772
   4.013672	   0.375537
   4.023438	   0.480925
   4.033203	   0.588415
   4.042969	   0.665414
   4.052734	   0.685740
   4.062500	   0.638626
   4.072266	   0.533106
   4.082031	   0.396048
   4.091797	   0.264080
   4.101562	   0.171806
   4.111328	   0.140050
   4.121094	   0.168115
   4.130859	   0.232898
   4.140625	   0.295563
   4.150391	   0.313954
   4.160156	   0.256913
   4.169922	   0.115805
   4.179688	  -0.090739
   4.189453	  -0.320824
   4.199219	  -0.521170
   4.208984	  -0.643370
   4.218750	  -0.659423
   4.228516	  -0.571473
   4.238281	  -0.412344
   4.248047	  -0.236363
   4.257812	  -0.103070
   4.267578	  -0.058795
   4.277344	  -0.121920
   4.287109	  -0.276571
   4.296875	  -0.476930
   4.306641	  -0.660971
   4.316406	  -0.769420
   4.326172	  -0.764050
   4.335938	  -0.639562
   4.345703	  -0.425351
   4.355469	  -0.176624
   4.365234	   0.042260
   4.375000	   0.176956
   4.384766	   0.198784
   4.394531	   0.112052
   4.404297	  -0.049016
   4.414062	  -0.232467
   4.423828	  -0.385757
   4.433594	  -0.472203
   4.443359	  -0.481497
   4.453125	  -0.431136
   4.462891	  -0.358648
   4.472656	  -0.307571
   4.482422	  -0.312056
   4.492188	  -0.385298
   4.501953	  -0.515551
   4.511719	  -0.670821
   4.521484	  -0.810364
   4.531250	  -0.898874
   4.541016	  -0.918388
   4.550781	  -0.873849
   4.560547	  -0.790468
   4.570312	  -0.703915
   4.580078	  -0.646791
   4.589844	  -0.636145
   4.599609	  -0.666452
   4.609375	  -0.710622
   4.619141	  -0.728918
   4.628906	  -0.683004
   4.638672	  -0.550538
   4.648438	  -0.335467
   4.658203	  -0.070439
   4.667969	   0.189830
   4.677734	   0.382577
   4.687500	   0.454458
   4.697266	   0.377406
   4.707031	   0.158264
   4.716797	  -0.160688
   4.726562	  -0.510572
   4.736328	  -0.811831
   4.746094	  -0.993015
   4.755859	  -1.007584
   4.765625	  -0.844538
   4.775391	  -0.530413
   4.785156	  -0.122470
   4.794922	   0.304919
   4.804688	   0.677159
   4.814453	   0.935498
   4.824219	   1.048655
   4.833984	   1.017637
   4.843750	   0.873119
   4.853516	   0.666416
   4.863281	   0.456476
   4.873047	   0.296009
   4.882812	   0.219901
   4.892578	   0.238435
   4.902344	   0.336664
   4.912109	   0.479900
   4.921875	   0.623862
   4.931641	   0.726937
   4.941406	   0.761450
   4.951172	   0.721026
   4.960938	   0.621987
   4.970703	   0.498253
   4.980469	   0.390921
   4.990234	   0.335288
   5.000000	   0.348983
   5.009766	   0.424825
   5.019531	   0.530919
   5.029297	   0.618513
   5.039062	   0.635854
   5.048828	   0.544291
   5.058594	   0.331887
   5.068359	   0.020159
   5.078125	  -0.338653
   5.087891	  -0.673688
   5.097656	  -0.913972
   5.107422	  -1.008174
   5.117188	  -0.939784
   5.126953	  -0.732946
   5.136719	  -0.446794
   5.146484	  -0.159576
   5.156250	   0.053004
   5.166016	   0.138838
   5.175781	   0.083524
   5.185547	  -0.086807
   5.195312	  -0.314852
   5.205078	  -0.530786
   5.214844	  -0.674335
   5.224609	  -0.713284
   5.234375	  -0.652537
   5.244141	  -0.530834
   5.253906	  -0.406268
   5.263672	  -0.335376
   5.273438	  -0.352772
   5.283203	  -0.458149
   5.292969	  -0.615117
   5.302734	  -0.762474
   5.312500	  -0.834363
   5.322266	  -0.782766
   5.332031	  -0.594891
   5.341797	  -0.299567
   5.351562	   0.039724
   5.361328	   0.343191
   5.371094	   0.538740
   5.380859	   0.584013
   5.390625	   0.479418
   5.400391	   0.267930
   5.410156	   0.021732
   5.419922	  -0.180071
   5.429688	  -0.275594
   5.439453	  -0.238541
   5.449219	  -0.085160
   5.458984	   0.132191
   5.468750	   0.342531
   5.478516	   0.478986
   5.488281	   0.499486
   5.498047	   0.398968
   5.507812	   0.209578
   5.517578	  -0.010738
   5.527344	  -0.197150
   5.537109	  -0.298090
   5.546875	  -0.290255
   5.556641	  -0.184041
   5.566406	  -0.018302
   5.576172	   0.153228
   5.585938	   0.278996
   5.595703	   0.324571
   5.605469	   0.280960
   5.615234	   0.164334
   5.625000	   0.008134
   5.634766	  -0.149052
   5.644531	  -0.275427
   5.654297	  -0.353849
   5.664062	  -0.383600
   5.673828	  -0.376369
   5.683594	  -0.348813
   5.693359	  -0.314973
   5.703125	  -0.281512
   5.712891	  -0.247262
   5.722656	  -0.206666
   5.732422	  -0.155120
   5.742188	  -0.093529
   5.751953	  -0.029861
   5.761719	   0.023119
   5.771484	   0.053055
   5.781250	   0.053905
   5.791016	   0.029906
   5.800781	  -0.004369
   5.810547	  -0.028281
   5.820312	  -0.022378
   5.830078	   0.024044
   5.839844	   0.108022
   5.849609	   0.212782
   5.859375	   0.312751
   5.869141	   0.382155
   5.878906	   0.404187
   5.888672	   0.377360
   5.898438	   0.316578
   5.908203	   0.248303
   5.917969	   0.201387
   5.927734	   0.196768
   5.937500	   0.239772
   5.947266	   0.317914
   5.957031	   0.405127
   5.966797	   0.471072
   5.976562	   0.492231
   5.986328	   0.460808
   5.996094	   0.388128
   6.005859	   0.301209
   6.015625	   0.233573
   6.025391	   0.213530
   6.035156	   0.254072
   6.044922	   0.348032
   6.054688	   0.470258
   6.064453	   0.586054
   6.074219	   0.662871
   6.083984	   0.681030
   6.093750	   0.639639
   6.103516	   0.555611
   6.113281	   0.456249
   6.123047	   0.368237
   6.132812	   0.307241
   6.142578	   0.272090
   6.152344	   0.245797
   6.162109	   0.203124
   6.171875	   0.121819
   6.181641	  -0.006765
   6.191406	  -0.171917
   6.201172	  -0.345150
   6.210938	  -0.488922
   6.220703	  -0.569556
   6.230469	  -0.569697
   6.240234	  -0.495629
   6.250000	  -0.376476
   6.259766	  -0.255201
   6.269531	  -0.174306
   6.279297	  -0.161222
   6.289062	  -0.218625
   6.298828	  -0.323315
   6.308594	  -0.434288
   6.318359	  -0.507339
   6.328125	  -0.511064
   6.337891	  -0.438553
   6.347656	  -0.310463
   6.357422	  -0.168215
   6.367188	  -0.059627
   6.376953	  -0.022076
   6.386719	  -0.069293
   6.396484	  -0.186661
   6.406250	  -0.336862
   6.416016	  -0.473893
   6.425781	  -0.560353
   6.435547	  -0.581485
   6.445312	  -0.550514
   6.455078	  -0.502866
   6.464844	  -0.480968
   6.474609	  -0.514950
   6.484375	  -0.606437
   6.494141	  -0.721867
   6.503906	  -0.798730
   6.513672	  -0.763612
   6.523438	  -0.556657
   6.533203	  -0.154478
   6.542969	   0.416397
   6.552734	   1.080621
   6.562500	   1.730161
   6.572266	   2.251044
   6.582031	   2.552867
   6.591797	   2.592321
   6.601562	   2.384003
   6.611328	   1.995954
   6.621094	   1.532201
   6.630859	   1.108407
   6.640625	   0.828231
   6.650391	   0.766744
   6.660156	   0.963852
   6.669922	   1.426507
   6.679688	   2.135280
   6.689453	   3.049878
   6.699219	   4.109834
   6.708984	   5.230222
   6.718750	   6.296286
   6.728516	   7.163433
   6.738281	   7.668840
   6.748047	   7.657416
   6.757812	   7.019145
   6.767578	   5.728748
   6.777344	   3.874733
   6.787109	   1.664984
   6.796875	  -0.598964
   6.806641	  -2.578147
   6.816406	  -3.971964
   6.826172	  -4.594537
   6.835938	  -4.429499
   6.845703	  -3.644626
   6.855469	  -2.557625
   6.865234	  -1.558084
   6.875000	  -1.004194
   6.884766	  -1.122010
   6.894531	  -1.936485
   6.904297	  -3.256260
   6.914062	  -4.719790
   6.923828	  -5.892777
   6.933594	  -6.391246
   6.943359	  -5.995745
   6.953125	  -4.723145
   6.962891	  -2.833424
   6.972656	  -0.766843
   6.982422	   0.973050
   6.992188	   1.959069
   7.001953	   1.963778
   7.011719	   1.031430
   7.021484	  -0.522781
   7.031250	  -2.187213
   7.041016	  -3.382435
   7.050781	  -3.609358
   7.060547	  -2.576922
   7.070312	  -0.275506
   7.080078	   3.022298
   7.089844	   6.831621
   7.099609	  10.574952
   7.109375	  13.717926
   7.119141	  15.885147
   7.128906	  16.927662
   7.138672	  16.928898
   7.148438	  16.153831
   7.158203	  14.961334
   7.167969	  13.707826
   7.177734	  12.669460
   7.187500	  12.001186
   7.197266	  11.737363
   7.207031	  11.824940
   7.216797	  12.170947
   7.226562	  12.683883
   7.236328	  13.293906
   7.246094	  13.947139
   7.255859	  14.581137
   7.265625	  15.097142
   7.275391	  15.347161
   7.285156	  15.148933
   7.294922	  14.331208
   7.304688	  12.798915
   7.314453	  10.597311
   7.324219	   7.950128
   7.333984	   5.250948
   7.343750	   2.999206
   7.353516	   1.688852
   7.363281	   1.674136
   7.373047	   3.047767
   7.382812	   5.568137
   7.392578	   8.662991
   7.402344	  11.518706
   7.412109	  13.241791
   7.421875	  13.058440
   7.431641	  10.504895
   7.441406	   5.560154
   7.451172	  -1.315881
   7.460938	  -9.253753
   7.470703	 -17.143381
   7.480469	 -23.863792
   7.490234	 -28.520644
   7.500000	 -30.635347
   7.509766	 -30.240635
   7.519531	 -27.859952
   7.529297	 -24.376382
   7.539062	 -20.823696
   7.548828	 -18.150549
   7.558594	 -17.014238
   7.568359	 -17.651533
   7.578125	 -19.853445
   7.587891	 -23.044063
   7.597656	 -26.437931
   7.607422	 -29.232446
   7.617188	 -30.785967
   7.626953	 -30.739671
   7.636719	 -29.059080
   7.646484	 -25.994193
   7.656250	 -21.978737
   7.666016	 -17.503186
   7.675781	 -12.999457
   7.685547	  -8.767311
   7.695312	  -4.956474
   7.705078	  -1.599747
   7.714844	   1.323316
   7.724609	   3.820459
   7.734375	   5.844769
   7.744141	   7.292277
   7.753906	   8.039024
   7.763672	   8.002423
   7.773438	   7.202254
   7.783203	   5.795927
   7.792969	   4.071016
   7.802734	   2.392659
   7.812500	   1.119369
   7.822266	   0.512663
   7.832031	   0.669535
   7.841797	   1.500677
   7.851562	   2.763274
   7.861328	   4.139578
   7.871094	   5.337123
   7.880859	   6.178512
   7.890625	   6.651184
   7.900391	   6.899903
   7.910156	   7.163277
   7.919922	   7.674456
   7.929688	   8.559053
   7.939453	   9.765849
   7.949219	  11.056694
   7.958984	  12.063686
   7.968750	  12.399839
   7.978516	  11.790923
   7.988281	  10.187092
   7.998047	   7.816661
   8.007812	   5.160191
   8.017578	   2.846473
   8.027344	   1.495974
   8.037109	   1.554389
   8.046875	   3.163709
   8.056641	   6.108900
   8.066406	   9.857420
   8.076172	  13.682481
   8.085938	  16.837122
   8.095703	  18.731785
   8.105469	  19.067539
   8.115234	  17.890387
   8.125000	  15.555057
   8.134766	  12.612409
   8.144531	   9.655294
   8.154297	   7.167504
   8.164062	   5.416817
   8.173828	   4.417707
   8.183594	   3.967392
   8.193359	   3.737350
   8.203125	   3.387939
   8.212891	   2.670149
   8.222656	   1.486339
   8.232422	  -0.102431
   8.242188	  -1.916645
   8.251953	  -3.725881
   8.261719	  -5.317181
   8.271484	  -6.541278
   8.281250	  -7.324993
   8.291016	  -7.652681
   8.300781	  -7.531870
   8.310547	  -6.963801
   8.320312	  -5.936368
   8.330078	  -4.446440
   8.339844	  -2.544557
   8.349609	  -0.383073
   8.359375	   1.756387
   8.369141	   3.476263
   8.378906	   4.324858
   8.388672	   3.897259
   8.398438	   1.950231
   8.408203	  -1.503061
   8.417969	  -6.151127
   8.427734	 -11.415244
   8.437500	 -16.553788
   8.447266	 -20.818207
   8.457031	 -23.622216
   8.466797	 -24.679439
   8.476562	 -24.071169
   8.486328	 -22.223812
   8.496094	 -19.799939
   8.505859	 -17.530648
   8.515625	 -16.033238
   8.525391	 -15.662263
   8.535156	 -16.432595
   8.544922	 -18.033042
   8.554688	 -19.924066
   8.564453	 -21.490475
   8.574219	 -22.205954
   8.583984	 -21.764690
   8.593750	 -20.146221
   8.603516	 -17.599519
   8.613281	 -14.555254
   8.623047	 -11.494643
   8.632812	  -8.813934
   8.642578	  -6.722800
   8.652344	  -5.203558
   8.662109	  -4.039714
   8.671875	  -2.902524
   8.681641	  -1.468377
   8.691406	   0.467736
   8.701172	   2.915152
   8.710938	   5.668291
   8.720703	   8.350258
   8.730469	  10.507172
   8.740234	  11.727802
   8.750000	  11.756871
   8.759766	  10.572491
   8.769531	   8.407732
   8.779297	   5.710541
   8.789062	   3.051410
   8.798828	   1.000726
   8.808594	   0.004611
   8.818359	   0.288056
   8.828125	   1.807362
   8.837891	   4.262225
   8.847656	   7.163935
   8.857422	   9.943369
   8.867188	  12.073588
   8.876953	  13.178901
   8.886719	  13.105845
   8.896484	  11.940897
   8.906250	   9.972625
   8.916016	   7.609436
   8.925781	   5.274806
   8.935547	   3.307151
   8.945312	   1.889908
   8.955078	   1.029125
   8.964844	   0.582892
   8.974609	   0.332644
   8.984375	   0.074495
   8.994141	  -0.297275
   9.003906	  -0.740643
   9.013672	  -1.066961
   9.023438	  -0.994879
   9.033203	  -0.243309
   9.042969	   1.362982
   9.052734	   3.807036
   9.062500	   6.840924
   9.072266	  10.010652
   9.082031	  12.743359
   9.091797	  14.477275
   9.101562	  14.801515
   9.111328	  13.568078
   9.121094	  10.944287
   9.130859	   7.388873
   9.140625	   3.555121
   9.150391	   0.144281
   9.160156	  -2.253768
   9.169922	  -3.291879
   9.179688	  -2.935653
   9.189453	  -1.455301
   9.199219	   0.656506
   9.208984	   2.817093
   9.218750	   4.500246
   9.228516	   5.358074
   9.238281	   5.288104
   9.248047	   4.431844
   9.257812	   3.110545
   9.267578	   1.720740
   9.277344	   0.621648
   9.287109	   0.046306
   9.296875	   0.058879
   9.306641	   0.565279
   9.316406	   1.367883
   9.326172	   2.242675
   9.335938	   3.012196
   9.345703	   3.591271
   9.355469	   3.993124
   9.365234	   4.297422
   9.375000	   4.594595
   9.384766	   4.928289
   9.394531	   5.257949
   9.404297	   5.456371
   9.414062	   5.345032
   9.423828	   4.757067
   9.433594	   3.607942
   9.443359	   1.950287
   9.453125	  -0.006870
   9.462891	  -1.924257
   9.472656	  -3.400475
   9.482422	  -4.066048
   9.492188	  -3.679186
   9.501953	  -2.197467
   9.511719	   0.194733
   9.521484	   3.112073
   9.531250	   6.042684
   9.541016	   8.454110
   9.550781	   9.905620
   9.560547	  10.140269
   9.570312	   9.135238
   9.580078	   7.099408
   9.589844	   4.419981
   9.599609	   1.572054
   9.609375	  -0.986661
   9.619141	  -2.911080
   9.628906	  -4.032457
   9.638672	  -4.377490
   9.648438	  -4.140966
   9.658203	  -3.621297
   9.667969	  -3.136818
   9.677734	  -2.944505
   9.687500	  -3.181158
   9.697266	  -3.840504
   9.707031	  -4.789945
   9.716797	  -5.820252
   9.726562	  -6.713063
   9.736328	  -7.306714
   9.746094	  -7.541885
   9.755859	  -7.474452
   9.765625	  -7.252370
   9.775391	  -7.063753
   9.785156	  -7.071779
   9.794922	  -7.356247
   9.804688	  -7.880153
   9.814453	  -8.492811
   9.824219	  -8.970596
   9.833984	  -9.085052
   9.843750	  -8.679357
   9.853516	  -7.730394
   9.863281	  -6.376509
   9.873047	  -4.899796
   9.882812	  -3.664323
   9.892578	  -3.024502
   9.902344	  -3.227332
   9.912109	  -4.335326
   9.921875	  -6.192697
   9.931641	  -8.446459
   9.941406	 -10.619580
   9.951172	 -12.219052
   9.960938	 -12.851811
   9.970703	 -12.318781
   9.980469	 -10.662673
   9.990234	  -8.157258
  10.000000	  -5.241269
  10.009766	  -2.414481
  10.019531	  -0.123075
  10.029297	   1.336682
  10.039062	   1.873309
  10.048828	   1.602343
  10.058594	   0.799159
  10.068359	  -0.181682
  10.078125	  -0.997060
  10.087891	  -1.391834
  10.097656	  -1.243470
  10.107422	  -0.567533
  10.117188	   0.511477
  10.126953	   1.810361
  10.136719	   3.140837
  10.146484	   4.350691
  10.156250	   5.343137
  10.166016	   6.073852
  10.175781	   6.533047
  10.185547	   6.724282
  10.195312	   6.651309
  10.205078	   6.319402
  10.214844	   5.750380
  10.224609	   5.003583
  10.234375	   4.191126
  10.244141	   3.476380
  10.253906	   3.049796
  10.263672	   3.084416
  10.273438	   3.681783
  10.283203	   4.824717
  10.292969	   6.354181
  10.302734	   7.982607
  10.312500	   9.346585
  10.322266	  10.090244
  10.332031	   9.960485
  10.341797	   8.889411
  10.351562	   7.040020
  10.361328	   4.798651
  10.371094	   2.710186
  10.380859	   1.366519
  10.390625	   1.271572
  10.400391	   2.713659
  10.410156	   5.676319
  10.419922	   9.811265
  10.429688	  14.483683
  10.439453	  18.883661
  10.449219	  22.182027
  10.458984	  23.697961
  10.468750	  23.042072
  10.478516	  20.203064
  10.488281	  15.557922
  10.498047	   9.801894
  10.507812	   3.812043
  10.517578	  -1.527274
  10.527344	  -5.500174
  10.537109	  -7.698955
  10.546875	  -8.098208
  10.556641	  -7.048035
  10.566406	  -5.188716
  10.576172	  -3.306241
  10.585938	  -2.160866
  10.595703	  -2.326239
  10.605469	  -4.073653
  10.615234	  -7.325110
  10.625000	 -11.682843
  10.634766	 -16.525485
  10.644531	 -21.146295
  10.654297	 -24.900341
  10.664062	 -27.327155
  10.673828	 -28.223054
  10.683594	 -27.650930
  10.693359	 -25.891215
  10.703125	 -23.351755
  10.712891	 -20.463001
  10.722656	 -17.586090
  10.732422	 -14.955201
  10.742188	 -12.664100
  10.751953	 -10.693438
  10.761719	  -8.964219
  10.771484	  -7.396761
  10.781250	  -5.955196
  10.791016	  -4.664242
  10.800781	  -3.595443
  10.810547	  -2.830700
  10.820312	  -2.418376
  10.830078	  -2.339219
  10.839844	  -2.495416
  10.849609	  -2.727635
  10.859375	  -2.854968
  10.869141	  -2.724556
  10.878906	  -2.254145
  10.888672	  -1.453055
  10.898438	  -0.414298
  10.908203	   0.719607
  10.917969	   1.805511
  10.927734	   2.746425
  10.937500	   3.519953
  10.947266	   4.178250
  10.957031	   4.819137
  10.966797	   5.538184
  10.976562	   6.378642
  10.986328	   7.297572
  10.996094	   8.161824
  11.005859	   8.777828
  11.015625	   8.947806
  11.025391	   8.535543
  11.035156	   7.520560
  11.044922	   6.022040
  11.054688	   4.282539
  11.064453	   2.613743
  11.074219	   1.318603
  11.083984	   0.612028
  11.093750	   0.563594
  11.103516	   1.079624
  11.113281	   1.930563
  11.123047	   2.816031
  11.132812	   3.448693
  11.142578	   3.632432
  11.152344	   3.312158
  11.162109	   2.581205
  11.171875	   1.645111
  11.181641	   0.753587
  11.191406	   0.121752
  11.201172	  -0.135532
  11.210938	  -0.036888
  11.220703	   0.273964
  11.230469	   0.574713
  11.240234	   0.634366
  11.250000	   0.285360
  11.259766	  -0.523305
  11.269531	  -1.706770
  11.279297	  -3.063381
  11.289062	  -4.325464
  11.298828	  -5.226591
  11.308594	  -5.566428
  11.318359	  -5.256264
  11.328125	  -4.334978
  11.337891	  -2.954037
  11.347656	  -1.338520
  11.357422	   0.263487
  11.367188	   1.629546
  11.376953	   2.598770
  11.386719	   3.089484
  11.396484	   3.098976
  11.406250	   2.690091
  11.416016	   1.971262
  11.425781	   1.075820
  11.435547	   0.143909
  11.445312	  -0.692472
  11.455078	  -1.322565
  11.464844	  -1.669404
  11.474609	  -1.701638
  11.484375	  -1.442282
  11.494141	  -0.970553
  11.503906	  -0.413102
  11.513672	   0.076766
  11.523438	   0.349583
  11.533203	   0.293623
  11.542969	  -0.136633
  11.552734	  -0.906288
  11.562500	  -1.905769
  11.572266	  -2.976717
  11.582031	  -3.951993
  11.591797	  -4.698875
  11.601562	  -5.152699
  11.611328	  -5.330413
  11.621094	  -5.319248
  11.630859	  -5.243387
  11.640625	  -5.218638
  11.650391	  -5.309440
  11.660156	  -5.502372
  11.669922	  -5.705634
  11.679688	  -5.775999
  11.689453	  -5.565896
  11.699219	  -4.976500
  11.708984	  -4.000034
  11.718750	  -2.737105
  11.728516	  -1.381974
  11.738281	  -0.178204
  11.748047	   0.643781
  11.757812	   0.929931
  11.767578	   0.648553
  11.777344	  -0.094358
  11.787109	  -1.075310
  11.796875	  -2.003887
  11.806641	  -2.590267
  11.816406	  -2.611812
  11.826172	  -1.961723
  11.835938	  -0.668271
  11.845703	   1.118407
  11.855469	   3.166139
  11.865234	   5.214879
  11.875000	   7.030300
  11.884766	   8.443783
  11.894531	   9.371061
  11.904297	   9.808614
  11.914062	   9.813072
  11.923828	   9.472668
  11.933594	   8.880180
  11.943359	   8.114398
  11.953125	   7.232874
  11.962891	   6.274495
  11.972656	   5.267483
  11.982422	   4.237778
  11.992188	   3.214073
  12.001953	   2.228369
  12.011719	   1.313430
  12.021484	   0.499884
  12.031250	  -0.184544
  12.041016	  -0.712929
  12.050781	  -1.055686
  12.060547	  -1.178941
  12.070312	  -1.048059
  12.080078	  -0.637956
  12.089844	   0.051238
  12.099609	   0.977899
  12.109375	   2.048795
  12.119141	   3.121753
  12.128906	   4.024807
  12.138672	   4.590592
  12.148438	   4.699175
  12.158203	   4.318187
  12.167969	   3.527739
  12.177734	   2.519998
  12.187500	   1.569194
  12.197266	   0.975811
  12.207031	   0.996442
  12.216797	   1.776077
  12.226562	   3.300503
  12.236328	   5.382636
  12.246094	   7.688677
  12.255859	   9.800113
  12.265625	  11.298357
  12.275391	  11.852804
  12.285156	  11.291891
  12.294922	   9.640752
  12.304688	   7.117096
  12.314453	   4.086907
  12.324219	   0.990820
  12.333984	  -1.741751
  12.343750	  -3.771791
  12.353516	  -4.906998
  12.363281	  -5.125297
  12.373047	  -4.563632
  12.382812	  -3.477625
  12.392578	  -2.183189
  12.402344	  -0.993452
  12.412109	  -0.163485
  12.421875	   0.147994
  12.431641	  -0.104582
  12.441406	  -0.858253
  12.451172	  -1.963784
  12.460938	  -3.219489
  12.470703	  -4.409816
  12.480469	  -5.342226
  12.490234	  -5.877033
  12.500000	  -5.946427
  12.509766	  -5.560587
  12.519531	  -4.800688
  12.529297	  -3.800479
  12.539062	  -2.719957
  12.548828	  -1.716077
  12.558594	  -0.916152
  12.568359	  -0.399148
  12.578125	  -0.188469
  12.587891	  -0.257211
  12.597656	  -0.543786
  12.607422	  -0.973229
  12.617188	  -1.478002
  12.626953	  -2.012434
  12.636719	  -2.556952
  12.646484	  -3.111519
  12.656250	  -3.681214
  12.666016	  -4.259570
  12.675781	  -4.816151
  12.685547	  -5.293637
  12.695312	  -5.616612
  12.705078	  -5.710263
  12.714844	  -5.523597
  12.724609	  -5.049752
  12.734375	  -4.336288
  12.744141	  -3.480960
  12.753906	  -2.612741
  12.763672	  -1.862381
  12.773438	  -1.330219
  12.783203	  -1.060151
  12.792969	  -1.027191
  12.802734	  -1.142353
  12.812500	  -1.273741
  12.822266	  -1.278237
  12.832031	  -1.035351
  12.841797	  -0.474530
  12.851562	   0.410623
  12.861328	   1.563749
  12.871094	   2.880918
  12.880859	   4.234212
  12.890625	   5.496732
  12.900391	   6.562705
  12.910156	   7.358855
  12.919922	   7.846521
  12.929688	   8.016966
  12.939453	   7.883937
  12.949219	   7.477349
  12.958984	   6.840288
  12.968750	   6.029056
  12.978516	   5.113897
  12.988281	   4.177172
  12.998047	   3.306498
  13.007812	   2.582520
  13.017578	   2.063657
  13.027344	   1.772327
  13.037109	   1.687805
  13.046875	   1.749562
  13.056641	   1.871972
  13.066406	   1.967519
  13.076172	   1.972373
  13.085938	   1.866704
  13.095703	   1.682901
  13.105469	   1.498113
  13.115234	   1.412114
  13.125000	   1.516180
  13.134766	   1.861865
  13.144531	   2.439145
  13.154297	   3.171124
  13.164062	   3.927861
  13.173828	   4.556301
  13.183594	   4.918422
  13.193359	   4.927079
  13.203125	   4.569450
  13.212891	   3.911396
  13.222656	   3.081446
  13.232422	   2.238840
  13.242188	   1.534484
  13.251953	   1.075461
  13.261719	   0.902407
  13.271484	   0.985131
  13.281250	   1.236520
  13.291016	   1.539695
  13.300781	   1.780020
  13.310547	   1.872832
  13.320312	   1.779760
  13.330078	   1.510421
  13.339844	   1.110848
  13.349609	   0.643826
  13.359375	   0.168220
  13.369141	  -0.276062
  13.378906	  -0.673281
  13.388672	  -1.026698
  13.398438	  -1.346010
  13.408203	  -1.632720
  13.417969	  -1.869266
  13.427734	  -2.016304
  13.437500	  -2.019718
  13.447266	  -1.825638
  13.457031	  -1.399100
  13.466797	  -0.740656
  13.476562	   0.104369
  13.486328	   1.047270
  13.496094	   1.968492
  13.505859	   2.738752
  13.515625	   3.244001
  13.525391	   3.408444
  13.535156	   3.210333
  13.544922	   2.686917
  13.554688	   1.927447
  13.564453	   1.055704
  13.574219	   0.205766
  13.583984	  -0.504006
  13.593750	  -0.993487
  13.603516	  -1.235334
  13.613281	  -1.258723
  13.623047	  -1.141584
  13.632812	  -0.992901
  13.642578	  -0.928616
  13.652344	  -1.046006
  13.662109	  -1.401782
  13.671875	  -1.998526
  13.681641	  -2.782412
  13.691406	  -3.652862
  13.701172	  -4.482175
  13.710938	  -5.140942
  13.720703	  -5.523692
  13.730469	  -5.569118
  13.740234	  -5.270491
  13.750000	  -4.674183
  13.759766	  -3.867126
  13.769531	  -2.956640
  13.779297	  -2.047810
  13.789062	  -1.223912
  13.798828	  -0.534259
  13.808594	   0.008403
  13.818359	   0.421554
  13.828125	   0.740525
  13.837891	   1.004348
  13.847656	   1.244038
  13.857422	   1.476196
  13.867188	   1.702739
  13.876953	   1.915461
  13.886719	   2.102713
  13.896484	   2.255156
  13.906250	   2.368455
  13.916016	   2.442346
  13.925781	   2.477292
  13.935547	   2.471022
  13.945312	   2.417344
  13.955078	   2.308579
  13.964844	   2.141195
  13.974609	   1.922475
  13.984375	   1.674993
  13.994141	   1.435940
  14.003906	   1.249880
  14.013672	   1.155944
  14.023438	   1.172929
  14.033203	   1.287339
  14.042969	   1.449324
  14.052734	   1.579600
  14.062500	   1.587189
  14.072266	   1.394172
  14.082031	   0.960788
  14.091797	   0.303242
  14.101562	  -0.502064
  14.111328	  -1.330617
  14.121094	  -2.036302
  14.130859	  -2.485923
  14.140625	  -2.592559
  14.150391	  -2.338382
  14.160156	  -1.780183
  14.169922	  -1.035643
  14.179688	  -0.253862
  14.189453	   0.421755
  14.199219	   0.887888
  14.208984	   1.103440
  14.218750	   1.093538
  14.228516	   0.934906
  14.238281	   0.727622
  14.248047	   0.562177
  14.257812	   0.491920
  14.267578	   0.519012
  14.277344	   0.597648
  14.287109	   0.652864
  14.296875	   0.608474
  14.306641	   0.415010
  14.316406	   0.068777
  14.326172	  -0.383891
  14.335938	  -0.858333
  14.345703	  -1.255440
  14.355469	  -1.490267
  14.365234	  -1.516700
  14.375000	  -1.340933
  14.384766	  -1.020128
  14.394531	  -0.647122
  14.404297	  -0.326087
  14.414062	  -0.146360
  14.423828	  -0.161689
  14.433594	  -0.379974
  14.443359	  -0.765174
  14.453125	  -1.249411
  14.462891	  -1.750736
  14.472656	  -2.191082
  14.482422	  -2.509848
  14.492188	  -2.670703
  14.501953	  -2.661783
  14.511719	  -2.491468
  14.521484	  -2.182748
  14.531250	  -1.768700
  14.541016	  -1.290110
  14.550781	  -0.794579
  14.560547	  -0.335252
  14.570312	   0.032826
  14.580078	   0.259723
  14.589844	   0.310292
  14.599609	   0.174022
  14.609375	  -0.128349
  14.619141	  -0.544659
  14.628906	  -0.999130
  14.638672	  -1.407313
  14.648438	  -1.694790
  14.658203	  -1.814643
  14.667969	  -1.758549
  14.677734	  -1.557904
  14.687500	  -1.274218
  14.697266	  -0.981211
  14.707031	  -0.743716
  14.716797	  -0.599584
  14.726562	  -0.550016
  14.736328	  -0.561262
  14.746094	  -0.577146
  14.755859	  -0.538566
  14.765625	  -0.403888
  14.775391	  -0.163887
  14.785156	   0.153503
  14.794922	   0.490236
  14.804688	   0.775001
  14.814453	   0.944886
  14.824219	   0.965382
  14.833984	   0.842759
  14.843750	   0.625080
  14.853516	   0.391455
  14.863281	   0.232482
  14.873047	   0.227286
  14.882812	   0.423370
  14.892578	   0.824529
  14.902344	   1.389709
  14.912109	   2.042676
  14.921875	   2.689538
  14.931641	   3.239362
  14.941406	   3.622740
  14.951172	   3.804106
  14.960938	   3.785580
  14.970703	   3.602376
  14.980469	   3.311800
  14.990234	   2.979057
  15.000000	   2.663338
  15.009766	   2.407045
  15.019531	   2.229870
  15.029297	   2.128168
  15.039062	   2.078967
  15.048828	   2.047244
  15.058594	   1.994768
  15.068359	   1.888846
  15.078125	   1.709506
  15.087891	   1.453972
  15.097656	   1.137685
  15.107422	   0.791601
  15.117188	   0.456094
  15.126953	   0.172457
  15.136719	  -0.026368
  15.146484	  -0.123822
  15.156250	  -0.124485
  15.166016	  -0.054080
  15.175781	   0.045736
  15.185547	   0.126952
  15.195312	   0.147046
  15.205078	   0.080172
  15.214844	  -0.075300
  15.224609	  -0.295129
  15.234375	  -0.534225
  15.244141	  -0.737349
  15.253906	  -0.852940
  15.263672	  -0.846573
  15.273438	  -0.710562
  15.283203	  -0.467237
  15.292969	  -0.165055
  15.302734	   0.131398
  15.312500	   0.354923
  15.322266	   0.449383
  15.332031	   0.380351
  15.341797	   0.140574
  15.351562	  -0.250398
  15.361328	  -0.751550
  15.371094	  -1.308773
  15.380859	  -1.863980
  15.390625	  -2.363029
  15.400391	  -2.761368
  15.410156	  -3.027298
  15.419922	  -3.143440
  15.429688	  -3.107230
  15.439453	  -2.930983
  15.449219	  -2.641490
  15.458984	  -2.278537
  15.468750	  -1.891529
  15.478516	  -1.533698
  15.488281	  -1.254147
  15.498047	  -1.088963
  15.507812	  -1.053453
  15.517578	  -1.137783
  15.527344	  -1.307825
  15.537109	  -1.511780
  15.546875	  -1.691521
  15.556641	  -1.796121
  15.566406	  -1.794108
  15.576172	  -1.681078
  15.585938	  -1.480387
  15.595703	  -1.236524
  15.605469	  -1.002845
  15.615234	  -0.827039
  15.625000	  -0.738437
  15.634766	  -0.740800
  15.644531	  -0.812672
  15.654297	  -0.915164
  15.664062	  -1.004793
  15.673828	  -1.047546
  15.683594	  -1.029888
  15.693359	  -0.963382
  15.703125	  -0.881468
  15.712891	  -0.829301
  15.722656	  -0.849595
  15.732422	  -0.968633
  15.742188	  -1.186536
  15.751953	  -1.474668
  15.761719	  -1.780953
  15.771484	  -2.041675
  15.781250	  -2.196507
  15.791016	  -2.202705
  15.800781	  -2.044757
  15.810547	  -1.737138
  15.820312	  -1.319805
  15.830078	  -0.847986
  15.839844	  -0.379256
  15.849609	   0.038644
  15.859375	   0.376275
  15.869141	   0.625533
  15.878906	   0.797176
  15.888672	   0.914199
  15.898438	   1.003364
  15.908203	   1.087380
  15.917969	   1.179672
  15.927734	   1.282688
  15.937500	   1.389544
  15.947266	   1.487918
  15.957031	   1.564620
  15.966797	   1.609404
  15.976562	   1.617047
  15.986328	   1.587491
  15.996094	   1.524487
  16.005859	   1.433574
  16.015625	   1.320308
  16.025391	   1.189331
  16.035156	   1.044446
  16.044922	   0.889389
  16.054688	   0.728723
  16.064453	   0.568244
  16.074219	   0.414580
  16.083984	   0.273987
  16.093750	   0.150795
  16.103516	   0.046138
  16.113281	  -0.042393
  16.123047	  -0.119832
  16.132812	  -0.191746
  16.142578	  -0.261538
  16.152344	  -0.328023
  16.162109	  -0.384217
  16.171875	  -0.418026
  16.181641	  -0.414992
  16.191406	  -0.362614
  16.201172	  -0.255221
  16.210938	  -0.097994
  16.220703	   0.091186
  16.230469	   0.282974
  16.240234	   0.441057
  16.250000	   0.529203
  16.259766	   0.519400
  16.269531	   0.399166
  16.279297	   0.176122
  16.289062	  -0.121572
  16.298828	  -0.449401
  16.308594	  -0.754656
  16.318359	  -0.986937
  16.328125	  -1.108659
  16.337891	  -1.103120
  16.347656	  -0.978152
  16.357422	  -0.764403
  16.367188	  -0.508552
  16.376953	  -0.263002
  16.386719	  -0.074481
  16.396484	   0.025744
  16.406250	   0.027752
  16.416016	  -0.056388
  16.425781	  -0.197173
  16.435547	  -0.356117
  16.445312	  -0.495801
  16.455078	  -0.588892
  16.464844	  -0.623865
  16.474609	  -0.606097
  16.484375	  -0.554294
  16.494141	  -0.493488
  16.503906	  -0.446721
  16.513672	  -0.427824
  16.523438	  -0.437324
  16.533203	  -0.462558
  16.542969	  -0.481878
  16.552734	  -0.471645
  16.562500	  -0.413992
  16.572266	  -0.303111
  16.582031	  -0.148289
  16.591797	   0.027170
  16.601562	   0.190883
  16.611328	   0.308887
  16.621094	   0.353776
  16.630859	   0.311413
  16.640625	   0.184607
  16.650391	  -0.007082
  16.660156	  -0.231233
  16.669922	  -0.449134
  16.679688	  -0.623453
  16.689453	  -0.725295
  16.699219	  -0.739196
  16.708984	  -0.665215
  16.718750	  -0.517935
  16.728516	  -0.322860
  16.738281	  -0.111139
  16.748047	   0.086265
  16.757812	   0.243892
  16.767578	   0.345733
  16.777344	   0.387328
  16.787109	   0.375816
  16.796875	   0.328105
  16.806641	   0.267506
  16.816406	   0.219407
  16.826172	   0.206620
  16.835938	   0.245143
  16.845703	   0.341009
  16.855469	   0.488821
  16.865234	   0.672324
  16.875000	   0.867043
  16.884766	   1.044634
  16.894531	   1.178200
  16.904297	   1.247576
  16.914062	   1.243478
  16.923828	   1.169570
  16.933594	   1.041901
  16.943359	   0.885677
  16.953125	   0.729991
  16.962891	   0.601572
  16.972656	   0.518957
  16.982422	   0.488407
  16.992188	   0.502593
  17.001953	   0.542428
  17.011719	   0.581725
  17.021484	   0.593677
  17.031250	   0.557660
  17.041016	   0.464770
  17.050781	   0.320684
  17.060547	   0.145075
  17.070312	  -0.032443
  17.080078	  -0.179012
  17.089844	  -0.266375
  17.099609	  -0.278038
  17.109375	  -0.213989
  17.119141	  -0.091734
  17.128906	   0.056779
  17.138672	   0.191804
  17.148438	   0.274570
  17.158203	   0.276201
  17.167969	   0.184668
  17.177734	   0.008070
  17.187500	  -0.226638
  17.197266	  -0.479267
  17.207031	  -0.705110
  17.216797	  -0.864741
  17.226562	  -0.932571
  17.236328	  -0.902165
  17.246094	  -0.787084
  17.255859	  -0.617145
  17.265625	  -0.431124
  17.275391	  -0.267762
  17.285156	  -0.157327
  17.294922	  -0.115736
  17.304688	  -0.142508
  17.314453	  -0.222754
  17.324219	  -0.332376
  17.333984	  -0.444854
  17.343750	  -0.537694
  17.353516	  -0.596910
  17.363281	  -0.618582
  17.373047	  -0.607461
  17.382812	  -0.573470
  17.392578	  -0.527447
  17.402344	  -0.477592
  17.412109	  -0.427650
  17.421875	  -0.377219
  17.431641	  -0.323767
  17.441406	  -0.265412
  17.451172	  -0.203295
  17.460938	  -0.142589
  17.470703	  -0.091739
  17.480469	  -0.060191
  17.490234	  -0.055440
  17.500000	  -0.080447
  17.509766	  -0.132391
  17.519531	  -0.203209
  17.529297	  -0.281748
  17.539062	  -0.356790
  17.548828	  -0.419870
  17.558594	  -0.466926
  17.568359	  -0.498188
  17.578125	  -0.516440
  17.587891	  -0.524327
  17.597656	  -0.521833
  17.607422	  -0.505010
  17.617188	  -0.466630
  17.626953	  -0.398770
  17.636719	  -0.296566
  17.646484	  -0.161888
  17.656250	  -0.005527
  17.666016	   0.153145
  17.675781	   0.289369
  17.685547	   0.378480
  17.695312	   0.402310
  17.705078	   0.354748
  17.714844	   0.244788
  17.724609	   0.095974
  17.734375	  -0.057882
  17.744141	  -0.179826
  17.753906	  -0.238051
  17.763672	  -0.213293
  17.773438	  -0.103487
  17.783203	   0.075485
  17.792969	   0.293164
  17.802734	   0.511164
  17.812500	   0.691508
  17.822266	   0.804679
  17.832031	   0.835579
  17.841797	   0.786127
  17.851562	   0.674083
  17.861328	   0.528541
  17.871094	   0.383267
  17.880859	   0.269429
  17.890625	   0.209315
  17.900391	   0.212307
  17.910156	   0.273813
  17.919922	   0.377213
  17.929688	   0.498255
  17.939453	   0.610852
  17.949219	   0.692998
  17.958984	   0.731558
  17.968750	   0.724913
  17.978516	   0.682936
  17.988281	   0.624316
  17.998047	   0.571832
  18.007812	   0.546648
  18.017578	   0.562935
  18.027344	   0.624105
  18.037109	   0.721599
  18.046875	   0.836591
  18.056641	   0.944260
  18.066406	   1.019629
  18.076172	   1.043545
  18.085938	   1.007261
  18.095703	   0.914455
  18.105469	   0.780116
  18.115234	   0.626588
  18.125000	   0.477822
  18.134766	   0.353378
  18.144531	   0.263794
  18.154297	   0.208543
  18.164062	   0.177075
  18.173828	   0.152561
  18.183594	   0.117176
  18.193359	   0.057378
  18.203125	  -0.032333
  18.212891	  -0.148179
  18.222656	  -0.278615
  18.232422	  -0.407972
  18.242188	  -0.521016
  18.251953	  -0.606995
  18.261719	  -0.661976
  18.271484	  -0.688918
  18.281250	  -0.695644
  18.291016	  -0.691571
  18.300781	  -0.684392
  18.310547	  -0.677837
  18.320312	  -0.671201
  18.330078	  -0.660663
  18.339844	  -0.641784
  18.349609	  -0.612183
  18.359375	  -0.573333
  18.369141	  -0.530811
  18.378906	  -0.492866
  18.388672	  -0.467826
  18.398438	  -0.461263
  18.408203	  -0.473935
  18.417969	  -0.501243
  18.427734	  -0.534407
  18.437500	  -0.562949
  18.447266	  -0.577641
  18.457031	  -0.572904
  18.466797	  -0.547871
  18.476562	  -0.505833
  18.486328	  -0.452351
  18.496094	  -0.392814
  18.505859	  -0.330397
  18.515625	  -0.265226
  18.525391	  -0.195051
  18.535156	  -0.117184
  18.544922	  -0.030932
  18.554688	   0.060479
  18.564453	   0.149322
  18.574219	   0.224555
  18.583984	   0.274514
  18.593750	   0.290340
  18.603516	   0.269011
  18.613281	   0.214940
  18.623047	   0.139501
  18.632812	   0.058514
  18.642578	  -0.011616
  18.652344	  -0.058006
  18.662109	  -0.074405
  18.671875	  -0.062414
  18.681641	  -0.030517
  18.691406	   0.008739
  18.701172	   0.042476
  18.710938	   0.060986
  18.720703	   0.060003
  18.730469	   0.041168
  18.740234	   0.010749
  18.750000	  -0.022801
  18.759766	  -0.051554
  18.769531	  -0.070193
  18.779297	  -0.076898
  18.789062	  -0.072934
  18.798828	  -0.061297
  18.808594	  -0.045079
  18.818359	  -0.026212
  18.828125	  -0.005036
  18.837891	   0.019245
  18.847656	   0.047550
  18.857422	   0.079873
  18.867188	   0.114745
  18.876953	   0.149465
  18.886719	   0.181057
  18.896484	   0.207529
  18.906250	   0.228866
  18.916016	   0.247246
  18.925781	   0.266266
  18.935547	   0.289358
  18.945312	   0.317942
  18.955078	   0.350037
  18.964844	   0.379955
  18.974609	   0.399377
  18.984375	   0.399604
  18.994141	   0.374364
  19.003906	   0.322261
  19.013672	   0.248035
  19.023438	   0.162093
  19.033203	   0.078346
  19.042969	   0.010890
  19.052734	  -0.029511
  19.062500	  -0.038123
  19.072266	  -0.017331
  19.082031	   0.024185
  19.091797	   0.073904
  19.101562	   0.118803
  19.111328	   0.148593
  19.121094	   0.157964
  19.130859	   0.147305
  19.140625	   0.121846
  19.150391	   0.089679
  19.160156	   0.059346
  19.169922	   0.037754
  19.179688	   0.028930
  19.189453	   0.033795
  19.199219	   0.050739
  19.208984	   0.076573
  19.218750	   0.107400
  19.228516	   0.139102
  19.238281	   0.167420
  19.248047	   0.187835
  19.257812	   0.195616
  19.267578	   0.186291
  19.277344	   0.156625
  19.287109	   0.105846
  19.296875	   0.036692
  19.306641	  -0.044252
  19.316406	  -0.127262
  19.326172	  -0.201264
  19.335938	  -0.256301
  19.345703	  -0.286008
  19.355469	  -0.289305
  19.365234	  -0.270705
  19.375000	  -0.239029
  19.384766	  -0.204845
  19.394531	  -0.177377
  19.404297	  -0.161835
  19.414062	  -0.158044
  19.423828	  -0.160815
  19.433594	  -0.161990
  19.443359	  -0.153496
  19.453125	  -0.130418
  19.462891	  -0.093082
  19.472656	  -0.047423
  19.482422	  -0.003492
  19.492188	   0.027454
  19.501953	   0.036364
  19.511719	   0.019221
  19.521484	  -0.021610
  19.531250	  -0.077938
  19.541016	  -0.138024
  19.550781	  -0.189860
  19.560547	  -0.224428
  19.570312	  -0.237975
  19.580078	  -0.232659
  19.589844	  -0.215476
  19.599609	  -0.195907
  19.609375	  -0.183086
  19.619141	  -0.183386
  19.628906	  -0.199081
  19.638672	  -0.228380
  19.648438	  -0.266604
  19.658203	  -0.307986
  19.667969	  -0.347394
  19.677734	  -0.381417
  19.687500	  -0.408568
  19.697266	  -0.428703
  19.707031	  -0.442056
  19.716797	  -0.448393
  19.726562	  -0.446691
  19.736328	  -0.435479
  19.746094	  -0.413663
  19.755859	  -0.381466
  19.765625	  -0.340985
  19.775391	  -0.296084
  19.785156	  -0.251532
  19.794922	  -0.211662
  19.804688	  -0.179022
  19.814453	  -0.153515
  19.824219	  -0.132409
  19.833984	  -0.111260
  19.843750	  -0.085478
  19.853516	  -0.052014
  19.863281	  -0.010585
  19.873047	   0.036006
  19.882812	   0.082588
  19.892578	   0.123138
  19.902344	   0.152622
  19.912109	   0.168509
  19.921875	   0.171485
  19.931641	   0.165134
  19.941406	   0.154722
  19.951172	   0.145524
  19.960938	   0.141266
  19.970703	   0.143203
  19.980469	   0.150084
  19.990234	   0.158969
  20.000000	   0.166522
  20.009766	   0.170293
  20.019531	   0.169504
  20.029297	   0.165102
  20.039062	   0.159107
  20.048828	   0.153570
  20.058594	   0.149599
  20.068359	   0.146862
  20.078125	   0.143772
  20.087891	   0.138298
  20.097656	   0.129048
  20.107422	   0.116178
  20.117188	   0.101717
  20.126953	   0.089120
  20.136719	   0.082153
  20.146484	   0.083490
  20.156250	   0.093536
  20.166016	   0.109930
  20.175781	   0.127961
  20.185547	   0.141801
  20.195312	   0.146169
  20.205078	   0.137869
  20.214844	   0.116679
  20.224609	   0.085294
  20.234375	   0.048357
  20.244141	   0.010912
  20.253906	  -0.023151
  20.263672	  -0.052130
  20.273438	  -0.076675
  20.283203	  -0.099049
  20.292969	  -0.121806
  20.302734	  -0.146395
  20.312500	  -0.172254
  20.322266	  -0.196728
  20.332031	  -0.215895
  20.341797	  -0.225981
  20.351562	  -0.224864
  20.361328	  -0.213083
  20.371094	  -0.193968
  20.380859	  -0.172809
  20.390625	  -0.155304
  20.400391	  -0.145833
  20.410156	  -0.146129
  20.419922	  -0.154805
  20.429688	  -0.167880
  20.439453	  -0.180092
  20.449219	  -0.186533
  20.458984	  -0.184030
  20.468750	  -0.171803
  20.478516	  -0.151238
  20.488281	  -0.124929
  20.498047	  -0.095426
  20.507812	  -0.064228
  20.517578	  -0.031431
  20.527344	   0.003808
  20.537109	   0.042206
  20.546875	   0.083149
  20.556641	   0.123900
  20.566406	   0.159677
  20.576172	   0.184694
  20.585938	   0.193924
  20.595703	   0.184988
  20.605469	   0.159502
  20.615234	   0.123292
  20.625000	   0.085284
  20.634766	   0.055282
  20.644531	   0.041284
  20.654297	   0.047153
  20.664062	   0.071403
  20.673828	   0.107544
  20.683594	   0.145900
  20.693359	   0.176382
  20.703125	   0.191360
  20.712891	   0.187744
  20.722656	   0.167643
  20.732422	   0.137439
  20.742188	   0.105605
  20.751953	   0.079992
  20.761719	   0.065481
  20.771484	   0.062708
  20.781250	   0.068229
  20.791016	   0.075978
  20.800781	   0.079481
  20.810547	   0.074046
  20.820312	   0.058215
  20.830078	   0.034053
  20.839844	   0.006249
  20.849609	  -0.019566
  20.859375	  -0.038684
  20.869141	  -0.048694
  20.878906	  -0.049985
  20.888672	  -0.045264
  20.898438	  -0.038390
  20.908203	  -0.032994
  20.917969	  -0.031435
  20.927734	  -0.034414
  20.937500	  -0.041313
  20.947266	  -0.051000
  20.957031	  -0.062691
  20.966797	  -0.076416
  20.976562	  -0.092865
  20.986328	  -0.112639
  20.996094	  -0.135243
  21.005859	  -0.158284
  21.015625	  -0.177324
  21.025391	  -0.186593
  21.035156	  -0.180476
  21.044922	  -0.155314
  21.054688	  -0.110943
  21.064453	  -0.051387
  21.074219	   0.015629
  21.083984	   0.080280
  21.093750	   0.132957
  21.103516	   0.166595
  21.113281	   0.178323
  21.123047	   0.169950
  21.132812	   0.147140
  21.142578	   0.117588
  21.152344	   0.088793
  21.162109	   0.066131
  21.171875	   0.051813
  21.181641	   0.044957
  21.191406	   0.042646
  21.201172	   0.041490
  21.210938	   0.039085
  21.220703	   0.034829
  21.230469	   0.029860
  21.240234	   0.026194
  21.250000	   0.025492
  21.259766	   0.027997
  21.269531	   0.032123
  21.279297	   0.034901
  21.289062	   0.033148
  21.298828	   0.024915
  21.308594	   0.010626
  21.318359	  -0.006591
  21.328125	  -0.021604
  21.337891	  -0.028854
  21.347656	  -0.024303
  21.357422	  -0.007082
  21.367188	   0.019784
  21.376953	   0.049894
  21.386719	   0.075166
  21.396484	   0.088191
  21.406250	   0.084534
  21.416016	   0.064207
  21.425781	   0.031826
  21.435547	  -0.004640
  21.445312	  -0.036158
  21.455078	  -0.055241
  21.464844	  -0.058080
  21.474609	  -0.045536
  21.484375	  -0.022690
  21.494141	   0.002848
  21.503906	   0.023341
  21.513672	   0.033259
  21.523438	   0.030823
  21.533203	   0.018332
  21.542969	   0.001234
  21.552734	  -0.013714
  21.562500	  -0.020556
  21.572266	  -0.015873
  21.582031	   0.000371
  21.591797	   0.025034
  21.601562	   0.052915
  21.611328	   0.078335
  21.621094	   0.096661
  21.630859	   0.105335
  21.640625	   0.104152
  21.650391	   0.094850
  21.660156	   0.080235
  21.669922	   0.063223
  21.679688	   0.046103
  21.689453	   0.030214
  21.699219	   0.016020
  21.708984	   0.003452
  21.718750	  -0.007719
  21.728516	  -0.017632
  21.738281	  -0.026297
  21.748047	  -0.033713
  21.757812	  -0.040002
  21.767578	  -0.045435
  21.777344	  -0.050284
  21.787109	  -0.054547
  21.796875	  -0.057687
  21.806641	  -0.058558
  21.816406	  -0.055631
  21.826172	  -0.047515
  21.835938	  -0.033611
  21.845703	  -0.014657
  21.855469	   0.007106
  21.865234	   0.028280
  21.875000	   0.045159
  21.884766	   0.054827
  21.894531	   0.056161
  21.904297	   0.050356
  21.914062	   0.040740
  21.923828	   0.031859
  21.933594	   0.028098
  21.943359	   0.032273
  21.953125	   0.044673
  21.962891	   0.062917
  21.972656	   0.082712
  21.982422	   0.099296
  21.992188	   0.109090
  22.001953	   0.110996
  22.011719	   0.106871
  22.021484	   0.100983
  22.031250	   0.098600
  22.041016	   0.104179
  22.050781	   0.119767
  22.060547	   0.144187
  22.070312	   0.173301
  22.080078	   0.201297
  22.089844	   0.222573
  22.099609	   0.233563
  22.109375	   0.233881
  22.119141	   0.226369
  22.128906	   0.216004
  22.138672	   0.208053
  22.148438	   0.206098
  22.158203	   0.210641
  22.167969	   0.218810
  22.177734	   0.225281
  22.187500	   0.224148
  22.197266	   0.211097
  22.207031	   0.185120
  22.216797	   0.149173
  22.226562	   0.109484
  22.236328	   0.073716
  22.246094	   0.048568
  22.255859	   0.037596
  22.265625	   0.040009
  22.275391	   0.050831
  22.285156	   0.062425
  22.294922	   0.066887
  22.304688	   0.058542
  22.314453	   0.035736
  22.324219	   0.001347
  22.333984	  -0.038133
  22.343750	  -0.074651
  22.353516	  -0.101102
  22.363281	  -0.113501
  22.373047	  -0.112140
  22.382812	  -0.101392
  22.392578	  -0.088279
  22.402344	  -0.080281
  22.412109	  -0.083103
  22.421875	  -0.099066
  22.431641	  -0.126586
  22.441406	  -0.160795
  22.451172	  -0.195051
  22.460938	  -0.222782
  22.470703	  -0.239113
  22.480469	  -0.241815
  22.490234	  -0.231418
  22.500000	  -0.210602
  22.509766	  -0.183186
  22.519531	  -0.153127
  22.529297	  -0.123833
  22.539062	  -0.097926
  22.548828	  -0.077365
  22.558594	  -0.063721
  22.568359	  -0.058331
  22.578125	  -0.062180
  22.587891	  -0.075513
  22.597656	  -0.097337
  22.607422	  -0.125086
  22.617188	  -0.154662
  22.626953	  -0.180990
  22.636719	  -0.198972
  22.646484	  -0.204610
  22.656250	  -0.195928
  22.666016	  -0.173416
  22.675781	  -0.139822
  22.685547	  -0.099374
  22.695312	  -0.056685
  22.705078	  -0.015703
  22.714844	   0.020957
  22.724609	   0.052119
  22.734375	   0.077636
  22.744141	   0.097674
  22.753906	   0.112062
  22.763672	   0.119988
  22.773438	   0.120221
  22.783203	   0.111773
  22.792969	   0.094741
  22.802734	   0.070960
  22.812500	   0.044129
  22.822266	   0.019252
  22.832031	   0.001506
  22.841797	  -0.005162
  22.851562	   0.000775
  22.861328	   0.017833
  22.871094	   0.041785
  22.880859	   0.066746
  22.890625	   0.086734
  22.900391	   0.097254
  22.910156	   0.096382
  22.919922	   0.085037
  22.929688	   0.066386
  22.939453	   0.044613
  22.949219	   0.023522
  22.958984	   0.005453
  22.968750	  -0.009125
  22.978516	  -0.021222
  22.988281	  -0.032351
  22.998047	  -0.043368
  23.007812	  -0.053618
  23.017578	  -0.060755
  23.027344	  -0.061357
  23.037109	  -0.052149
  23.046875	  -0.031410
  23.056641	  -0.000038
  23.066406	   0.038141
  23.076172	   0.077020
  23.085938	   0.109639
  23.095703	   0.129997
  23.105469	   0.134679
  23.115234	   0.123769
  23.125000	   0.100790
  23.134766	   0.071669
  23.144531	   0.043084
  23.154297	   0.020699
  23.164062	   0.007833
  23.173828	   0.004925
  23.183594	   0.009892
  23.193359	   0.019175
  23.203125	   0.029060
  23.212891	   0.036838
  23.222656	   0.041411
  23.232422	   0.043253
  23.242188	   0.043819
  23.251953	   0.044717
  23.261719	   0.046981
  23.271484	   0.050740
  23.281250	   0.055353
  23.291016	   0.059891
  23.300781	   0.063717
  23.310547	   0.066872
  23.320312	   0.070069
  23.330078	   0.074311
  23.339844	   0.080279
  23.349609	   0.087811
  23.359375	   0.095719
  23.369141	   0.102106
  23.378906	   0.105109
  23.388672	   0.103801
  23.398438	   0.098882
  23.408203	   0.092836
  23.417969	   0.089391
  23.427734	   0.092390
  23.437500	   0.104419
  23.447266	   0.125673
  23.457031	   0.153503
  23.466797	   0.182883
  23.476562	   0.207729
  23.486328	   0.222686
  23.496094	   0.224820
  23.505859	   0.214625
  23.515625	   0.195980
  23.525391	   0.175007
  23.535156	   0.158165
  23.544922	   0.150184
  23.554688	   0.152511
  23.564453	   0.162790
  23.574219	   0.175578
  23.583984	   0.184058
  23.593750	   0.182219
  23.603516	   0.166765
  23.613281	   0.138151
  23.623047	   0.100393
  23.632812	   0.059738
  23.642578	   0.022648
  23.652344	  -0.006214
  23.662109	  -0.025329
  23.671875	  -0.036556
  23.681641	  -0.044202
  23.691406	  -0.053269
  23.701172	  -0.067510
  23.710938	  -0.087963
  23.720703	  -0.112471
  23.730469	  -0.136354
  23.740234	  -0.153991
  23.750000	  -0.160773
  23.759766	  -0.154747
  23.769531	  -0.137422
  23.779297	  -0.113450
  23.789062	  -0.089322
  23.798828	  -0.071506
  23.808594	  -0.064652
  23.818359	  -0.070417
  23.828125	  -0.087260
  23.837891	  -0.111194
  23.847656	  -0.137183
  23.857422	  -0.160680
  23.867188	  -0.178774
  23.876953	  -0.190636
  23.886719	  -0.197175
  23.896484	  -0.200145
  23.906250	  -0.201100
  23.916016	  -0.200635
  23.925781	  -0.198184
  23.935547	  -0.192442
  23.945312	  -0.182189
  23.955078	  -0.167172
  23.964844	  -0.148638
  23.974609	  -0.129290
  23.984375	  -0.112627
  23.994141	  -0.101894
  24.003906	  -0.099005
  24.013672	  -0.103825
  24.023438	  -0.114095
  24.033203	  -0.126014
  24.042969	  -0.135316
  24.052734	  -0.138463
  24.062500	  -0.133578
  24.072266	  -0.120833
  24.082031	  -0.102198
  24.091797	  -0.080701
  24.101562	  -0.059476
  24.111328	  -0.040952
  24.121094	  -0.026418
  24.130859	  -0.016059
  24.140625	  -0.009353
  24.150391	  -0.005601
  24.160156	  -0.004314
  24.169922	  -0.005312
  24.179688	  -0.008498
  24.189453	  -0.013470
  24.199219	  -0.019203
  24.208984	  -0.024024
  24.218750	  -0.025980
  24.228516	  -0.023516
  24.238281	  -0.016213
  24.248047	  -0.005267
  24.257812	   0.006554
  24.267578	   0.015568
  24.277344	   0.018303
  24.287109	   0.012737
  24.296875	  -0.000791
  24.306641	  -0.019374
  24.316406	  -0.038197
  24.326172	  -0.051918
  24.335938	  -0.056374
  24.345703	  -0.050030
  24.355469	  -0.034671
  24.365234	  -0.015032
  24.375000	   0.002574
  24.384766	   0.012237
  24.394531	   0.010404
  24.404297	  -0.002838
  24.414062	  -0.023606
  24.423828	  -0.045287
  24.433594	  -0.060504
  24.443359	  -0.063379
  24.453125	  -0.051350
  24.462891	  -0.025967
  24.472656	   0.007613
  24.482422	   0.042233
  24.492188	   0.070937
  24.501953	   0.089026
  24.511719	   0.095298
  24.521484	   0.092092
  24.531250	   0.084168
  24.541016	   0.076825
  24.550781	   0.073957
  24.560547	   0.076704
  24.570312	   0.083176
  24.580078	   0.089313
  24.589844	   0.090567
  24.599609	   0.083769
  24.609375	   0.068517
  24.619141	   0.047555
  24.628906	   0.025997
  24.638672	   0.009639
  24.648438	   0.002941
  24.658203	   0.007372
  24.667969	   0.020708
  24.677734	   0.037540
  24.687500	   0.050855
  24.697266	   0.054181
  24.707031	   0.043605
  24.716797	   0.019020
  24.726562	  -0.015785
  24.736328	  -0.054209
  24.746094	  -0.088719
  24.755859	  -0.112924
  24.765625	  -0.123206
  24.775391	  -0.119435
  24.785156	  -0.104629
  24.794922	  -0.083755
  24.804688	  -0.062130
  24.814453	  -0.043949
  24.824219	  -0.031402
  24.833984	  -0.024551
  24.843750	  -0.021904
  24.853516	  -0.021350
  24.863281	  -0.021073
  24.873047	  -0.020096
  24.882812	  -0.018309
  24.892578	  -0.016063
  24.902344	  -0.013577
  24.912109	  -0.010488
  24.921875	  -0.005758
  24.931641	   0.001961
  24.941406	   0.013677
  24.951172	   0.029372
  24.960938	   0.047618
  24.970703	   0.065684
  24.980469	   0.080178
  24.990234	   0.088025
  25.000000	   0.087455
  25.009766	   0.078647
  25.019531	   0.063791
  25.029297	   0.046509
  25.039062	   0.030829
  25.048828	   0.020057
  25.058594	   0.015905
  25.068359	   0.018175
  25.078125	   0.025059
  25.087891	   0.033931
  25.097656	   0.042303
  25.107422	   0.048592
  25.117188	   0.052443
  25.126953	   0.054514
  25.136719	   0.055858
  25.146484	   0.057198
  25.156250	   0.058428
  25.166016	   0.058556
  25.175781	   0.056147
  25.185547	   0.050091
  25.195312	   0.040354
  25.205078	   0.028390
  25.214844	   0.016963
  25.224609	   0.009366
  25.234375	   0.008283
  25.244141	   0.014669
  25.253906	   0.027095
  25.263672	   0.041846
  25.273438	   0.053819
  25.283203	   0.057990
  25.292969	   0.050981
  25.302734	   0.032219
  25.312500	   0.004278
  25.322266	  -0.027745
  25.332031	  -0.057644
  25.341797	  -0.079865
  25.351562	  -0.091045
  25.361328	  -0.090854
  25.371094	  -0.081852
  25.380859	  -0.068467
  25.390625	  -0.055443
  25.400391	  -0.046298
  25.410156	  -0.042322
  25.419922	  -0.042426
  25.429688	  -0.043859
  25.439453	  -0.043487
  25.449219	  -0.039149
  25.458984	  -0.030588
  25.468750	  -0.019602
  25.478516	  -0.009376
  25.488281	  -0.003252
  25.498047	  -0.003385
  25.507812	  -0.009810
  25.517578	  -0.020264
  25.527344	  -0.030857
  25.537109	  -0.037360
  25.546875	  -0.036667
  25.556641	  -0.027913
  25.566406	  -0.012848
  25.576172	   0.004657
  25.585938	   0.019808
  25.595703	   0.028373
  25.605469	   0.027938
  25.615234	   0.018538
  25.625000	   0.002459
  25.634766	  -0.016659
  25.644531	  -0.035060
  25.654297	  -0.049996
  25.664062	  -0.060329
  25.673828	  -0.066455
  25.683594	  -0.069619
  25.693359	  -0.070978
  25.703125	  -0.070830
  25.712891	  -0.068359
  25.722656	  -0.062040
  25.732422	  -0.050561
  25.742188	  -0.033871
  25.751953	  -0.013909
  25.761719	   0.005390
  25.771484	   0.018920
  25.781250	   0.021871
  25.791016	   0.011395
  25.800781	  -0.012135
  25.810547	  -0.044752
  25.820312	  -0.079633
  25.830078	  -0.108805
  25.839844	  -0.125339
  25.849609	  -0.125346
  25.859375	  -0.109138
  25.869141	  -0.081159
  25.878906	  -0.048684
  25.888672	  -0.019678
  25.898438	  -0.000492
  25.908203	   0.005888
  25.917969	   0.000488
  25.927734	  -0.012282
  25.937500	  -0.026293
  25.947266	  -0.035833
  25.957031	  -0.037489
  25.966797	  -0.031173
  25.976562	  -0.019978
  25.986328	  -0.008949
  25.996094	  -0.003220
  26.005859	  -0.006166
  26.015625	  -0.018179
  26.025391	  -0.036478
  26.035156	  -0.055976
  26.044922	  -0.070892
  26.054688	  -0.076560
  26.064453	  -0.070828
  26.074219	  -0.054637
  26.083984	  -0.031611
  26.093750	  -0.006872
  26.103516	   0.014502
  26.113281	   0.028872
  26.123047	   0.034852
  26.132812	   0.033362
  26.142578	   0.027001
  26.152344	   0.019039
  26.162109	   0.012413
  26.171875	   0.009070
  26.181641	   0.009808
  26.191406	   0.014562
  26.201172	   0.022925
  26.210938	   0.034597
  26.220703	   0.049563
  26.230469	   0.067905
  26.240234	   0.089372
  26.250000	   0.112936
  26.259766	   0.136585
  26.269531	   0.157526
  26.279297	   0.172798
  26.289062	   0.180104
  26.298828	   0.178573
  26.308594	   0.169158
  26.318359	   0.154479
  26.328125	   0.138139
  26.337891	   0.123715
  26.347656	   0.113760
  26.357422	   0.109173
  26.367188	   0.109133
  26.376953	   0.111620
  26.386719	   0.114314
  26.396484	   0.115519
  26.406250	   0.114779
  26.416016	   0.112929
  26.425781	   0.111586
  26.435547	   0.112274
  26.445312	   0.115558
  26.455078	   0.120531
  26.464844	   0.124913
  26.474609	   0.125758
  26.484375	   0.120534
  26.494141	   0.108181
  26.503906	   0.089742
  26.513672	   0.068264
  26.523438	   0.047979
  26.533203	   0.032988
  26.542969	   0.025909
  26.552734	   0.026954
  26.562500	   0.033809
  26.572266	   0.042367
  26.582031	   0.048110
  26.591797	   0.047664
  26.601562	   0.039991
  26.611328	   0.026788
  26.621094	   0.011929
  26.630859	   0.000135
  26.640625	  -0.004690
  26.650391	  -0.000870
  26.660156	   0.010371
  26.669922	   0.025233
  26.679688	   0.038553
  26.689453	   0.045494
  26.699219	   0.043127
  26.708984	   0.031370
  26.718750	   0.012935
  26.728516	  -0.007662
  26.738281	  -0.025701
  26.748047	  -0.037880
  26.757812	  -0.043408
  26.767578	  -0.044156
  26.777344	  -0.043853
  26.787109	  -0.046603
  26.796875	  -0.055264
  26.806641	  -0.070301
  26.816406	  -0.089504
  26.826172	  -0.108712
  26.835938	  -0.123274
  26.845703	  -0.129733
  26.855469	  -0.127129
  26.865234	  -0.117436
  26.875000	  -0.104973
  26.884766	  -0.094970
  26.894531	  -0.091784
  26.904297	  -0.097401
  26.914062	  -0.110728
  26.923828	  -0.127957
  26.933594	  -0.143863
  26.943359	  -0.153591
  26.953125	  -0.154326
  26.962891	  -0.146249
  26.972656	  -0.132462
  26.982422	  -0.117902
  26.992188	  -0.107618
  27.001953	  -0.105014
  27.011719	  -0.110654
  27.021484	  -0.122036
  27.031250	  -0.134408
  27.041016	  -0.142335
  27.050781	  -0.141486
  27.060547	  -0.130033
  27.070312	  -0.109216
  27.080078	  -0.082901
  27.089844	  -0.056321
  27.099609	  -0.034448
  27.109375	  -0.020545
  27.119141	  -0.015360
  27.128906	  -0.017193
  27.138672	  -0.022730
  27.148438	  -0.028310
  27.158203	  -0.031146
  27.167969	  -0.030073
  27.177734	  -0.025622
  27.187500	  -0.019447
  27.197266	  -0.013402
  27.207031	  -0.008657
  27.216797	  -0.005216
  27.226562	  -0.002013
  27.236328	   0.002476
  27.246094	   0.009380
  27.255859	   0.018709
  27.265625	   0.029091
  27.275391	   0.038100
  27.285156	   0.043097
  27.294922	   0.042264
  27.304688	   0.035442
  27.314453	   0.024415
  27.324219	   0.012502
  27.333984	   0.003537
  27.343750	   0.000575
  27.353516	   0.004768
  27.363281	   0.014795
  27.373047	   0.027090
  27.382812	   0.036792
  27.392578	   0.039142
  27.402344	   0.030871
  27.412109	   0.011143
  27.421875	  -0.018224
  27.431641	  -0.053314
  27.441406	  -0.089212
  27.451172	  -0.121276
  27.460938	  -0.146176
  27.470703	  -0.162396
  27.480469	  -0.170124
  27.490234	  -0.170665
  27.500000	  -0.165673
  27.509766	  -0.156536
  27.519531	  -0.144115
  27.529297	  -0.128921
  27.539062	  -0.111542
  27.548828	  -0.093081
  27.558594	  -0.075310
  27.568359	  -0.060400
  27.578125	  -0.050251
  27.587891	  -0.045663
  27.597656	  -0.045680
  27.607422	  -0.047423
  27.617188	  -0.046583
  27.626953	  -0.038498
  27.636719	  -0.019527
  27.646484	   0.011725
  27.656250	   0.053740
  27.666016	   0.102241
  27.675781	   0.151172
  27.685547	   0.194215
  27.695312	   0.226388
  27.705078	   0.245221
  27.714844	   0.251159
  27.724609	   0.247085
  27.734375	   0.237152
  27.744141	   0.225355
  27.753906	   0.214317
  27.763672	   0.204699
  27.773438	   0.195397
  27.783203	   0.184401
  27.792969	   0.169952
  27.802734	   0.151549
  27.812500	   0.130405
  27.822266	   0.109179
  27.832031	   0.091082
  27.841797	   0.078699
  27.851562	   0.072972
  27.861328	   0.072745
  27.871094	   0.075064
  27.880859	   0.076138
  27.890625	   0.072635
  27.900391	   0.062844
  27.910156	   0.047274
  27.919922	   0.028474
  27.929688	   0.010120
  27.939453	  -0.004301
  27.949219	  -0.012741
  27.958984	  -0.015316
  27.968750	  -0.014243
  27.978516	  -0.012999
  27.988281	  -0.015000
  27.998047	  -0.022293
  28.007812	  -0.034715
  28.017578	  -0.049860
  28.027344	  -0.063861
  28.037109	  -0.072741
  28.046875	  -0.073831
  28.056641	  -0.066767
  28.066406	  -0.053700
  28.076172	  -0.038612
  28.085938	  -0.026000
  28.095703	  -0.019351
  28.105469	  -0.019969
  28.115234	  -0.026545
  28.125000	  -0.035638
  28.134766	  -0.042888
  28.144531	  -0.044542
  28.154297	  -0.038760
  28.164062	  -0.026236
  28.173828	  -0.009937
  28.183594	   0.005958
  28.193359	   0.017528
  28.203125	   0.022482
  28.212891	   0.020946
  28.222656	   0.015403
  28.232422	   0.009810
  28.242188	   0.008220
  28.251953	   0.013378
  28.261719	   0.025800
  28.271484	   0.043609
  28.281250	   0.063202
  28.291016	   0.080463
  28.300781	   0.092100
  28.310547	   0.096642
  28.320312	   0.094758
  28.330078	   0.088833
  28.339844	   0.081971
  28.349609	   0.076831
  28.359375	   0.074705
  28.369141	   0.075169
  28.378906	   0.076400
  28.388672	   0.076009
  28.398438	   0.072047
  28.408203	   0.063793
  28.417969	   0.052025
  28.427734	   0.038683
  28.437500	   0.026057
  28.447266	   0.015848
  28.457031	   0.008443
  28.466797	   0.002736
  28.476562	  -0.003460
  28.486328	  -0.012529
  28.496094	  -0.026028
  28.505859	  -0.043931
  28.515625	  -0.064411
  28.525391	  -0.084285
  28.535156	  -0.099976
  28.544922	  -0.108654
  28.554688	  -0.109169
  28.564453	  -0.102423
  28.574219	  -0.091065
  28.583984	  -0.078612
  28.593750	  -0.068298
  28.603516	  -0.062067
  28.613281	  -0.060046
  28.623047	  -0.060687
  28.632812	  -0.061471
  28.642578	  -0.059940
  28.652344	  -0.054631
  28.662109	  -0.045592
  28.671875	  -0.034292
  28.681641	  -0.022978
  28.691406	  -0.013741
  28.701172	  -0.007661
  28.710938	  -0.004376
  28.720703	  -0.002258
  28.730469	   0.000865
  28.740234	   0.006688
  28.750000	   0.015519
  28.759766	   0.025832
  28.769531	   0.034497
  28.779297	   0.037659
  28.789062	   0.031991
  28.798828	   0.015909
  28.808594	  -0.009666
  28.818359	  -0.041286
  28.828125	  -0.073733
  28.837891	  -0.101331
  28.847656	  -0.119420
  28.857422	  -0.125550
  28.867188	  -0.120022
  28.876953	  -0.105662
  28.886719	  -0.086912
  28.896484	  -0.068560
  28.906250	  -0.054501
  28.916016	  -0.046878
  28.925781	  -0.045825
  28.935547	  -0.049770
  28.945312	  -0.056160
  28.955078	  -0.062279
  28.964844	  -0.065936
  28.974609	  -0.065822
  28.984375	  -0.061538
  28.994141	  -0.053387
  29.003906	  -0.042104
  29.013672	  -0.028666
  29.023438	  -0.014228
  29.033203	  -0.000150
  29.042969	   0.012025
  29.052734	   0.020734
  29.062500	   0.024768
  29.072266	   0.023763
  29.082031	   0.018636
  29.091797	   0.011731
  29.101562	   0.006516
  29.111328	   0.006792
  29.121094	   0.015583
  29.130859	   0.034008
  29.140625	   0.060544
  29.150391	   0.090966
  29.160156	   0.119106
  29.169922	   0.138300
  29.179688	   0.143135
  29.189453	   0.131010
  29.199219	   0.103006
  29.208984	   0.063783
  29.218750	   0.020491
  29.228516	  -0.019005
  29.238281	  -0.048078
  29.248047	  -0.062886
  29.257812	  -0.063097
  29.267578	  -0.051610
  29.277344	  -0.033428
  29.287109	  -0.014091
  29.296875	   0.001818
  29.306641	   0.011637
  29.316406	   0.014822
  29.326172	   0.012451
  29.335938	   0.006313
  29.345703	  -0.001972
  29.355469	  -0.011455
  29.365234	  -0.021787
  29.375000	  -0.032694
  29.384766	  -0.043288
  29.394531	  -0.051640
  29.404297	  -0.054939
  29.414062	  -0.050318
  29.423828	  -0.036134
  29.433594	  -0.013250
  29.443359	   0.014242
  29.453125	   0.039305
  29.462891	   0.053359
  29.472656	   0.048558
  29.482422	   0.020322
  29.492188	  -0.030676
  29.501953	  -0.097777
  29.511719	  -0.169249
  29.521484	  -0.230756
  29.531250	  -0.268792
  29.541016	  -0.274157
  29.550781	  -0.244476
  29.560547	  -0.185008
  29.570312	  -0.107459
  29.580078	  -0.027088
  29.589844	   0.041101
  29.599609	   0.086026
  29.609375	   0.103069
  29.619141	   0.094816
  29.628906	   0.069890
  29.638672	   0.040279
  29.648438	   0.017993
  29.658203	   0.012013
  29.667969	   0.026324
  29.677734	   0.059466
  29.687500	   0.105554
  29.697266	   0.156299
  29.707031	   0.203337
  29.716797	   0.240167
  29.726562	   0.263230
  29.736328	   0.271987
  29.746094	   0.268192
  29.755859	   0.254780
  29.765625	   0.234816
  29.775391	   0.210842
  29.785156	   0.184739
  29.794922	   0.157975
  29.804688	   0.131977
  29.814453	   0.108350
  29.824219	   0.088781
  29.833984	   0.074639
  29.843750	   0.066457
  29.853516	   0.063567
  29.863281	   0.064099
  29.873047	   0.065449
  29.882812	   0.065071
  29.892578	   0.061358
  29.902344	   0.054246
  29.912109	   0.045307
  29.921875	   0.037239
  29.931641	   0.032896
  29.941406	   0.034197
  29.951172	   0.041290
  29.960938	   0.052304
  29.970703	   0.063810
  29.980469	   0.071865
  29.990234	   0.073300
  30.000000	   0.066808
  30.009766	   0.053475
  30.019531	   0.036528
  30.029297	   0.020396
  30.039062	   0.009375
  30.048828	   0.006340
  30.058594	   0.011904
  30.068359	   0.024297
  30.078125	   0.039951
  30.087891	   0.054560
  30.097656	   0.064252
  30.107422	   0.066460
  30.117188	   0.060273
  30.126953	   0.046195
  30.136719	   0.025530
  30.146484	  -0.000321
  30.156250	  -0.030320
  30.166016	  -0.063820
  30.175781	  -0.100191
  30.185547	  -0.138244
  30.195312	  -0.175788
  30.205078	  -0.209601
  30.214844	  -0.235973
  30.224609	  -0.251693
  30.234375	  -0.255188
  30.244141	  -0.247364
  30.253906	  -0.231779
  30.263672	  -0.213958
  30.273438	  -0.199954
  30.283203	  -0.194557
  30.292969	  -0.199698
  30.302734	  -0.213615
  30.312500	  -0.231102
  30.322266	  -0.244872
  30.332031	  -0.247678
  30.341797	  -0.234577
  30.351562	  -0.204652
  30.361328	  -0.161647
  30.371094	  -0.113284
  30.380859	  -0.069425
  30.390625	  -0.039593
  30.400391	  -0.030553
  30.410156	  -0.044622
  30.419922	  -0.079145
  30.429688	  -0.127242
  30.439453	  -0.179542
  30.449219	  -0.226375
  30.458984	  -0.259828
  30.468750	  -0.275137
  30.478516	  -0.271174
  30.488281	  -0.250056
  30.498047	  -0.216140
  30.507812	  -0.174794
  30.517578	  -0.131305
  30.527344	  -0.090133
  30.537109	  -0.054566
  30.546875	  -0.026642
  30.556641	  -0.007175
  30.566406	   0.004238
  30.576172	   0.009280
  30.585938	   0.010925
  30.595703	   0.013257
  30.605469	   0.020951
  30.615234	   0.038405
  30.625000	   0.068671
  30.634766	   0.112458
  30.644531	   0.167553
  30.654297	   0.228918
  30.664062	   0.289540
  30.673828	   0.341887
  30.683594	   0.379584
  30.693359	   0.398864
  30.703125	   0.399340
  30.712891	   0.383889
  30.722656	   0.357683
  30.732422	   0.326664
  30.742188	   0.295965
  30.751953	   0.268731
  30.761719	   0.245707
  30.771484	   0.225642
  30.781250	   0.206306
  30.791016	   0.185724
  30.800781	   0.163151
  30.810547	   0.139454
  30.820312	   0.116784
  30.830078	   0.097701
  30.839844	   0.084101
  30.849609	   0.076390
  30.859375	   0.073210
  30.869141	   0.071858
  30.878906	   0.069219
  30.888672	   0.062883
  30.898438	   0.052003
  30.908203	   0.037579
  30.917969	   0.022033
  30.927734	   0.008253
  30.937500	  -0.001563
  30.947266	  -0.006788
  30.957031	  -0.008645
  30.966797	  -0.009739
  30.976562	  -0.013002
  30.986328	  -0.020424
  30.996094	  -0.032053
  31.005859	  -0.045664
  31.015625	  -0.057248
  31.025391	  -0.062219
  31.035156	  -0.056923
  31.044922	  -0.039958
  31.054688	  -0.012830
  31.064453	   0.020275
  31.074219	   0.053551
  31.083984	   0.081098
  31.093750	   0.098416
  31.103516	   0.103368
  31.113281	   0.096350
  31.123047	   0.079644
  31.132812	   0.056292
  31.142578	   0.028922
  31.152344	  -0.000986
  31.162109	  -0.033125
  31.171875	  -0.067707
  31.181641	  -0.104423
  31.191406	  -0.141508
  31.201172	  -0.175376
  31.210938	  -0.201105
  31.220703	  -0.213698
  31.230469	  -0.209757
  31.240234	  -0.188988
  31.250000	  -0.154944
  31.259766	  -0.114631
  31.269531	  -0.076994
  31.279297	  -0.050642
  31.289062	  -0.041500
  31.298828	  -0.051105
  31.308594	  -0.076123
  31.318359	  -0.109256
  31.328125	  -0.141286
  31.337891	  -0.163642
  31.347656	  -0.170703
  31.357422	  -0.161136
  31.367188	  -0.137910
  31.376953	  -0.107040
  31.386719	  -0.075533
  31.396484	  -0.049250
  31.406250	  -0.031369
  31.416016	  -0.021924
  31.425781	  -0.018471
  31.435547	  -0.017559
  31.445312	  -0.016387
  31.455078	  -0.014033
  31.464844	  -0.011776
  31.474609	  -0.012423
  31.484375	  -0.018916
  31.494141	  -0.032779
  31.503906	  -0.053019
  31.513672	  -0.075935
  31.523438	  -0.095964
  31.533203	  -0.107305
  31.542969	  -0.105753
  31.552734	  -0.090114
  31.562500	  -0.062682
  31.572266	  -0.028583
  31.582031	   0.005793
  31.591797	   0.034757
  31.601562	   0.055010
  31.611328	   0.066488
  31.621094	   0.072084
  31.630859	   0.076364
  31.640625	   0.083757
  31.650391	   0.096838
  31.660156	   0.115348
  31.669922	   0.136257
  31.679688	   0.154862
  31.689453	   0.166507
  31.699219	   0.168317
  31.708984	   0.160314
  31.718750	   0.145519
  31.728516	   0.129001
  31.738281	   0.116180
  31.748047	   0.110989
  31.757812	   0.114508
  31.767578	   0.124538
  31.777344	   0.136264
  31.787109	   0.143753
  31.796875	   0.141796
  31.806641	   0.127482
  31.816406	   0.100996
  31.826172	   0.065427
  31.835938	   0.025719
  31.845703	  -0.012847
  31.855469	  -0.046094
  31.865234	  -0.071845
  31.875000	  -0.090023
  31.884766	  -0.102024
  31.894531	  -0.109662
  31.904297	  -0.114145
  31.914062	  -0.115489
  31.923828	  -0.112573
  31.933594	  -0.103782
  31.943359	  -0.087953
  31.953125	  -0.065207
  31.962891	  -0.037309
  31.972656	  -0.007377
  31.982422	   0.020967
  31.992188	   0.044713
  32.001953	   0.062395
  32.011719	   0.074505
  32.021484	   0.083178
  32.031250	   0.091265
  32.041016	   0.101107
  32.050781	   0.113472
  32.060547	   0.127055
  32.070312	   0.138757
  32.080078	   0.144677
  32.089844	   0.141487
  32.099609	   0.127703
  32.109375	   0.104412
  32.119141	   0.075154
  32.128906	   0.044984
  32.138672	   0.018997
  32.148438	   0.000788
  32.158203	  -0.008637
  32.167969	  -0.011157
  32.177734	  -0.010941
  32.187500	  -0.013171
  32.197266	  -0.022484
  32.207031	  -0.041641
  32.216797	  -0.070799
  32.226562	  -0.107569
  32.236328	  -0.147775
  32.246094	  -0.186599
  32.255859	  -0.219736
  32.265625	  -0.244197
  32.275391	  -0.258587
  32.285156	  -0.262892
  32.294922	  -0.257977
  32.304688	  -0.245083
  32.314453	  -0.225548
  32.324219	  -0.200836
  32.333984	  -0.172797
  32.343750	  -0.143930
  32.353516	  -0.117406
  32.363281	  -0.096694
  32.373047	  -0.084804
  32.382812	  -0.083367
  32.392578	  -0.091862
  32.402344	  -0.107336
  32.412109	  -0.124831
  32.421875	  -0.138472
  32.431641	  -0.142980
  32.441406	  -0.135151
  32.451172	  -0.114852
  32.460938	  -0.085185
  32.470703	  -0.051725
  32.480469	  -0.021040
  32.490234	   0.001088
  32.500000	   0.011199
  32.509766	   0.009002
  32.519531	  -0.002695
  32.529297	  -0.018914
  32.539062	  -0.033959
  32.548828	  -0.042925
  32.558594	  -0.042786
  32.568359	  -0.032782
  32.578125	  -0.014065
  32.587891	   0.011179
  32.597656	   0.040745
  32.607422	   0.073171
  32.617188	   0.107984
  32.626953	   0.145386
  32.636719	   0.185574
  32.646484	   0.228010
  32.656250	   0.271005
  32.666016	   0.311817
  32.675781	   0.347277
  32.685547	   0.374713
  32.695312	   0.392844
  32.705078	   0.402253
  32.714844	   0.405245
  32.724609	   0.405089
  32.734375	   0.404872
  32.744141	   0.406372
  32.753906	   0.409356
  32.763672	   0.411572
  32.773438	   0.409470
  32.783203	   0.399434
  32.792969	   0.379103
  32.802734	   0.348348
  32.812500	   0.309534
  32.822266	   0.266984
  32.832031	   0.225798
  32.841797	   0.190407
  32.851562	   0.163339
  32.861328	   0.144575
  32.871094	   0.131707
  32.880859	   0.120803
  32.890625	   0.107678
  32.900391	   0.089153
  32.910156	   0.063897
  32.919922	   0.032623
  32.929688	  -0.002347
  32.939453	  -0.037948
  32.949219	  -0.071308
  32.958984	  -0.100423
  32.968750	  -0.124368
  32.978516	  -0.143041
  32.988281	  -0.156617
  32.998047	  -0.165015
  33.007812	  -0.167644
  33.017578	  -0.163582
  33.027344	  -0.152129
  33.037109	  -0.133514
  33.046875	  -0.109456
  33.056641	  -0.083264
  33.066406	  -0.059380
  33.076172	  -0.042412
  33.085938	  -0.035951
  33.095703	  -0.041538
  33.105469	  -0.058145
  33.115234	  -0.082358
  33.125000	  -0.109245
  33.134766	  -0.133648
  33.144531	  -0.151516
  33.154297	  -0.160865
  33.164062	  -0.162097
  33.173828	  -0.157614
  33.183594	  -0.150894
  33.193359	  -0.145364
  33.203125	  -0.143436
  33.212891	  -0.146000
  33.222656	  -0.152477
  33.232422	  -0.161329
  33.242188	  -0.170789
  33.251953	  -0.179483
  33.261719	  -0.186751
  33.271484	  -0.192541
  33.281250	  -0.197014
  33.291016	  -0.200055
  33.300781	  -0.200959
  33.310547	  -0.198466
  33.320312	  -0.191156
  33.330078	  -0.178077
  33.339844	  -0.159335
  33.349609	  -0.136393
  33.359375	  -0.111892
  33.369141	  -0.089019
  33.378906	  -0.070605
  33.388672	  -0.058257
  33.398438	  -0.051843
  33.408203	  -0.049538
  33.417969	  -0.048443
  33.427734	  -0.045582
  33.437500	  -0.038936
  33.447266	  -0.028177
  33.457031	  -0.014819
  33.466797	  -0.001755
  33.476562	   0.007671
  33.486328	   0.010719
  33.496094	   0.006086
  33.505859	  -0.005776
  33.515625	  -0.022929
  33.525391	  -0.042690
  33.535156	  -0.062520
  33.544922	  -0.080740
  33.554688	  -0.096800
  33.564453	  -0.111033
  33.574219	  -0.124028
  33.583984	  -0.135933
  33.593750	  -0.146006
  33.603516	  -0.152662
  33.613281	  -0.154039
  33.623047	  -0.148876
  33.632812	  -0.137331
  33.642578	  -0.121376
  33.652344	  -0.104473
  33.662109	  -0.090570
  33.671875	  -0.082673
  33.681641	  -0.081484
  33.691406	  -0.084649
  33.701172	  -0.086977
  33.710938	  -0.081706
  33.720703	  -0.062524
  33.730469	  -0.025748
  33.740234	   0.028042
  33.750000	   0.093499
  33.759766	   0.161411
  33.769531	   0.220838
  33.779297	   0.261900
  33.789062	   0.278419
  33.798828	   0.269608
  33.808594	   0.240288
  33.818359	   0.199539
  33.828125	   0.158179
  33.837891	   0.125835
  33.847656	   0.108458
  33.857422	   0.107015
  33.867188	   0.117697
  33.876953	   0.133503
  33.886719	   0.146655
  33.896484	   0.151050
  33.906250	   0.143980
  33.916016	   0.126652
  33.925781	   0.103415
  33.935547	   0.080042
  33.945312	   0.061707
  33.955078	   0.051331
  33.964844	   0.048838
  33.974609	   0.051499
  33.984375	   0.055170
  33.994141	   0.055955
  34.003906	   0.051680
  34.013672	   0.042694
  34.023438	   0.031758
  34.033203	   0.023100
  34.042969	   0.021012
  34.052734	   0.028476
  34.062500	   0.046261
  34.072266	   0.072764
  34.082031	   0.104538
  34.091797	   0.137293
  34.101562	   0.166959
  34.111328	   0.190472
  34.121094	   0.206073
  34.130859	   0.213136
  34.140625	   0.211715
  34.150391	   0.202088
  34.160156	   0.184555
  34.169922	   0.159564
  34.179688	   0.128093
  34.189453	   0.092040
  34.199219	   0.054368
  34.208984	   0.018794
  34.218750	  -0.010964
  34.228516	  -0.032190
  34.238281	  -0.044084
  34.248047	  -0.048211
  34.257812	  -0.048241
  34.267578	  -0.048979
  34.277344	  -0.054915
  34.287109	  -0.068747
  34.296875	  -0.090350
  34.306641	  -0.116578
  34.316406	  -0.142002
  34.326172	  -0.160405
  34.335938	  -0.166587
  34.345703	  -0.157911
  34.355469	  -0.135120
  34.365234	  -0.102145
  34.375000	  -0.064983
  34.384766	  -0.029996
  34.394531	  -0.002171
  34.404297	   0.016121
  34.414062	   0.025504
  34.423828	   0.029047
  34.433594	   0.031007
  34.443359	   0.035316
  34.453125	   0.044305
  34.462891	   0.058063
  34.472656	   0.074564
  34.482422	   0.090453
  34.492188	   0.102165
  34.501953	   0.106948
  34.511719	   0.103468
  34.521484	   0.091845
  34.531250	   0.073179
  34.541016	   0.048852
  34.550781	   0.019924
  34.560547	  -0.013110
  34.570312	  -0.050098
  34.580078	  -0.090652
  34.589844	  -0.133488
  34.599609	  -0.175991
  34.609375	  -0.214280
  34.619141	  -0.243814
  34.628906	  -0.260438
  34.638672	  -0.261524
  34.648438	  -0.246863
  34.658203	  -0.218992
  34.667969	  -0.182809
  34.677734	  -0.144579
  34.687500	  -0.110582
  34.697266	  -0.085777
  34.707031	  -0.072824
  34.716797	  -0.071683
  34.726562	  -0.079821
  34.736328	  -0.092899
  34.746094	  -0.105719
  34.755859	  -0.113171
  34.765625	  -0.111018
  34.775391	  -0.096453
  34.785156	  -0.068440
  34.794922	  -0.027891
  34.804688	   0.022281
  34.814453	   0.077287
  34.824219	   0.130848
  34.833984	   0.175931
  34.843750	   0.205856
  34.853516	   0.215651
  34.863281	   0.203364
  34.873047	   0.170970
  34.882812	   0.124506
  34.892578	   0.073231
  34.902344	   0.027865
  34.912109	  -0.001737
  34.921875	  -0.008899
  34.931641	   0.008230
  34.941406	   0.046196
  34.951172	   0.097150
  34.960938	   0.150920
  34.970703	   0.197679
  34.980469	   0.230437
  34.990234	   0.246594
  35.000000	   0.248111
  35.009766	   0.240268
  35.019531	   0.229451
  35.029297	   0.220733
  35.039062	   0.216086
  35.048828	   0.213848
  35.058594	   0.209633
  35.068359	   0.198364
  35.078125	   0.176689
  35.087891	   0.144882
  35.097656	   0.107469
  35.107422	   0.072250
  35.117188	   0.047937
  35.126953	   0.041151
  35.136719	   0.053791
  35.146484	   0.081729
  35.156250	   0.115401
  35.166016	   0.142228
  35.175781	   0.150232
  35.185547	   0.131719
  35.195312	   0.085865
  35.205078	   0.019325
  35.214844	  -0.055416
  35.224609	  -0.123518
  35.234375	  -0.172048
  35.244141	  -0.193752
  35.253906	  -0.189144
  35.263672	  -0.166267
  35.273438	  -0.138188
  35.283203	  -0.118985
  35.292969	  -0.119471
  35.302734	  -0.143955
  35.312500	  -0.189009
  35.322266	  -0.244595
  35.332031	  -0.297133
  35.341797	  -0.333544
  35.351562	  -0.345006
  35.361328	  -0.329291
  35.371094	  -0.291049
  35.380859	  -0.240056
  35.390625	  -0.188071
  35.400391	  -0.145366
  35.410156	  -0.117998
  35.419922	  -0.106635
  35.429688	  -0.107165
  35.439453	  -0.112743
  35.449219	  -0.116489
  35.458984	  -0.113871
  35.468750	  -0.103993
  35.478516	  -0.089419
  35.488281	  -0.074697
  35.498047	  -0.064189
  35.507812	  -0.060045
  35.517578	  -0.061085
  35.527344	  -0.063019
  35.537109	  -0.059949
  35.546875	  -0.046663
  35.556641	  -0.020910
  35.566406	   0.015144
  35.576172	   0.054841
  35.585938	   0.088470
  35.595703	   0.105850
  35.605469	   0.099326
  35.615234	   0.066285
  35.625000	   0.010413
  35.634766	  -0.058726
  35.644531	  -0.127755
  35.654297	  -0.182686
  35.664062	  -0.212414
  35.673828	  -0.211602
  35.683594	  -0.182179
  35.693359	  -0.133043
  35.703125	  -0.078016
  35.712891	  -0.032532
  35.722656	  -0.009866
  35.732422	  -0.017799
  35.742188	  -0.056551
  35.751953	  -0.118471
  35.761719	  -0.189594
  35.771484	  -0.252727
  35.781250	  -0.291366
  35.791016	  -0.293549
  35.800781	  -0.254736
  35.810547	  -0.179034
  35.820312	  -0.078436
  35.830078	   0.029781
  35.839844	   0.126928
  35.849609	   0.197139
  35.859375	   0.230970
  35.869141	   0.227464
  35.878906	   0.194192
  35.888672	   0.145215
  35.898438	   0.097507
  35.908203	   0.066730
  35.917969	   0.063450
  35.927734	   0.090772
  35.937500	   0.143989
  35.947266	   0.212259
  35.957031	   0.281822
  35.966797	   0.339784
  35.976562	   0.377395
  35.986328	   0.391910
  35.996094	   0.386561
  36.005859	   0.368756
  36.015625	   0.347156
  36.025391	   0.328611
  36.035156	   0.315957
  36.044922	   0.307351
  36.054688	   0.297327
  36.064453	   0.279156
  36.074219	   0.247676
  36.083984	   0.201590
  36.093750	   0.144423
  36.103516	   0.083791
  36.113281	   0.029204
  36.123047	  -0.010866
  36.132812	  -0.031650
  36.142578	  -0.033575
  36.152344	  -0.022054
  36.162109	  -0.005640
  36.171875	   0.006832
  36.181641	   0.009144
  36.191406	  -0.000379
  36.201172	  -0.018590
  36.210938	  -0.039000
  36.220703	  -0.054513
  36.230469	  -0.060456
  36.240234	  -0.056806
  36.250000	  -0.048789
  36.259766	  -0.045534
  36.269531	  -0.057171
  36.279297	  -0.091298
  36.289062	  -0.149999
  36.298828	  -0.228479
  36.308594	  -0.315845
  36.318359	  -0.397900
  36.328125	  -0.461099
  36.337891	  -0.496458
  36.347656	  -0.502143
  36.357422	  -0.483886
  36.367188	  -0.453074
  36.376953	  -0.423071
  36.386719	  -0.404948
  36.396484	  -0.403954
  36.406250	  -0.417872
  36.416016	  -0.437762
  36.425781	  -0.450876
  36.435547	  -0.444802
  36.445312	  -0.411541
  36.455078	  -0.350223
  36.464844	  -0.267646
  36.474609	  -0.176470
  36.484375	  -0.091681
  36.494141	  -0.026416
  36.503906	   0.011556
  36.513672	   0.021681
  36.523438	   0.010300
  36.533203	  -0.011610
  36.542969	  -0.031851
  36.552734	  -0.040465
  36.562500	  -0.032196
  36.572266	  -0.007290
  36.582031	   0.029446
  36.591797	   0.070853
  36.601562	   0.110049
  36.611328	   0.142565
  36.621094	   0.167310
  36.630859	   0.186148
  36.640625	   0.202376
  36.650391	   0.218748
  36.660156	   0.235840
  36.669922	   0.251394
  36.679688	   0.260896
  36.689453	   0.259223
  36.699219	   0.242753
  36.708984	   0.211232
  36.718750	   0.168684
  36.728516	   0.123010
  36.738281	   0.084327
  36.748047	   0.062504
  36.757812	   0.064609
  36.767578	   0.093017
  36.777344	   0.144735
  36.787109	   0.212118
  36.796875	   0.284751
  36.806641	   0.351956
  36.816406	   0.405201
  36.826172	   0.439776
  36.835938	   0.455328
  36.845703	   0.455198
  36.855469	   0.444858
  36.865234	   0.429969
  36.875000	   0.414675
  36.884766	   0.400633
  36.894531	   0.387016
  36.904297	   0.371442
  36.914062	   0.351476
  36.923828	   0.326168
  36.933594	   0.297093
  36.943359	   0.268472
  36.953125	   0.246244
  36.962891	   0.236264
  36.972656	   0.242118
  36.982422	   0.263199
  36.992188	   0.293723
  37.001953	   0.323139
  37.011719	   0.338087
  37.021484	   0.325582
  37.031250	   0.276744
  37.041016	   0.190088
  37.050781	   0.073404
  37.060547	  -0.056521
  37.070312	  -0.176600
  37.080078	  -0.262173
  37.089844	  -0.292807
  37.099609	  -0.257764
  37.109375	  -0.159685
  37.119141	  -0.015346
  37.128906	   0.147002
  37.138672	   0.293318
  37.148438	   0.391254
  37.158203	   0.417665
  37.167969	   0.364204
  37.177734	   0.239512
  37.187500	   0.067298
  37.197266	  -0.119309
  37.207031	  -0.285732
  37.216797	  -0.404224
  37.226562	  -0.460256
  37.236328	  -0.455379
  37.246094	  -0.405823
  37.255859	  -0.337309
  37.265625	  -0.277565
  37.275391	  -0.248691
  37.285156	  -0.261468
  37.294922	  -0.313159
  37.304688	  -0.389248
  37.314453	  -0.468471
  37.324219	  -0.529483
  37.333984	  -0.557159
  37.343750	  -0.546647
  37.353516	  -0.504088
  37.363281	  -0.443950
  37.373047	  -0.383971
  37.382812	  -0.339395
  37.392578	  -0.318344
  37.402344	  -0.319733
  37.412109	  -0.334271
  37.421875	  -0.348115
  37.431641	  -0.347884
  37.441406	  -0.325385
  37.451172	  -0.280533
  37.460938	  -0.221575
  37.470703	  -0.162651
  37.480469	  -0.119526
  37.490234	  -0.104923
  37.500000	  -0.124934
  37.509766	  -0.177569
  37.519531	  -0.253795
  37.529297	  -0.340572
  37.539062	  -0.424809
  37.548828	  -0.496886
  37.558594	  -0.552654
  37.568359	  -0.593365
  37.578125	  -0.623723
  37.587891	  -0.648888
  37.597656	  -0.671572
  37.607422	  -0.690320
  37.617188	  -0.699590
  37.626953	  -0.691629
  37.636719	  -0.659498
  37.646484	  -0.600170
  37.656250	  -0.516637
  37.666016	  -0.418205
  37.675781	  -0.318800
  37.685547	  -0.233707
  37.695312	  -0.175662
  37.705078	  -0.151459
  37.714844	  -0.160031
  37.724609	  -0.192572
  37.734375	  -0.234660
  37.744141	  -0.269777
  37.753906	  -0.283276
  37.763672	  -0.265759
  37.773438	  -0.215040
  37.783203	  -0.136300
  37.792969	  -0.040500
  37.802734	   0.058412
  37.812500	   0.146759
  37.822266	   0.214046
  37.832031	   0.254898
  37.841797	   0.269657
  37.851562	   0.263663
  37.861328	   0.245461
  37.871094	   0.224457
  37.880859	   0.208557
  37.890625	   0.202334
  37.900391	   0.206114
  37.910156	   0.216178
  37.919922	   0.226048
  37.929688	   0.228590
  37.939453	   0.218463
  37.949219	   0.194311
  37.958984	   0.160126
  37.968750	   0.125282
  37.978516	   0.103087
  37.988281	   0.107999
  37.998047	   0.152079
  38.007812	   0.241512
  38.017578	   0.374119
  38.027344	   0.538656
  38.037109	   0.716257
  38.046875	   0.883869
  38.056641	   1.018958
  38.066406	   1.104355
  38.076172	   1.131989
  38.085938	   1.104512
  38.095703	   1.034310
  38.105469	   0.940135
  38.115234	   0.842209
  38.125000	   0.757130
  38.134766	   0.693928
  38.144531	   0.652333
  38.154297	   0.623648
  38.164062	   0.593889
  38.173828	   0.548234
  38.183594	   0.475442
  38.193359	   0.371015
  38.203125	   0.238262
  38.212891	   0.087115
  38.222656	  -0.068795
  38.232422	  -0.215816
  38.242188	  -0.343555
  38.251953	  -0.446862
  38.261719	  -0.526061
  38.271484	  -0.585603
  38.281250	  -0.631771
  38.291016	  -0.670302
  38.300781	  -0.704708
  38.310547	  -0.735723
  38.320312	  -0.761842
  38.330078	  -0.780527
  38.339844	  -0.789437
  38.349609	  -0.787123
  38.359375	  -0.772932
  38.369141	  -0.746268
  38.378906	  -0.705667
  38.388672	  -0.648327
  38.398438	  -0.570528
  38.408203	  -0.469078
  38.417969	  -0.343418
  38.427734	  -0.197678
  38.437500	  -0.041832
  38.447266	   0.108729
  38.457031	   0.235418
  38.466797	   0.320110
  38.476562	   0.349350
  38.486328	   0.317943
  38.496094	   0.230857
  38.505859	   0.102779
  38.515625	  -0.044672
  38.525391	  -0.187389
  38.535156	  -0.303734
  38.544922	  -0.378716
  38.554688	  -0.406339
  38.564453	  -0.389654
  38.574219	  -0.338704
  38.583984	  -0.267142
  38.593750	  -0.188603
  38.603516	  -0.113886
  38.613281	  -0.049585
  38.623047	   0.001688
  38.632812	   0.039926
  38.642578	   0.065953
  38.652344	   0.080060
  38.662109	   0.081607
  38.671875	   0.069691
  38.681641	   0.044539
  38.691406	   0.008950
  38.701172	  -0.030926
  38.710938	  -0.065969
  38.720703	  -0.085708
  38.730469	  -0.080794
  38.740234	  -0.045618
  38.750000	   0.019760
  38.759766	   0.108977
  38.769531	   0.210320
  38.779297	   0.309012
  38.789062	   0.390256
  38.798828	   0.442209
  38.808594	   0.458170
  38.818359	   0.437475
  38.828125	   0.385060
  38.837891	   0.309948
  38.847656	   0.223214
  38.857422	   0.135991
  38.867188	   0.057953
  38.876953	  -0.003524
  38.886719	  -0.043608
  38.896484	  -0.059888
  38.906250	  -0.052141
  38.916016	  -0.022173
  38.925781	   0.026255
  38.935547	   0.087575
  38.945312	   0.154800
  38.955078	   0.220313
  38.964844	   0.277049
  38.974609	   0.319851
  38.984375	   0.346688
  38.994141	   0.359343
  39.003906	   0.363309
  39.013672	   0.366812
  39.023438	   0.379134
  39.033203	   0.408611
  39.042969	   0.460744
  39.052734	   0.536864
  39.062500	   0.633613
  39.072266	   0.743305
  39.082031	   0.855035
  39.091797	   0.956291
  39.101562	   1.034764
  39.111328	   1.080088
  39.121094	   1.085326
  39.130859	   1.048040
  39.140625	   0.970829
  39.150391	   0.861212
  39.160156	   0.730744
  39.169922	   0.593341
  39.179688	   0.462913
  39.189453	   0.350657
  39.199219	   0.262522
  39.208984	   0.197551
  39.218750	   0.147668
  39.228516	   0.099285
  39.238281	   0.036593
  39.248047	  -0.054091
  39.257812	  -0.179987
  39.267578	  -0.338779
  39.277344	  -0.517865
  39.287109	  -0.696446
  39.296875	  -0.850196
  39.306641	  -0.957453
  39.316406	  -1.005294
  39.326172	  -0.993736
  39.335938	  -0.936709
  39.345703	  -0.859259
  39.355469	  -0.791549
  39.365234	  -0.761139
  39.375000	  -0.785672
  39.384766	  -0.868008
  39.394531	  -0.995269
  39.404297	  -1.142112
  39.414062	  -1.277382
  39.423828	  -1.372274
  39.433594	  -1.407710
  39.443359	  -1.378869
  39.453125	  -1.295666
  39.462891	  -1.179198
  39.472656	  -1.055337
  39.482422	  -0.947482
  39.492188	  -0.870628
  39.501953	  -0.828415
  39.511719	  -0.813834
  39.521484	  -0.813061
  39.531250	  -0.810950
  39.541016	  -0.796273
  39.550781	  -0.764969
  39.560547	  -0.720445
  39.570312	  -0.671018
  39.580078	  -0.625594
  39.589844	  -0.589232
  39.599609	  -0.560314
  39.609375	  -0.530383
  39.619141	  -0.486800
  39.628906	  -0.417347
  39.638672	  -0.315186
  39.648438	  -0.182401
  39.658203	  -0.030811
  39.667969	   0.120414
  39.677734	   0.249714
  39.687500	   0.339205
  39.697266	   0.379988
  39.707031	   0.375030
  39.716797	   0.338682
  39.726562	   0.292968
  39.736328	   0.261723
  39.746094	   0.264334
  39.755859	   0.310924
  39.765625	   0.400310
  39.775391	   0.521225
  39.785156	   0.656246
  39.794922	   0.787142
  39.804688	   0.899912
  39.814453	   0.988062
  39.824219	   1.053218
  39.833984	   1.103101
  39.843750	   1.147685
  39.853516	   1.194887
  39.863281	   1.247217
  39.873047	   1.300432
  39.882812	   1.344580
  39.892578	   1.367033
  39.902344	   1.356543
  39.912109	   1.307055
  39.921875	   1.220144
  39.931641	   1.105380
  39.941406	   0.978546
  39.951172	   0.858237
  39.960938	   0.761747
  39.970703	   0.701317
  39.980469	   0.681614
  39.990234	   0.698967
