# Time	Amplitude (cm/s/s)
   0.000000	  -0.302404
   0.009766	  -0.342203
   0.019531	  -0.358244
   0.029297	  -0.343650
   0.039062	  -0.300773
   0.048828	  -0.239567
   0.058594	  -0.173556
   0.068359	  -0.114895
   0.078125	  -0.070277
   0.087891	  -0.039116
   0.097656	  -0.014575
   0.107422	   0.013003
   0.117188	   0.051621
   0.126953	   0.103785
   0.136719	   0.164786
   0.146484	   0.223805
   0.156250	   0.267492
   0.166016	   0.284782
   0.175781	   0.271221
   0.185547	   0.231187
   0.195312	   0.177157
   0.205078	   0.126139
   0.214844	   0.094429
   0.224609	   0.092445
   0.234375	   0.121379
   0.244141	   0.172817
   0.253906	   0.231491
   0.263672	   0.280254
   0.273438	   0.305657
   0.283203	   0.302319
   0.292969	   0.274719
   0.302734	   0.235906
   0.312500	   0.203662
   0.322266	   0.195439
   0.332031	   0.223687
   0.341797	   0.292982
   0.351562	   0.399622
   0.361328	   0.533475
   0.371094	   0.681146
   0.380859	   0.829176
   0.390625	   0.966162
   0.400391	   1.083282
   0.410156	   1.173458
   0.419922	   1.229986
   0.429688	   1.245724
   0.439453	   1.213635
   0.449219	   1.128865
   0.458984	   0.991762
   0.468750	   0.810633
   0.478516	   0.602891
   0.488281	   0.393606
   0.498047	   0.211302
   0.507812	   0.081816
   0.517578	   0.021828
   0.527344	   0.034014
   0.537109	   0.105430
   0.546875	   0.209883
   0.556641	   0.313883
   0.566406	   0.384635
   0.576172	   0.397935
   0.585938	   0.343778
   0.595703	   0.228183
   0.605469	   0.070842
   0.615234	  -0.100580
   0.625000	  -0.257750
   0.634766	  -0.378480
   0.644531	  -0.451217
   0.654297	  -0.476241
   0.664062	  -0.463642
   0.673828	  -0.429080
   0.683594	  -0.388885
   0.693359	  -0.356001
   0.703125	  -0.337817
   0.712891	  -0.336103
   0.722656	  -0.348557
   0.732422	  -0.370987
   0.742188	  -0.399139
   0.751953	  -0.429532
   0.761719	  -0.459225
   0.771484	  -0.485010
   0.781250	  -0.502777
   0.791016	  -0.507712
   0.800781	  -0.495568
   0.810547	  -0.464679
   0.820312	  -0.417904
   0.830078	  -0.363530
   0.839844	  -0.314395
   0.849609	  -0.285081
   0.859375	  -0.287753
   0.869141	  -0.327851
   0.878906	  -0.401071
   0.888672	  -0.492841
   0.898438	  -0.580821
   0.908203	  -0.640027
   0.917969	  -0.649313
   0.927734	  -0.597426
   0.937500	  -0.486857
   0.947266	  -0.334256
   0.957031	  -0.167120
   0.966797	  -0.017535
   0.976562	   0.085472
   0.986328	   0.122961
   0.996094	   0.090703
   1.005859	   0.000270
   1.015625	  -0.123640
   1.025391	  -0.248862
   1.035156	  -0.343005
   1.044922	  -0.380566
   1.054688	  -0.348355
   1.064453	  -0.248218
   1.074219	  -0.096660
   1.083984	   0.078341
   1.093750	   0.242583
   1.103516	   0.361941
   1.113281	   0.408638
   1.123047	   0.366524
   1.132812	   0.234561
   1.142578	   0.027948
   1.152344	  -0.223441
   1.162109	  -0.479265
   1.171875	  -0.695141
   1.181641	  -0.830417
   1.191406	  -0.855980
   1.201172	  -0.760580
   1.210938	  -0.554202
   1.220703	  -0.267451
   1.230469	   0.053317
   1.240234	   0.354434
   1.250000	   0.585310
   1.259766	   0.708584
   1.269531	   0.707726
   1.279297	   0.590278
   1.289062	   0.385918
   1.298828	   0.139771
   1.308594	  -0.097475
   1.318359	  -0.280284
   1.328125	  -0.377339
   1.337891	  -0.376941
   1.347656	  -0.287753
   1.357422	  -0.135068
   1.367188	   0.046123
   1.376953	   0.219304
   1.386719	   0.353849
   1.396484	   0.430050
   1.406250	   0.441018
   1.416016	   0.391551
   1.425781	   0.294849
   1.435547	   0.168274
   1.445312	   0.029361
   1.455078	  -0.107109
   1.464844	  -0.230647
   1.474609	  -0.335351
   1.484375	  -0.419379
   1.494141	  -0.484038
   1.503906	  -0.532819
   1.513672	  -0.570443
   1.523438	  -0.601897
   1.533203	  -0.631357
   1.542969	  -0.661058
   1.552734	  -0.690355
   1.562500	  -0.715317
   1.572266	  -0.729236
   1.582031	  -0.724169
   1.591797	  -0.693341
   1.601562	  -0.633823
   1.611328	  -0.548711
   1.621094	  -0.447969
   1.630859	  -0.347451
   1.640625	  -0.266056
   1.650391	  -0.221571
   1.660156	  -0.226202
   1.669922	  -0.282960
   1.679688	  -0.383925
   1.689453	  -0.510953
   1.699219	  -0.638724
   1.708984	  -0.739481
   1.718750	  -0.788363
   1.728516	  -0.768157
   1.738281	  -0.672501
   1.748047	  -0.507005
   1.757812	  -0.288245
   1.767578	  -0.041013
   1.777344	   0.205558
   1.787109	   0.422311
   1.796875	   0.584234
   1.806641	   0.674006
   1.816406	   0.684567
   1.826172	   0.620381
   1.835938	   0.497105
   1.845703	   0.339458
   1.855469	   0.177316
   1.865234	   0.040412
   1.875000	  -0.047520
   1.884766	  -0.073941
   1.894531	  -0.040692
   1.904297	   0.035959
   1.914062	   0.128848
   1.923828	   0.206567
   1.933594	   0.241782
   1.943359	   0.219075
   1.953125	   0.140045
   1.962891	   0.023944
   1.972656	  -0.096739
   1.982422	  -0.184856
   1.992188	  -0.209151
   2.001953	  -0.153807
   2.011719	  -0.024118
   2.021484	   0.153620
   2.031250	   0.338293
   2.041016	   0.484702
   2.050781	   0.555919
   2.060547	   0.533754
   2.070312	   0.424266
   2.080078	   0.256670
   2.089844	   0.075912
   2.099609	  -0.068974
   2.109375	  -0.137382
   2.119141	  -0.106986
   2.128906	   0.021730
   2.138672	   0.227259
   2.148438	   0.474264
   2.158203	   0.723713
   2.167969	   0.942794
   2.177734	   1.111760
   2.187500	   1.226077
   2.197266	   1.293892
   2.207031	   1.330355
   2.216797	   1.351201
   2.226562	   1.367950
   2.236328	   1.386228
   2.246094	   1.407296
   2.255859	   1.431556
   2.265625	   1.462031
   2.275391	   1.505841
   2.285156	   1.572596
   2.294922	   1.669999
   2.304688	   1.798283
   2.314453	   1.945891
   2.324219	   2.088670
   2.333984	   2.193815
   2.343750	   2.228138
   2.353516	   2.168568
   2.363281	   2.011648
   2.373047	   1.778711
   2.382812	   1.514416
   2.392578	   1.278226
   2.402344	   1.130576
   2.412109	   1.117262
   2.421875	   1.256378
   2.431641	   1.531625
   2.441406	   1.894168
   2.451172	   2.272854
   2.460938	   2.590266
   2.470703	   2.780438
   2.480469	   2.803627
   2.490234	   2.654391
   2.500000	   2.361110
   2.509766	   1.977432
   2.519531	   1.568222
   2.529297	   1.193898
   2.539062	   0.897156
   2.548828	   0.695156
   2.558594	   0.578560
   2.568359	   0.516922
   2.578125	   0.468372
   2.587891	   0.390743
   2.597656	   0.251325
   2.607422	   0.033187
   2.617188	  -0.262810
   2.626953	  -0.620012
   2.636719	  -1.010839
   2.646484	  -1.402936
   2.656250	  -1.765161
   2.666016	  -2.072316
   2.675781	  -2.308068
   2.685547	  -2.465974
   2.695312	  -2.548816
   2.705078	  -2.566640
   2.714844	  -2.533946
   2.724609	  -2.466508
   2.734375	  -2.378378
   2.744141	  -2.279611
   2.753906	  -2.175200
   2.763672	  -2.065503
   2.773438	  -1.948060
   2.783203	  -1.820289
   2.792969	  -1.682187
   2.802734	  -1.538058
   2.812500	  -1.396479
   2.822266	  -1.268289
   2.832031	  -1.163075
   2.841797	  -1.085299
   2.851562	  -1.031528
   2.861328	  -0.990033
   2.871094	  -0.943357
   2.880859	  -0.873430
   2.890625	  -0.767779
   2.900391	  -0.624815
   2.910156	  -0.456169
   2.919922	  -0.284852
   2.929688	  -0.139322
   2.939453	  -0.044946
   2.949219	  -0.015451
   2.958984	  -0.047204
   2.968750	  -0.118507
   2.978516	  -0.194621
   2.988281	  -0.237367
   2.998047	  -0.216564
   3.007812	  -0.119755
   3.017578	   0.043017
   3.027344	   0.241175
   3.037109	   0.432036
   3.046875	   0.573303
   3.056641	   0.635794
   3.066406	   0.612378
   3.076172	   0.520156
   3.085938	   0.395060
   3.095703	   0.280441
   3.105469	   0.213237
   3.115234	   0.212154
   3.125000	   0.271714
   3.134766	   0.364177
   3.144531	   0.448790
   3.154297	   0.485428
   3.164062	   0.448198
   3.173828	   0.334571
   3.183594	   0.166977
   3.193359	  -0.013733
   3.203125	  -0.160974
   3.212891	  -0.237231
   3.222656	  -0.226310
   3.232422	  -0.139132
   3.242188	  -0.011244
   3.251953	   0.107169
   3.261719	   0.165669
   3.271484	   0.127956
   3.281250	  -0.018025
   3.291016	  -0.257066
   3.300781	  -0.551312
   3.310547	  -0.850731
   3.320312	  -1.106017
   3.330078	  -1.280032
   3.339844	  -1.354718
   3.349609	  -1.332084
   3.359375	  -1.229862
   3.369141	  -1.074003
   3.378906	  -0.890878
   3.388672	  -0.701663
   3.398438	  -0.520238
   3.408203	  -0.354381
   3.417969	  -0.208833
   3.427734	  -0.088221
   3.437500	   0.001785
   3.447266	   0.055786
   3.457031	   0.071826
   3.466797	   0.054864
   3.476562	   0.018686
   3.486328	  -0.015148
   3.496094	  -0.021595
   3.505859	   0.021347
   3.515625	   0.125873
   3.525391	   0.289646
   3.535156	   0.494860
   3.544922	   0.711629
   3.554688	   0.904840
   3.564453	   1.042473
   3.574219	   1.102902
   3.583984	   1.079106
   3.593750	   0.978766
   3.603516	   0.820609
   3.613281	   0.628517
   3.623047	   0.425500
   3.632812	   0.229438
   3.642578	   0.051612
   3.652344	  -0.102096
   3.662109	  -0.228483
   3.671875	  -0.324372
   3.681641	  -0.385443
   3.691406	  -0.407112
   3.701172	  -0.387036
   3.710938	  -0.327979
   3.720703	  -0.239506
   3.730469	  -0.137390
   3.740234	  -0.040511
   3.750000	   0.033848
   3.759766	   0.074677
   3.769531	   0.080092
   3.779297	   0.057155
   3.789062	   0.018617
   3.798828	  -0.022275
   3.808594	  -0.056901
   3.818359	  -0.084222
   3.828125	  -0.110253
   3.837891	  -0.144063
   3.847656	  -0.191769
   3.857422	  -0.250959
   3.867188	  -0.308068
   3.876953	  -0.340281
   3.886719	  -0.321928
   3.896484	  -0.233520
   3.906250	  -0.070364
   3.916016	   0.152538
   3.925781	   0.401555
   3.935547	   0.631762
   3.945312	   0.798634
   3.955078	   0.870485
   3.964844	   0.837510
   3.974609	   0.714233
   3.984375	   0.534284
   3.994141	   0.339070
   4.003906	   0.164114
   4.013672	   0.027814
   4.023438	  -0.073310
   4.033203	  -0.160998
   4.042969	  -0.264350
   4.052734	  -0.405456
   4.062500	  -0.586874
   4.072266	  -0.785901
   4.082031	  -0.958414
   4.091797	  -1.051743
   4.101562	  -1.022670
   4.111328	  -0.854498
   4.121094	  -0.566970
   4.130859	  -0.214822
   4.140625	   0.125566
   4.150391	   0.377929
   4.160156	   0.489621
   4.169922	   0.449198
   4.179688	   0.291884
   4.189453	   0.090404
   4.199219	  -0.066645
   4.208984	  -0.102502
   4.218750	   0.022616
   4.228516	   0.297133
   4.238281	   0.659476
   4.248047	   1.015303
   4.257812	   1.265608
   4.267578	   1.337089
   4.277344	   1.205283
   4.287109	   0.903066
   4.296875	   0.511629
   4.306641	   0.136580
   4.316406	  -0.123509
   4.326172	  -0.206370
   4.335938	  -0.104063
   4.345703	   0.135732
   4.355469	   0.425354
   4.365234	   0.664629
   4.375000	   0.771439
   4.384766	   0.705829
   4.394531	   0.480352
   4.404297	   0.153863
   4.414062	  -0.188746
   4.423828	  -0.463943
   4.433594	  -0.615175
   4.443359	  -0.628606
   4.453125	  -0.534357
   4.462891	  -0.393474
   4.472656	  -0.275453
   4.482422	  -0.234078
   4.492188	  -0.289621
   4.501953	  -0.423093
   4.511719	  -0.584098
   4.521484	  -0.709292
   4.531250	  -0.744991
   4.541016	  -0.666264
   4.550781	  -0.486134
   4.560547	  -0.251894
   4.570312	  -0.029852
   4.580078	   0.116410
   4.589844	   0.147099
   4.599609	   0.059705
   4.609375	  -0.109462
   4.619141	  -0.296267
   4.628906	  -0.428835
   4.638672	  -0.450496
   4.648438	  -0.338502
   4.658203	  -0.112754
   4.667969	   0.168146
   4.677734	   0.422387
   4.687500	   0.567536
   4.697266	   0.543731
   4.707031	   0.331006
   4.716797	  -0.043987
   4.726562	  -0.513518
   4.736328	  -0.984913
   4.746094	  -1.362835
   4.755859	  -1.571863
   4.765625	  -1.573687
   4.775391	  -1.374865
   4.785156	  -1.023636
   4.794922	  -0.597029
   4.804688	  -0.181782
   4.814453	   0.146118
   4.824219	   0.338413
   4.833984	   0.384234
   4.843750	   0.310490
   4.853516	   0.173249
   4.863281	   0.042432
   4.873047	  -0.016347
   4.882812	   0.041606
   4.892578	   0.229005
   4.902344	   0.523749
   4.912109	   0.874976
   4.921875	   1.216496
   4.931641	   1.484182
   4.941406	   1.632793
   4.951172	   1.647730
   4.960938	   1.548424
   4.970703	   1.382244
   4.980469	   1.210399
   4.990234	   1.089647
   5.000000	   1.054980
   5.009766	   1.108410
   5.019531	   1.217400
   5.029297	   1.323780
   5.039062	   1.360902
   5.048828	   1.274184
   5.058594	   1.039007
   5.068359	   0.670441
   5.078125	   0.221597
   5.087891	  -0.229276
   5.097656	  -0.599389
   5.107422	  -0.823700
   5.117188	  -0.872266
   5.126953	  -0.757434
   5.136719	  -0.528725
   5.146484	  -0.257055
   5.156250	  -0.013279
   5.166016	   0.152206
   5.175781	   0.222434
   5.185547	   0.215465
   5.195312	   0.174383
   5.205078	   0.149251
   5.214844	   0.177251
   5.224609	   0.267801
   5.234375	   0.397797
   5.244141	   0.518736
   5.253906	   0.573463
   5.263672	   0.516981
   5.273438	   0.334284
   5.283203	   0.049009
   5.292969	  -0.280373
   5.302734	  -0.576050
   5.312500	  -0.763422
   5.322266	  -0.793700
   5.332031	  -0.659409
   5.341797	  -0.397809
   5.351562	  -0.081043
   5.361328	   0.204030
   5.371094	   0.380188
   5.380859	   0.401014
   5.390625	   0.262663
   5.400391	   0.003021
   5.410156	  -0.310983
   5.419922	  -0.603562
   5.429688	  -0.811372
   5.439453	  -0.899534
   5.449219	  -0.868022
   5.458984	  -0.747322
   5.468750	  -0.585662
   5.478516	  -0.432516
   5.488281	  -0.323839
   5.498047	  -0.273383
   5.507812	  -0.272093
   5.517578	  -0.294721
   5.527344	  -0.310596
   5.537109	  -0.294462
   5.546875	  -0.233831
   5.556641	  -0.130955
   5.566406	   0.000327
   5.576172	   0.140817
   5.585938	   0.272407
   5.595703	   0.382232
   5.605469	   0.463381
   5.615234	   0.512615
   5.625000	   0.526905
   5.634766	   0.501023
   5.644531	   0.427802
   5.654297	   0.301395
   5.664062	   0.122253
   5.673828	  -0.098441
   5.683594	  -0.337305
   5.693359	  -0.561718
   5.703125	  -0.737015
   5.712891	  -0.835968
   5.722656	  -0.847435
   5.732422	  -0.781001
   5.742188	  -0.665556
   5.751953	  -0.541722
   5.761719	  -0.450214
   5.771484	  -0.419713
   5.781250	  -0.458215
   5.791016	  -0.550786
   5.800781	  -0.664585
   5.810547	  -0.759616
   5.820312	  -0.801697
   5.830078	  -0.773387
   5.839844	  -0.679249
   5.849609	  -0.543763
   5.859375	  -0.402663
   5.869141	  -0.290689
   5.878906	  -0.229941
   5.888672	  -0.222741
   5.898438	  -0.251351
   5.908203	  -0.284512
   5.917969	  -0.288472
   5.927734	  -0.238691
   5.937500	  -0.128278
   5.947266	   0.029585
   5.957031	   0.205866
   5.966797	   0.364926
   5.976562	   0.475556
   5.986328	   0.520107
   5.996094	   0.498847
   6.005859	   0.428443
   6.015625	   0.335519
   6.025391	   0.247815
   6.035156	   0.186107
   6.044922	   0.159495
   6.054688	   0.165241
   6.064453	   0.192601
   6.074219	   0.228701
   6.083984	   0.263911
   6.093750	   0.294649
   6.103516	   0.322751
   6.113281	   0.352041
   6.123047	   0.383901
   6.132812	   0.414032
   6.142578	   0.432061
   6.152344	   0.424419
   6.162109	   0.379491
   6.171875	   0.293030
   6.181641	   0.171551
   6.191406	   0.032126
   6.201172	  -0.101647
   6.210938	  -0.206245
   6.220703	  -0.265098
   6.230469	  -0.273210
   6.240234	  -0.237813
   6.250000	  -0.174773
   6.259766	  -0.102087
   6.269531	  -0.032972
   6.279297	   0.028758
   6.289062	   0.089140
   6.298828	   0.160001
   6.308594	   0.251850
   6.318359	   0.366440
   6.328125	   0.492048
   6.337891	   0.603660
   6.347656	   0.668588
   6.357422	   0.656031
   6.367188	   0.547566
   6.376953	   0.345002
   6.386719	   0.072732
   6.396484	  -0.226586
   6.406250	  -0.502024
   6.416016	  -0.707194
   6.425781	  -0.812084
   6.435547	  -0.810422
   6.445312	  -0.720557
   6.455078	  -0.579833
   6.464844	  -0.434488
   6.474609	  -0.328255
   6.484375	  -0.293013
   6.494141	  -0.343796
   6.503906	  -0.478825
   6.513672	  -0.683529
   6.523438	  -0.936320
   6.533203	  -1.213760
   6.542969	  -1.493413
   6.552734	  -1.754066
   6.562500	  -1.974307
   6.572266	  -2.131293
   6.582031	  -2.201506
   6.591797	  -2.164407
   6.601562	  -2.008563
   6.611328	  -1.738479
   6.621094	  -1.379655
   6.630859	  -0.979525
   6.640625	  -0.602951
   6.650391	  -0.322495
   6.660156	  -0.205240
   6.669922	  -0.299000
   6.679688	  -0.620989
   6.689453	  -1.151460
   6.699219	  -1.833643
   6.708984	  -2.580013
   6.718750	  -3.283785
   6.728516	  -3.833874
   6.738281	  -4.131296
   6.748047	  -4.104992
   6.757812	  -3.725083
   6.767578	  -3.011539
   6.777344	  -2.036201
   6.787109	  -0.916456
   6.796875	   0.200287
   6.806641	   1.160392
   6.816406	   1.832897
   6.826172	   2.138040
   6.835938	   2.068437
   6.845703	   1.696212
   6.855469	   1.161674
   6.865234	   0.643488
   6.875000	   0.315561
   6.884766	   0.300640
   6.894531	   0.633194
   6.904297	   1.243250
   6.914062	   1.968281
   6.923828	   2.592724
   6.933594	   2.906423
   6.943359	   2.766618
   6.953125	   2.145448
   6.962891	   1.147532
   6.972656	  -0.010156
   6.982422	  -1.053198
   6.992188	  -1.725775
   7.001953	  -1.866790
   7.011719	  -1.463576
   7.021484	  -0.665975
   7.031250	   0.245534
   7.041016	   0.930616
   7.050781	   1.079870
   7.060547	   0.500099
   7.070312	  -0.830537
   7.080078	  -2.753746
   7.089844	  -4.971496
   7.099609	  -7.123909
   7.109375	  -8.881923
   7.119141	 -10.027949
   7.128906	 -10.501811
   7.138672	 -10.400332
   7.148438	  -9.933365
   7.158203	  -9.352267
   7.167969	  -8.874526
   7.177734	  -8.628145
   7.187500	  -8.631524
   7.197266	  -8.811871
   7.207031	  -9.051858
   7.216797	  -9.245040
   7.226562	  -9.338465
   7.236328	  -9.346660
   7.246094	  -9.332685
   7.255859	  -9.365048
   7.265625	  -9.469160
   7.275391	  -9.595011
   7.285156	  -9.617490
   7.294922	  -9.373813
   7.304688	  -8.728019
   7.314453	  -7.640517
   7.324219	  -6.215863
   7.333984	  -4.706572
   7.343750	  -3.463783
   7.353516	  -2.843289
   7.363281	  -3.091868
   7.373047	  -4.248415
   7.382812	  -6.093395
   7.392578	  -8.168106
   7.402344	  -9.865462
   7.412109	 -10.572283
   7.421875	  -9.826236
   7.431641	  -7.443996
   7.441406	  -3.583448
   7.451172	   1.279835
   7.460938	   6.457835
   7.470703	  11.210119
   7.480469	  14.916281
   7.490234	  17.215141
   7.500000	  18.074743
   7.509766	  17.776852
   7.519531	  16.823376
   7.529297	  15.792920
   7.539062	  15.187718
   7.548828	  15.311416
   7.558594	  16.207285
   7.568359	  17.668205
   7.578125	  19.309936
   7.587891	  20.683538
   7.597656	  21.395200
   7.607422	  21.203498
   7.617188	  20.073402
   7.626953	  18.179574
   7.636719	  15.864260
   7.646484	  13.564021
   7.656250	  11.723037
   7.666016	  10.709369
   7.675781	  10.746322
   7.685547	  11.866423
   7.695312	  13.892257
   7.705078	  16.446851
   7.714844	  18.995434
   7.724609	  20.918478
   7.734375	  21.611557
   7.744141	  20.600539
   7.753906	  17.652735
   7.763672	  12.858788
   7.773438	   6.659752
   7.783203	  -0.198686
   7.792969	  -6.787745
   7.802734	 -12.175808
   7.812500	 -15.631083
   7.822266	 -16.798101
   7.832031	 -15.799290
   7.841797	 -13.226935
   7.851562	 -10.016893
   7.861328	  -7.227140
   7.871094	  -5.772758
   7.880859	  -6.185463
   7.890625	  -8.464124
   7.900391	 -12.061921
   7.910156	 -16.020477
   7.919922	 -19.220806
   7.929688	 -20.686814
   7.939453	 -19.859584
   7.949219	 -16.765741
   7.958984	 -12.030133
   7.968750	  -6.725028
   7.978516	  -2.093179
   7.988281	   0.782294
   7.998047	   1.272694
   8.007812	  -0.616209
   8.017578	  -4.227100
   8.027344	  -8.400682
   8.037109	 -11.750664
   8.046875	 -12.990303
   8.056641	 -11.225343
   8.066406	  -6.140860
   8.076172	   1.958373
   8.085938	  12.252805
   8.095703	  23.618609
   8.105469	  34.879580
   8.115234	  45.032113
   8.125000	  53.390918
   8.134766	  59.632891
   8.144531	  63.749663
   8.154297	  65.945158
   8.164062	  66.525116
   8.173828	  65.818623
   8.183594	  64.151070
   8.193359	  61.861780
   8.203125	  59.338014
   8.212891	  57.028236
   8.222656	  55.405185
   8.232422	  54.870835
   8.242188	  55.623288
   8.251953	  57.529447
   8.261719	  60.057455
   8.271484	  62.313796
   8.281250	  63.202552
   8.291016	  61.685807
   8.300781	  57.086423
   8.310547	  49.349935
   8.320312	  39.180764
   8.330078	  27.992450
   8.339844	  17.657385
   8.349609	  10.097098
   8.359375	   6.803779
   8.369141	   8.412628
   8.378906	  14.442721
   8.388672	  23.289580
   8.398438	  32.493008
   8.408203	  39.233778
   8.417969	  40.950910
   8.427734	  35.934645
   8.437500	  23.749635
   8.447266	   5.379731
   8.457031	 -16.948376
   8.466797	 -40.227135
   8.476562	 -61.309590
   8.486328	 -77.579472
   8.496094	 -87.492158
   8.505859	 -90.861216
   8.515625	 -88.828804
   8.525391	 -83.536217
   8.535156	 -77.583194
   8.544922	 -73.412885
   8.554688	 -72.771812
   8.564453	 -76.368610
   8.574219	 -83.799731
   8.583984	 -93.740064
   8.593750	-104.330589
   8.603516	-113.650650
   8.613281	-120.149927
   8.623047	-122.936300
   8.632812	-121.862946
   8.642578	-117.416915
   8.652344	-110.465137
   8.662109	-101.947794
   8.671875	 -92.614810
   8.681641	 -82.878964
   8.691406	 -72.816876
   8.701172	 -62.300350
   8.710938	 -51.200199
   8.720703	 -39.584331
   8.730469	 -27.837015
   8.740234	 -16.654317
   8.750000	  -6.912328
   8.759766	   0.553130
   8.769531	   5.187191
   8.779297	   6.901057
   8.789062	   6.141318
   8.798828	   3.817692
   8.808594	   1.105638
   8.818359	  -0.822521
   8.828125	  -1.063511
   8.837891	   0.826799
   8.847656	   4.768735
   8.857422	  10.231702
   8.867188	  16.416593
   8.876953	  22.489161
   8.886719	  27.793795
   8.896484	  31.986972
   8.906250	  35.057649
   8.916016	  37.238834
   8.925781	  38.848859
   8.935547	  40.121751
   8.945312	  41.087243
   8.955078	  41.542526
   8.964844	  41.125902
   8.974609	  39.467560
   8.984375	  36.365918
   8.994141	  31.927983
   9.003906	  26.622098
   9.013672	  21.218197
   9.023438	  16.625879
   9.033203	  13.673179
   9.042969	  12.888764
   9.052734	  14.351188
   9.062500	  17.650549
   9.072266	  21.975913
   9.082031	  26.305985
   9.091797	  29.651318
   9.101562	  31.282499
   9.111328	  30.883936
   9.121094	  28.595124
   9.130859	  24.933619
   9.140625	  20.626678
   9.150391	  16.402267
   9.160156	  12.798402
   9.169922	  10.041217
   9.179688	   8.020000
   9.189453	   6.358977
   9.199219	   4.559277
   9.208984	   2.167506
   9.218750	  -1.076373
   9.228516	  -5.149750
   9.238281	  -9.736056
   9.248047	 -14.289155
   9.257812	 -18.152608
   9.267578	 -20.702077
   9.277344	 -21.477502
   9.287109	 -20.278168
   9.296875	 -17.205206
   9.306641	 -12.648475
   9.316406	  -7.225018
   9.326172	  -1.682700
   9.335938	   3.214687
   9.345703	   6.804465
   9.355469	   8.628816
   9.365234	   8.511004
   9.375000	   6.591459
   9.384766	   3.314214
   9.394531	  -0.640142
   9.404297	  -4.470049
   9.414062	  -7.401364
   9.423828	  -8.842503
   9.433594	  -8.513857
   9.443359	  -6.519598
   9.453125	  -3.339262
   9.462891	   0.266576
   9.472656	   3.421151
   9.482422	   5.331922
   9.492188	   5.479330
   9.501953	   3.746182
   9.511719	   0.452453
   9.521484	  -3.716604
   9.531250	  -7.873477
   9.541016	 -11.142228
   9.550781	 -12.868325
   9.560547	 -12.769908
   9.570312	 -10.991282
   9.580078	  -8.045893
   9.589844	  -4.666118
   9.599609	  -1.602454
   9.609375	   0.572263
   9.619141	   1.600659
   9.628906	   1.585311
   9.638672	   0.931639
   9.648438	   0.209690
   9.658203	  -0.022845
   9.667969	   0.615146
   9.677734	   2.222288
   9.687500	   4.594152
   9.697266	   7.289635
   9.707031	   9.761450
   9.716797	  11.511203
   9.726562	  12.225081
   9.736328	  11.854325
   9.746094	  10.622229
   9.755859	   8.960639
   9.765625	   7.397479
   9.775391	   6.427782
   9.785156	   6.401594
   9.794922	   7.454076
   9.804688	   9.489270
   9.814453	  12.214199
   9.824219	  15.208357
   9.833984	  18.008002
   9.843750	  20.185402
   9.853516	  21.408792
   9.863281	  21.476533
   9.873047	  20.326040
   9.882812	  18.022647
   9.892578	  14.735109
   9.902344	  10.703781
   9.912109	   6.205979
   9.921875	   1.522061
   9.931641	  -3.094292
   9.941406	  -7.437456
   9.951172	 -11.358691
   9.960938	 -14.759657
   9.970703	 -17.571441
   9.980469	 -19.724849
   9.990234	 -21.122412
  10.000000	 -21.624774
  10.009766	 -21.062169
  10.019531	 -19.275120
  10.029297	 -16.178580
  10.039062	 -11.833408
  10.048828	  -6.502052
  10.058594	  -0.664635
  10.068359	   5.021012
  10.078125	   9.817718
  10.087891	  13.050623
  10.097656	  14.261319
  10.107422	  13.335058
  10.117188	  10.563539
  10.126953	   6.618807
  10.136719	   2.435285
  10.146484	  -0.978925
  10.156250	  -2.760132
  10.166016	  -2.385159
  10.175781	   0.202670
  10.185547	   4.569585
  10.195312	   9.876451
  10.205078	  15.053013
  10.214844	  19.019934
  10.224609	  20.906881
  10.234375	  20.218162
  10.244141	  16.912729
  10.253906	  11.388054
  10.263672	   4.380702
  10.273438	  -3.185958
  10.283203	 -10.368714
  10.292969	 -16.351013
  10.302734	 -20.545380
  10.312500	 -22.643311
  10.322266	 -22.617979
  10.332031	 -20.693383
  10.341797	 -17.294869
  10.351562	 -12.991606
  10.361328	  -8.434730
  10.371094	  -4.289617
  10.380859	  -1.159815
  10.390625	   0.495473
  10.400391	   0.440808
  10.410156	  -1.276215
  10.419922	  -4.306022
  10.429688	  -8.034546
  10.439453	 -11.681705
  10.449219	 -14.448866
  10.458984	 -15.686847
  10.468750	 -15.045155
  10.478516	 -12.562626
  10.488281	  -8.670861
  10.498047	  -4.102856
  10.507812	   0.275493
  10.517578	   3.671049
  10.527344	   5.553907
  10.537109	   5.782228
  10.546875	   4.627218
  10.556641	   2.690712
  10.566406	   0.737230
  10.576172	  -0.513712
  10.585938	  -0.578116
  10.595703	   0.671135
  10.605469	   2.984274
  10.615234	   5.819322
  10.625000	   8.505121
  10.634766	  10.434693
  10.644531	  11.233284
  10.654297	  10.854012
  10.664062	   9.575984
  10.673828	   7.908450
  10.683594	   6.431483
  10.693359	   5.621080
  10.703125	   5.709593
  10.712891	   6.620691
  10.722656	   7.995392
  10.732422	   9.299189
  10.742188	   9.977597
  10.751953	   9.615038
  10.761719	   8.052919
  10.771484	   5.436054
  10.781250	   2.177840
  10.791016	  -1.142784
  10.800781	  -3.922006
  10.810547	  -5.670981
  10.820312	  -6.119671
  10.830078	  -5.262010
  10.839844	  -3.337167
  10.849609	  -0.758597
  10.859375	   1.985705
  10.869141	   4.434383
  10.878906	   6.232038
  10.888672	   7.173001
  10.898438	   7.207524
  10.908203	   6.418214
  10.917969	   4.980022
  10.927734	   3.117376
  10.937500	   1.068125
  10.947266	  -0.941911
  10.957031	  -2.715217
  10.966797	  -4.093895
  10.976562	  -4.969778
  10.986328	  -5.294314
  10.996094	  -5.085711
  11.005859	  -4.428552
  11.015625	  -3.461402
  11.025391	  -2.351021
  11.035156	  -1.256620
  11.044922	  -0.292382
  11.054688	   0.500892
  11.064453	   1.164993
  11.074219	   1.808816
  11.083984	   2.569706
  11.093750	   3.560659
  11.103516	   4.817819
  11.113281	   6.264254
  11.123047	   7.702729
  11.132812	   8.842890
  11.142578	   9.358952
  11.152344	   8.965166
  11.162109	   7.490797
  11.171875	   4.935506
  11.181641	   1.490358
  11.191406	  -2.482140
  11.201172	  -6.505697
  11.210938	 -10.073452
  11.220703	 -12.738905
  11.230469	 -14.195605
  11.240234	 -14.329855
  11.250000	 -13.237302
  11.259766	 -11.202196
  11.269531	  -8.645414
  11.279297	  -6.052491
  11.289062	  -3.895074
  11.298828	  -2.558607
  11.308594	  -2.286441
  11.318359	  -3.146923
  11.328125	  -5.026367
  11.337891	  -7.647600
  11.347656	 -10.611170
  11.357422	 -13.454031
  11.367188	 -15.718511
  11.376953	 -17.022462
  11.386719	 -17.120303
  11.396484	 -15.944554
  11.406250	 -13.619311
  11.416016	 -10.441055
  11.425781	  -6.827932
  11.435547	  -3.245237
  11.445312	  -0.120672
  11.455078	   2.233648
  11.464844	   3.675681
  11.474609	   4.252034
  11.484375	   4.175915
  11.494141	   3.769160
  11.503906	   3.381690
  11.513672	   3.307421
  11.523438	   3.716663
  11.533203	   4.620876
  11.542969	   5.877495
  11.552734	   7.232227
  11.562500	   8.386822
  11.572266	   9.074091
  11.582031	   9.120820
  11.591797	   8.483207
  11.601562	   7.247544
  11.611328	   5.598578
  11.621094	   3.766632
  11.630859	   1.969673
  11.640625	   0.366810
  11.650391	  -0.964811
  11.660156	  -2.025489
  11.669922	  -2.865229
  11.679688	  -3.544061
  11.689453	  -4.094804
  11.699219	  -4.501204
  11.708984	  -4.698851
  11.718750	  -4.598574
  11.728516	  -4.124437
  11.738281	  -3.253487
  11.748047	  -2.043436
  11.757812	  -0.637900
  11.767578	   0.754502
  11.777344	   1.902868
  11.787109	   2.607468
  11.796875	   2.749190
  11.806641	   2.320971
  11.816406	   1.431971
  11.826172	   0.282783
  11.835938	  -0.882051
  11.845703	  -1.831667
  11.855469	  -2.401497
  11.865234	  -2.527259
  11.875000	  -2.252092
  11.884766	  -1.706046
  11.894531	  -1.064658
  11.904297	  -0.498709
  11.914062	  -0.129081
  11.923828	   0.001383
  11.933594	  -0.067569
  11.943359	  -0.232448
  11.953125	  -0.361636
  11.962891	  -0.336885
  11.972656	  -0.088852
  11.982422	   0.382864
  11.992188	   1.009833
  12.001953	   1.673883
  12.011719	   2.238857
  12.021484	   2.585701
  12.031250	   2.641296
  12.041016	   2.393884
  12.050781	   1.892136
  12.060547	   1.229566
  12.070312	   0.519765
  12.080078	  -0.130217
  12.089844	  -0.641347
  12.099609	  -0.974243
  12.109375	  -1.129587
  12.119141	  -1.139260
  12.128906	  -1.052417
  12.138672	  -0.921460
  12.148438	  -0.791925
  12.158203	  -0.698256
  12.167969	  -0.664980
  12.177734	  -0.710869
  12.187500	  -0.852828
  12.197266	  -1.106709
  12.207031	  -1.483821
  12.216797	  -1.983933
  12.226562	  -2.587361
  12.236328	  -3.249617
  12.246094	  -3.901751
  12.255859	  -4.458026
  12.265625	  -4.830335
  12.275391	  -4.946531
  12.285156	  -4.768277
  12.294922	  -4.303614
  12.304688	  -3.610456
  12.314453	  -2.789275
  12.324219	  -1.965910
  12.333984	  -1.267951
  12.343750	  -0.799830
  12.353516	  -0.622165
  12.363281	  -0.739983
  12.373047	  -1.102352
  12.382812	  -1.613359
  12.392578	  -2.151811
  12.402344	  -2.595196
  12.412109	  -2.842728
  12.421875	  -2.832777
  12.431641	  -2.551501
  12.441406	  -2.031615
  12.451172	  -1.342409
  12.460938	  -0.573860
  12.470703	   0.181373
  12.480469	   0.844283
  12.490234	   1.361191
  12.500000	   1.709169
  12.509766	   1.895144
  12.519531	   1.949935
  12.529297	   1.919357
  12.539062	   1.854705
  12.548828	   1.804603
  12.558594	   1.809432
  12.568359	   1.898585
  12.578125	   2.090027
  12.587891	   2.391113
  12.597656	   2.799553
  12.607422	   3.303769
  12.617188	   3.882475
  12.626953	   4.503971
  12.636719	   5.126125
  12.646484	   5.698123
  12.656250	   6.164755
  12.666016	   6.473300
  12.675781	   6.582187
  12.685547	   6.469763
  12.695312	   6.141024
  12.705078	   5.630209
  12.714844	   4.997837
  12.724609	   4.321966
  12.734375	   3.684864
  12.744141	   3.157630
  12.753906	   2.786081
  12.763672	   2.581250
  12.773438	   2.517016
  12.783203	   2.535784
  12.792969	   2.561240
  12.802734	   2.515418
  12.812500	   2.336142
  12.822266	   1.990750
  12.832031	   1.482873
  12.841797	   0.850808
  12.851562	   0.158165
  12.861328	  -0.520548
  12.871094	  -1.115523
  12.880859	  -1.574416
  12.890625	  -1.869295
  12.900391	  -1.996610
  12.910156	  -1.971187
  12.919922	  -1.817007
  12.929688	  -1.558351
  12.939453	  -1.214541
  12.949219	  -0.800020
  12.958984	  -0.329465
  12.968750	   0.174471
  12.978516	   0.674421
  12.988281	   1.116242
  12.998047	   1.433997
  13.007812	   1.562008
  13.017578	   1.451405
  13.027344	   1.086531
  13.037109	   0.495816
  13.046875	  -0.247337
  13.056641	  -1.035599
  13.066406	  -1.749272
  13.076172	  -2.283566
  13.085938	  -2.574594
  13.095703	  -2.616754
  13.105469	  -2.465946
  13.115234	  -2.226673
  13.125000	  -2.025442
  13.134766	  -1.976886
  13.144531	  -2.151405
  13.154297	  -2.553167
  13.164062	  -3.114834
  13.173828	  -3.711039
  13.183594	  -4.187644
  13.193359	  -4.399412
  13.203125	  -4.246413
  13.212891	  -3.699677
  13.222656	  -2.809510
  13.232422	  -1.694493
  13.242188	  -0.514348
  13.251953	   0.565996
  13.261719	   1.411739
  13.271484	   1.944142
  13.281250	   2.151221
  13.291016	   2.081811
  13.300781	   1.826161
  13.310547	   1.489580
  13.320312	   1.166889
  13.330078	   0.924336
  13.339844	   0.792639
  13.349609	   0.771032
  13.359375	   0.838785
  13.369141	   0.968781
  13.378906	   1.137770
  13.388672	   1.329934
  13.398438	   1.533350
  13.408203	   1.732041
  13.417969	   1.898165
  13.427734	   1.989071
  13.437500	   1.952214
  13.447266	   1.737905
  13.457031	   1.316671
  13.466797	   0.695614
  13.476562	  -0.072329
  13.486328	  -0.890804
  13.496094	  -1.635421
  13.505859	  -2.179387
  13.515625	  -2.423191
  13.525391	  -2.320319
  13.535156	  -1.891510
  13.544922	  -1.222855
  13.554688	  -0.447396
  13.564453	   0.285509
  13.574219	   0.845253
  13.583984	   1.150288
  13.593750	   1.185721
  13.603516	   1.003670
  13.613281	   0.706628
  13.623047	   0.418664
  13.632812	   0.252508
  13.642578	   0.281409
  13.652344	   0.523010
  13.662109	   0.938858
  13.671875	   1.448673
  13.681641	   1.954460
  13.691406	   2.367099
  13.701172	   2.627882
  13.710938	   2.719390
  13.720703	   2.663618
  13.730469	   2.509087
  13.740234	   2.311782
  13.750000	   2.116214
  13.759766	   1.942363
  13.769531	   1.782061
  13.779297	   1.605208
  13.789062	   1.373181
  13.798828	   1.054700
  13.808594	   0.638972
  13.818359	   0.142065
  13.828125	  -0.395215
  13.837891	  -0.916946
  13.847656	  -1.365971
  13.857422	  -1.697674
  13.867188	  -1.889606
  13.876953	  -1.944427
  13.886719	  -1.885878
  13.896484	  -1.749654
  13.906250	  -1.572483
  13.916016	  -1.383028
  13.925781	  -1.197319
  13.935547	  -1.019700
  13.945312	  -0.848335
  13.955078	  -0.682731
  13.964844	  -0.530097
  13.974609	  -0.407848
  13.984375	  -0.340889
  13.994141	  -0.354271
  14.003906	  -0.463458
  14.013672	  -0.665550
  14.023438	  -0.934724
  14.033203	  -1.224092
  14.042969	  -1.474277
  14.052734	  -1.626942
  14.062500	  -1.639815
  14.072266	  -1.499020
  14.082031	  -1.225000
  14.091797	  -0.869854
  14.101562	  -0.506222
  14.111328	  -0.210198
  14.121094	  -0.042525
  14.130859	  -0.032997
  14.140625	  -0.172348
  14.150391	  -0.414020
  14.160156	  -0.685643
  14.169922	  -0.907426
  14.179688	  -1.012722
  14.189453	  -0.965328
  14.199219	  -0.768847
  14.208984	  -0.465476
  14.218750	  -0.124420
  14.228516	   0.177032
  14.238281	   0.374704
  14.248047	   0.435199
  14.257812	   0.365151
  14.267578	   0.209403
  14.277344	   0.038521
  14.287109	  -0.070993
  14.296875	  -0.058351
  14.306641	   0.104061
  14.316406	   0.402329
  14.326172	   0.784184
  14.335938	   1.172922
  14.345703	   1.488234
  14.355469	   1.668175
  14.365234	   1.686137
  14.375000	   1.558106
  14.384766	   1.338225
  14.394531	   1.103956
  14.404297	   0.935078
  14.414062	   0.892393
  14.423828	   1.002016
  14.433594	   1.249395
  14.443359	   1.584394
  14.453125	   1.935579
  14.462891	   2.229371
  14.472656	   2.408529
  14.482422	   2.444961
  14.492188	   2.343743
  14.501953	   2.138038
  14.511719	   1.877207
  14.521484	   1.612286
  14.531250	   1.383346
  14.541016	   1.212257
  14.550781	   1.102293
  14.560547	   1.043623
  14.570312	   1.021871
  14.580078	   1.026129
  14.589844	   1.053332
  14.599609	   1.107556
  14.609375	   1.194846
  14.619141	   1.316027
  14.628906	   1.460791
  14.638672	   1.605975
  14.648438	   1.719422
  14.658203	   1.768679
  14.667969	   1.731832
  14.677734	   1.606669
  14.687500	   1.414592
  14.697266	   1.197208
  14.707031	   1.005910
  14.716797	   0.887168
  14.726562	   0.867947
  14.736328	   0.945955
  14.746094	   1.088192
  14.755859	   1.238857
  14.765625	   1.334731
  14.775391	   1.323729
  14.785156	   1.181109
  14.794922	   0.918311
  14.804688	   0.581452
  14.814453	   0.239547
  14.824219	  -0.034384
  14.833984	  -0.183977
  14.843750	  -0.185964
  14.853516	  -0.057584
  14.863281	   0.147268
  14.873047	   0.352123
  14.882812	   0.478293
  14.892578	   0.465778
  14.902344	   0.288949
  14.912109	  -0.037192
  14.921875	  -0.461594
  14.931641	  -0.910958
  14.941406	  -1.308634
  14.951172	  -1.593283
  14.960938	  -1.732366
  14.970703	  -1.727230
  14.980469	  -1.609128
  14.990234	  -1.428044
  15.000000	  -1.238003
  15.009766	  -1.083184
  15.019531	  -0.988508
  15.029297	  -0.956686
  15.039062	  -0.971737
  15.048828	  -1.007075
  15.058594	  -1.035230
  15.068359	  -1.036130
  15.078125	  -1.001703
  15.087891	  -0.935900
  15.097656	  -0.850803
  15.107422	  -0.760550
  15.117188	  -0.675340
  15.126953	  -0.597523
  15.136719	  -0.520954
  15.146484	  -0.433669
  15.156250	  -0.322930
  15.166016	  -0.180976
  15.175781	  -0.009685
  15.185547	   0.177328
  15.195312	   0.355903
  15.205078	   0.495680
  15.214844	   0.566676
  15.224609	   0.546572
  15.234375	   0.427052
  15.244141	   0.217670
  15.253906	  -0.053758
  15.263672	  -0.344546
  15.273438	  -0.603846
  15.283203	  -0.781463
  15.292969	  -0.837095
  15.302734	  -0.748106
  15.312500	  -0.514138
  15.322266	  -0.157478
  15.332031	   0.281057
  15.341797	   0.749927
  15.351562	   1.196735
  15.361328	   1.577935
  15.371094	   1.866193
  15.380859	   2.053730
  15.390625	   2.151015
  15.400391	   2.181341
  15.410156	   2.172946
  15.419922	   2.150924
  15.429688	   2.131195
  15.439453	   2.118079
  15.449219	   2.105882
  15.458984	   2.083627
  15.468750	   2.041070
  15.478516	   1.973767
  15.488281	   1.885363
  15.498047	   1.786259
  15.507812	   1.689160
  15.517578	   1.603200
  15.527344	   1.528928
  15.537109	   1.456311
  15.546875	   1.366876
  15.556641	   1.239716
  15.566406	   1.059600
  15.576172	   0.824485
  15.585938	   0.549680
  15.595703	   0.266757
  15.605469	   0.016964
  15.615234	  -0.159321
  15.625000	  -0.234091
  15.634766	  -0.200604
  15.644531	  -0.076710
  15.654297	   0.098814
  15.664062	   0.276195
  15.673828	   0.408152
  15.683594	   0.463013
  15.693359	   0.433483
  15.703125	   0.338318
  15.712891	   0.216248
  15.722656	   0.113873
  15.732422	   0.071139
  15.742188	   0.108775
  15.751953	   0.221549
  15.761719	   0.379406
  15.771484	   0.536193
  15.781250	   0.643309
  15.791016	   0.664157
  15.800781	   0.585013
  15.810547	   0.419071
  15.820312	   0.202494
  15.830078	  -0.016255
  15.839844	  -0.190516
  15.849609	  -0.288749
  15.859375	  -0.303147
  15.869141	  -0.251175
  15.878906	  -0.169799
  15.888672	  -0.104395
  15.898438	  -0.095749
  15.908203	  -0.169015
  15.917969	  -0.327645
  15.927734	  -0.553714
  15.937500	  -0.814064
  15.947266	  -1.070010
  15.957031	  -1.287533
  15.966797	  -1.444960
  15.976562	  -1.536200
  15.986328	  -1.569122
  15.996094	  -1.560168
  16.005859	  -1.527346
  16.015625	  -1.483983
  16.025391	  -1.435126
  16.035156	  -1.377406
  16.044922	  -1.301962
  16.054688	  -1.199102
  16.064453	  -1.062929
  16.074219	  -0.894396
  16.083984	  -0.701928
  16.093750	  -0.499665
  16.103516	  -0.304125
  16.113281	  -0.130514
  16.123047	   0.010142
  16.132812	   0.112347
  16.142578	   0.175857
  16.152344	   0.204259
  16.162109	   0.203190
  16.171875	   0.178931
  16.181641	   0.137796
  16.191406	   0.086287
  16.201172	   0.031570
  16.210938	  -0.018278
  16.220703	  -0.054742
  16.230469	  -0.070172
  16.240234	  -0.059623
  16.250000	  -0.022626
  16.259766	   0.035819
  16.269531	   0.105535
  16.279297	   0.172885
  16.289062	   0.223548
  16.298828	   0.245668
  16.308594	   0.232516
  16.318359	   0.183937
  16.328125	   0.106250
  16.337891	   0.010671
  16.347656	  -0.089232
  16.357422	  -0.180318
  16.367188	  -0.252210
  16.376953	  -0.298666
  16.386719	  -0.317863
  16.396484	  -0.311740
  16.406250	  -0.284796
  16.416016	  -0.242749
  16.425781	  -0.191403
  16.435547	  -0.135873
  16.445312	  -0.080169
  16.455078	  -0.027051
  16.464844	   0.021938
  16.474609	   0.066288
  16.484375	   0.106160
  16.494141	   0.141821
  16.503906	   0.172930
  16.513672	   0.197858
  16.523438	   0.213336
  16.533203	   0.214745
  16.542969	   0.197216
  16.552734	   0.157449
  16.562500	   0.095824
  16.572266	   0.018110
  16.582031	  -0.063978
  16.591797	  -0.133961
  16.601562	  -0.173595
  16.611328	  -0.167228
  16.621094	  -0.106465
  16.630859	   0.006199
  16.640625	   0.156035
  16.650391	   0.317786
  16.660156	   0.460375
  16.669922	   0.553687
  16.679688	   0.575799
  16.689453	   0.518749
  16.699219	   0.391233
  16.708984	   0.217341
  16.718750	   0.031518
  16.728516	  -0.129046
  16.738281	  -0.232681
  16.748047	  -0.260084
  16.757812	  -0.208062
  16.767578	  -0.089384
  16.777344	   0.070988
  16.787109	   0.242083
  16.796875	   0.393759
  16.806641	   0.502447
  16.816406	   0.554523
  16.826172	   0.546869
  16.835938	   0.485020
  16.845703	   0.379919
  16.855469	   0.244520
  16.865234	   0.091262
  16.875000	  -0.069067
  16.884766	  -0.227231
  16.894531	  -0.374777
  16.904297	  -0.503428
  16.914062	  -0.605217
  16.923828	  -0.673595
  16.933594	  -0.705181
  16.943359	  -0.701463
  16.953125	  -0.669673
  16.962891	  -0.622240
  16.972656	  -0.574731
  16.982422	  -0.542682
  16.992188	  -0.538180
  17.001953	  -0.567142
  17.011719	  -0.628088
  17.021484	  -0.712723
  17.031250	  -0.808099
  17.041016	  -0.899659
  17.050781	  -0.974253
  17.060547	  -1.022294
  17.070312	  -1.038638
  17.080078	  -1.022174
  17.089844	  -0.974627
  17.099609	  -0.899231
  17.109375	  -0.799885
  17.119141	  -0.681103
  17.128906	  -0.548632
  17.138672	  -0.410261
  17.148438	  -0.276172
  17.158203	  -0.158332
  17.167969	  -0.068752
  17.177734	  -0.016943
  17.187500	  -0.007258
  17.197266	  -0.037034
  17.207031	  -0.096250
  17.216797	  -0.169056
  17.226562	  -0.236945
  17.236328	  -0.282796
  17.246094	  -0.294736
  17.255859	  -0.268754
  17.265625	  -0.209356
  17.275391	  -0.128087
  17.285156	  -0.040373
  17.294922	   0.038445
  17.304688	   0.096785
  17.314453	   0.129301
  17.324219	   0.137608
  17.333984	   0.129258
  17.343750	   0.115394
  17.353516	   0.107839
  17.363281	   0.116370
  17.373047	   0.146798
  17.382812	   0.200103
  17.392578	   0.272625
  17.402344	   0.357025
  17.412109	   0.443702
  17.421875	   0.522358
  17.431641	   0.583540
  17.441406	   0.620065
  17.451172	   0.628244
  17.460938	   0.608801
  17.470703	   0.567253
  17.480469	   0.513508
  17.490234	   0.460497
  17.500000	   0.421862
  17.509766	   0.409023
  17.519531	   0.428233
  17.529297	   0.478407
  17.539062	   0.550439
  17.548828	   0.628442
  17.558594	   0.692823
  17.568359	   0.724572
  17.578125	   0.709731
  17.587891	   0.642829
  17.597656	   0.528328
  17.607422	   0.379596
  17.617188	   0.215662
  17.626953	   0.056612
  17.636719	  -0.081060
  17.646484	  -0.187865
  17.656250	  -0.262575
  17.666016	  -0.311057
  17.675781	  -0.343206
  17.685547	  -0.369019
  17.695312	  -0.395139
  17.705078	  -0.422959
  17.714844	  -0.448847
  17.724609	  -0.466316
  17.734375	  -0.469323
  17.744141	  -0.455473
  17.753906	  -0.427977
  17.763672	  -0.395608
  17.773438	  -0.370592
  17.783203	  -0.365054
  17.792969	  -0.387146
  17.802734	  -0.438109
  17.812500	  -0.511230
  17.822266	  -0.593099
  17.832031	  -0.666833
  17.841797	  -0.716376
  17.851562	  -0.730648
  17.861328	  -0.706401
  17.871094	  -0.649040
  17.880859	  -0.571274
  17.890625	  -0.490050
  17.900391	  -0.422659
  17.910156	  -0.383041
  17.919922	  -0.379147
  17.929688	  -0.411850
  17.939453	  -0.475419
  17.949219	  -0.559217
  17.958984	  -0.650039
  17.968750	  -0.734508
  17.978516	  -0.801084
  17.988281	  -0.841468
  17.998047	  -0.851381
  18.007812	  -0.830798
  18.017578	  -0.783743
  18.027344	  -0.717704
  18.037109	  -0.642654
  18.046875	  -0.569689
  18.056641	  -0.509351
  18.066406	  -0.469842
  18.076172	  -0.455452
  18.085938	  -0.465596
  18.095703	  -0.494755
  18.105469	  -0.533446
  18.115234	  -0.570085
  18.125000	  -0.593328
  18.134766	  -0.594344
  18.144531	  -0.568465
  18.154297	  -0.515840
  18.164062	  -0.440990
  18.173828	  -0.351487
  18.183594	  -0.256177
  18.193359	  -0.163464
  18.203125	  -0.080061
  18.212891	  -0.010388
  18.222656	   0.043427
  18.232422	   0.081190
  18.242188	   0.104205
  18.251953	   0.114982
  18.261719	   0.117089
  18.271484	   0.115018
  18.281250	   0.113822
  18.291016	   0.118349
  18.300781	   0.132120
  18.310547	   0.156080
  18.320312	   0.187722
  18.330078	   0.221038
  18.339844	   0.247620
  18.349609	   0.258837
  18.359375	   0.248627
  18.369141	   0.216065
  18.378906	   0.166826
  18.388672	   0.112818
  18.398438	   0.069815
  18.408203	   0.053500
  18.417969	   0.074946
  18.427734	   0.136854
  18.437500	   0.231768
  18.447266	   0.343003
  18.457031	   0.448245
  18.466797	   0.524947
  18.476562	   0.556067
  18.486328	   0.534520
  18.496094	   0.465015
  18.505859	   0.362722
  18.515625	   0.249140
  18.525391	   0.146348
  18.535156	   0.071327
  18.544922	   0.031974
  18.554688	   0.025880
  18.564453	   0.042095
  18.574219	   0.065165
  18.583984	   0.080077
  18.593750	   0.076551
  18.603516	   0.051406
  18.613281	   0.008442
  18.623047	  -0.043877
  18.632812	  -0.095954
  18.642578	  -0.140469
  18.652344	  -0.174496
  18.662109	  -0.199684
  18.671875	  -0.220596
  18.681641	  -0.242004
  18.691406	  -0.266262
  18.701172	  -0.291839
  18.710938	  -0.313616
  18.720703	  -0.324857
  18.730469	  -0.320106
  18.740234	  -0.297901
  18.750000	  -0.262199
  18.759766	  -0.221881
  18.769531	  -0.188375
  18.779297	  -0.172153
  18.789062	  -0.179273
  18.798828	  -0.209189
  18.808594	  -0.254640
  18.818359	  -0.303733
  18.828125	  -0.343581
  18.837891	  -0.364330
  18.847656	  -0.362233
  18.857422	  -0.340773
  18.867188	  -0.309471
  18.876953	  -0.280779
  18.886719	  -0.266126
  18.896484	  -0.272398
  18.906250	  -0.300016
  18.916016	  -0.343157
  18.925781	  -0.391977
  18.935547	  -0.435985
  18.945312	  -0.467382
  18.955078	  -0.483220
  18.964844	  -0.485708
  18.974609	  -0.480641
  18.984375	  -0.474611
  18.994141	  -0.472056
  19.003906	  -0.473235
  19.013672	  -0.473866
  19.023438	  -0.466542
  19.033203	  -0.443394
  19.042969	  -0.399062
  19.052734	  -0.332881
  19.062500	  -0.249531
  19.072266	  -0.157899
  19.082031	  -0.068558
  19.091797	   0.009284
  19.101562	   0.070345
  19.111328	   0.114495
  19.121094	   0.146317
  19.130859	   0.173203
  19.140625	   0.202702
  19.150391	   0.240030
  19.160156	   0.286551
  19.169922	   0.339640
  19.179688	   0.393859
  19.189453	   0.442906
  19.199219	   0.481582
  19.208984	   0.507098
  19.218750	   0.519322
  19.228516	   0.520031
  19.238281	   0.511578
  19.248047	   0.495617
  19.257812	   0.472413
  19.267578	   0.441047
  19.277344	   0.400367
  19.287109	   0.350279
  19.296875	   0.292757
  19.306641	   0.232099
  19.316406	   0.174219
  19.326172	   0.125162
  19.335938	   0.089366
  19.345703	   0.068295
  19.355469	   0.059974
  19.365234	   0.059629
  19.375000	   0.061221
  19.384766	   0.059345
  19.394531	   0.050807
  19.404297	   0.035333
  19.414062	   0.015180
  19.423828	  -0.006160
  19.433594	  -0.025618
  19.443359	  -0.041885
  19.453125	  -0.055889
  19.462891	  -0.070191
  19.472656	  -0.087540
  19.482422	  -0.109188
  19.492188	  -0.133691
  19.501953	  -0.156781
  19.511719	  -0.172500
  19.521484	  -0.175293
  19.531250	  -0.162328
  19.541016	  -0.135167
  19.550781	  -0.100044
  19.560547	  -0.066473
  19.570312	  -0.044494
  19.580078	  -0.041383
  19.589844	  -0.058925
  19.599609	  -0.092233
  19.609375	  -0.130653
  19.619141	  -0.160606
  19.628906	  -0.169577
  19.638672	  -0.150022
  19.648438	  -0.101951
  19.658203	  -0.033313
  19.667969	   0.041992
  19.677734	   0.107937
  19.687500	   0.150837
  19.697266	   0.163151
  19.707031	   0.145427
  19.716797	   0.105874
  19.726562	   0.057743
  19.736328	   0.015386
  19.746094	  -0.009746
  19.755859	  -0.011957
  19.765625	   0.007751
  19.775391	   0.042804
  19.785156	   0.083677
  19.794922	   0.121053
  19.804688	   0.148425
  19.814453	   0.163363
  19.824219	   0.167172
  19.833984	   0.163285
  19.843750	   0.155134
  19.853516	   0.144407
  19.863281	   0.130364
  19.873047	   0.110453
  19.882812	   0.081936
  19.892578	   0.043816
  19.902344	  -0.001740
  19.912109	  -0.049147
  19.921875	  -0.090510
  19.931641	  -0.117812
  19.941406	  -0.125438
  19.951172	  -0.112190
  19.960938	  -0.082036
  19.970703	  -0.043295
  19.980469	  -0.006461
  19.990234	   0.018673
  20.000000	   0.025699
  20.009766	   0.013254
  20.019531	  -0.014819
  20.029297	  -0.050800
  20.039062	  -0.085441
  20.048828	  -0.110561
  20.058594	  -0.121096
  20.068359	  -0.116044
  20.078125	  -0.098143
  20.087891	  -0.072536
  20.097656	  -0.044975
  20.107422	  -0.020180
  20.117188	  -0.000852
  20.126953	   0.012487
  20.136719	   0.020943
  20.146484	   0.026351
  20.156250	   0.030446
  20.166016	   0.034415
  20.175781	   0.038908
  20.185547	   0.044375
  20.195312	   0.051429
  20.205078	   0.060982
  20.214844	   0.073986
  20.224609	   0.090893
  20.234375	   0.111068
  20.244141	   0.132501
  20.253906	   0.152052
  20.263672	   0.166270
  20.273438	   0.172546
  20.283203	   0.170190
  20.292969	   0.160992
  20.302734	   0.148939
  20.312500	   0.139111
  20.322266	   0.136032
  20.332031	   0.142073
  20.341797	   0.156471
  20.351562	   0.175402
  20.361328	   0.193165
  20.371094	   0.204133
  20.380859	   0.204798
  20.390625	   0.195182
  20.400391	   0.179029
  20.410156	   0.162622
  20.419922	   0.152566
  20.429688	   0.153261
  20.439453	   0.164984
  20.449219	   0.183322
  20.458984	   0.200286
  20.468750	   0.206841
  20.478516	   0.196080
  20.488281	   0.165973
  20.498047	   0.120715
  20.507812	   0.070094
  20.517578	   0.026947
  20.527344	   0.003420
  20.537109	   0.007188
  20.546875	   0.038835
  20.556641	   0.091295
  20.566406	   0.151602
  20.576172	   0.204451
  20.585938	   0.236519
  20.595703	   0.240193
  20.605469	   0.215584
  20.615234	   0.170196
  20.625000	   0.116408
  20.634766	   0.067575
  20.644531	   0.034003
  20.654297	   0.020063
  20.664062	   0.023283
  20.673828	   0.035644
  20.683594	   0.046566
  20.693359	   0.046563
  20.703125	   0.030358
  20.712891	  -0.001510
  20.722656	  -0.043035
  20.732422	  -0.084846
  20.742188	  -0.117291
  20.751953	  -0.133467
  20.761719	  -0.131227
  20.771484	  -0.113571
  20.781250	  -0.087420
  20.791016	  -0.061255
  20.800781	  -0.042478
  20.810547	  -0.035341
  20.820312	  -0.040065
  20.830078	  -0.053298
  20.839844	  -0.069635
  20.849609	  -0.083564
  20.859375	  -0.091156
  20.869141	  -0.090953
  20.878906	  -0.083872
  20.888672	  -0.072308
  20.898438	  -0.058879
  20.908203	  -0.045361
  20.917969	  -0.032214
  20.927734	  -0.018834
  20.937500	  -0.004352
  20.947266	   0.011411
  20.957031	   0.027288
  20.966797	   0.040737
  20.976562	   0.048492
  20.986328	   0.047698
  20.996094	   0.037121
  21.005859	   0.017957
  21.015625	  -0.006057
  21.025391	  -0.029343
  21.035156	  -0.045778
  21.044922	  -0.050231
  21.054688	  -0.039859
  21.064453	  -0.014830
  21.074219	   0.021702
  21.083984	   0.064275
  21.093750	   0.106220
  21.103516	   0.140853
  21.113281	   0.162493
  21.123047	   0.167172
  21.132812	   0.153047
  21.142578	   0.120600
  21.152344	   0.072725
  21.162109	   0.014704
  21.171875	  -0.046023
  21.181641	  -0.100467
  21.191406	  -0.139204
  21.201172	  -0.153973
  21.210938	  -0.139533
  21.220703	  -0.095337
  21.230469	  -0.026470
  21.240234	   0.056592
  21.250000	   0.139603
  21.259766	   0.207353
  21.269531	   0.247060
  21.279297	   0.251480
  21.289062	   0.220858
  21.298828	   0.163083
  21.308594	   0.091888
  21.318359	   0.023508
  21.328125	  -0.027337
  21.337891	  -0.051026
  21.347656	  -0.045169
  21.357422	  -0.014736
  21.367188	   0.029853
  21.376953	   0.076014
  21.386719	   0.112677
  21.396484	   0.133218
  21.406250	   0.136794
  21.416016	   0.127784
  21.425781	   0.113589
  21.435547	   0.101645
  21.445312	   0.096639
  21.455078	   0.098891
  21.464844	   0.104385
  21.474609	   0.106405
  21.484375	   0.098153
  21.494141	   0.075442
  21.503906	   0.038524
  21.513672	  -0.007573
  21.523438	  -0.054299
  21.533203	  -0.092029
  21.542969	  -0.112885
  21.552734	  -0.113029
  21.562500	  -0.093721
  21.572266	  -0.060861
  21.582031	  -0.023209
  21.591797	   0.010074
  21.601562	   0.031790
  21.611328	   0.038246
  21.621094	   0.029612
  21.630859	   0.009107
  21.640625	  -0.018545
  21.650391	  -0.048786
  21.660156	  -0.078418
  21.669922	  -0.105983
  21.679688	  -0.131296
  21.689453	  -0.154467
  21.699219	  -0.174898
  21.708984	  -0.190731
  21.718750	  -0.199023
  21.728516	  -0.196622
  21.738281	  -0.181420
  21.748047	  -0.153493
  21.757812	  -0.115677
  21.767578	  -0.073300
  21.777344	  -0.033098
  21.787109	  -0.001619
  21.796875	   0.016393
  21.806641	   0.019129
  21.816406	   0.008055
  21.826172	  -0.012636
  21.835938	  -0.037233
  21.845703	  -0.059975
  21.855469	  -0.076359
  21.865234	  -0.083928
  21.875000	  -0.082416
  21.884766	  -0.073350
  21.894531	  -0.059337
  21.904297	  -0.043345
  21.914062	  -0.028172
  21.923828	  -0.016192
  21.933594	  -0.009284
  21.943359	  -0.008803
  21.953125	  -0.015437
  21.962891	  -0.028928
  21.972656	  -0.047756
  21.982422	  -0.068987
  21.992188	  -0.088503
  22.001953	  -0.101720
  22.011719	  -0.104720
  22.021484	  -0.095495
  22.031250	  -0.074916
  22.041016	  -0.047009
  22.050781	  -0.018315
  22.060547	   0.003621
  22.070312	   0.012284
  22.080078	   0.004158
  22.089844	  -0.019977
  22.099609	  -0.054896
  22.109375	  -0.092055
  22.119141	  -0.121748
  22.128906	  -0.135691
  22.138672	  -0.129294
  22.148438	  -0.102930
  22.158203	  -0.061825
  22.167969	  -0.014594
  22.177734	   0.029135
  22.187500	   0.061296
  22.197266	   0.077394
  22.207031	   0.077403
  22.216797	   0.065341
  22.226562	   0.047737
  22.236328	   0.031543
  22.246094	   0.022150
  22.255859	   0.022119
  22.265625	   0.030901
  22.275391	   0.045550
  22.285156	   0.062042
  22.294922	   0.076704
  22.304688	   0.087254
  22.314453	   0.093173
  22.324219	   0.095381
  22.333984	   0.095476
  22.343750	   0.094897
  22.353516	   0.094402
  22.363281	   0.094013
  22.373047	   0.093426
  22.382812	   0.092614
  22.392578	   0.092303
  22.402344	   0.094028
  22.412109	   0.099688
  22.421875	   0.110721
  22.431641	   0.127244
  22.441406	   0.147530
  22.451172	   0.168117
  22.460938	   0.184620
  22.470703	   0.193026
  22.480469	   0.191062
  22.490234	   0.179131
  22.500000	   0.160438
  22.509766	   0.140186
  22.519531	   0.124038
  22.529297	   0.116330
  22.539062	   0.118602
  22.548828	   0.128977
  22.558594	   0.142614
  22.568359	   0.153127
  22.578125	   0.154539
  22.587891	   0.143133
  22.597656	   0.118620
  22.607422	   0.084254
  22.617188	   0.045860
  22.626953	   0.010123
  22.636719	  -0.017304
  22.646484	  -0.033265
  22.656250	  -0.037702
  22.666016	  -0.033258
  22.675781	  -0.024101
  22.685547	  -0.014420
  22.695312	  -0.007145
  22.705078	  -0.003308
  22.714844	  -0.002206
  22.724609	  -0.002221
  22.734375	  -0.001907
  22.744141	  -0.000887
  22.753906	  -0.000180
  22.763672	  -0.001832
  22.773438	  -0.008009
  22.783203	  -0.019927
  22.792969	  -0.037059
  22.802734	  -0.056974
  22.812500	  -0.075919
  22.822266	  -0.089947
  22.832031	  -0.096213
  22.841797	  -0.093944
  22.851562	  -0.084731
  22.861328	  -0.072007
  22.871094	  -0.059897
  22.880859	  -0.051839
  22.890625	  -0.049491
  22.900391	  -0.052309
  22.910156	  -0.057954
  22.919922	  -0.063364
  22.929688	  -0.066086
  22.939453	  -0.065341
  22.949219	  -0.062408
  22.958984	  -0.060134
  22.968750	  -0.061747
  22.978516	  -0.069378
  22.988281	  -0.082864
  22.998047	  -0.099314
  23.007812	  -0.113664
  23.017578	  -0.120108
  23.027344	  -0.113952
  23.037109	  -0.093292
  23.046875	  -0.059925
  23.056641	  -0.019157
  23.066406	   0.021482
  23.076172	   0.054241
  23.085938	   0.073256
  23.095703	   0.076119
  23.105469	   0.064446
  23.115234	   0.043290
  23.125000	   0.019632
  23.134766	   0.000447
  23.144531	  -0.009075
  23.154297	  -0.006635
  23.164062	   0.006987
  23.173828	   0.028583
  23.183594	   0.053701
  23.193359	   0.077901
  23.203125	   0.097701
  23.212891	   0.110978
  23.222656	   0.116857
  23.232422	   0.115295
  23.242188	   0.106659
  23.251953	   0.091532
  23.261719	   0.070818
  23.271484	   0.046056
  23.281250	   0.019661
  23.291016	  -0.005117
  23.300781	  -0.024692
  23.310547	  -0.036005
  23.320312	  -0.037502
  23.330078	  -0.029845
  23.339844	  -0.016012
  23.349609	  -0.000644
  23.359375	   0.011246
  23.369141	   0.015825
  23.378906	   0.011714
  23.388672	   0.000522
  23.398438	  -0.013629
  23.408203	  -0.025504
  23.417969	  -0.030631
  23.427734	  -0.027043
  23.437500	  -0.016232
  23.447266	  -0.002928
  23.457031	   0.006319
  23.466797	   0.005324
  23.476562	  -0.009471
  23.486328	  -0.037446
  23.496094	  -0.073542
  23.505859	  -0.109459
  23.515625	  -0.135981
  23.525391	  -0.145752
  23.535156	  -0.135573
  23.544922	  -0.107513
  23.554688	  -0.068409
  23.564453	  -0.027921
  23.574219	   0.004271
  23.583984	   0.021230
  23.593750	   0.020634
  23.603516	   0.005175
  23.613281	  -0.018586
  23.623047	  -0.042481
  23.632812	  -0.059353
  23.642578	  -0.065154
  23.652344	  -0.059882
  23.662109	  -0.047124
  23.671875	  -0.032439
  23.681641	  -0.021232
  23.691406	  -0.016870
  23.701172	  -0.019696
  23.710938	  -0.027216
  23.720703	  -0.035331
  23.730469	  -0.040063
  23.740234	  -0.039128
  23.750000	  -0.032730
  23.759766	  -0.023318
  23.769531	  -0.014420
  23.779297	  -0.009043
  23.789062	  -0.008282
  23.798828	  -0.010715
  23.808594	  -0.012844
  23.818359	  -0.010462
  23.828125	  -0.000434
  23.837891	   0.017774
  23.847656	   0.041441
  23.857422	   0.065105
  23.867188	   0.082161
  23.876953	   0.087012
  23.886719	   0.077074
  23.896484	   0.053899
  23.906250	   0.023037
  23.916016	  -0.007406
  23.925781	  -0.029042
  23.935547	  -0.035609
  23.945312	  -0.024745
  23.955078	   0.001410
  23.964844	   0.036942
  23.974609	   0.073935
  23.984375	   0.104683
  23.994141	   0.123636
  24.003906	   0.128515
  24.013672	   0.120343
  24.023438	   0.102531
  24.033203	   0.079464
  24.042969	   0.055147
  24.052734	   0.032381
  24.062500	   0.012654
  24.072266	  -0.003345
  24.082031	  -0.014991
  24.091797	  -0.021185
  24.101562	  -0.020368
  24.111328	  -0.011125
  24.121094	   0.006835
  24.130859	   0.031807
  24.140625	   0.059773
  24.150391	   0.084964
  24.160156	   0.101262
  24.169922	   0.104059
  24.179688	   0.091948
  24.189453	   0.067603
  24.199219	   0.037420
  24.208984	   0.009893
  24.218750	  -0.006843
  24.228516	  -0.007564
  24.238281	   0.008259
  24.248047	   0.036066
  24.257812	   0.067432
  24.267578	   0.092563
  24.277344	   0.103326
  24.287109	   0.095831
  24.296875	   0.071720
  24.306641	   0.037722
  24.316406	   0.003590
  24.326172	  -0.020937
  24.335938	  -0.029174
  24.345703	  -0.019549
  24.355469	   0.003962
  24.365234	   0.033154
  24.375000	   0.058221
  24.384766	   0.070811
  24.394531	   0.066540
  24.404297	   0.046153
  24.414062	   0.015025
  24.423828	  -0.018784
  24.433594	  -0.047215
  24.443359	  -0.064745
  24.453125	  -0.069923
  24.462891	  -0.065488
  24.472656	  -0.057084
  24.482422	  -0.051105
  24.492188	  -0.052437
  24.501953	  -0.062870
  24.511719	  -0.080683
  24.521484	  -0.101464
  24.531250	  -0.119795
  24.541016	  -0.131170
  24.550781	  -0.133435
  24.560547	  -0.127292
  24.570312	  -0.115736
  24.580078	  -0.102701
  24.589844	  -0.091474
  24.599609	  -0.083478
  24.609375	  -0.077868
  24.619141	  -0.072078
  24.628906	  -0.063064
  24.638672	  -0.048773
  24.648438	  -0.029256
  24.658203	  -0.007001
  24.667969	   0.013643
  24.677734	   0.027762
  24.687500	   0.031442
  24.697266	   0.023047
  24.707031	   0.003810
  24.716797	  -0.022469
  24.726562	  -0.050461
  24.736328	  -0.074717
  24.746094	  -0.090977
  24.755859	  -0.096983
  24.765625	  -0.092606
  24.775391	  -0.079380
  24.785156	  -0.059714
  24.794922	  -0.036135
  24.804688	  -0.010853
  24.814453	   0.014259
  24.824219	   0.037393
  24.833984	   0.056502
  24.843750	   0.069246
  24.853516	   0.073355
  24.863281	   0.067359
  24.873047	   0.051422
  24.882812	   0.027912
  24.892578	   0.001354
  24.902344	  -0.022378
  24.912109	  -0.037499
  24.921875	  -0.039991
  24.931641	  -0.028962
  24.941406	  -0.007198
  24.951172	   0.019380
  24.960938	   0.043269
  24.970703	   0.057509
  24.980469	   0.057737
  24.990234	   0.043486
  25.000000	   0.018309
  25.009766	  -0.011363
  25.019531	  -0.038255
  25.029297	  -0.056509
  25.039062	  -0.063443
  25.048828	  -0.060202
  25.058594	  -0.051111
  25.068359	  -0.041948
  25.078125	  -0.037767
  25.087891	  -0.041020
  25.097656	  -0.050639
  25.107422	  -0.062421
  25.117188	  -0.070566
  25.126953	  -0.069838
  25.136719	  -0.057587
  25.146484	  -0.034912
  25.156250	  -0.006536
  25.166016	   0.020591
  25.175781	   0.039484
  25.185547	   0.045391
  25.195312	   0.037352
  25.205078	   0.018529
  25.214844	  -0.004801
  25.224609	  -0.025246
  25.234375	  -0.036609
  25.244141	  -0.035737
  25.253906	  -0.023309
  25.263672	  -0.003341
  25.273438	   0.018382
  25.283203	   0.036356
  25.292969	   0.047176
  25.302734	   0.050497
  25.312500	   0.048840
  25.322266	   0.046366
  25.332031	   0.047098
  25.341797	   0.053253
  25.351562	   0.064299
  25.361328	   0.077058
  25.371094	   0.086824
  25.380859	   0.089063
  25.390625	   0.081101
  25.400391	   0.063184
  25.410156	   0.038555
  25.419922	   0.012516
  25.429688	  -0.009177
  25.439453	  -0.022039
  25.449219	  -0.024114
  25.458984	  -0.016375
  25.468750	  -0.002173
  25.478516	   0.014020
  25.488281	   0.028099
  25.498047	   0.037532
  25.507812	   0.041901
  25.517578	   0.042660
  25.527344	   0.042275
  25.537109	   0.043131
  25.546875	   0.046636
  25.556641	   0.052826
  25.566406	   0.060586
  25.576172	   0.068301
  25.585938	   0.074642
  25.595703	   0.079117
  25.605469	   0.082155
  25.615234	   0.084710
  25.625000	   0.087576
  25.634766	   0.090746
  25.644531	   0.093140
  25.654297	   0.092864
  25.664062	   0.087958
  25.673828	   0.077335
  25.683594	   0.061519
  25.693359	   0.042845
  25.703125	   0.024940
  25.712891	   0.011610
  25.722656	   0.005501
  25.732422	   0.007027
  25.742188	   0.014003
  25.751953	   0.022197
  25.761719	   0.026680
  25.771484	   0.023556
  25.781250	   0.011459
  25.791016	  -0.007729
  25.800781	  -0.029263
  25.810547	  -0.046962
  25.820312	  -0.055250
  25.830078	  -0.051129
  25.839844	  -0.035398
  25.849609	  -0.012661
  25.859375	   0.009948
  25.869141	   0.024940
  25.878906	   0.026857
  25.888672	   0.014079
  25.898438	  -0.010553
  25.908203	  -0.040550
  25.917969	  -0.067738
  25.927734	  -0.084782
  25.937500	  -0.087419
  25.947266	  -0.075688
  25.957031	  -0.053780
  25.966797	  -0.028564
  25.976562	  -0.007323
  25.986328	   0.004546
  25.996094	   0.005113
  26.005859	  -0.003733
  26.015625	  -0.017193
  26.025391	  -0.029398
  26.035156	  -0.035475
  26.044922	  -0.033142
  26.054688	  -0.023290
  26.064453	  -0.009410
  26.074219	   0.003865
  26.083984	   0.012554
  26.093750	   0.014758
  26.103516	   0.011239
  26.113281	   0.004956
  26.123047	  -0.000241
  26.132812	  -0.001219
  26.142578	   0.003116
  26.152344	   0.011329
  26.162109	   0.019960
  26.171875	   0.024846
  26.181641	   0.022781
  26.191406	   0.012867
  26.201172	  -0.002942
  26.210938	  -0.020340
  26.220703	  -0.034051
  26.230469	  -0.039625
  26.240234	  -0.035002
  26.250000	  -0.021289
  26.259766	  -0.002473
  26.269531	   0.015852
  26.279297	   0.028299
  26.289062	   0.031414
  26.298828	   0.024737
  26.308594	   0.010830
  26.318359	  -0.005707
  26.328125	  -0.019866
  26.337891	  -0.027934
  26.347656	  -0.028672
  26.357422	  -0.023577
  26.367188	  -0.016174
  26.376953	  -0.010629
  26.386719	  -0.010193
  26.396484	  -0.016048
  26.406250	  -0.026955
  26.416016	  -0.039793
  26.425781	  -0.050779
  26.435547	  -0.056879
  26.445312	  -0.056901
  26.455078	  -0.051885
  26.464844	  -0.044648
  26.474609	  -0.038707
  26.484375	  -0.036973
  26.494141	  -0.040723
  26.503906	  -0.049214
  26.513672	  -0.060051
  26.523438	  -0.070162
  26.533203	  -0.076955
  26.542969	  -0.079229
  26.552734	  -0.077473
  26.562500	  -0.073473
  26.572266	  -0.069377
  26.582031	  -0.066645
  26.591797	  -0.065301
  26.601562	  -0.063837
  26.611328	  -0.059830
  26.621094	  -0.051071
  26.630859	  -0.036752
  26.640625	  -0.018241
  26.650391	   0.000928
  26.660156	   0.015939
  26.669922	   0.022192
  26.679688	   0.016945
  26.689453	   0.000510
  26.699219	  -0.023455
  26.708984	  -0.048727
  26.718750	  -0.068181
  26.728516	  -0.075829
  26.738281	  -0.068608
  26.748047	  -0.047322
  26.757812	  -0.016442
  26.767578	   0.017184
  26.777344	   0.046304
  26.787109	   0.065291
  26.796875	   0.071610
  26.806641	   0.066295
  26.816406	   0.053341
  26.826172	   0.038276
  26.835938	   0.026408
  26.845703	   0.021330
  26.855469	   0.024117
  26.865234	   0.033408
  26.875000	   0.046226
  26.884766	   0.059190
  26.894531	   0.069638
  26.904297	   0.076308
  26.914062	   0.079386
  26.923828	   0.080022
  26.933594	   0.079572
  26.943359	   0.078936
  26.953125	   0.078254
  26.962891	   0.077068
  26.972656	   0.074817
  26.982422	   0.071416
  26.992188	   0.067599
  27.001953	   0.064829
  27.011719	   0.064767
  27.021484	   0.068486
  27.031250	   0.075766
  27.041016	   0.084800
  27.050781	   0.092493
  27.060547	   0.095334
  27.070312	   0.090574
  27.080078	   0.077285
  27.089844	   0.056906
  27.099609	   0.033022
  27.109375	   0.010391
  27.119141	  -0.006491
  27.128906	  -0.014824
  27.138672	  -0.014424
  27.148438	  -0.007815
  27.158203	   0.000578
  27.167969	   0.005872
  27.177734	   0.004317
  27.187500	  -0.005496
  27.197266	  -0.022234
  27.207031	  -0.042361
  27.216797	  -0.061413
  27.226562	  -0.075560
  27.236328	  -0.082902
  27.246094	  -0.084018
  27.255859	  -0.081606
  27.265625	  -0.079325
  27.275391	  -0.080292
  27.285156	  -0.085780
  27.294922	  -0.094614
  27.304688	  -0.103507
  27.314453	  -0.108245
  27.324219	  -0.105296
  27.333984	  -0.093288
  27.343750	  -0.073792
  27.353516	  -0.051110
  27.363281	  -0.031101
  27.373047	  -0.019404
  27.382812	  -0.019649
  27.392578	  -0.032245
  27.402344	  -0.054159
  27.412109	  -0.079748
  27.421875	  -0.102378
  27.431641	  -0.116292
  27.441406	  -0.118146
  27.451172	  -0.107714
  27.460938	  -0.087623
  27.470703	  -0.062238
  27.480469	  -0.036143
  27.490234	  -0.012746
  27.500000	   0.006543
  27.509766	   0.022334
  27.519531	   0.036551
  27.529297	   0.051328
  27.539062	   0.067944
  27.548828	   0.086195
  27.558594	   0.104408
  27.568359	   0.120044
  27.578125	   0.130631
  27.587891	   0.134628
  27.597656	   0.131926
  27.607422	   0.123785
  27.617188	   0.112293
  27.626953	   0.099588
  27.636719	   0.087174
  27.646484	   0.075596
  27.656250	   0.064599
  27.666016	   0.053650
  27.675781	   0.042566
  27.685547	   0.031933
  27.695312	   0.023085
  27.705078	   0.017600
  27.714844	   0.016492
  27.724609	   0.019423
  27.734375	   0.024307
  27.744141	   0.027531
  27.753906	   0.024820
  27.763672	   0.012488
  27.773438	  -0.011321
  27.783203	  -0.045870
  27.792969	  -0.087838
  27.802734	  -0.132162
  27.812500	  -0.173449
  27.822266	  -0.207516
  27.832031	  -0.232505
  27.841797	  -0.249217
  27.851562	  -0.260530
  27.861328	  -0.270127
  27.871094	  -0.281012
  27.880859	  -0.294351
  27.890625	  -0.309096
  27.900391	  -0.322521
  27.910156	  -0.331470
  27.919922	  -0.333838
  27.929688	  -0.329669
  27.939453	  -0.321416
  27.949219	  -0.313174
  27.958984	  -0.309133
  27.968750	  -0.311789
  27.978516	  -0.320623
  27.988281	  -0.331824
  27.998047	  -0.339288
  28.007812	  -0.336675
  28.017578	  -0.319880
  28.027344	  -0.289052
  28.037109	  -0.249386
  28.046875	  -0.210248
  28.056641	  -0.182755
  28.066406	  -0.176450
  28.076172	  -0.196076
  28.085938	  -0.239493
  28.095703	  -0.297486
  28.105469	  -0.355649
  28.115234	  -0.397884
  28.125000	  -0.410553
  28.134766	  -0.386082
  28.144531	  -0.324954
  28.154297	  -0.235533
  28.164062	  -0.131769
  28.173828	  -0.029496
  28.183594	   0.057587
  28.193359	   0.121104
  28.203125	   0.159492
  28.212891	   0.177514
  28.222656	   0.184076
  28.232422	   0.189168
  28.242188	   0.200901
  28.251953	   0.223533
  28.261719	   0.256951
  28.271484	   0.297590
  28.281250	   0.340294
  28.291016	   0.380357
  28.300781	   0.415030
  28.310547	   0.444007
  28.320312	   0.468843
  28.330078	   0.491639
  28.339844	   0.513567
  28.349609	   0.533846
  28.359375	   0.549579
  28.369141	   0.556497
  28.378906	   0.550356
  28.388672	   0.528462
  28.398438	   0.490786
  28.408203	   0.440286
  28.417969	   0.382329
  28.427734	   0.323428
  28.437500	   0.269723
  28.447266	   0.225685
  28.457031	   0.193410
  28.466797	   0.172651
  28.476562	   0.161441
  28.486328	   0.157022
  28.496094	   0.156697
  28.505859	   0.158329
  28.515625	   0.160412
  28.525391	   0.161790
  28.535156	   0.161294
  28.544922	   0.157528
  28.554688	   0.148982
  28.564453	   0.134439
  28.574219	   0.113523
  28.583984	   0.087108
  28.593750	   0.057356
  28.603516	   0.027317
  28.613281	   0.000145
  28.623047	  -0.021777
  28.632812	  -0.037499
  28.642578	  -0.047688
  28.652344	  -0.054250
  28.662109	  -0.059519
  28.671875	  -0.065321
  28.681641	  -0.072296
  28.691406	  -0.079737
  28.701172	  -0.086061
  28.710938	  -0.089705
  28.720703	  -0.090114
  28.730469	  -0.088363
  28.740234	  -0.087119
  28.750000	  -0.089834
  28.759766	  -0.099421
  28.769531	  -0.116868
  28.779297	  -0.140320
  28.789062	  -0.165078
  28.798828	  -0.184636
  28.808594	  -0.192524
  28.818359	  -0.184398
  28.828125	  -0.159687
  28.837891	  -0.122180
  28.847656	  -0.079270
  28.857422	  -0.039980
  28.867188	  -0.012347
  28.876953	  -0.000957
  28.886719	  -0.005445
  28.896484	  -0.020471
  28.906250	  -0.037248
  28.916016	  -0.046183
  28.925781	  -0.039829
  28.935547	  -0.015238
  28.945312	   0.025029
  28.955078	   0.073549
  28.964844	   0.120143
  28.974609	   0.154776
  28.984375	   0.170372
  28.994141	   0.164670
  29.003906	   0.140616
  29.013672	   0.105230
  29.023438	   0.067372
  29.033203	   0.035148
  29.042969	   0.013781
  29.052734	   0.004553
  29.062500	   0.005047
  29.072266	   0.010487
  29.082031	   0.015636
  29.091797	   0.016572
  29.101562	   0.011772
  29.111328	   0.002230
  29.121094	  -0.009322
  29.130859	  -0.019699
  29.140625	  -0.026525
  29.150391	  -0.029009
  29.160156	  -0.027987
  29.169922	  -0.025291
  29.179688	  -0.022748
  29.189453	  -0.021259
  29.199219	  -0.020338
  29.208984	  -0.018293
  29.218750	  -0.012977
  29.228516	  -0.002796
  29.238281	   0.012430
  29.248047	   0.031116
  29.257812	   0.050222
  29.267578	   0.066137
  29.277344	   0.075823
  29.287109	   0.077802
  29.296875	   0.072639
  29.306641	   0.062738
  29.316406	   0.051533
  29.326172	   0.042356
  29.335938	   0.037384
  29.345703	   0.037017
  29.355469	   0.039876
  29.365234	   0.043388
  29.375000	   0.044710
  29.384766	   0.041669
  29.394531	   0.033381
  29.404297	   0.020397
  29.414062	   0.004387
  29.423828	  -0.012453
  29.433594	  -0.027998
  29.443359	  -0.040582
  29.453125	  -0.049084
  29.462891	  -0.052766
  29.472656	  -0.051085
  29.482422	  -0.043653
  29.492188	  -0.030480
  29.501953	  -0.012448
  29.511719	   0.008210
  29.521484	   0.027722
  29.531250	   0.041142
  29.541016	   0.043349
  29.550781	   0.030512
  29.560547	   0.001593
  29.570312	  -0.040624
  29.580078	  -0.089469
  29.589844	  -0.135483
  29.599609	  -0.168540
  29.609375	  -0.180474
  29.619141	  -0.167458
  29.628906	  -0.131396
  29.638672	  -0.079799
  29.648438	  -0.024097
  29.658203	   0.023216
  29.667969	   0.051801
  29.677734	   0.056136
  29.687500	   0.036806
  29.697266	   0.000066
  29.707031	  -0.044172
  29.716797	  -0.085309
  29.726562	  -0.115031
  29.736328	  -0.129395
  29.746094	  -0.129413
  29.755859	  -0.120052
  29.765625	  -0.108053
  29.775391	  -0.099383
  29.785156	  -0.097188
  29.794922	  -0.100936
  29.804688	  -0.106998
  29.814453	  -0.110389
  29.824219	  -0.107003
  29.833984	  -0.095512
  29.843750	  -0.078207
  29.853516	  -0.060465
  29.863281	  -0.049004
  29.873047	  -0.049532
  29.882812	  -0.064588
  29.892578	  -0.092358
  29.902344	  -0.126885
  29.912109	  -0.159626
  29.921875	  -0.181885
  29.931641	  -0.187316
  29.941406	  -0.173722
  29.951172	  -0.143583
  29.960938	  -0.103204
  29.970703	  -0.060796
  29.980469	  -0.024151
  29.990234	   0.001357
  30.000000	   0.013839
  30.009766	   0.014809
  30.019531	   0.008089
  30.029297	  -0.001800
  30.039062	  -0.011171
  30.048828	  -0.018099
  30.058594	  -0.022514
  30.068359	  -0.025544
  30.078125	  -0.028465
  30.087891	  -0.031754
  30.097656	  -0.034633
  30.107422	  -0.035280
  30.117188	  -0.031598
  30.126953	  -0.022184
  30.136719	  -0.007079
  30.146484	   0.012040
  30.156250	   0.032318
  30.166016	   0.050687
  30.175781	   0.064941
  30.185547	   0.074495
  30.195312	   0.080524
  30.205078	   0.085396
  30.214844	   0.091624
  30.224609	   0.100743
  30.234375	   0.112568
  30.244141	   0.125165
  30.253906	   0.135566
  30.263672	   0.140991
  30.273438	   0.140094
  30.283203	   0.133738
  30.292969	   0.124930
  30.302734	   0.117886
  30.312500	   0.116503
  30.322266	   0.122801
  30.332031	   0.135921
  30.341797	   0.152115
  30.351562	   0.165838
  30.361328	   0.171613
  30.371094	   0.166079
  30.380859	   0.149469
  30.390625	   0.125975
  30.400391	   0.102761
  30.410156	   0.087867
  30.419922	   0.087654
  30.429688	   0.104601
  30.439453	   0.136198
  30.449219	   0.175363
  30.458984	   0.212271
  30.468750	   0.237094
  30.478516	   0.242768
  30.488281	   0.226964
  30.498047	   0.192638
  30.507812	   0.147026
  30.517578	   0.099441
  30.527344	   0.058579
  30.537109	   0.030203
  30.546875	   0.015885
  30.556641	   0.013132
  30.566406	   0.016733
  30.576172	   0.020797
  30.585938	   0.020732
  30.595703	   0.014520
  30.605469	   0.002898
  30.615234	  -0.011498
  30.625000	  -0.025624
  30.634766	  -0.037536
  30.644531	  -0.047315
  30.654297	  -0.057071
  30.664062	  -0.070026
  30.673828	  -0.089053
  30.683594	  -0.115218
  30.693359	  -0.146927
  30.703125	  -0.179987
  30.712891	  -0.208642
  30.722656	  -0.227221
  30.732422	  -0.231870
  30.742188	  -0.221781
  30.751953	  -0.199515
  30.761719	  -0.170325
  30.771484	  -0.140720
  30.781250	  -0.116737
  30.791016	  -0.102470
  30.800781	  -0.099280
  30.810547	  -0.105845
  30.820312	  -0.118942
  30.830078	  -0.134608
  30.839844	  -0.149253
  30.849609	  -0.160391
  30.859375	  -0.166816
  30.869141	  -0.168318
  30.878906	  -0.165163
  30.888672	  -0.157651
  30.898438	  -0.145949
  30.908203	  -0.130247
  30.917969	  -0.111116
  30.927734	  -0.089809
  30.937500	  -0.068280
  30.947266	  -0.048816
  30.957031	  -0.033354
  30.966797	  -0.022746
  30.976562	  -0.016296
  30.986328	  -0.011827
  30.996094	  -0.006362
  31.005859	   0.002758
  31.015625	   0.016692
  31.025391	   0.034317
  31.035156	   0.052204
  31.044922	   0.065466
  31.054688	   0.069294
  31.064453	   0.060697
  31.074219	   0.039849
  31.083984	   0.010533
  31.093750	  -0.020579
  31.103516	  -0.045640
  31.113281	  -0.057871
  31.123047	  -0.053610
  31.132812	  -0.033485
  31.142578	  -0.002307
  31.152344	   0.032333
  31.162109	   0.062348
  31.171875	   0.081581
  31.181641	   0.087603
  31.191406	   0.082311
  31.201172	   0.071116
  31.210938	   0.061040
  31.220703	   0.058332
  31.230469	   0.066418
  31.240234	   0.084863
  31.250000	   0.109645
  31.259766	   0.134633
  31.269531	   0.153719
  31.279297	   0.162869
  31.289062	   0.161378
  31.298828	   0.151941
  31.308594	   0.139545
  31.318359	   0.129607
  31.328125	   0.126044
  31.337891	   0.129948
  31.347656	   0.139319
  31.357422	   0.149910
  31.367188	   0.156854
  31.376953	   0.156446
  31.386719	   0.147449
  31.396484	   0.131440
  31.406250	   0.112120
  31.416016	   0.093853
  31.425781	   0.080007
  31.435547	   0.071715
  31.445312	   0.067530
  31.455078	   0.064094
  31.464844	   0.057571
  31.474609	   0.045303
  31.484375	   0.027073
  31.494141	   0.005475
  31.503906	  -0.014760
  31.513672	  -0.028284
  31.523438	  -0.030960
  31.533203	  -0.021376
  31.542969	  -0.001510
  31.552734	   0.023688
  31.562500	   0.047664
  31.572266	   0.064111
  31.582031	   0.068707
  31.591797	   0.060182
  31.601562	   0.040421
  31.611328	   0.013647
  31.621094	  -0.014969
  31.630859	  -0.040763
  31.640625	  -0.060613
  31.650391	  -0.073267
  31.660156	  -0.079003
  31.669922	  -0.078868
  31.679688	  -0.073920
  31.689453	  -0.064832
  31.699219	  -0.052012
  31.708984	  -0.036151
  31.718750	  -0.018859
  31.728516	  -0.002998
  31.738281	   0.007594
  31.748047	   0.009047
  31.757812	  -0.001200
  31.767578	  -0.023107
  31.777344	  -0.053373
  31.787109	  -0.085755
  31.796875	  -0.112456
  31.806641	  -0.126236
  31.816406	  -0.122633
  31.826172	  -0.101537
  31.835938	  -0.067544
  31.845703	  -0.028865
  31.855469	   0.004944
  31.865234	   0.025772
  31.875000	   0.029374
  31.884766	   0.016641
  31.894531	  -0.006734
  31.904297	  -0.032101
  31.914062	  -0.050652
  31.923828	  -0.056245
  31.933594	  -0.047357
  31.943359	  -0.027511
  31.953125	  -0.004043
  31.962891	   0.014375
  31.972656	   0.020639
  31.982422	   0.011570
  31.992188	  -0.011040
  32.001953	  -0.041022
  32.011719	  -0.069855
  32.021484	  -0.089413
  32.031250	  -0.094527
  32.041016	  -0.084527
  32.050781	  -0.063275
  32.060547	  -0.037746
  32.070312	  -0.015672
  32.080078	  -0.003067
  32.089844	  -0.002462
  32.099609	  -0.012392
  32.109375	  -0.028231
  32.119141	  -0.044022
  32.128906	  -0.054585
  32.138672	  -0.057182
  32.148438	  -0.052159
  32.158203	  -0.042412
  32.167969	  -0.031949
  32.177734	  -0.024109
  32.187500	  -0.020137
  32.197266	  -0.018632
  32.207031	  -0.016059
  32.216797	  -0.008125
  32.226562	   0.008508
  32.236328	   0.034793
  32.246094	   0.068676
  32.255859	   0.105492
  32.265625	   0.139244
  32.275391	   0.164300
  32.285156	   0.176945
  32.294922	   0.176271
  32.304688	   0.164170
  32.314453	   0.144502
  32.324219	   0.121788
  32.333984	   0.099928
  32.343750	   0.081357
  32.353516	   0.066868
  32.363281	   0.056045
  32.373047	   0.048010
  32.382812	   0.042121
  32.392578	   0.038280
  32.402344	   0.036754
  32.412109	   0.037642
  32.421875	   0.040273
  32.431641	   0.042918
  32.441406	   0.043025
  32.451172	   0.037994
  32.460938	   0.026224
  32.470703	   0.008023
  32.480469	  -0.014057
  32.490234	  -0.035689
  32.500000	  -0.052001
  32.509766	  -0.059201
  32.519531	  -0.056027
  32.529297	  -0.044474
  32.539062	  -0.029447
  32.548828	  -0.017365
  32.558594	  -0.014115
  32.568359	  -0.023049
  32.578125	  -0.043727
  32.587891	  -0.071891
  32.597656	  -0.100771
  32.607422	  -0.123323
  32.617188	  -0.134668
  32.626953	  -0.133881
  32.636719	  -0.124467
  32.646484	  -0.113291
  32.656250	  -0.108269
  32.666016	  -0.115562
  32.675781	  -0.137239
  32.685547	  -0.170243
  32.695312	  -0.207078
  32.705078	  -0.238072
  32.714844	  -0.254507
  32.724609	  -0.251580
  32.734375	  -0.230216
  32.744141	  -0.197040
  32.753906	  -0.162494
  32.763672	  -0.137627
  32.773438	  -0.130597
  32.783203	  -0.144009
  32.792969	  -0.173964
  32.802734	  -0.211166
  32.812500	  -0.243743
  32.822266	  -0.260901
  32.832031	  -0.256254
  32.841797	  -0.229776
  32.851562	  -0.187777
  32.861328	  -0.140919
  32.871094	  -0.100924
  32.880859	  -0.077028
  32.890625	  -0.073258
  32.900391	  -0.087370
  32.910156	  -0.111700
  32.919922	  -0.135614
  32.929688	  -0.148734
  32.939453	  -0.143956
  32.949219	  -0.119360
  32.958984	  -0.078540
  32.968750	  -0.029347
  32.978516	   0.018442
  32.988281	   0.055794
  32.998047	   0.076627
  33.007812	   0.079015
  33.017578	   0.065174
  33.027344	   0.040433
  33.037109	   0.011617
  33.046875	  -0.014622
  33.056641	  -0.033085
  33.066406	  -0.040702
  33.076172	  -0.036617
  33.085938	  -0.021843
  33.095703	   0.001250
  33.105469	   0.029457
  33.115234	   0.059176
  33.125000	   0.086814
  33.134766	   0.109217
  33.144531	   0.124165
  33.154297	   0.130873
  33.164062	   0.130323
  33.173828	   0.125253
  33.183594	   0.119660
  33.193359	   0.117843
  33.203125	   0.123196
  33.212891	   0.137112
  33.222656	   0.158372
  33.232422	   0.183306
  33.242188	   0.206767
  33.251953	   0.223661
  33.261719	   0.230586
  33.271484	   0.227011
  33.281250	   0.215572
  33.291016	   0.201329
  33.300781	   0.190169
  33.310547	   0.186886
  33.320312	   0.193557
  33.330078	   0.208819
  33.339844	   0.228292
  33.349609	   0.246050
  33.359375	   0.256629
  33.369141	   0.256867
  33.378906	   0.246897
  33.388672	   0.229931
  33.398438	   0.210876
  33.408203	   0.194286
  33.417969	   0.182416
  33.427734	   0.174141
  33.437500	   0.165230
  33.447266	   0.149976
  33.457031	   0.123650
  33.466797	   0.084920
  33.476562	   0.037293
  33.486328	  -0.011088
  33.496094	  -0.049416
  33.505859	  -0.067472
  33.515625	  -0.059160
  33.525391	  -0.025156
  33.535156	   0.026316
  33.544922	   0.081010
  33.554688	   0.122199
  33.564453	   0.135275
  33.574219	   0.112060
  33.583984	   0.053501
  33.593750	  -0.030129
  33.603516	  -0.121672
  33.613281	  -0.201514
  33.623047	  -0.252756
  33.632812	  -0.265634
  33.642578	  -0.239940
  33.652344	  -0.184782
  33.662109	  -0.115829
  33.671875	  -0.050901
  33.681641	  -0.005219
  33.691406	   0.012325
  33.701172	   0.000898
  33.710938	  -0.032894
  33.720703	  -0.077607
  33.730469	  -0.120624
  33.740234	  -0.151753
  33.750000	  -0.165713
  33.759766	  -0.162931
  33.769531	  -0.148603
  33.779297	  -0.130516
  33.789062	  -0.116419
  33.798828	  -0.111779
  33.808594	  -0.118528
  33.818359	  -0.135008
  33.828125	  -0.156948
  33.837891	  -0.179004
  33.847656	  -0.196304
  33.857422	  -0.205538
  33.867188	  -0.205387
  33.876953	  -0.196317
  33.886719	  -0.179976
  33.896484	  -0.158498
  33.906250	  -0.133974
  33.916016	  -0.108193
  33.925781	  -0.082625
  33.935547	  -0.058521
  33.945312	  -0.036978
  33.955078	  -0.018902
  33.964844	  -0.004886
  33.974609	   0.004906
  33.984375	   0.010740
  33.994141	   0.013131
  34.003906	   0.012543
  34.013672	   0.009089
  34.023438	   0.002390
  34.033203	  -0.008281
  34.042969	  -0.023575
  34.052734	  -0.043512
  34.062500	  -0.067016
  34.072266	  -0.091785
  34.082031	  -0.114641
  34.091797	  -0.132300
  34.101562	  -0.142325
  34.111328	  -0.143930
  34.121094	  -0.138257
  34.130859	  -0.127967
  34.140625	  -0.116210
  34.150391	  -0.105280
  34.160156	  -0.095485
  34.169922	  -0.084693
  34.179688	  -0.068849
  34.189453	  -0.043412
  34.199219	  -0.005305
  34.208984	   0.045300
  34.218750	   0.104034
  34.228516	   0.162720
  34.238281	   0.211140
  34.248047	   0.239775
  34.257812	   0.242699
  34.267578	   0.219705
  34.277344	   0.176878
  34.287109	   0.125316
  34.296875	   0.078255
  34.306641	   0.047416
  34.316406	   0.039682
  34.326172	   0.055144
  34.335938	   0.087176
  34.345703	   0.124550
  34.355469	   0.154958
  34.365234	   0.168832
  34.375000	   0.162244
  34.384766	   0.137967
  34.394531	   0.104348
  34.404297	   0.072374
  34.414062	   0.051906
  34.423828	   0.048315
  34.433594	   0.060649
  34.443359	   0.081921
  34.453125	   0.101448
  34.462891	   0.108449
  34.472656	   0.095741
  34.482422	   0.062311
  34.492188	   0.013926
  34.501953	  -0.038404
  34.511719	  -0.081620
  34.521484	  -0.104440
  34.531250	  -0.100609
  34.541016	  -0.070598
  34.550781	  -0.021280
  34.560547	   0.036212
  34.570312	   0.089704
  34.580078	   0.129221
  34.589844	   0.149286
  34.599609	   0.149669
  34.609375	   0.134534
  34.619141	   0.110468
  34.628906	   0.084157
  34.638672	   0.060543
  34.648438	   0.041979
  34.658203	   0.028537
  34.667969	   0.019107
  34.677734	   0.012735
  34.687500	   0.009551
  34.697266	   0.010890
  34.707031	   0.018582
  34.716797	   0.033732
  34.726562	   0.055565
  34.736328	   0.080878
  34.746094	   0.104443
  34.755859	   0.120303
  34.765625	   0.123566
  34.775391	   0.112075
  34.785156	   0.087328
  34.794922	   0.054294
  34.804688	   0.020120
  34.814453	  -0.007860
  34.824219	  -0.024186
  34.833984	  -0.026728
  34.843750	  -0.017081
  34.853516	   0.000175
  34.863281	   0.019050
  34.873047	   0.033995
  34.882812	   0.041376
  34.892578	   0.040129
  34.902344	   0.031461
  34.912109	   0.017805
  34.921875	   0.001519
  34.931641	  -0.016134
  34.941406	  -0.035340
  34.951172	  -0.057326
  34.960938	  -0.083415
  34.970703	  -0.114006
  34.980469	  -0.147935
  34.990234	  -0.182562
  35.000000	  -0.214570
  35.009766	  -0.241183
  35.019531	  -0.261297
  35.029297	  -0.276009
  35.039062	  -0.288259
  35.048828	  -0.301621
  35.058594	  -0.318644
  35.068359	  -0.339374
  35.078125	  -0.360650
  35.087891	  -0.376568
  35.097656	  -0.380071
  35.107422	  -0.365220
  35.117188	  -0.329424
  35.126953	  -0.274834
  35.136719	  -0.208377
  35.146484	  -0.140316
  35.156250	  -0.081699
  35.166016	  -0.041464
  35.175781	  -0.024072
  35.185547	  -0.028394
  35.195312	  -0.048165
  35.205078	  -0.073850
  35.214844	  -0.095280
  35.224609	  -0.104263
  35.234375	  -0.096367
  35.244141	  -0.071450
  35.253906	  -0.032910
  35.263672	   0.013931
  35.273438	   0.063652
  35.283203	   0.112125
  35.292969	   0.157056
  35.302734	   0.197647
  35.312500	   0.233686
  35.322266	   0.264593
  35.332031	   0.288918
  35.341797	   0.304558
  35.351562	   0.309623
  35.361328	   0.303566
  35.371094	   0.288035
  35.380859	   0.267001
  35.390625	   0.245970
  35.400391	   0.230469
  35.410156	   0.224323
  35.419922	   0.228371
  35.429688	   0.240137
  35.439453	   0.254659
  35.449219	   0.266223
  35.458984	   0.270395
  35.468750	   0.265584
  35.478516	   0.253504
  35.488281	   0.238304
  35.498047	   0.224626
  35.507812	   0.215314
  35.517578	   0.209673
  35.527344	   0.203066
  35.537109	   0.188156
  35.546875	   0.157531
  35.556641	   0.106853
  35.566406	   0.037422
  35.576172	  -0.042907
  35.585938	  -0.120985
  35.595703	  -0.181656
  35.605469	  -0.212175
  35.615234	  -0.206396
  35.625000	  -0.167329
  35.634766	  -0.107111
  35.644531	  -0.044196
  35.654297	   0.001531
  35.664062	   0.014307
  35.673828	  -0.012942
  35.683594	  -0.076459
  35.693359	  -0.162610
  35.703125	  -0.251707
  35.712891	  -0.323547
  35.722656	  -0.363010
  35.732422	  -0.364046
  35.742188	  -0.330899
  35.751953	  -0.276290
  35.761719	  -0.217234
  35.771484	  -0.169855
  35.781250	  -0.144817
  35.791016	  -0.144748
  35.800781	  -0.164292
  35.810547	  -0.192601
  35.820312	  -0.217287
  35.830078	  -0.228477
  35.839844	  -0.221648
  35.849609	  -0.198440
  35.859375	  -0.165363
  35.869141	  -0.131016
  35.878906	  -0.102925
  35.888672	  -0.085123
  35.898438	  -0.077278
  35.908203	  -0.075555
  35.917969	  -0.074778
  35.927734	  -0.070977
  35.937500	  -0.063327
  35.947266	  -0.054729
  35.957031	  -0.050799
  35.966797	  -0.057635
  35.976562	  -0.079173
  35.986328	  -0.115111
  35.996094	  -0.160174
  36.005859	  -0.205047
  36.015625	  -0.238736
  36.025391	  -0.251625
  36.035156	  -0.238290
  36.044922	  -0.199188
  36.054688	  -0.140719
  36.064453	  -0.073663
  36.074219	  -0.010463
  36.083984	   0.037835
  36.093750	   0.064153
  36.103516	   0.066808
  36.113281	   0.049535
  36.123047	   0.020217
  36.132812	  -0.011211
  36.142578	  -0.035106
  36.152344	  -0.044140
  36.162109	  -0.034620
  36.171875	  -0.006953
  36.181641	   0.034707
  36.191406	   0.083433
  36.201172	   0.130909
  36.210938	   0.168977
  36.220703	   0.191163
  36.230469	   0.193951
  36.240234	   0.177621
  36.250000	   0.146413
  36.259766	   0.107892
  36.269531	   0.071500
  36.279297	   0.046487
  36.289062	   0.039653
  36.298828	   0.053476
  36.308594	   0.085194
  36.318359	   0.127248
  36.328125	   0.169107
  36.337891	   0.200101
  36.347656	   0.212483
  36.357422	   0.203820
  36.367188	   0.177904
  36.376953	   0.143783
  36.386719	   0.113091
  36.396484	   0.096421
  36.406250	   0.099842
  36.416016	   0.122707
  36.425781	   0.157534
  36.435547	   0.192103
  36.445312	   0.213198
  36.455078	   0.210847
  36.464844	   0.181697
  36.474609	   0.130385
  36.484375	   0.068403
  36.494141	   0.010735
  36.503906	  -0.028677
  36.513672	  -0.041190
  36.523438	  -0.026044
  36.533203	   0.009595
  36.542969	   0.053162
  36.552734	   0.090961
  36.562500	   0.112747
  36.572266	   0.115078
  36.582031	   0.102294
  36.591797	   0.084765
  36.601562	   0.075013
  36.611328	   0.083000
  36.621094	   0.112246
  36.630859	   0.158120
  36.640625	   0.208974
  36.650391	   0.249797
  36.660156	   0.267217
  36.669922	   0.254190
  36.679688	   0.212782
  36.689453	   0.154082
  36.699219	   0.095201
  36.708984	   0.054281
  36.718750	   0.045103
  36.728516	   0.073001
  36.738281	   0.133365
  36.748047	   0.213149
  36.757812	   0.294851
  36.767578	   0.361627
  36.777344	   0.401875
  36.787109	   0.411890
  36.796875	   0.395853
  36.806641	   0.363337
  36.816406	   0.325354
  36.826172	   0.290362
  36.835938	   0.261636
  36.845703	   0.236827
  36.855469	   0.209731
  36.865234	   0.173509
  36.875000	   0.124083
  36.884766	   0.062400
  36.894531	  -0.005289
  36.904297	  -0.069288
  36.914062	  -0.119798
  36.923828	  -0.150560
  36.933594	  -0.161469
  36.943359	  -0.159204
  36.953125	  -0.155543
  36.962891	  -0.163856
  36.972656	  -0.194858
  36.982422	  -0.252976
  36.992188	  -0.334481
  37.001953	  -0.427982
  37.011719	  -0.517148
  37.021484	  -0.584847
  37.031250	  -0.617516
  37.041016	  -0.608553
  37.050781	  -0.559882
  37.060547	  -0.481410
  37.070312	  -0.388699
  37.080078	  -0.299571
  37.089844	  -0.230575
  37.099609	  -0.194068
  37.109375	  -0.196401
  37.119141	  -0.237296
  37.128906	  -0.310263
  37.138672	  -0.403734
  37.148438	  -0.502656
  37.158203	  -0.590368
  37.167969	  -0.650701
  37.177734	  -0.670222
  37.187500	  -0.640441
  37.197266	  -0.559657
  37.207031	  -0.433958
  37.216797	  -0.276925
  37.226562	  -0.107800
  37.236328	   0.051762
  37.246094	   0.181787
  37.255859	   0.268012
  37.265625	   0.304832
  37.275391	   0.296333
  37.285156	   0.255069
  37.294922	   0.198871
  37.304688	   0.146541
  37.314453	   0.113619
  37.324219	   0.109395
  37.333984	   0.135886
  37.343750	   0.188918
  37.353516	   0.260723
  37.363281	   0.343038
  37.373047	   0.429572
  37.382812	   0.517022
  37.392578	   0.604397
  37.402344	   0.691107
  37.412109	   0.774754
  37.421875	   0.849703
  37.431641	   0.907253
  37.441406	   0.937572
  37.451172	   0.932882
  37.460938	   0.890777
  37.470703	   0.816393
  37.480469	   0.722416
  37.490234	   0.626611
  37.500000	   0.547404
  37.509766	   0.498774
  37.519531	   0.486069
  37.529297	   0.504168
  37.539062	   0.538711
  37.548828	   0.570181
  37.558594	   0.579666
  37.568359	   0.554563
  37.578125	   0.492422
  37.587891	   0.401728
  37.597656	   0.299312
  37.607422	   0.205204
  37.617188	   0.136515
  37.626953	   0.102262
  37.636719	   0.100743
  37.646484	   0.120262
  37.656250	   0.142936
  37.666016	   0.150369
  37.675781	   0.129411
  37.685547	   0.076249
  37.695312	  -0.002371
  37.705078	  -0.091067
  37.714844	  -0.170199
  37.724609	  -0.221329
  37.734375	  -0.232109
  37.744141	  -0.199280
  37.753906	  -0.129074
  37.763672	  -0.035182
  37.773438	   0.064903
  37.783203	   0.153947
  37.792969	   0.218319
  37.802734	   0.249865
  37.812500	   0.246151
  37.822266	   0.209443
  37.832031	   0.145105
  37.841797	   0.060093
  37.851562	  -0.038002
  37.861328	  -0.141328
  37.871094	  -0.241830
  37.880859	  -0.331419
  37.890625	  -0.402598
  37.900391	  -0.449621
  37.910156	  -0.469919
  37.919922	  -0.465275
  37.929688	  -0.442210
  37.939453	  -0.411208
  37.949219	  -0.384776
  37.958984	  -0.374739
  37.968750	  -0.389451
  37.978516	  -0.431689
  37.988281	  -0.497800
  37.998047	  -0.578327
  38.007812	  -0.659912
  38.017578	  -0.727963
  38.027344	  -0.769394
  38.037109	  -0.774871
  38.046875	  -0.740182
  38.056641	  -0.666680
  38.066406	  -0.560955
  38.076172	  -0.433952
  38.085938	  -0.299743
  38.095703	  -0.173988
  38.105469	  -0.072059
  38.115234	  -0.006787
  38.125000	   0.013980
  38.134766	  -0.010378
  38.144531	  -0.071869
  38.154297	  -0.154053
  38.164062	  -0.234215
  38.173828	  -0.287528
  38.183594	  -0.292528
  38.193359	  -0.236635
  38.203125	  -0.120186
  38.212891	   0.042399
  38.222656	   0.225047
  38.232422	   0.395774
  38.242188	   0.524438
  38.251953	   0.590445
  38.261719	   0.588183
  38.271484	   0.528459
  38.281250	   0.435350
  38.291016	   0.339201
  38.300781	   0.267767
  38.310547	   0.238131
  38.320312	   0.251887
  38.330078	   0.295163
  38.339844	   0.343533
  38.349609	   0.370384
  38.359375	   0.356112
  38.369141	   0.295241
  38.378906	   0.199137
  38.388672	   0.093339
  38.398438	   0.010247
  38.408203	  -0.020629
  38.417969	   0.018147
  38.427734	   0.126177
  38.437500	   0.284677
  38.447266	   0.461298
  38.457031	   0.618796
  38.466797	   0.724879
  38.476562	   0.760238
  38.486328	   0.722443
  38.496094	   0.624760
  38.505859	   0.490603
  38.515625	   0.345651
  38.525391	   0.210334
  38.535156	   0.095060
  38.544922	  -0.000499
  38.554688	  -0.084235
  38.564453	  -0.166060
  38.574219	  -0.252280
  38.583984	  -0.342098
  38.593750	  -0.427572
  38.603516	  -0.497008
  38.613281	  -0.540429
  38.623047	  -0.554912
  38.632812	  -0.547567
  38.642578	  -0.534703
  38.652344	  -0.537117
  38.662109	  -0.572859
  38.671875	  -0.649874
  38.681641	  -0.761155
  38.691406	  -0.884369
  38.701172	  -0.986553
  38.710938	  -1.032822
  38.720703	  -0.996695
  38.730469	  -0.868948
  38.740234	  -0.662249
  38.750000	  -0.409978
  38.759766	  -0.159283
  38.769531	   0.039851
  38.779297	   0.146646
  38.789062	   0.139467
  38.798828	   0.021065
  38.808594	  -0.182125
  38.818359	  -0.426282
  38.828125	  -0.660276
  38.837891	  -0.836883
  38.847656	  -0.922390
  38.857422	  -0.902520
  38.867188	  -0.783701
  38.876953	  -0.589972
  38.886719	  -0.356751
  38.896484	  -0.123262
  38.906250	   0.074657
  38.916016	   0.210051
  38.925781	   0.268012
  38.935547	   0.246471
  38.945312	   0.155040
  38.955078	   0.012485
  38.964844	  -0.156587
  38.974609	  -0.325380
  38.984375	  -0.468555
  38.994141	  -0.565544
  39.003906	  -0.603183
  39.013672	  -0.577269
  39.023438	  -0.492730
  39.033203	  -0.362269
  39.042969	  -0.203675
  39.052734	  -0.036340
  39.062500	   0.122223
  39.072266	   0.259047
  39.082031	   0.366932
  39.091797	   0.444077
  39.101562	   0.492428
  39.111328	   0.515499
  39.121094	   0.516541
  39.130859	   0.497758
  39.140625	   0.460820
  39.150391	   0.408373
  39.160156	   0.345736
  39.169922	   0.281865
  39.179688	   0.228802
  39.189453	   0.199430
  39.199219	   0.203963
  39.208984	   0.246250
  39.218750	   0.321183
  39.228516	   0.414313
  39.238281	   0.504151
  39.248047	   0.566794
  39.257812	   0.581688
  39.267578	   0.536923
  39.277344	   0.432461
  39.287109	   0.280305
  39.296875	   0.101514
  39.306641	  -0.079046
  39.316406	  -0.238651
  39.326172	  -0.361593
  39.335938	  -0.441621
  39.345703	  -0.481409
  39.355469	  -0.489496
  39.365234	  -0.475972
  39.375000	  -0.448519
  39.384766	  -0.410205
  39.394531	  -0.359730
  39.404297	  -0.293851
  39.414062	  -0.210933
  39.423828	  -0.114099
  39.433594	  -0.012593
  39.443359	   0.079345
  39.453125	   0.145934
  39.462891	   0.174517
  39.472656	   0.159875
  39.482422	   0.106608
  39.492188	   0.028640
  39.501953	  -0.054162
  39.511719	  -0.121315
  39.521484	  -0.157339
  39.531250	  -0.155953
  39.541016	  -0.121531
  39.550781	  -0.067421
  39.560547	  -0.011725
  39.570312	   0.028083
  39.580078	   0.039994
  39.589844	   0.020331
  39.599609	  -0.026110
  39.609375	  -0.088426
  39.619141	  -0.153511
  39.628906	  -0.210094
  39.638672	  -0.251582
  39.648438	  -0.276948
  39.658203	  -0.289615
  39.667969	  -0.295047
  39.677734	  -0.298103
  39.687500	  -0.301199
  39.697266	  -0.303916
  39.707031	  -0.304010
  39.716797	  -0.299256
  39.726562	  -0.289206
  39.736328	  -0.276027
  39.746094	  -0.264036
  39.755859	  -0.258085
  39.765625	  -0.261507
  39.775391	  -0.274531
  39.785156	  -0.293915
  39.794922	  -0.314075
  39.804688	  -0.329355
  39.814453	  -0.336550
  39.824219	  -0.336646
  39.833984	  -0.334948
  39.843750	  -0.339354
  39.853516	  -0.357274
  39.863281	  -0.392250
  39.873047	  -0.441599
  39.882812	  -0.496090
  39.892578	  -0.542019
  39.902344	  -0.565191
  39.912109	  -0.555561
  39.921875	  -0.510977
  39.931641	  -0.438651
  39.941406	  -0.353707
  39.951172	  -0.275113
  39.960938	  -0.220200
  39.970703	  -0.199529
  39.980469	  -0.213746
  39.990234	  -0.253494
