# Time	Amplitude (cm/s/s)
   0.000000	   0.043337
   0.009766	   0.043198
   0.019531	   0.040740
   0.029297	   0.034827
   0.039062	   0.024843
   0.048828	   0.010359
   0.058594	  -0.008799
   0.068359	  -0.032144
   0.078125	  -0.058023
   0.087891	  -0.083347
   0.097656	  -0.103836
   0.107422	  -0.114826
   0.117188	  -0.112480
   0.126953	  -0.095008
   0.136719	  -0.063504
   0.146484	  -0.022044
   0.156250	   0.023032
   0.166016	   0.064482
   0.175781	   0.095805
   0.185547	   0.112673
   0.195312	   0.113781
   0.205078	   0.100907
   0.214844	   0.078250
   0.224609	   0.051283
   0.234375	   0.025493
   0.244141	   0.005333
   0.253906	  -0.006434
   0.263672	  -0.008968
   0.273438	  -0.003251
   0.283203	   0.008175
   0.292969	   0.021556
   0.302734	   0.032333
   0.312500	   0.035701
   0.322266	   0.027377
   0.332031	   0.004579
   0.341797	  -0.032951
   0.351562	  -0.082204
   0.361328	  -0.136816
   0.371094	  -0.187912
   0.380859	  -0.225922
   0.390625	  -0.243046
   0.400391	  -0.235737
   0.410156	  -0.206411
   0.419922	  -0.163665
   0.429688	  -0.120682
   0.439453	  -0.092001
   0.449219	  -0.089439
   0.458984	  -0.118309
   0.468750	  -0.175148
   0.478516	  -0.247826
   0.488281	  -0.318247
   0.498047	  -0.367052
   0.507812	  -0.379070
   0.517578	  -0.347915
   0.527344	  -0.278288
   0.537109	  -0.185182
   0.546875	  -0.090067
   0.556641	  -0.015098
   0.566406	   0.023004
   0.576172	   0.017560
   0.585938	  -0.026327
   0.595703	  -0.093469
   0.605469	  -0.163175
   0.615234	  -0.215338
   0.625000	  -0.236172
   0.634766	  -0.221855
   0.644531	  -0.179055
   0.654297	  -0.122275
   0.664062	  -0.068956
   0.673828	  -0.033970
   0.683594	  -0.025254
   0.693359	  -0.041889
   0.703125	  -0.075123
   0.712891	  -0.111810
   0.722656	  -0.138995
   0.732422	  -0.148057
   0.742188	  -0.137040
   0.751953	  -0.110492
   0.761719	  -0.077033
   0.771484	  -0.045649
   0.781250	  -0.022121
   0.791016	  -0.006912
   0.800781	   0.004758
   0.810547	   0.020716
   0.820312	   0.048370
   0.830078	   0.091313
   0.839844	   0.147283
   0.849609	   0.208315
   0.859375	   0.263103
   0.869141	   0.300795
   0.878906	   0.314904
   0.888672	   0.305936
   0.898438	   0.281737
   0.908203	   0.255351
   0.917969	   0.240996
   0.927734	   0.249451
   0.937500	   0.284364
   0.947266	   0.340690
   0.957031	   0.405821
   0.966797	   0.463081
   0.976562	   0.496508
   0.986328	   0.495461
   0.996094	   0.457657
   1.005859	   0.389763
   1.015625	   0.305467
   1.025391	   0.221690
   1.035156	   0.154144
   1.044922	   0.113559
   1.054688	   0.103585
   1.064453	   0.120793
   1.074219	   0.156522
   1.083984	   0.199806
   1.093750	   0.240385
   1.103516	   0.270930
   1.113281	   0.288001
   1.123047	   0.291748
   1.132812	   0.284756
   1.142578	   0.270644
   1.152344	   0.252966
   1.162109	   0.234684
   1.171875	   0.218187
   1.181641	   0.205563
   1.191406	   0.198764
   1.201172	   0.199414
   1.210938	   0.208266
   1.220703	   0.224536
   1.230469	   0.245509
   1.240234	   0.266739
   1.250000	   0.282946
   1.259766	   0.289424
   1.269531	   0.283501
   1.279297	   0.265485
   1.289062	   0.238689
   1.298828	   0.208406
   1.308594	   0.180129
   1.318359	   0.157622
   1.328125	   0.141543
   1.337891	   0.129184
   1.347656	   0.115495
   1.357422	   0.095081
   1.367188	   0.064461
   1.376953	   0.023754
   1.386719	  -0.022933
   1.396484	  -0.068635
   1.406250	  -0.105873
   1.416016	  -0.129423
   1.425781	  -0.138470
   1.435547	  -0.137291
   1.445312	  -0.134069
   1.455078	  -0.138120
   1.464844	  -0.156424
   1.474609	  -0.190652
   1.484375	  -0.235843
   1.494141	  -0.281339
   1.503906	  -0.313861
   1.513672	  -0.321844
   1.523438	  -0.299633
   1.533203	  -0.250128
   1.542969	  -0.184870
   1.552734	  -0.121374
   1.562500	  -0.078407
   1.572266	  -0.070611
   1.582031	  -0.104120
   1.591797	  -0.174552
   1.601562	  -0.268028
   1.611328	  -0.364936
   1.621094	  -0.445267
   1.630859	  -0.493926
   1.640625	  -0.504415
   1.650391	  -0.479868
   1.660156	  -0.431273
   1.669922	  -0.373599
   1.679688	  -0.321181
   1.689453	  -0.283844
   1.699219	  -0.264910
   1.708984	  -0.261509
   1.718750	  -0.266834
   1.728516	  -0.273301
   1.738281	  -0.275404
   1.748047	  -0.271227
   1.757812	  -0.262191
   1.767578	  -0.251318
   1.777344	  -0.240865
   1.787109	  -0.230424
   1.796875	  -0.216365
   1.806641	  -0.192949
   1.816406	  -0.154765
   1.826172	  -0.099546
   1.835938	  -0.030235
   1.845703	   0.044659
   1.855469	   0.112754
   1.865234	   0.161156
   1.875000	   0.180443
   1.884766	   0.167931
   1.894531	   0.129042
   1.904297	   0.076177
   1.914062	   0.025308
   1.923828	  -0.008705
   1.933594	  -0.016625
   1.943359	   0.002274
   1.953125	   0.039913
   1.962891	   0.081844
   1.972656	   0.111700
   1.982422	   0.116300
   1.992188	   0.089831
   2.001953	   0.035836
   2.011719	  -0.033596
   2.021484	  -0.101177
   2.031250	  -0.149275
   2.041016	  -0.164859
   2.050781	  -0.143122
   2.060547	  -0.088827
   2.070312	  -0.015129
   2.080078	   0.059668
   2.089844	   0.116413
   2.099609	   0.139301
   2.109375	   0.118955
   2.119141	   0.053803
   2.128906	  -0.050283
   2.138672	  -0.181711
   2.148438	  -0.325624
   2.158203	  -0.466460
   2.167969	  -0.590151
   2.177734	  -0.685775
   2.187500	  -0.746626
   2.197266	  -0.770812
   2.207031	  -0.761420
   2.216797	  -0.726193
   2.226562	  -0.676624
   2.236328	  -0.626350
   2.246094	  -0.588916
   2.255859	  -0.575192
   2.265625	  -0.590945
   2.275391	  -0.635205
   2.285156	  -0.699939
   2.294922	  -0.771333
   2.304688	  -0.832517
   2.314453	  -0.867204
   2.324219	  -0.863392
   2.333984	  -0.816234
   2.343750	  -0.729378
   2.353516	  -0.614465
   2.363281	  -0.488942
   2.373047	  -0.372763
   2.382812	  -0.284743
   2.392578	  -0.239335
   2.402344	  -0.244390
   2.412109	  -0.300139
   2.421875	  -0.399344
   2.431641	  -0.528396
   2.441406	  -0.669061
   2.451172	  -0.800692
   2.460938	  -0.902735
   2.470703	  -0.957465
   2.480469	  -0.952716
   2.490234	  -0.884273
   2.500000	  -0.757360
   2.509766	  -0.586654
   2.519531	  -0.394399
   2.529297	  -0.206596
   2.539062	  -0.047816
   2.548828	   0.064292
   2.558594	   0.123387
   2.568359	   0.136396
   2.578125	   0.122186
   2.587891	   0.106997
   2.597656	   0.117605
   2.607422	   0.173979
   2.617188	   0.283497
   2.626953	   0.438501
   2.636719	   0.618046
   2.646484	   0.793521
   2.656250	   0.936577
   2.666016	   1.027080
   2.675781	   1.058655
   2.685547	   1.040116
   2.695312	   0.992284
   2.705078	   0.941137
   2.714844	   0.909434
   2.724609	   0.909446
   2.734375	   0.939130
   2.744141	   0.982997
   2.753906	   1.017425
   2.763672	   1.018715
   2.773438	   0.971279
   2.783203	   0.873295
   2.792969	   0.737943
   2.802734	   0.589773
   2.812500	   0.457368
   2.822266	   0.364645
   2.832031	   0.323636
   2.841797	   0.331072
   2.851562	   0.369896
   2.861328	   0.415165
   2.871094	   0.442390
   2.880859	   0.435551
   2.890625	   0.392134
   2.900391	   0.323554
   2.910156	   0.250840
   2.919922	   0.197059
   2.929688	   0.179027
   2.939453	   0.201105
   2.949219	   0.253173
   2.958984	   0.313496
   2.968750	   0.355569
   2.978516	   0.356703
   2.988281	   0.305533
   2.998047	   0.205974
   3.007812	   0.076302
   3.017578	  -0.056369
   3.027344	  -0.164466
   3.037109	  -0.228534
   3.046875	  -0.243283
   3.056641	  -0.219230
   3.066406	  -0.179458
   3.076172	  -0.152546
   3.085938	  -0.163926
   3.095703	  -0.228320
   3.105469	  -0.345546
   3.115234	  -0.500826
   3.125000	  -0.669358
   3.134766	  -0.823573
   3.144531	  -0.940786
   3.154297	  -1.008952
   3.164062	  -1.028920
   3.173828	  -1.012773
   3.183594	  -0.979038
   3.193359	  -0.946478
   3.203125	  -0.928454
   3.212891	  -0.929562
   3.222656	  -0.945363
   3.232422	  -0.965063
   3.242188	  -0.976040
   3.251953	  -0.968663
   3.261719	  -0.939843
   3.271484	  -0.894292
   3.281250	  -0.843198
   3.291016	  -0.800870
   3.300781	  -0.780439
   3.310547	  -0.789934
   3.320312	  -0.829837
   3.330078	  -0.892736
   3.339844	  -0.965079
   3.349609	  -1.030457
   3.359375	  -1.073517
   3.369141	  -1.083493
   3.378906	  -1.056520
   3.388672	  -0.996248
   3.398438	  -0.912699
   3.408203	  -0.819677
   3.417969	  -0.731365
   3.427734	  -0.658887
   3.437500	  -0.607597
   3.447266	  -0.575733
   3.457031	  -0.554776
   3.466797	  -0.531508
   3.476562	  -0.491373
   3.486328	  -0.422397
   3.496094	  -0.318715
   3.505859	  -0.182763
   3.515625	  -0.025442
   3.525391	   0.135967
   3.535156	   0.281758
   3.544922	   0.394693
   3.554688	   0.464527
   3.564453	   0.490863
   3.574219	   0.483419
   3.583984	   0.459453
   3.593750	   0.438966
   3.603516	   0.438964
   3.613281	   0.468452
   3.623047	   0.525681
   3.632812	   0.598569
   3.642578	   0.668243
   3.652344	   0.714720
   3.662109	   0.723020
   3.671875	   0.687818
   3.681641	   0.615195
   3.691406	   0.520890
   3.701172	   0.425605
   3.710938	   0.348835
   3.720703	   0.303182
   3.730469	   0.290967
   3.740234	   0.304196
   3.750000	   0.327815
   3.759766	   0.345132
   3.769531	   0.343544
   3.779297	   0.318621
   3.789062	   0.275209
   3.798828	   0.225202
   3.808594	   0.182846
   3.818359	   0.159251
   3.828125	   0.158108
   3.837891	   0.174150
   3.847656	   0.194962
   3.857422	   0.205518
   3.867188	   0.193879
   3.876953	   0.155985
   3.886719	   0.097804
   3.896484	   0.033957
   3.906250	  -0.016801
   3.916016	  -0.037754
   3.925781	  -0.019960
   3.935547	   0.034482
   3.945312	   0.112814
   3.955078	   0.195611
   3.964844	   0.263071
   3.974609	   0.301499
   3.984375	   0.307727
   3.994141	   0.289943
   4.003906	   0.264553
   4.013672	   0.250106
   4.023438	   0.260309
   4.033203	   0.298532
   4.042969	   0.355730
   4.052734	   0.412581
   4.062500	   0.445280
   4.072266	   0.433137
   4.082031	   0.365576
   4.091797	   0.246258
   4.101562	   0.092985
   4.111328	  -0.066619
   4.121094	  -0.202325
   4.130859	  -0.289227
   4.140625	  -0.314016
   4.150391	  -0.277863
   4.160156	  -0.195269
   4.169922	  -0.089490
   4.179688	   0.013850
   4.189453	   0.092991
   4.199219	   0.134390
   4.208984	   0.134270
   4.218750	   0.097445
   4.228516	   0.034333
   4.238281	  -0.042496
   4.248047	  -0.121046
   4.257812	  -0.191247
   4.267578	  -0.244990
   4.277344	  -0.275540
   4.287109	  -0.277194
   4.296875	  -0.245837
   4.306641	  -0.180470
   4.316406	  -0.085147
   4.326172	   0.029698
   4.335938	   0.147545
   4.345703	   0.248265
   4.355469	   0.312528
   4.365234	   0.327083
   4.375000	   0.289281
   4.384766	   0.209235
   4.394531	   0.108554
   4.404297	   0.015641
   4.414062	  -0.041384
   4.423828	  -0.042177
   4.433594	   0.020106
   4.443359	   0.136617
   4.453125	   0.284913
   4.462891	   0.434798
   4.472656	   0.556245
   4.482422	   0.627108
   4.492188	   0.638424
   4.501953	   0.595886
   4.511719	   0.517248
   4.521484	   0.426650
   4.531250	   0.347702
   4.541016	   0.297407
   4.550781	   0.282566
   4.560547	   0.299433
   4.570312	   0.336287
   4.580078	   0.377776
   4.589844	   0.409455
   4.599609	   0.421151
   4.609375	   0.408373
   4.619141	   0.371772
   4.628906	   0.315342
   4.638672	   0.244340
   4.648438	   0.163815
   4.658203	   0.078159
   4.667969	  -0.008458
   4.677734	  -0.091381
   4.687500	  -0.165178
   4.697266	  -0.224249
   4.707031	  -0.264319
   4.716797	  -0.284268
   4.726562	  -0.287465
   4.736328	  -0.281799
   4.746094	  -0.278064
   4.755859	  -0.286936
   4.765625	  -0.315474
   4.775391	  -0.364324
   4.785156	  -0.426749
   4.794922	  -0.490011
   4.804688	  -0.538858
   4.814453	  -0.560060
   4.824219	  -0.546526
   4.833984	  -0.499572
   4.843750	  -0.428515
   4.853516	  -0.347672
   4.863281	  -0.271756
   4.873047	  -0.211253
   4.882812	  -0.169388
   4.892578	  -0.141756
   4.902344	  -0.118727
   4.912109	  -0.089744
   4.921875	  -0.047927
   4.931641	   0.006747
   4.941406	   0.066899
   4.951172	   0.120104
   4.960938	   0.153336
   4.970703	   0.157876
   4.980469	   0.132861
   4.990234	   0.086094
   5.000000	   0.031706
   5.009766	  -0.014568
   5.019531	  -0.040839
   5.029297	  -0.043278
   5.039062	  -0.027498
   5.048828	  -0.006540
   5.058594	   0.003892
   5.068359	  -0.008726
   5.078125	  -0.048948
   5.087891	  -0.111395
   5.097656	  -0.182421
   5.107422	  -0.244889
   5.117188	  -0.284371
   5.126953	  -0.294520
   5.136719	  -0.279595
   5.146484	  -0.253088
   5.156250	  -0.232820
   5.166016	  -0.234164
   5.175781	  -0.263823
   5.185547	  -0.316466
   5.195312	  -0.375605
   5.205078	  -0.418614
   5.214844	  -0.424302
   5.224609	  -0.380492
   5.234375	  -0.288954
   5.244141	  -0.165863
   5.253906	  -0.037459
   5.263672	   0.067776
   5.273438	   0.127875
   5.283203	   0.134197
   5.292969	   0.093980
   5.302734	   0.027790
   5.312500	  -0.037287
   5.322266	  -0.076433
   5.332031	  -0.074913
   5.341797	  -0.032353
   5.351562	   0.037878
   5.361328	   0.113844
   5.371094	   0.172895
   5.380859	   0.199445
   5.390625	   0.189992
   5.400391	   0.153758
   5.410156	   0.108821
   5.419922	   0.075249
   5.429688	   0.067709
   5.439453	   0.090181
   5.449219	   0.134584
   5.458984	   0.183719
   5.468750	   0.217405
   5.478516	   0.219579
   5.488281	   0.183872
   5.498047	   0.115753
   5.507812	   0.030612
   5.517578	  -0.051409
   5.527344	  -0.111935
   5.537109	  -0.139911
   5.546875	  -0.134348
   5.556641	  -0.103507
   5.566406	  -0.061060
   5.576172	  -0.020861
   5.585938	   0.007686
   5.595703	   0.022001
   5.605469	   0.025764
   5.615234	   0.025937
   5.625000	   0.028790
   5.634766	   0.036712
   5.644531	   0.047177
   5.654297	   0.054275
   5.664062	   0.052108
   5.673828	   0.038518
   5.683594	   0.017377
   5.693359	  -0.001751
   5.703125	  -0.006760
   5.712891	   0.012108
   5.722656	   0.057500
   5.732422	   0.122348
   5.742188	   0.190778
   5.751953	   0.242602
   5.761719	   0.260090
   5.771484	   0.234693
   5.781250	   0.171203
   5.791016	   0.087573
   5.800781	   0.010095
   5.810547	  -0.034748
   5.820312	  -0.029095
   5.830078	   0.029825
   5.839844	   0.127962
   5.849609	   0.238264
   5.859375	   0.329013
   5.869141	   0.373994
   5.878906	   0.361134
   5.888672	   0.296668
   5.898438	   0.203360
   5.908203	   0.113302
   5.917969	   0.057677
   5.927734	   0.056890
   5.937500	   0.114341
   5.947266	   0.215853
   5.957031	   0.334777
   5.966797	   0.440883
   5.976562	   0.509865
   5.986328	   0.530174
   5.996094	   0.504975
   6.005859	   0.448832
   6.015625	   0.380679
   6.025391	   0.315947
   6.035156	   0.260965
   6.044922	   0.211760
   6.054688	   0.157658
   6.064453	   0.088102
   6.074219	  -0.000198
   6.083984	  -0.098908
   6.093750	  -0.188650
   6.103516	  -0.244748
   6.113281	  -0.246323
   6.123047	  -0.185419
   6.132812	  -0.072573
   6.142578	   0.063709
   6.152344	   0.184019
   6.162109	   0.249707
   6.171875	   0.235378
   6.181641	   0.137919
   6.191406	  -0.021292
   6.201172	  -0.202132
   6.210938	  -0.357850
   6.220703	  -0.449744
   6.230469	  -0.459538
   6.240234	  -0.395294
   6.250000	  -0.288789
   6.259766	  -0.185146
   6.269531	  -0.128142
   6.279297	  -0.146113
   6.289062	  -0.243120
   6.298828	  -0.398248
   6.308594	  -0.573080
   6.318359	  -0.724586
   6.328125	  -0.818854
   6.337891	  -0.840953
   6.347656	  -0.797676
   6.357422	  -0.712623
   6.367188	  -0.615837
   6.376953	  -0.532168
   6.386719	  -0.472877
   6.396484	  -0.433656
   6.406250	  -0.399627
   6.416016	  -0.355095
   6.425781	  -0.293840
   6.435547	  -0.225334
   6.445312	  -0.173731
   6.455078	  -0.169259
   6.464844	  -0.234704
   6.474609	  -0.371981
   6.484375	  -0.554277
   6.494141	  -0.727706
   6.503906	  -0.823300
   6.513672	  -0.776460
   6.523438	  -0.548029
   6.533203	  -0.140111
   6.542969	   0.399049
   6.552734	   0.983537
   6.562500	   1.509791
   6.572266	   1.882620
   6.582031	   2.039630
   6.591797	   1.966901
   6.601562	   1.701517
   6.611328	   1.320694
   6.621094	   0.921409
   6.630859	   0.597107
   6.640625	   0.418470
   6.650391	   0.423191
   6.660156	   0.616099
   6.669922	   0.977194
   6.679688	   1.472508
   6.689453	   2.062349
   6.699219	   2.703417
   6.708984	   3.344747
   6.718750	   3.921035
   6.728516	   4.349095
   6.738281	   4.532858
   6.748047	   4.379424
   6.757812	   3.824026
   6.767578	   2.857076
   6.777344	   1.543660
   6.787109	   0.026261
   6.796875	  -1.494522
   6.806641	  -2.799846
   6.816406	  -3.704496
   6.826172	  -4.106777
   6.835938	  -4.021052
   6.845703	  -3.581024
   6.855469	  -3.009568
   6.865234	  -2.560807
   6.875000	  -2.449149
   6.884766	  -2.785215
   6.894531	  -3.538037
   6.904297	  -4.536393
   6.914062	  -5.511216
   6.923828	  -6.168918
   6.933594	  -6.275730
   6.943359	  -5.728961
   6.953125	  -4.593877
   6.962891	  -3.094119
   6.972656	  -1.556686
   6.982422	  -0.325660
   6.992188	   0.331824
   7.001953	   0.301175
   7.011719	  -0.343808
   7.021484	  -1.355204
   7.031250	  -2.371726
   7.041016	  -3.009551
   7.050781	  -2.958698
   7.060547	  -2.059437
   7.070312	  -0.339305
   7.080078	   1.997351
   7.089844	   4.622341
   7.099609	   7.163056
   7.109375	   9.286354
   7.119141	  10.765422
   7.128906	  11.514604
   7.138672	  11.587246
   7.148438	  11.142100
   7.158203	  10.391677
   7.167969	   9.548911
   7.177734	   8.786355
   7.187500	   8.215943
   7.197266	   7.889492
   7.207031	   7.813423
   7.216797	   7.967602
   7.226562	   8.318834
   7.236328	   8.823721
   7.246094	   9.421589
   7.255859	  10.023660
   7.265625	  10.507488
   7.275391	  10.724715
   7.285156	  10.525705
   7.294922	   9.797898
   7.304688	   8.508279
   7.314453	   6.736333
   7.324219	   4.684002
   7.333984	   2.653886
   7.343750	   0.995128
   7.353516	   0.025986
   7.363281	  -0.049821
   7.373047	   0.788285
   7.382812	   2.344109
   7.392578	   4.219080
   7.402344	   5.876685
   7.412109	   6.746482
   7.421875	   6.346452
   7.431641	   4.396260
   7.441406	   0.894286
   7.451172	  -3.861765
   7.460938	  -9.318601
   7.470703	 -14.768562
   7.480469	 -19.487744
   7.490234	 -22.881105
   7.500000	 -24.602163
   7.509766	 -24.620055
   7.519531	 -23.218528
   7.529297	 -20.927068
   7.539062	 -18.400237
   7.548828	 -16.273336
   7.558594	 -15.027844
   7.568359	 -14.897255
   7.578125	 -15.833555
   7.587891	 -17.539370
   7.597656	 -19.554551
   7.607422	 -21.372913
   7.617188	 -22.558437
   7.626953	 -22.832061
   7.636719	 -22.109656
   7.646484	 -20.486233
   7.656250	 -18.176631
   7.666016	 -15.434676
   7.675781	 -12.477593
   7.685547	  -9.439073
   7.695312	  -6.363848
   7.705078	  -3.242279
   7.714844	  -0.069720
   7.724609	   3.093290
   7.734375	   6.084796
   7.744141	   8.646407
   7.753906	  10.473076
   7.763672	  11.295631
   7.773438	  10.971493
   7.783203	   9.553793
   7.792969	   7.313348
   7.802734	   4.700709
   7.812500	   2.253354
   7.822266	   0.470469
   7.832031	  -0.310667
   7.841797	  -0.000931
   7.851562	   1.218391
   7.861328	   2.946369
   7.871094	   4.674031
   7.880859	   5.926298
   7.890625	   6.393912
   7.900391	   6.016943
   7.910156	   4.994971
   7.919922	   3.720332
   7.929688	   2.653633
   7.939453	   2.178256
   7.949219	   2.477420
   7.958984	   3.471169
   7.968750	   4.833298
   7.978516	   6.084490
   7.988281	   6.735205
   7.998047	   6.436627
   8.007812	   5.095143
   8.017578	   2.916099
   8.027344	   0.363045
   8.037109	  -1.956819
   8.046875	  -3.448957
   8.056641	  -3.685699
   8.066406	  -2.515545
   8.076172	  -0.098190
   8.085938	   3.142461
   8.095703	   6.631670
   8.105469	   9.789957
   8.115234	  12.170499
   8.125000	  13.550996
   8.134766	  13.958231
   8.144531	  13.624152
   8.154297	  12.892108
   8.164062	  12.104935
   8.173828	  11.509404
   8.183594	  11.203705
   8.193359	  11.139214
   8.203125	  11.169910
   8.212891	  11.128199
   8.222656	  10.898987
   8.232422	  10.466465
   8.242188	   9.918853
   8.251953	   9.411570
   8.261719	   9.103726
   8.271484	   9.091836
   8.281250	   9.365369
   8.291016	   9.801139
   8.300781	  10.200179
   8.310547	  10.356060
   8.320312	  10.132440
   8.330078	   9.523535
   8.339844	   8.675595
   8.349609	   7.859047
   8.359375	   7.396158
   8.369141	   7.563256
   8.378906	   8.495392
   8.388672	  10.122026
   8.398438	  12.154708
   8.408203	  14.133744
   8.417969	  15.524652
   8.427734	  15.841225
   8.437500	  14.764215
   8.447266	  12.225139
   8.457031	   8.433274
   8.466797	   3.838211
   8.476562	  -0.963498
   8.486328	  -5.355260
   8.496094	  -8.830638
   8.505859	 -11.096313
   8.515625	 -12.124555
   8.525391	 -12.144684
   8.535156	 -11.577788
   8.544922	 -10.932124
   8.554688	 -10.685010
   8.564453	 -11.178816
   8.574219	 -12.553792
   8.583984	 -14.730438
   8.593750	 -17.441670
   8.603516	 -20.303310
   8.613281	 -22.903234
   8.623047	 -24.886728
   8.632812	 -26.018519
   8.642578	 -26.209599
   8.652344	 -25.507035
   8.662109	 -24.054782
   8.671875	 -22.040396
   8.681641	 -19.644832
   8.691406	 -17.009722
   8.701172	 -14.229631
   8.710938	 -11.368015
   8.720703	  -8.487447
   8.730469	  -5.679909
   8.740234	  -3.082787
   8.750000	  -0.871072
   8.759766	   0.775455
   8.769531	   1.722005
   8.779297	   1.930214
   8.789062	   1.493219
   8.798828	   0.639367
   8.808594	  -0.302184
   8.818359	  -0.969439
   8.828125	  -1.053608
   8.837891	  -0.380500
   8.847656	   1.036317
   8.857422	   2.987976
   8.867188	   5.113863
   8.876953	   6.987356
   8.886719	   8.222199
   8.896484	   8.570930
   8.906250	   7.987893
   8.916016	   6.638529
   8.925781	   4.851649
   8.935547	   3.027838
   8.945312	   1.530190
   8.955078	   0.589154
   8.964844	   0.249471
   8.974609	   0.374795
   8.984375	   0.708282
   8.994141	   0.970180
   9.003906	   0.961731
   9.013672	   0.642104
   9.023438	   0.152784
   9.033203	  -0.220331
   9.042969	  -0.137518
   9.052734	   0.678091
   9.062500	   2.333620
   9.072266	   4.703804
   9.082031	   7.434958
   9.091797	  10.018587
   9.101562	  11.916745
   9.111328	  12.704998
   9.121094	  12.192314
   9.130859	  10.482488
   9.140625	   7.957524
   9.150391	   5.185297
   9.160156	   2.775340
   9.169922	   1.221642
   9.179688	   0.775329
   9.189453	   1.381991
   9.199219	   2.700514
   9.208984	   4.197727
   9.218750	   5.292512
   9.228516	   5.510021
   9.238281	   4.604837
   9.248047	   2.621478
   9.257812	  -0.121354
   9.267578	  -3.115450
   9.277344	  -5.791325
   9.287109	  -7.654483
   9.296875	  -8.394326
   9.306641	  -7.940122
   9.316406	  -6.454458
   9.326172	  -4.272075
   9.335938	  -1.805669
   9.345703	   0.553253
   9.355469	   2.512379
   9.365234	   3.918520
   9.375000	   4.755407
   9.384766	   5.107841
   9.394531	   5.109135
   9.404297	   4.890991
   9.414062	   4.551006
   9.423828	   4.144649
   9.433594	   3.699045
   9.443359	   3.238349
   9.453125	   2.807272
   9.462891	   2.481173
   9.472656	   2.357039
   9.482422	   2.527375
   9.492188	   3.045879
   9.501953	   3.897320
   9.511719	   4.983313
   9.521484	   6.130879
   9.531250	   7.123565
   9.541016	   7.747709
   9.550781	   7.841558
   9.560547	   7.333822
   9.570312	   6.261180
   9.580078	   4.760206
   9.589844	   3.036329
   9.599609	   1.318583
   9.609375	  -0.187789
   9.619141	  -1.339017
   9.628906	  -2.072530
   9.638672	  -2.406091
   9.648438	  -2.419589
   9.658203	  -2.227067
   9.667969	  -1.948225
   9.677734	  -1.687272
   9.687500	  -1.523377
   9.697266	  -1.512315
   9.707031	  -1.694905
   9.716797	  -2.105737
   9.726562	  -2.776098
   9.736328	  -3.727753
   9.746094	  -4.958362
   9.755859	  -6.423299
   9.765625	  -8.021245
   9.775391	  -9.591083
   9.785156	 -10.925137
   9.794922	 -11.799333
   9.804688	 -12.015616
   9.814453	 -11.447504
   9.824219	 -10.077424
   9.833984	  -8.015215
   9.843750	  -5.491033
   9.853516	  -2.821804
   9.863281	  -0.357045
   9.873047	   1.584624
   9.882812	   2.774081
   9.892578	   3.111897
   9.902344	   2.640786
   9.912109	   1.527680
   9.921875	   0.020323
   9.931641	  -1.610386
   9.941406	  -3.127612
   9.951172	  -4.371118
   9.960938	  -5.275120
   9.970703	  -5.858475
   9.980469	  -6.191966
   9.990234	  -6.353909
  10.000000	  -6.388512
  10.009766	  -6.280491
  10.019531	  -5.954451
  10.029297	  -5.300045
  10.039062	  -4.215790
  10.048828	  -2.658302
  10.058594	  -0.681250
  10.068359	   1.549511
  10.078125	   3.771890
  10.087891	   5.673185
  10.097656	   6.955323
  10.107422	   7.403520
  10.117188	   6.940398
  10.126953	   5.650794
  10.136719	   3.769777
  10.146484	   1.635932
  10.156250	  -0.379131
  10.166016	  -1.947996
  10.175781	  -2.852979
  10.185547	  -3.024981
  10.195312	  -2.547951
  10.205078	  -1.630116
  10.214844	  -0.551183
  10.224609	   0.400244
  10.234375	   0.983973
  10.244141	   1.048305
  10.253906	   0.546913
  10.263672	  -0.466913
  10.273438	  -1.862719
  10.283203	  -3.463523
  10.292969	  -5.076545
  10.302734	  -6.518773
  10.312500	  -7.635796
  10.322266	  -8.315307
  10.332031	  -8.497795
  10.341797	  -8.185818
  10.351562	  -7.450712
  10.361328	  -6.432930
  10.371094	  -5.331052
  10.380859	  -4.375856
  10.390625	  -3.789785
  10.400391	  -3.737608
  10.410156	  -4.279241
  10.419922	  -5.338298
  10.429688	  -6.698660
  10.439453	  -8.035615
  10.449219	  -8.979202
  10.458984	  -9.197671
  10.468750	  -8.481360
  10.478516	  -6.804640
  10.488281	  -4.347132
  10.498047	  -1.464852
  10.507812	   1.384999
  10.517578	   3.748824
  10.527344	   5.284965
  10.537109	   5.847122
  10.546875	   5.519892
  10.556641	   4.595660
  10.566406	   3.497826
  10.576172	   2.670149
  10.585938	   2.461666
  10.595703	   3.038123
  10.605469	   4.343733
  10.615234	   6.123090
  10.625000	   7.996320
  10.634766	   9.565717
  10.644531	  10.523574
  10.654297	  10.731066
  10.664062	  10.246832
  10.673828	   9.298676
  10.683594	   8.208288
  10.693359	   7.292148
  10.703125	   6.768105
  10.712891	   6.694715
  10.722656	   6.960154
  10.732422	   7.322624
  10.742188	   7.489019
  10.751953	   7.207739
  10.761719	   6.348027
  10.771484	   4.942847
  10.781250	   3.183556
  10.791016	   1.368962
  10.800781	  -0.175520
  10.810547	  -1.184827
  10.820312	  -1.522631
  10.830078	  -1.212741
  10.839844	  -0.426423
  10.849609	   0.568628
  10.859375	   1.481495
  10.869141	   2.071985
  10.878906	   2.205186
  10.888672	   1.873438
  10.898438	   1.182810
  10.908203	   0.311443
  10.917969	  -0.545602
  10.927734	  -1.228046
  10.937500	  -1.644598
  10.947266	  -1.782455
  10.957031	  -1.693174
  10.966797	  -1.463051
  10.976562	  -1.179875
  10.986328	  -0.907432
  10.996094	  -0.674968
  11.005859	  -0.482717
  11.015625	  -0.318625
  11.025391	  -0.177807
  11.035156	  -0.075860
  11.044922	  -0.050148
  11.054688	  -0.148110
  11.064453	  -0.406912
  11.074219	  -0.832336
  11.083984	  -1.385504
  11.093750	  -1.983652
  11.103516	  -2.516471
  11.113281	  -2.874177
  11.123047	  -2.979184
  11.132812	  -2.811575
  11.142578	  -2.419949
  11.152344	  -1.913384
  11.162109	  -1.435780
  11.171875	  -1.129126
  11.181641	  -1.095604
  11.191406	  -1.368922
  11.201172	  -1.902753
  11.210938	  -2.579492
  11.220703	  -3.237000
  11.230469	  -3.706351
  11.240234	  -3.850957
  11.250000	  -3.597462
  11.259766	  -2.951377
  11.269531	  -1.994577
  11.279297	  -0.866369
  11.289062	   0.266426
  11.298828	   1.242877
  11.308594	   1.937347
  11.318359	   2.279149
  11.328125	   2.259563
  11.337891	   1.926373
  11.347656	   1.368657
  11.357422	   0.696069
  11.367188	   0.017236
  11.376953	  -0.578689
  11.386719	  -1.034490
  11.396484	  -1.329979
  11.406250	  -1.479722
  11.416016	  -1.524559
  11.425781	  -1.518930
  11.435547	  -1.516573
  11.445312	  -1.557382
  11.455078	  -1.657992
  11.464844	  -1.808084
  11.474609	  -1.973288
  11.484375	  -2.104193
  11.494141	  -2.149526
  11.503906	  -2.070424
  11.513672	  -1.852233
  11.523438	  -1.510690
  11.533203	  -1.090630
  11.542969	  -0.657274
  11.552734	  -0.282131
  11.562500	  -0.027096
  11.572266	   0.069139
  11.582031	  -0.001174
  11.591797	  -0.214820
  11.601562	  -0.525048
  11.611328	  -0.874078
  11.621094	  -1.207029
  11.630859	  -1.483430
  11.640625	  -1.683504
  11.650391	  -1.808241
  11.660156	  -1.874274
  11.669922	  -1.906070
  11.679688	  -1.928473
  11.689453	  -1.961989
  11.699219	  -2.021729
  11.708984	  -2.119225
  11.718750	  -2.265008
  11.728516	  -2.469537
  11.738281	  -2.740866
  11.748047	  -3.079062
  11.757812	  -3.469282
  11.767578	  -3.876679
  11.777344	  -4.246453
  11.787109	  -4.511079
  11.796875	  -4.604402
  11.806641	  -4.479596
  11.816406	  -4.125905
  11.826172	  -3.578523
  11.835938	  -2.917195
  11.845703	  -2.252123
  11.855469	  -1.699492
  11.865234	  -1.352458
  11.875000	  -1.255394
  11.884766	  -1.388950
  11.894531	  -1.670862
  11.904297	  -1.973188
  11.914062	  -2.151952
  11.923828	  -2.081484
  11.933594	  -1.684255
  11.943359	  -0.948236
  11.953125	   0.072601
  11.962891	   1.274090
  11.972656	   2.528738
  11.982422	   3.715378
  11.992188	   4.742930
  12.001953	   5.561924
  12.011719	   6.161702
  12.021484	   6.556044
  12.031250	   6.763733
  12.041016	   6.791993
  12.050781	   6.629476
  12.060547	   6.251730
  12.070312	   5.637382
  12.080078	   4.788963
  12.089844	   3.750133
  12.099609	   2.611621
  12.109375	   1.501613
  12.119141	   0.561364
  12.128906	  -0.088023
  12.138672	  -0.378160
  12.148438	  -0.315184
  12.158203	   0.016777
  12.167969	   0.472945
  12.177734	   0.882417
  12.187500	   1.091029
  12.197266	   1.000933
  12.207031	   0.595951
  12.216797	  -0.054392
  12.226562	  -0.813250
  12.236328	  -1.512075
  12.246094	  -1.993548
  12.255859	  -2.150107
  12.265625	  -1.947972
  12.275391	  -1.430973
  12.285156	  -0.704426
  12.294922	   0.095227
  12.304688	   0.835689
  12.314453	   1.419010
  12.324219	   1.799067
  12.333984	   1.982961
  12.343750	   2.017978
  12.353516	   1.969791
  12.363281	   1.899493
  12.373047	   1.846537
  12.382812	   1.821880
  12.392578	   1.811911
  12.402344	   1.790141
  12.412109	   1.731443
  12.421875	   1.623418
  12.431641	   1.471082
  12.441406	   1.293904
  12.451172	   1.117130
  12.460938	   0.961313
  12.470703	   0.834400
  12.480469	   0.729513
  12.490234	   0.629254
  12.500000	   0.514787
  12.509766	   0.376113
  12.519531	   0.219447
  12.529297	   0.068621
  12.539062	  -0.040430
  12.548828	  -0.070531
  12.558594	   0.004072
  12.568359	   0.187540
  12.578125	   0.458359
  12.587891	   0.772984
  12.597656	   1.076329
  12.607422	   1.315995
  12.617188	   1.455894
  12.626953	   1.485125
  12.636719	   1.419443
  12.646484	   1.295022
  12.656250	   1.156522
  12.666016	   1.043199
  12.675781	   0.977207
  12.685547	   0.957451
  12.695312	   0.960505
  12.705078	   0.947964
  12.714844	   0.877769
  12.724609	   0.716032
  12.734375	   0.446088
  12.744141	   0.072539
  12.753906	  -0.380279
  12.763672	  -0.874353
  12.773438	  -1.366440
  12.783203	  -1.816421
  12.792969	  -2.193563
  12.802734	  -2.479644
  12.812500	  -2.668998
  12.822266	  -2.766363
  12.832031	  -2.783748
  12.841797	  -2.737395
  12.851562	  -2.645351
  12.861328	  -2.525656
  12.871094	  -2.394772
  12.880859	  -2.265837
  12.890625	  -2.146702
  12.900391	  -2.038095
  12.910156	  -1.932650
  12.919922	  -1.815588
  12.929688	  -1.667479
  12.939453	  -1.468914
  12.949219	  -1.206150
  12.958984	  -0.876324
  12.968750	  -0.490636
  12.978516	  -0.074381
  12.988281	   0.336571
  12.998047	   0.702214
  13.007812	   0.986299
  13.017578	   1.163750
  13.027344	   1.225777
  13.037109	   1.181411
  13.046875	   1.055168
  13.056641	   0.881460
  13.066406	   0.697160
  13.076172	   0.534033
  13.085938	   0.412636
  13.095703	   0.338820
  13.105469	   0.303295
  13.115234	   0.284112
  13.125000	   0.251414
  13.134766	   0.173593
  13.144531	   0.023875
  13.154297	  -0.213599
  13.164062	  -0.539086
  13.173828	  -0.934782
  13.183594	  -1.365271
  13.193359	  -1.781301
  13.203125	  -2.126798
  13.212891	  -2.348319
  13.222656	  -2.405421
  13.232422	  -2.279798
  13.242188	  -1.980893
  13.251953	  -1.546123
  13.261719	  -1.034902
  13.271484	  -0.517173
  13.281250	  -0.058707
  13.291016	   0.293413
  13.300781	   0.521353
  13.310547	   0.640079
  13.320312	   0.692485
  13.330078	   0.736904
  13.339844	   0.829983
  13.349609	   1.009397
  13.359375	   1.281161
  13.369141	   1.615287
  13.378906	   1.951325
  13.388672	   2.212655
  13.398438	   2.325901
  13.408203	   2.240309
  13.417969	   1.941882
  13.427734	   1.458392
  13.437500	   0.853948
  13.447266	   0.214595
  13.457031	  -0.371112
  13.466797	  -0.831388
  13.476562	  -1.125374
  13.486328	  -1.248829
  13.496094	  -1.230490
  13.505859	  -1.120828
  13.515625	  -0.976881
  13.525391	  -0.847587
  13.535156	  -0.763426
  13.544922	  -0.732556
  13.554688	  -0.743432
  13.564453	  -0.772005
  13.574219	  -0.790492
  13.583984	  -0.774693
  13.593750	  -0.707857
  13.603516	  -0.580676
  13.613281	  -0.388560
  13.623047	  -0.128341
  13.632812	   0.203420
  13.642578	   0.609167
  13.652344	   1.086234
  13.662109	   1.621411
  13.671875	   2.186648
  13.681641	   2.738378
  13.691406	   3.221909
  13.701172	   3.580736
  13.710938	   3.768818
  13.720703	   3.762530
  13.730469	   3.568717
  13.740234	   3.226025
  13.750000	   2.798466
  13.759766	   2.362363
  13.769531	   1.989807
  13.779297	   1.732869
  13.789062	   1.612759
  13.798828	   1.616791
  13.808594	   1.703911
  13.818359	   1.817144
  13.828125	   1.899460
  13.837891	   1.908656
  13.847656	   1.827295
  13.857422	   1.665231
  13.867188	   1.454445
  13.876953	   1.238101
  13.886719	   1.057287
  13.896484	   0.939389
  13.906250	   0.891380
  13.916016	   0.899696
  13.925781	   0.936351
  13.935547	   0.969128
  13.945312	   0.972548
  13.955078	   0.936241
  13.964844	   0.868236
  13.974609	   0.792309
  13.984375	   0.740295
  13.994141	   0.741785
  14.003906	   0.814298
  14.013672	   0.956861
  14.023438	   1.148856
  14.033203	   1.354460
  14.042969	   1.531414
  14.052734	   1.641665
  14.062500	   1.660944
  14.072266	   1.584722
  14.082031	   1.429007
  14.091797	   1.225889
  14.101562	   1.015140
  14.111328	   0.834169
  14.121094	   0.708986
  14.130859	   0.648465
  14.140625	   0.643219
  14.150391	   0.669159
  14.160156	   0.694587
  14.169922	   0.688791
  14.179688	   0.629847
  14.189453	   0.509656
  14.199219	   0.335072
  14.208984	   0.125103
  14.218750	  -0.094825
  14.228516	  -0.299763
  14.238281	  -0.471337
  14.248047	  -0.601409
  14.257812	  -0.692408
  14.267578	  -0.754473
  14.277344	  -0.800433
  14.287109	  -0.840276
  14.296875	  -0.876881
  14.306641	  -0.904363
  14.316406	  -0.909622
  14.326172	  -0.876676
  14.335938	  -0.792538
  14.345703	  -0.652861
  14.355469	  -0.465617
  14.365234	  -0.251552
  14.375000	  -0.041089
  14.384766	   0.131679
  14.394531	   0.236389
  14.404297	   0.253291
  14.414062	   0.177788
  14.423828	   0.021428
  14.433594	  -0.190890
  14.443359	  -0.426712
  14.453125	  -0.653265
  14.462891	  -0.844217
  14.472656	  -0.984238
  14.482422	  -1.070325
  14.492188	  -1.109816
  14.501953	  -1.115938
  14.511719	  -1.102404
  14.521484	  -1.078777
  14.531250	  -1.047955
  14.541016	  -1.006431
  14.550781	  -0.947074
  14.560547	  -0.863355
  14.570312	  -0.753527
  14.580078	  -0.623259
  14.589844	  -0.485749
  14.599609	  -0.359126
  14.609375	  -0.261825
  14.619141	  -0.207271
  14.628906	  -0.199489
  14.638672	  -0.231001
  14.648438	  -0.283777
  14.658203	  -0.333114
  14.667969	  -0.353501
  14.677734	  -0.324955
  14.687500	  -0.238176
  14.697266	  -0.097167
  14.707031	   0.081337
  14.716797	   0.271469
  14.726562	   0.443914
  14.736328	   0.572232
  14.746094	   0.638303
  14.755859	   0.635622
  14.765625	   0.569843
  14.775391	   0.456614
  14.785156	   0.317447
  14.794922	   0.174749
  14.804688	   0.047246
  14.814453	  -0.053219
  14.824219	  -0.122924
  14.833984	  -0.165541
  14.843750	  -0.189874
  14.853516	  -0.206796
  14.863281	  -0.226215
  14.873047	  -0.254749
  14.882812	  -0.294502
  14.892578	  -0.343045
  14.902344	  -0.394366
  14.912109	  -0.440415
  14.921875	  -0.472790
  14.931641	  -0.484204
  14.941406	  -0.469475
  14.951172	  -0.425980
  14.960938	  -0.353617
  14.970703	  -0.254429
  14.980469	  -0.132034
  14.990234	   0.008983
  15.000000	   0.163603
  15.009766	   0.326791
  15.019531	   0.493737
  15.029297	   0.659918
  15.039062	   0.820983
  15.048828	   0.972477
  15.058594	   1.109488
  15.068359	   1.226323
  15.078125	   1.316381
  15.087891	   1.372367
  15.097656	   1.386961
  15.107422	   1.353957
  15.117188	   1.269711
  15.126953	   1.134636
  15.136719	   0.954332
  15.146484	   0.739956
  15.156250	   0.507529
  15.166016	   0.276100
  15.175781	   0.064953
  15.185547	  -0.109635
  15.195312	  -0.237397
  15.205078	  -0.316104
  15.214844	  -0.352010
  15.224609	  -0.358459
  15.234375	  -0.352821
  15.244141	  -0.352381
  15.253906	  -0.370124
  15.263672	  -0.411464
  15.273438	  -0.472790
  15.283203	  -0.542282
  15.292969	  -0.602894
  15.302734	  -0.636795
  15.312500	  -0.630186
  15.322266	  -0.577223
  15.332031	  -0.482020
  15.341797	  -0.358128
  15.351562	  -0.225604
  15.361328	  -0.106381
  15.371094	  -0.019118
  15.380859	   0.025139
  15.390625	   0.025393
  15.400391	  -0.009362
  15.410156	  -0.062608
  15.419922	  -0.114469
  15.429688	  -0.146457
  15.439453	  -0.145572
  15.449219	  -0.106798
  15.458984	  -0.033525
  15.468750	   0.063995
  15.478516	   0.171518
  15.488281	   0.274106
  15.498047	   0.358970
  15.507812	   0.417245
  15.517578	   0.444495
  15.527344	   0.440210
  15.537109	   0.406773
  15.546875	   0.348478
  15.556641	   0.270960
  15.566406	   0.181130
  15.576172	   0.087345
  15.585938	  -0.000595
  15.595703	  -0.072056
  15.605469	  -0.116959
  15.615234	  -0.127775
  15.625000	  -0.101612
  15.634766	  -0.041698
  15.644531	   0.042410
  15.654297	   0.136221
  15.664062	   0.223160
  15.673828	   0.288254
  15.683594	   0.321663
  15.693359	   0.321027
  15.703125	   0.291878
  15.712891	   0.245897
  15.722656	   0.197451
  15.732422	   0.159369
  15.742188	   0.139202
  15.751953	   0.137093
  15.761719	   0.145923
  15.771484	   0.153707
  15.781250	   0.147524
  15.791016	   0.117780
  15.800781	   0.061475
  15.810547	  -0.016575
  15.820312	  -0.104973
  15.830078	  -0.189105
  15.839844	  -0.255646
  15.849609	  -0.296817
  15.859375	  -0.313096
  15.869141	  -0.313501
  15.878906	  -0.313277
  15.888672	  -0.329608
  15.898438	  -0.376541
  15.908203	  -0.460576
  15.917969	  -0.578177
  15.927734	  -0.715942
  15.937500	  -0.853428
  15.947266	  -0.967897
  15.957031	  -1.039749
  15.966797	  -1.057239
  15.976562	  -1.019285
  15.986328	  -0.935711
  15.996094	  -0.824911
  16.005859	  -0.709580
  16.015625	  -0.611577
  16.025391	  -0.547167
  16.035156	  -0.523715
  16.044922	  -0.538515
  16.054688	  -0.579938
  16.064453	  -0.630523
  16.074219	  -0.671261
  16.083984	  -0.686097
  16.093750	  -0.665665
  16.103516	  -0.609495
  16.113281	  -0.526237
  16.123047	  -0.431890
  16.132812	  -0.346413
  16.142578	  -0.289418
  16.152344	  -0.275862
  16.162109	  -0.312632
  16.171875	  -0.396792
  16.181641	  -0.515903
  16.191406	  -0.650400
  16.201172	  -0.777545
  16.210938	  -0.876127
  16.220703	  -0.930849
  16.230469	  -0.935406
  16.240234	  -0.893558
  16.250000	  -0.817933
  16.259766	  -0.726883
  16.269531	  -0.640184
  16.279297	  -0.574628
  16.289062	  -0.540586
  16.298828	  -0.540330
  16.308594	  -0.568390
  16.318359	  -0.613710
  16.328125	  -0.662877
  16.337891	  -0.703473
  16.347656	  -0.726662
  16.357422	  -0.728423
  16.367188	  -0.709330
  16.376953	  -0.673213
  16.386719	  -0.625344
  16.396484	  -0.570869
  16.406250	  -0.513981
  16.416016	  -0.457980
  16.425781	  -0.405962
  16.435547	  -0.361599
  16.445312	  -0.329442
  16.455078	  -0.314345
  16.464844	  -0.320048
  16.474609	  -0.347315
  16.484375	  -0.392355
  16.494141	  -0.446278
  16.503906	  -0.496083
  16.513672	  -0.527208
  16.523438	  -0.527096
  16.533203	  -0.488829
  16.542969	  -0.413706
  16.552734	  -0.311836
  16.562500	  -0.200371
  16.572266	  -0.099663
  16.582031	  -0.028300
  16.591797	   0.001656
  16.601562	  -0.012140
  16.611328	  -0.061603
  16.621094	  -0.130248
  16.630859	  -0.197400
  16.640625	  -0.243429
  16.650391	  -0.254537
  16.660156	  -0.225799
  16.669922	  -0.161697
  16.679688	  -0.074100
  16.689453	   0.021555
  16.699219	   0.110709
  16.708984	   0.183396
  16.718750	   0.236217
  16.728516	   0.272110
  16.738281	   0.298183
  16.748047	   0.322427
  16.757812	   0.350434
  16.767578	   0.383180
  16.777344	   0.416519
  16.787109	   0.442478
  16.796875	   0.451871
  16.806641	   0.437368
  16.816406	   0.396050
  16.826172	   0.330710
  16.835938	   0.249536
  16.845703	   0.164345
  16.855469	   0.087906
  16.865234	   0.031113
  16.875000	   0.000727
  16.884766	  -0.001796
  16.894531	   0.019745
  16.904297	   0.057418
  16.914062	   0.100955
  16.923828	   0.139753
  16.933594	   0.164659
  16.943359	   0.169294
  16.953125	   0.150797
  16.962891	   0.110025
  16.972656	   0.051284
  16.982422	  -0.018323
  16.992188	  -0.089887
  17.001953	  -0.153932
  17.011719	  -0.201843
  17.021484	  -0.227276
  17.031250	  -0.227329
  17.041016	  -0.203175
  17.050781	  -0.159975
  17.060547	  -0.105951
  17.070312	  -0.050782
  17.080078	  -0.003624
  17.089844	   0.028772
  17.099609	   0.043395
  17.109375	   0.041402
  17.119141	   0.027555
  17.128906	   0.008824
  17.138672	  -0.007469
  17.148438	  -0.015440
  17.158203	  -0.011946
  17.167969	   0.002905
  17.177734	   0.026063
  17.187500	   0.052477
  17.197266	   0.076332
  17.207031	   0.092219
  17.216797	   0.095967
  17.226562	   0.085048
  17.236328	   0.058593
  17.246094	   0.017208
  17.255859	  -0.037252
  17.265625	  -0.101849
  17.275391	  -0.172672
  17.285156	  -0.245012
  17.294922	  -0.313717
  17.304688	  -0.373799
  17.314453	  -0.421221
  17.324219	  -0.453665
  17.333984	  -0.471005
  17.343750	  -0.475259
  17.353516	  -0.469921
  17.363281	  -0.458799
  17.373047	  -0.444717
  17.382812	  -0.428501
  17.392578	  -0.408667
  17.402344	  -0.382010
  17.412109	  -0.344977
  17.421875	  -0.295420
  17.431641	  -0.234115
  17.441406	  -0.165471
  17.451172	  -0.097043
  17.460938	  -0.037867
  17.470703	   0.003960
  17.480469	   0.023728
  17.490234	   0.021769
  17.500000	   0.003736
  17.509766	  -0.020734
  17.519531	  -0.040614
  17.529297	  -0.046624
  17.539062	  -0.033915
  17.548828	  -0.003457
  17.558594	   0.038348
  17.568359	   0.081741
  17.578125	   0.116731
  17.587891	   0.136268
  17.597656	   0.138451
  17.607422	   0.127046
  17.617188	   0.110141
  17.626953	   0.097400
  17.636719	   0.096813
  17.646484	   0.112035
  17.656250	   0.141208
  17.666016	   0.177653
  17.675781	   0.212202
  17.685547	   0.236379
  17.695312	   0.245347
  17.705078	   0.239633
  17.714844	   0.225017
  17.724609	   0.210636
  17.734375	   0.205904
  17.744141	   0.217301
  17.753906	   0.246065
  17.763672	   0.287584
  17.773438	   0.332646
  17.783203	   0.370159
  17.792969	   0.390415
  17.802734	   0.387866
  17.812500	   0.362529
  17.822266	   0.319650
  17.832031	   0.267818
  17.841797	   0.216239
  17.851562	   0.172104
  17.861328	   0.138916
  17.871094	   0.116218
  17.880859	   0.100700
  17.890625	   0.088105
  17.900391	   0.075173
  17.910156	   0.060835
  17.919922	   0.046263
  17.929688	   0.033790
  17.939453	   0.025241
  17.949219	   0.020412
  17.958984	   0.016427
  17.968750	   0.008355
  17.978516	  -0.009028
  17.988281	  -0.038902
  17.998047	  -0.080385
  18.007812	  -0.127666
  18.017578	  -0.170794
  18.027344	  -0.198078
  18.037109	  -0.199462
  18.046875	  -0.169881
  18.056641	  -0.111485
  18.066406	  -0.033945
  18.076172	   0.047390
  18.085938	   0.115083
  18.095703	   0.153955
  18.105469	   0.154982
  18.115234	   0.117641
  18.125000	   0.050054
  18.134766	  -0.033053
  18.144531	  -0.113988
  18.154297	  -0.176250
  18.164062	  -0.208112
  18.173828	  -0.204728
  18.183594	  -0.168375
  18.193359	  -0.106997
  18.203125	  -0.031660
  18.212891	   0.046253
  18.222656	   0.117332
  18.232422	   0.175441
  18.242188	   0.217932
  18.251953	   0.245032
  18.261719	   0.258840
  18.271484	   0.262387
  18.281250	   0.259029
  18.291016	   0.252199
  18.300781	   0.245360
  18.310547	   0.241895
  18.320312	   0.244756
  18.330078	   0.255864
  18.339844	   0.275448
  18.349609	   0.301633
  18.359375	   0.330578
  18.369141	   0.357276
  18.378906	   0.376901
  18.388672	   0.386312
  18.398438	   0.385220
  18.408203	   0.376541
  18.417969	   0.365727
  18.427734	   0.359172
  18.437500	   0.362150
  18.447266	   0.376931
  18.457031	   0.401723
  18.466797	   0.430837
  18.476562	   0.456116
  18.486328	   0.469223
  18.496094	   0.464104
  18.505859	   0.438852
  18.515625	   0.396385
  18.525391	   0.343705
  18.535156	   0.289978
  18.544922	   0.244016
  18.554688	   0.211959
  18.564453	   0.195841
  18.574219	   0.193435
  18.583984	   0.199348
  18.593750	   0.206932
  18.603516	   0.210349
  18.613281	   0.206120
  18.623047	   0.193707
  18.632812	   0.175060
  18.642578	   0.153390
  18.652344	   0.131731
  18.662109	   0.111824
  18.671875	   0.093755
  18.681641	   0.076405
  18.691406	   0.058474
  18.701172	   0.039602
  18.710938	   0.021084
  18.720703	   0.005815
  18.730469	  -0.002552
  18.740234	  -0.000980
  18.750000	   0.011586
  18.759766	   0.033377
  18.769531	   0.059879
  18.779297	   0.084879
  18.789062	   0.102195
  18.798828	   0.107528
  18.808594	   0.099821
  18.818359	   0.081640
  18.828125	   0.058431
  18.837891	   0.036862
  18.847656	   0.022780
  18.857422	   0.019453
  18.867188	   0.026655
  18.876953	   0.040882
  18.886719	   0.056617
  18.896484	   0.068200
  18.906250	   0.071690
  18.916016	   0.066101
  18.925781	   0.053645
  18.935547	   0.038910
  18.945312	   0.027304
  18.955078	   0.023269
  18.964844	   0.028864
  18.974609	   0.043145
  18.984375	   0.062501
  18.994141	   0.081796
  19.003906	   0.095911
  19.013672	   0.101196
  19.023438	   0.096412
  19.033203	   0.082925
  19.042969	   0.064186
  19.052734	   0.044733
  19.062500	   0.029045
  19.072266	   0.020592
  19.082031	   0.021271
  19.091797	   0.031267
  19.101562	   0.049258
  19.111328	   0.072787
  19.121094	   0.098664
  19.130859	   0.123326
  19.140625	   0.143198
  19.150391	   0.155090
  19.160156	   0.156714
  19.169922	   0.147251
  19.179688	   0.127848
  19.189453	   0.101828
  19.199219	   0.074415
  19.208984	   0.051893
  19.218750	   0.040305
  19.228516	   0.043960
  19.238281	   0.064175
  19.248047	   0.098654
  19.257812	   0.141756
  19.267578	   0.185678
  19.277344	   0.222270
  19.287109	   0.244987
  19.296875	   0.250438
  19.306641	   0.239070
  19.316406	   0.214803
  19.326172	   0.183750
  19.335938	   0.152452
  19.345703	   0.126168
  19.355469	   0.107769
  19.365234	   0.097500
  19.375000	   0.093619
  19.384766	   0.093566
  19.394531	   0.095192
  19.404297	   0.097538
  19.414062	   0.100896
  19.423828	   0.106135
  19.433594	   0.113639
  19.443359	   0.122316
  19.453125	   0.129188
  19.462891	   0.129833
  19.472656	   0.119633
  19.482422	   0.095449
  19.492188	   0.057143
  19.501953	   0.008338
  19.511719	  -0.043940
  19.521484	  -0.090774
  19.531250	  -0.123598
  19.541016	  -0.136531
  19.550781	  -0.128034
  19.560547	  -0.101356
  19.570312	  -0.063583
  19.580078	  -0.023581
  19.589844	   0.010530
  19.599609	   0.033570
  19.609375	   0.044468
  19.619141	   0.046052
  19.628906	   0.043602
  19.638672	   0.042668
  19.648438	   0.046957
  19.658203	   0.056995
  19.667969	   0.070043
  19.677734	   0.081255
  19.687500	   0.085654
  19.697266	   0.080206
  19.707031	   0.065225
  19.716797	   0.044591
  19.726562	   0.024676
  19.736328	   0.012305
  19.746094	   0.012461
  19.755859	   0.026498
  19.765625	   0.051487
  19.775391	   0.080919
  19.785156	   0.106561
  19.794922	   0.120836
  19.804688	   0.118984
  19.814453	   0.100311
  19.824219	   0.068169
  19.833984	   0.028744
  19.843750	  -0.010900
  19.853516	  -0.044826
  19.863281	  -0.069644
  19.873047	  -0.084926
  19.882812	  -0.092582
  19.892578	  -0.095541
  19.902344	  -0.096282
  19.912109	  -0.095798
  19.921875	  -0.093351
  19.931641	  -0.087066
  19.941406	  -0.075082
  19.951172	  -0.056750
  19.960938	  -0.033376
  19.970703	  -0.008177
  19.980469	   0.014561
  19.990234	   0.030822
  20.000000	   0.038201
  20.009766	   0.036714
  20.019531	   0.028773
  20.029297	   0.018297
  20.039062	   0.009278
  20.048828	   0.004326
  20.058594	   0.003736
  20.068359	   0.005436
  20.078125	   0.005850
  20.087891	   0.001373
  20.097656	  -0.010091
  20.107422	  -0.028100
  20.117188	  -0.049574
  20.126953	  -0.069691
  20.136719	  -0.083488
  20.146484	  -0.087622
  20.156250	  -0.081652
  20.166016	  -0.068358
  20.175781	  -0.052968
  20.185547	  -0.041512
  20.195312	  -0.038868
  20.205078	  -0.047151
  20.214844	  -0.065021
  20.224609	  -0.088132
  20.234375	  -0.110584
  20.244141	  -0.126873
  20.253906	  -0.133674
  20.263672	  -0.130858
  20.273438	  -0.121398
  20.283203	  -0.110242
  20.292969	  -0.102542
  20.302734	  -0.101894
  20.312500	  -0.109171
  20.322266	  -0.122359
  20.332031	  -0.137395
  20.341797	  -0.149683
  20.351562	  -0.155715
  20.361328	  -0.154204
  20.371094	  -0.146350
  20.380859	  -0.135156
  20.390625	  -0.124116
  20.400391	  -0.115773
  20.410156	  -0.110743
  20.419922	  -0.107570
  20.429688	  -0.103490
  20.439453	  -0.095810
  20.449219	  -0.083370
  20.458984	  -0.067484
  20.468750	  -0.051961
  20.478516	  -0.042106
  20.488281	  -0.042999
  20.498047	  -0.057634
  20.507812	  -0.085573
  20.517578	  -0.122644
  20.527344	  -0.161846
  20.537109	  -0.195243
  20.546875	  -0.216255
  20.556641	  -0.221624
  20.566406	  -0.212404
  20.576172	  -0.193642
  20.585938	  -0.172841
  20.595703	  -0.157680
  20.605469	  -0.153707
  20.615234	  -0.162738
  20.625000	  -0.182418
  20.634766	  -0.207073
  20.644531	  -0.229527
  20.654297	  -0.243290
  20.664062	  -0.244428
  20.673828	  -0.232569
  20.683594	  -0.210794
  20.693359	  -0.184534
  20.703125	  -0.159905
  20.712891	  -0.142029
  20.722656	  -0.133848
  20.732422	  -0.135734
  20.742188	  -0.145873
  20.751953	  -0.161189
  20.761719	  -0.178387
  20.771484	  -0.194769
  20.781250	  -0.208577
  20.791016	  -0.218877
  20.800781	  -0.225168
  20.810547	  -0.226993
  20.820312	  -0.223790
  20.830078	  -0.215088
  20.839844	  -0.200945
  20.849609	  -0.182404
  20.859375	  -0.161684
  20.869141	  -0.141922
  20.878906	  -0.126449
  20.888672	  -0.117798
  20.898438	  -0.116773
  20.908203	  -0.121950
  20.917969	  -0.129842
  20.927734	  -0.135758
  20.937500	  -0.135133
  20.947266	  -0.124907
  20.957031	  -0.104521
  20.966797	  -0.076155
  20.976562	  -0.044130
  20.986328	  -0.013624
  20.996094	   0.010877
  21.005859	   0.026901
  21.015625	   0.034652
  21.025391	   0.036804
  21.035156	   0.037509
  21.044922	   0.040953
  21.054688	   0.049958
  21.064453	   0.065069
  21.074219	   0.084426
  21.083984	   0.104426
  21.093750	   0.120919
  21.103516	   0.130529
  21.113281	   0.131655
  21.123047	   0.124846
  21.132812	   0.112482
  21.142578	   0.097913
  21.152344	   0.084409
  21.162109	   0.074275
  21.171875	   0.068411
  21.181641	   0.066405
  21.191406	   0.067023
  21.201172	   0.068846
  21.210938	   0.070760
  21.220703	   0.072097
  21.230469	   0.072423
  21.240234	   0.071120
  21.250000	   0.067025
  21.259766	   0.058392
  21.269531	   0.043282
  21.279297	   0.020339
  21.289062	  -0.010340
  21.298828	  -0.046576
  21.308594	  -0.084054
  21.318359	  -0.116996
  21.328125	  -0.139471
  21.337891	  -0.146983
  21.347656	  -0.137877
  21.357422	  -0.114076
  21.367188	  -0.080856
  21.376953	  -0.045662
  21.386719	  -0.016272
  21.396484	   0.001180
  21.406250	   0.003735
  21.416016	  -0.007764
  21.425781	  -0.029115
  21.435547	  -0.054120
  21.445312	  -0.076426
  21.455078	  -0.091278
  21.464844	  -0.096670
  21.474609	  -0.093578
  21.484375	  -0.085284
  21.494141	  -0.076075
  21.503906	  -0.069796
  21.513672	  -0.068718
  21.523438	  -0.073068
  21.533203	  -0.081297
  21.542969	  -0.090908
  21.552734	  -0.099489
  21.562500	  -0.105555
  21.572266	  -0.108913
  21.582031	  -0.110463
  21.591797	  -0.111574
  21.601562	  -0.113320
  21.611328	  -0.115916
  21.621094	  -0.118571
  21.630859	  -0.119825
  21.640625	  -0.118215
  21.650391	  -0.112991
  21.660156	  -0.104581
  21.669922	  -0.094602
  21.679688	  -0.085385
  21.689453	  -0.079187
  21.699219	  -0.077376
  21.708984	  -0.079916
  21.718750	  -0.085330
  21.728516	  -0.091194
  21.738281	  -0.094954
  21.748047	  -0.094799
  21.757812	  -0.090237
  21.767578	  -0.082177
  21.777344	  -0.072486
  21.787109	  -0.063198
  21.796875	  -0.055682
  21.806641	  -0.050097
  21.816406	  -0.045364
  21.826172	  -0.039666
  21.835938	  -0.031305
  21.845703	  -0.019584
  21.855469	  -0.005356
  21.865234	   0.009008
  21.875000	   0.020247
  21.884766	   0.025273
  21.894531	   0.022282
  21.904297	   0.011533
  21.914062	  -0.004511
  21.923828	  -0.021768
  21.933594	  -0.035666
  21.943359	  -0.042472
  21.953125	  -0.040378
  21.962891	  -0.029986
  21.972656	  -0.014045
  21.982422	   0.003457
  21.992188	   0.018549
  22.001953	   0.028423
  22.011719	   0.032135
  22.021484	   0.030635
  22.031250	   0.026181
  22.041016	   0.021390
  22.050781	   0.018312
  22.060547	   0.017856
  22.070312	   0.019769
  22.080078	   0.023131
  22.089844	   0.027103
  22.099609	   0.031603
  22.109375	   0.037562
  22.119141	   0.046615
  22.128906	   0.060312
  22.138672	   0.079119
  22.148438	   0.101637
  22.158203	   0.124392
  22.167969	   0.142381
  22.177734	   0.150290
  22.187500	   0.144040
  22.197266	   0.122170
  22.207031	   0.086578
  22.216797	   0.042321
  22.226562	  -0.003529
  22.236328	  -0.043668
  22.246094	  -0.072462
  22.255859	  -0.087389
  22.265625	  -0.089588
  22.275391	  -0.083346
  22.285156	  -0.074692
  22.294922	  -0.069549
  22.304688	  -0.072004
  22.314453	  -0.083217
  22.324219	  -0.101274
  22.333984	  -0.121959
  22.343750	  -0.140175
  22.353516	  -0.151519
  22.363281	  -0.153531
  22.373047	  -0.146267
  22.382812	  -0.132073
  22.392578	  -0.114732
  22.402344	  -0.098284
  22.412109	  -0.085944
  22.421875	  -0.079403
  22.431641	  -0.078672
  22.441406	  -0.082409
  22.451172	  -0.088521
  22.460938	  -0.094796
  22.470703	  -0.099354
  22.480469	  -0.100820
  22.490234	  -0.098293
  22.500000	  -0.091222
  22.509766	  -0.079357
  22.519531	  -0.062838
  22.529297	  -0.042400
  22.539062	  -0.019552
  22.548828	   0.003440
  22.558594	   0.023878
  22.568359	   0.039260
  22.578125	   0.048057
  22.587891	   0.050369
  22.597656	   0.048181
  22.607422	   0.045035
  22.617188	   0.045121
  22.626953	   0.052007
  22.636719	   0.067395
  22.646484	   0.090330
  22.656250	   0.117175
  22.666016	   0.142450
  22.675781	   0.160340
  22.685547	   0.166431
  22.695312	   0.159141
  22.705078	   0.140356
  22.714844	   0.115052
  22.724609	   0.089952
  22.734375	   0.071643
  22.744141	   0.064702
  22.753906	   0.070444
  22.763672	   0.086664
  22.773438	   0.108457
  22.783203	   0.129838
  22.792969	   0.145627
  22.802734	   0.152975
  22.812500	   0.152068
  22.822266	   0.145783
  22.832031	   0.138467
  22.841797	   0.134279
  22.851562	   0.135681
  22.861328	   0.142601
  22.871094	   0.152544
  22.880859	   0.161588
  22.890625	   0.165896
  22.900391	   0.163200
  22.910156	   0.153711
  22.919922	   0.140135
  22.929688	   0.126785
  22.939453	   0.118085
  22.949219	   0.117012
  22.958984	   0.123990
  22.968750	   0.136663
  22.978516	   0.150605
  22.988281	   0.160740
  22.998047	   0.162995
  23.007812	   0.155614
  23.017578	   0.139707
  23.027344	   0.118843
  23.037109	   0.097842
  23.046875	   0.081194
  23.056641	   0.071623
  23.066406	   0.069298
  23.076172	   0.071933
  23.085938	   0.075715
  23.095703	   0.076740
  23.105469	   0.072438
  23.115234	   0.062521
  23.125000	   0.049112
  23.134766	   0.036036
  23.144531	   0.027517
  23.154297	   0.026713
  23.164062	   0.034581
  23.173828	   0.049440
  23.183594	   0.067358
  23.193359	   0.083250
  23.203125	   0.092311
  23.212891	   0.091374
  23.222656	   0.079772
  23.232422	   0.059500
  23.242188	   0.034651
  23.251953	   0.010345
  23.261719	  -0.008540
  23.271484	  -0.018471
  23.281250	  -0.017963
  23.291016	  -0.007743
  23.300781	   0.009569
  23.310547	   0.030121
  23.320312	   0.049645
  23.330078	   0.064240
  23.339844	   0.071002
  23.349609	   0.068460
  23.359375	   0.056771
  23.369141	   0.037706
  23.378906	   0.014404
  23.388672	  -0.009100
  23.398438	  -0.028545
  23.408203	  -0.040255
  23.417969	  -0.041934
  23.427734	  -0.033275
  23.437500	  -0.016182
  23.447266	   0.005521
  23.457031	   0.026897
  23.466797	   0.043079
  23.476562	   0.050526
  23.486328	   0.048034
  23.496094	   0.037155
  23.505859	   0.021892
  23.515625	   0.007693
  23.525391	   0.000007
  23.535156	   0.002810
  23.544922	   0.017525
  23.554688	   0.042655
  23.564453	   0.074233
  23.574219	   0.106941
  23.583984	   0.135546
  23.593750	   0.156196
  23.603516	   0.167212
  23.613281	   0.169141
  23.623047	   0.164125
  23.632812	   0.154865
  23.642578	   0.143553
  23.652344	   0.131173
  23.662109	   0.117400
  23.671875	   0.101094
  23.681641	   0.081160
  23.691406	   0.057421
  23.701172	   0.031122
  23.710938	   0.004845
  23.720703	  -0.018176
  23.730469	  -0.035097
  23.740234	  -0.044491
  23.750000	  -0.046967
  23.759766	  -0.045105
  23.769531	  -0.042702
  23.779297	  -0.043554
  23.789062	  -0.050183
  23.798828	  -0.062957
  23.808594	  -0.079924
  23.818359	  -0.097443
  23.828125	  -0.111409
  23.837891	  -0.118658
  23.847656	  -0.118067
  23.857422	  -0.110963
  23.867188	  -0.100689
  23.876953	  -0.091460
  23.886719	  -0.086909
  23.896484	  -0.088817
  23.906250	  -0.096473
  23.916016	  -0.106890
  23.925781	  -0.115799
  23.935547	  -0.119093
  23.945312	  -0.114218
  23.955078	  -0.101027
  23.964844	  -0.081825
  23.974609	  -0.060574
  23.984375	  -0.041561
  23.994141	  -0.027977
  24.003906	  -0.020899
  24.013672	  -0.019027
  24.023438	  -0.019238
  24.033203	  -0.017749
  24.042969	  -0.011495
  24.052734	   0.000787
  24.062500	   0.018105
  24.072266	   0.037543
  24.082031	   0.055223
  24.091797	   0.067559
  24.101562	   0.072358
  24.111328	   0.069397
  24.121094	   0.060331
  24.130859	   0.048005
  24.140625	   0.035455
  24.150391	   0.024989
  24.160156	   0.017663
  24.169922	   0.013308
  24.179688	   0.011023
  24.189453	   0.009892
  24.199219	   0.009586
  24.208984	   0.010570
  24.218750	   0.013837
  24.228516	   0.020269
  24.238281	   0.029911
  24.248047	   0.041523
  24.257812	   0.052642
  24.267578	   0.060225
  24.277344	   0.061704
  24.287109	   0.056062
  24.296875	   0.044532
  24.306641	   0.030569
  24.316406	   0.019030
  24.326172	   0.014736
  24.335938	   0.020857
  24.345703	   0.037665
  24.355469	   0.062081
  24.365234	   0.088256
  24.375000	   0.109040
  24.384766	   0.117944
  24.394531	   0.110982
  24.404297	   0.087839
  24.414062	   0.051997
  24.423828	   0.009773
  24.433594	  -0.031409
  24.443359	  -0.064986
  24.453125	  -0.086864
  24.462891	  -0.096197
  24.472656	  -0.095163
  24.482422	  -0.087896
  24.492188	  -0.078973
  24.501953	  -0.071990
  24.511719	  -0.068684
  24.521484	  -0.068810
  24.531250	  -0.070737
  24.541016	  -0.072438
  24.550781	  -0.072463
  24.560547	  -0.070507
  24.570312	  -0.067384
  24.580078	  -0.064454
  24.589844	  -0.062794
  24.599609	  -0.062481
  24.609375	  -0.062315
  24.619141	  -0.060148
  24.628906	  -0.053695
  24.638672	  -0.041547
  24.648438	  -0.023952
  24.658203	  -0.003044
  24.667969	   0.017629
  24.677734	   0.034172
  24.687500	   0.043638
  24.697266	   0.045091
  24.707031	   0.040043
  24.716797	   0.032059
  24.726562	   0.025620
  24.736328	   0.024618
  24.746094	   0.030976
  24.755859	   0.043892
  24.765625	   0.059980
  24.775391	   0.074299
  24.785156	   0.081931
  24.794922	   0.079619
  24.804688	   0.066880
  24.814453	   0.046254
  24.824219	   0.022577
  24.833984	   0.001518
  24.843750	  -0.012127
  24.853516	  -0.015848
  24.863281	  -0.010076
  24.873047	   0.002105
  24.882812	   0.016060
  24.892578	   0.027124
  24.902344	   0.032042
  24.912109	   0.029848
  24.921875	   0.021941
  24.931641	   0.011389
  24.941406	   0.001746
  24.951172	  -0.004170
  24.960938	  -0.005122
  24.970703	  -0.001654
  24.980469	   0.004352
  24.990234	   0.010563
  25.000000	   0.015139
  25.009766	   0.017378
  25.019531	   0.017832
  25.029297	   0.017885
  25.039062	   0.018988
  25.048828	   0.021889
  25.058594	   0.026183
  25.068359	   0.030370
  25.078125	   0.032420
  25.087891	   0.030611
  25.097656	   0.024316
  25.107422	   0.014403
  25.117188	   0.003066
  25.126953	  -0.006890
  25.136719	  -0.013067
  25.146484	  -0.014427
  25.156250	  -0.011817
  25.166016	  -0.007839
  25.175781	  -0.006083
  25.185547	  -0.009943
  25.195312	  -0.021419
  25.205078	  -0.040307
  25.214844	  -0.064073
  25.224609	  -0.088447
  25.234375	  -0.108579
  25.244141	  -0.120370
  25.253906	  -0.121568
  25.263672	  -0.112288
  25.273438	  -0.094838
  25.283203	  -0.072930
  25.292969	  -0.050594
  25.302734	  -0.031142
  25.312500	  -0.016515
  25.322266	  -0.007151
  25.332031	  -0.002357
  25.341797	  -0.000937
  25.351562	  -0.001807
  25.361328	  -0.004349
  25.371094	  -0.008387
  25.380859	  -0.013858
  25.390625	  -0.020372
  25.400391	  -0.026923
  25.410156	  -0.031914
  25.419922	  -0.033567
  25.429688	  -0.030562
  25.439453	  -0.022659
  25.449219	  -0.011036
  25.458984	   0.001857
  25.468750	   0.012930
  25.478516	   0.019380
  25.488281	   0.019609
  25.498047	   0.013771
  25.507812	   0.003732
  25.517578	  -0.007586
  25.527344	  -0.017279
  25.537109	  -0.023559
  25.546875	  -0.026491
  25.556641	  -0.028052
  25.566406	  -0.031454
  25.576172	  -0.039920
  25.585938	  -0.055350
  25.595703	  -0.077332
  25.605469	  -0.102904
  25.615234	  -0.127210
  25.625000	  -0.144874
  25.634766	  -0.151688
  25.644531	  -0.146037
  25.654297	  -0.129584
  25.664062	  -0.106937
  25.673828	  -0.084374
  25.683594	  -0.068002
  25.693359	  -0.061924
  25.703125	  -0.067005
  25.712891	  -0.080622
  25.722656	  -0.097492
  25.732422	  -0.111295
  25.742188	  -0.116588
  25.751953	  -0.110394
  25.761719	  -0.093001
  25.771484	  -0.067732
  25.781250	  -0.039844
  25.791016	  -0.014921
  25.800781	   0.002683
  25.810547	   0.010866
  25.820312	   0.010003
  25.830078	   0.002372
  25.839844	  -0.008926
  25.849609	  -0.021131
  25.859375	  -0.032640
  25.869141	  -0.043230
  25.878906	  -0.053667
  25.888672	  -0.064927
  25.898438	  -0.077391
  25.908203	  -0.090363
  25.917969	  -0.102127
  25.927734	  -0.110519
  25.937500	  -0.113789
  25.947266	  -0.111390
  25.957031	  -0.104359
  25.966797	  -0.095109
  25.976562	  -0.086657
  25.986328	  -0.081559
  25.996094	  -0.080947
  26.005859	  -0.084018
  26.015625	  -0.088205
  26.025391	  -0.090003
  26.035156	  -0.086166
  26.044922	  -0.074885
  26.054688	  -0.056506
  26.064453	  -0.033538
  26.074219	  -0.009919
  26.083984	   0.010212
  26.093750	   0.023833
  26.103516	   0.029988
  26.113281	   0.030046
  26.123047	   0.027185
  26.132812	   0.025286
  26.142578	   0.027614
  26.152344	   0.035738
  26.162109	   0.049060
  26.171875	   0.065085
  26.181641	   0.080323
  26.191406	   0.091499
  26.201172	   0.096635
  26.210938	   0.095644
  26.220703	   0.090264
  26.230469	   0.083365
  26.240234	   0.077927
  26.250000	   0.076044
  26.259766	   0.078316
  26.269531	   0.083795
  26.279297	   0.090477
  26.289062	   0.096106
  26.298828	   0.098973
  26.308594	   0.098398
  26.318359	   0.094756
  26.328125	   0.089060
  26.337891	   0.082331
  26.347656	   0.075037
  26.357422	   0.066873
  26.367188	   0.056980
  26.376953	   0.044536
  26.386719	   0.029459
  26.396484	   0.012903
  26.406250	  -0.002708
  26.416016	  -0.014216
  26.425781	  -0.018694
  26.435547	  -0.014536
  26.445312	  -0.002263
  26.455078	   0.015271
  26.464844	   0.033442
  26.474609	   0.047046
  26.484375	   0.051787
  26.494141	   0.045592
  26.503906	   0.029312
  26.513672	   0.006567
  26.523438	  -0.017244
  26.533203	  -0.036465
  26.542969	  -0.046773
  26.552734	  -0.046332
  26.562500	  -0.036179
  26.572266	  -0.019733
  26.582031	  -0.001649
  26.591797	   0.013619
  26.601562	   0.023038
  26.611328	   0.025664
  26.621094	   0.022567
  26.630859	   0.016147
  26.640625	   0.009113
  26.650391	   0.003554
  26.660156	   0.000401
  26.669922	  -0.000547
  26.679688	  -0.000139
  26.689453	   0.000842
  26.699219	   0.002254
  26.708984	   0.004793
  26.718750	   0.009690
  26.728516	   0.018054
  26.738281	   0.030125
  26.748047	   0.044791
  26.757812	   0.059621
  26.767578	   0.071476
  26.777344	   0.077520
  26.787109	   0.076276
  26.796875	   0.068340
  26.806641	   0.056417
  26.816406	   0.044624
  26.826172	   0.037230
  26.835938	   0.037239
  26.845703	   0.045315
  26.855469	   0.059428
  26.865234	   0.075397
  26.875000	   0.088173
  26.884766	   0.093459
  26.894531	   0.089131
  26.904297	   0.075955
  26.914062	   0.057361
  26.923828	   0.038323
  26.933594	   0.023710
  26.943359	   0.016678
  26.953125	   0.017631
  26.962891	   0.024127
  26.972656	   0.031755
  26.982422	   0.035686
  26.992188	   0.032367
  27.001953	   0.020784
  27.011719	   0.002852
  27.021484	  -0.017198
  27.031250	  -0.034211
  27.041016	  -0.043820
  27.050781	  -0.043872
  27.060547	  -0.035097
  27.070312	  -0.020804
  27.080078	  -0.005722
  27.089844	   0.005606
  27.099609	   0.010297
  27.109375	   0.007982
  27.119141	   0.000765
  27.128906	  -0.007696
  27.138672	  -0.013605
  27.148438	  -0.014447
  27.158203	  -0.009884
  27.167969	  -0.001828
  27.177734	   0.006343
  27.187500	   0.011111
  27.197266	   0.010215
  27.207031	   0.003598
  27.216797	  -0.006448
  27.226562	  -0.016001
  27.236328	  -0.020855
  27.246094	  -0.018017
  27.255859	  -0.006845
  27.265625	   0.010601
  27.275391	   0.030097
  27.285156	   0.046536
  27.294922	   0.055522
  27.304688	   0.054729
  27.314453	   0.044603
  27.324219	   0.028162
  27.333984	   0.009986
  27.343750	  -0.005268
  27.353516	  -0.014322
  27.363281	  -0.016250
  27.373047	  -0.012657
  27.382812	  -0.007042
  27.392578	  -0.003593
  27.402344	  -0.005809
  27.412109	  -0.015409
  27.421875	  -0.031846
  27.431641	  -0.052533
  27.441406	  -0.073678
  27.451172	  -0.091400
  27.460938	  -0.102783
  27.470703	  -0.106547
  27.480469	  -0.103189
  27.490234	  -0.094626
  27.500000	  -0.083520
  27.509766	  -0.072535
  27.519531	  -0.063758
  27.529297	  -0.058390
  27.539062	  -0.056742
  27.548828	  -0.058402
  27.558594	  -0.062473
  27.568359	  -0.067750
  27.578125	  -0.072821
  27.587891	  -0.076125
  27.597656	  -0.076055
  27.607422	  -0.071167
  27.617188	  -0.060510
  27.626953	  -0.043979
  27.636719	  -0.022565
  27.646484	   0.001651
  27.656250	   0.025839
  27.666016	   0.047053
  27.675781	   0.062995
  27.685547	   0.072665
  27.695312	   0.076661
  27.705078	   0.076978
  27.714844	   0.076334
  27.724609	   0.077205
  27.734375	   0.080897
  27.744141	   0.086971
  27.753906	   0.093267
  27.763672	   0.096546
  27.773438	   0.093592
  27.783203	   0.082401
  27.792969	   0.063064
  27.802734	   0.038016
  27.812500	   0.011525
  27.822266	  -0.011451
  27.832031	  -0.026690
  27.841797	  -0.031965
  27.851562	  -0.027718
  27.861328	  -0.016937
  27.871094	  -0.004245
  27.880859	   0.005481
  27.890625	   0.008540
  27.900391	   0.003413
  27.910156	  -0.008934
  27.919922	  -0.025543
  27.929688	  -0.042524
  27.939453	  -0.056315
  27.949219	  -0.064699
  27.958984	  -0.067266
  27.968750	  -0.065208
  27.978516	  -0.060581
  27.988281	  -0.055377
  27.998047	  -0.050773
  28.007812	  -0.046864
  28.017578	  -0.042954
  28.027344	  -0.038283
  28.037109	  -0.032831
  28.046875	  -0.027850
  28.056641	  -0.025817
  28.066406	  -0.029751
  28.076172	  -0.042091
  28.085938	  -0.063516
  28.095703	  -0.092168
  28.105469	  -0.123623
  28.115234	  -0.151739
  28.125000	  -0.170174
  28.134766	  -0.174149
  28.144531	  -0.161898
  28.154297	  -0.135314
  28.164062	  -0.099555
  28.173828	  -0.061684
  28.183594	  -0.028729
  28.193359	  -0.005768
  28.203125	   0.005409
  28.212891	   0.006635
  28.222656	   0.002628
  28.232422	  -0.000556
  28.242188	   0.002605
  28.251953	   0.015508
  28.261719	   0.038575
  28.271484	   0.069361
  28.281250	   0.103509
  28.291016	   0.136194
  28.300781	   0.163537
  28.310547	   0.183542
  28.320312	   0.196304
  28.330078	   0.203488
  28.339844	   0.207362
  28.349609	   0.209766
  28.359375	   0.211426
  28.369141	   0.211833
  28.378906	   0.209692
  28.388672	   0.203729
  28.398438	   0.193499
  28.408203	   0.179848
  28.417969	   0.164857
  28.427734	   0.151238
  28.437500	   0.141449
  28.447266	   0.136829
  28.457031	   0.137114
  28.466797	   0.140512
  28.476562	   0.144333
  28.486328	   0.145945
  28.496094	   0.143706
  28.505859	   0.137532
  28.515625	   0.128884
  28.525391	   0.120167
  28.535156	   0.113770
  28.544922	   0.111083
  28.554688	   0.111860
  28.564453	   0.114181
  28.574219	   0.115033
  28.583984	   0.111316
  28.593750	   0.100940
  28.603516	   0.083612
  28.613281	   0.061041
  28.623047	   0.036484
  28.632812	   0.013774
  28.642578	  -0.003841
  28.652344	  -0.014648
  28.662109	  -0.018921
  28.671875	  -0.018715
  28.681641	  -0.017105
  28.691406	  -0.017147
  28.701172	  -0.020901
  28.710938	  -0.028868
  28.720703	  -0.039978
  28.730469	  -0.052112
  28.740234	  -0.062951
  28.750000	  -0.070821
  28.759766	  -0.075259
  28.769531	  -0.077111
  28.779297	  -0.078164
  28.789062	  -0.080477
  28.798828	  -0.085659
  28.808594	  -0.094360
  28.818359	  -0.106116
  28.828125	  -0.119584
  28.837891	  -0.133016
  28.847656	  -0.144784
  28.857422	  -0.153751
  28.867188	  -0.159367
  28.876953	  -0.161502
  28.886719	  -0.160147
  28.896484	  -0.155139
  28.906250	  -0.146083
  28.916016	  -0.132517
  28.925781	  -0.114273
  28.935547	  -0.091865
  28.945312	  -0.066716
  28.955078	  -0.041092
  28.964844	  -0.017687
  28.974609	   0.001001
  28.984375	   0.013328
  28.994141	   0.018950
  29.003906	   0.018886
  29.013672	   0.015172
  29.023438	   0.010211
  29.033203	   0.006060
  29.042969	   0.003905
  29.052734	   0.003913
  29.062500	   0.005504
  29.072266	   0.007920
  29.082031	   0.010831
  29.091797	   0.014710
  29.101562	   0.020778
  29.111328	   0.030489
  29.121094	   0.044720
  29.130859	   0.062973
  29.140625	   0.082931
  29.150391	   0.100616
  29.160156	   0.111194
  29.169922	   0.110243
  29.179688	   0.095107
  29.189453	   0.065899
  29.199219	   0.025778
  29.208984	  -0.019620
  29.218750	  -0.063503
  29.228516	  -0.099585
  29.238281	  -0.123621
  29.248047	  -0.134327
  29.257812	  -0.133437
  29.267578	  -0.124892
  29.277344	  -0.113472
  29.287109	  -0.103327
  29.296875	  -0.096901
  29.306641	  -0.094562
  29.316406	  -0.095016
  29.326172	  -0.096270
  29.335938	  -0.096731
  29.345703	  -0.095990
  29.355469	  -0.094959
  29.365234	  -0.095322
  29.375000	  -0.098508
  29.384766	  -0.104633
  29.394531	  -0.111889
  29.404297	  -0.116734
  29.414062	  -0.114906
  29.423828	  -0.103026
  29.433594	  -0.080221
  29.443359	  -0.049181
  29.453125	  -0.016150
  29.462891	   0.010293
  29.472656	   0.021431
  29.482422	   0.010988
  29.492188	  -0.022690
  29.501953	  -0.075566
  29.511719	  -0.138377
  29.521484	  -0.198596
  29.531250	  -0.243424
  29.541016	  -0.262989
  29.550781	  -0.252867
  29.560547	  -0.215202
  29.570312	  -0.158120
  29.580078	  -0.093594
  29.589844	  -0.034384
  29.599609	   0.009110
  29.609375	   0.031226
  29.619141	   0.032048
  29.628906	   0.016877
  29.638672	  -0.005604
  29.648438	  -0.025837
  29.658203	  -0.035871
  29.667969	  -0.031129
  29.677734	  -0.011084
  29.687500	   0.021188
  29.697266	   0.060312
  29.707031	   0.100272
  29.716797	   0.135916
  29.726562	   0.163902
  29.736328	   0.182948
  29.746094	   0.193441
  29.755859	   0.196684
  29.765625	   0.194107
  29.775391	   0.186716
  29.785156	   0.174928
  29.794922	   0.158768
  29.804688	   0.138292
  29.814453	   0.114020
  29.824219	   0.087196
  29.833984	   0.059788
  29.843750	   0.034217
  29.853516	   0.012925
  29.863281	  -0.002105
  29.873047	  -0.009729
  29.882812	  -0.009846
  29.892578	  -0.003408
  29.902344	   0.007760
  29.912109	   0.021265
  29.921875	   0.034524
  29.931641	   0.045177
  29.941406	   0.051467
  29.951172	   0.052548
  29.960938	   0.048652
  29.970703	   0.041054
  29.980469	   0.031794
  29.990234	   0.023177
  30.000000	   0.017139
  30.009766	   0.014641
  30.019531	   0.015272
  30.029297	   0.017249
  30.039062	   0.017865
  30.048828	   0.014327
  30.058594	   0.004760
  30.068359	  -0.010931
  30.078125	  -0.030665
  30.087891	  -0.050469
  30.097656	  -0.065442
  30.107422	  -0.071179
  30.117188	  -0.065247
  30.126953	  -0.048231
  30.136719	  -0.023952
  30.146484	   0.001325
  30.156250	   0.020521
  30.166016	   0.027800
  30.175781	   0.020429
  30.185547	  -0.000169
  30.195312	  -0.028549
  30.205078	  -0.056620
  30.214844	  -0.075902
  30.224609	  -0.080010
  30.234375	  -0.066619
  30.244141	  -0.038252
  30.253906	  -0.001639
  30.263672	   0.034227
  30.273438	   0.060763
  30.283203	   0.072370
  30.292969	   0.068138
  30.302734	   0.052125
  30.312500	   0.032118
  30.322266	   0.017260
  30.332031	   0.015272
  30.341797	   0.030132
  30.351562	   0.060924
  30.361328	   0.102201
  30.371094	   0.145711
  30.380859	   0.182928
  30.390625	   0.207571
  30.400391	   0.217333
  30.410156	   0.214300
  30.419922	   0.203984
  30.429688	   0.193336
  30.439453	   0.188406
  30.449219	   0.192431
  30.458984	   0.204920
  30.468750	   0.222005
  30.478516	   0.237862
  30.488281	   0.246686
  30.498047	   0.244552
  30.507812	   0.230553
  30.517578	   0.206886
  30.527344	   0.177923
  30.537109	   0.148646
  30.546875	   0.122992
  30.556641	   0.102693
  30.566406	   0.086958
  30.576172	   0.073042
  30.585938	   0.057465
  30.595703	   0.037397
  30.605469	   0.011726
  30.615234	  -0.018548
  30.625000	  -0.050703
  30.634766	  -0.081269
  30.644531	  -0.107219
  30.654297	  -0.126945
  30.664062	  -0.140667
  30.673828	  -0.150172
  30.683594	  -0.158015
  30.693359	  -0.166480
  30.703125	  -0.176710
  30.712891	  -0.188311
  30.722656	  -0.199551
  30.732422	  -0.208074
  30.742188	  -0.211856
  30.751953	  -0.210044
  30.761719	  -0.203383
  30.771484	  -0.194098
  30.781250	  -0.185253
  30.791016	  -0.179829
  30.800781	  -0.179826
  30.810547	  -0.185660
  30.820312	  -0.196036
  30.830078	  -0.208312
  30.839844	  -0.219196
  30.849609	  -0.225566
  30.859375	  -0.225175
  30.869141	  -0.217089
  30.878906	  -0.201789
  30.888672	  -0.181003
  30.898438	  -0.157347
  30.908203	  -0.133909
  30.917969	  -0.113808
  30.927734	  -0.099788
  30.937500	  -0.093798
  30.947266	  -0.096601
  30.957031	  -0.107446
  30.966797	  -0.123903
  30.976562	  -0.142012
  30.986328	  -0.156812
  30.996094	  -0.163263
  31.005859	  -0.157387
  31.015625	  -0.137385
  31.025391	  -0.104364
  31.035156	  -0.062403
  31.044922	  -0.017836
  31.054688	   0.022166
  31.064453	   0.051358
  31.074219	   0.066053
  31.083984	   0.066130
  31.093750	   0.055059
  31.103516	   0.038900
  31.113281	   0.024528
  31.123047	   0.017592
  31.132812	   0.020845
  31.142578	   0.033369
  31.152344	   0.050947
  31.162109	   0.067493
  31.171875	   0.077068
  31.181641	   0.075857
  31.191406	   0.063445
  31.201172	   0.042970
  31.210938	   0.020104
  31.220703	   0.001185
  31.230469	  -0.008883
  31.240234	  -0.008249
  31.250000	   0.001270
  31.259766	   0.014810
  31.269531	   0.026107
  31.279297	   0.029626
  31.289062	   0.022468
  31.298828	   0.005415
  31.308594	  -0.017238
  31.318359	  -0.038997
  31.328125	  -0.053213
  31.337891	  -0.055169
  31.347656	  -0.043537
  31.357422	  -0.020736
  31.367188	   0.007893
  31.376953	   0.035805
  31.386719	   0.057286
  31.396484	   0.069120
  31.406250	   0.071383
  31.416016	   0.067144
  31.425781	   0.061229
  31.435547	   0.058511
  31.445312	   0.062327
  31.455078	   0.073525
  31.464844	   0.090427
  31.474609	   0.109644
  31.484375	   0.127386
  31.494141	   0.140783
  31.503906	   0.148722
  31.513672	   0.151972
  31.523438	   0.152578
  31.533203	   0.152837
  31.542969	   0.154272
  31.552734	   0.157019
  31.562500	   0.159853
  31.572266	   0.160828
  31.582031	   0.158243
  31.591797	   0.151533
  31.601562	   0.141711
  31.611328	   0.131130
  31.621094	   0.122649
  31.630859	   0.118487
  31.640625	   0.119220
  31.650391	   0.123310
  31.660156	   0.127408
  31.669922	   0.127366
  31.679688	   0.119644
  31.689453	   0.102624
  31.699219	   0.077363
  31.708984	   0.047489
  31.718750	   0.018230
  31.728516	  -0.005118
  31.738281	  -0.018809
  31.748047	  -0.021801
  31.757812	  -0.016082
  31.767578	  -0.006044
  31.777344	   0.002875
  31.787109	   0.005849
  31.796875	   0.000085
  31.806641	  -0.014425
  31.816406	  -0.035034
  31.826172	  -0.057346
  31.835938	  -0.076575
  31.845703	  -0.088894
  31.855469	  -0.092351
  31.865234	  -0.087119
  31.875000	  -0.075097
  31.884766	  -0.059080
  31.894531	  -0.041871
  31.904297	  -0.025640
  31.914062	  -0.011736
  31.923828	  -0.000915
  31.933594	   0.006206
  31.943359	   0.008763
  31.953125	   0.005571
  31.962891	  -0.004556
  31.972656	  -0.022177
  31.982422	  -0.046555
  31.992188	  -0.075269
  32.001953	  -0.104348
  32.011719	  -0.128974
  32.021484	  -0.144605
  32.031250	  -0.148167
  32.041016	  -0.138908
  32.050781	  -0.118623
  32.060547	  -0.091115
  32.070312	  -0.061071
  32.080078	  -0.032708
  32.089844	  -0.008644
  32.099609	   0.010621
  32.109375	   0.026456
  32.119141	   0.041174
  32.128906	   0.056803
  32.138672	   0.074003
  32.148438	   0.091560
  32.158203	   0.106658
  32.167969	   0.115858
  32.177734	   0.116430
  32.187500	   0.107556
  32.197266	   0.090938
  32.207031	   0.070554
  32.216797	   0.051604
  32.226562	   0.038973
  32.236328	   0.035740
  32.246094	   0.042228
  32.255859	   0.055948
  32.265625	   0.072444
  32.275391	   0.086756
  32.285156	   0.094989
  32.294922	   0.095451
  32.304688	   0.088957
  32.314453	   0.078238
  32.324219	   0.066671
  32.333984	   0.056845
  32.343750	   0.049500
  32.353516	   0.043270
  32.363281	   0.035330
  32.373047	   0.022744
  32.382812	   0.003989
  32.392578	  -0.019939
  32.402344	  -0.045314
  32.412109	  -0.066529
  32.421875	  -0.077816
  32.431641	  -0.075267
  32.441406	  -0.058492
  32.451172	  -0.031276
  32.460938	  -0.000947
  32.470703	   0.023464
  32.480469	   0.033728
  32.490234	   0.024863
  32.500000	  -0.003269
  32.509766	  -0.045728
  32.519531	  -0.093722
  32.529297	  -0.136964
  32.539062	  -0.166452
  32.548828	  -0.176864
  32.558594	  -0.167858
  32.568359	  -0.143959
  32.578125	  -0.113092
  32.587891	  -0.084270
  32.597656	  -0.065142
  32.607422	  -0.060120
  32.617188	  -0.069574
  32.626953	  -0.090220
  32.636719	  -0.116463
  32.646484	  -0.142186
  32.656250	  -0.162388
  32.666016	  -0.174211
  32.675781	  -0.177123
  32.685547	  -0.172365
  32.695312	  -0.161966
  32.705078	  -0.147780
  32.714844	  -0.130896
  32.724609	  -0.111608
  32.734375	  -0.089887
  32.744141	  -0.066095
  32.753906	  -0.041591
  32.763672	  -0.018936
  32.773438	  -0.001544
  32.783203	   0.007146
  32.792969	   0.004721
  32.802734	  -0.009272
  32.812500	  -0.032823
  32.822266	  -0.061595
  32.832031	  -0.089666
  32.841797	  -0.110721
  32.851562	  -0.119366
  32.861328	  -0.112265
  32.871094	  -0.088814
  32.880859	  -0.051264
  32.890625	  -0.004278
  32.900391	   0.045927
  32.910156	   0.092657
  32.919922	   0.129840
  32.929688	   0.152979
  32.939453	   0.159832
  32.949219	   0.150748
  32.958984	   0.128612
  32.968750	   0.098396
  32.978516	   0.066349
  32.988281	   0.038912
  32.998047	   0.021534
  33.007812	   0.017610
  33.017578	   0.027777
  33.027344	   0.049787
  33.037109	   0.079021
  33.046875	   0.109577
  33.056641	   0.135670
  33.066406	   0.152989
  33.076172	   0.159615
  33.085938	   0.156248
  33.095703	   0.145649
  33.105469	   0.131506
  33.115234	   0.117079
  33.125000	   0.104099
  33.134766	   0.092319
  33.144531	   0.079882
  33.154297	   0.064407
  33.164062	   0.044392
  33.173828	   0.020420
  33.183594	  -0.004352
  33.193359	  -0.024686
  33.203125	  -0.034687
  33.212891	  -0.029748
  33.222656	  -0.008386
  33.232422	   0.026702
  33.242188	   0.068808
  33.251953	   0.108686
  33.261719	   0.136959
  33.271484	   0.146764
  33.281250	   0.135794
  33.291016	   0.107068
  33.300781	   0.068109
  33.310547	   0.028750
  33.320312	  -0.001787
  33.330078	  -0.017620
  33.339844	  -0.017874
  33.349609	  -0.006738
  33.359375	   0.008111
  33.369141	   0.018216
  33.378906	   0.017285
  33.388672	   0.003401
  33.398438	  -0.020253
  33.408203	  -0.046399
  33.417969	  -0.066087
  33.427734	  -0.071735
  33.437500	  -0.059773
  33.447266	  -0.031997
  33.457031	   0.004826
  33.466797	   0.041008
  33.476562	   0.066967
  33.486328	   0.076258
  33.496094	   0.067612
  33.505859	   0.045308
  33.515625	   0.017777
  33.525391	  -0.005113
  33.535156	  -0.015193
  33.544922	  -0.008534
  33.554688	   0.013419
  33.564453	   0.044446
  33.574219	   0.075650
  33.583984	   0.098329
  33.593750	   0.106652
  33.603516	   0.099289
  33.613281	   0.079498
  33.623047	   0.053716
  33.632812	   0.029202
  33.642578	   0.011572
  33.652344	   0.003089
  33.662109	   0.002244
  33.671875	   0.004737
  33.681641	   0.005443
  33.691406	   0.000611
  33.701172	  -0.010513
  33.710938	  -0.025251
  33.720703	  -0.038415
  33.730469	  -0.044279
  33.740234	  -0.038912
  33.750000	  -0.022028
  33.759766	   0.002316
  33.769531	   0.026497
  33.779297	   0.041395
  33.789062	   0.039135
  33.798828	   0.015654
  33.808594	  -0.027712
  33.818359	  -0.084145
  33.828125	  -0.142839
  33.837891	  -0.191649
  33.847656	  -0.220179
  33.857422	  -0.222439
  33.867188	  -0.198368
  33.876953	  -0.153862
  33.886719	  -0.099337
  33.896484	  -0.047256
  33.906250	  -0.009297
  33.916016	   0.006177
  33.925781	  -0.004238
  33.935547	  -0.038479
  33.945312	  -0.089664
  33.955078	  -0.147616
  33.964844	  -0.200882
  33.974609	  -0.238818
  33.984375	  -0.253377
  33.994141	  -0.240351
  34.003906	  -0.199934
  34.013672	  -0.136570
  34.023438	  -0.058153
  34.033203	   0.025309
  34.042969	   0.103354
  34.052734	   0.166812
  34.062500	   0.209312
  34.072266	   0.228272
  34.082031	   0.225137
  34.091797	   0.204794
  34.101562	   0.174269
  34.111328	   0.141023
  34.121094	   0.111252
  34.130859	   0.088662
  34.140625	   0.074007
  34.150391	   0.065514
  34.160156	   0.060003
  34.169922	   0.054321
  34.179688	   0.046593
  34.189453	   0.036867
  34.199219	   0.026931
  34.208984	   0.019398
  34.218750	   0.016399
  34.228516	   0.018403
  34.238281	   0.023646
  34.248047	   0.028437
  34.257812	   0.028324
  34.267578	   0.019719
  34.277344	   0.001441
  34.287109	  -0.024442
  34.296875	  -0.052827
  34.306641	  -0.076906
  34.316406	  -0.090224
  34.326172	  -0.088840
  34.335938	  -0.072831
  34.345703	  -0.046608
  34.355469	  -0.017830
  34.365234	   0.004789
  34.375000	   0.014129
  34.384766	   0.006924
  34.394531	  -0.015122
  34.404297	  -0.045763
  34.414062	  -0.076093
  34.423828	  -0.097308
  34.433594	  -0.103484
  34.443359	  -0.093468
  34.453125	  -0.071277
  34.462891	  -0.044852
  34.472656	  -0.023575
  34.482422	  -0.015330
  34.492188	  -0.024056
  34.501953	  -0.048555
  34.511719	  -0.082936
  34.521484	  -0.118509
  34.531250	  -0.146493
  34.541016	  -0.160666
  34.550781	  -0.159098
  34.560547	  -0.144457
  34.570312	  -0.122842
  34.580078	  -0.101578
  34.589844	  -0.086762
  34.599609	  -0.081344
  34.609375	  -0.084382
  34.619141	  -0.091633
  34.628906	  -0.097237
  34.638672	  -0.095860
  34.648438	  -0.084558
  34.658203	  -0.063736
  34.667969	  -0.036933
  34.677734	  -0.009545
  34.687500	   0.013023
  34.697266	   0.027125
  34.707031	   0.031967
  34.716797	   0.029693
  34.726562	   0.024489
  34.736328	   0.021052
  34.746094	   0.022985
  34.755859	   0.031647
  34.765625	   0.045812
  34.775391	   0.062187
  34.785156	   0.076546
  34.794922	   0.085055
  34.804688	   0.085347
  34.814453	   0.077030
  34.824219	   0.061547
  34.833984	   0.041564
  34.843750	   0.020162
  34.853516	   0.000174
  34.863281	  -0.016152
  34.873047	  -0.027139
  34.882812	  -0.031466
  34.892578	  -0.028011
  34.902344	  -0.015938
  34.912109	   0.004916
  34.921875	   0.033473
  34.931641	   0.066957
  34.941406	   0.100854
  34.951172	   0.129481
  34.960938	   0.147173
  34.970703	   0.149802
  34.980469	   0.136179
  34.990234	   0.108855
  35.000000	   0.073944
  35.009766	   0.039907
  35.019531	   0.015538
  35.029297	   0.007688
  35.039062	   0.019394
  35.048828	   0.048963
  35.058594	   0.090317
  35.068359	   0.134507
  35.078125	   0.171960
  35.087891	   0.194812
  35.097656	   0.198655
  35.107422	   0.183243
  35.117188	   0.152051
  35.126953	   0.110900
  35.136719	   0.066192
  35.146484	   0.023305
  35.156250	  -0.014364
  35.166016	  -0.045537
  35.175781	  -0.070482
  35.185547	  -0.090101
  35.195312	  -0.105118
  35.205078	  -0.115739
  35.214844	  -0.121875
  35.224609	  -0.123795
  35.234375	  -0.122839
  35.244141	  -0.121779
  35.253906	  -0.124541
  35.263672	  -0.135260
  35.273438	  -0.156912
  35.283203	  -0.190008
  35.292969	  -0.231847
  35.302734	  -0.276693
  35.312500	  -0.316942
  35.322266	  -0.344991
  35.332031	  -0.355257
  35.341797	  -0.345712
  35.351562	  -0.318438
  35.361328	  -0.278973
  35.371094	  -0.234680
  35.380859	  -0.192626
  35.390625	  -0.157672
  35.400391	  -0.131373
  35.410156	  -0.112019
  35.419922	  -0.095759
  35.429688	  -0.078364
  35.439453	  -0.056999
  35.449219	  -0.031349
  35.458984	  -0.003717
  35.468750	   0.021941
  35.478516	   0.041675
  35.488281	   0.053270
  35.498047	   0.057402
  35.507812	   0.057738
  35.517578	   0.059906
  35.527344	   0.069634
  35.537109	   0.090667
  35.546875	   0.123194
  35.556641	   0.163323
  35.566406	   0.203854
  35.576172	   0.236141
  35.585938	   0.252492
  35.595703	   0.248383
  35.605469	   0.223807
  35.615234	   0.183373
  35.625000	   0.135142
  35.634766	   0.088584
  35.644531	   0.052284
  35.654297	   0.032038
  35.664062	   0.029849
  35.673828	   0.043983
  35.683594	   0.069930
  35.693359	   0.101863
  35.703125	   0.134095
  35.712891	   0.162116
  35.722656	   0.183027
  35.732422	   0.195402
  35.742188	   0.198844
  35.751953	   0.193519
  35.761719	   0.179929
  35.771484	   0.158973
  35.781250	   0.132193
  35.791016	   0.101981
  35.800781	   0.071482
  35.810547	   0.044113
  35.820312	   0.022729
  35.830078	   0.008720
  35.839844	   0.001356
  35.849609	  -0.002284
  35.859375	  -0.006685
  35.869141	  -0.016666
  35.878906	  -0.035884
  35.888672	  -0.065546
  35.898438	  -0.103763
  35.908203	  -0.145803
  35.917969	  -0.185226
  35.927734	  -0.215579
  35.937500	  -0.232158
  35.947266	  -0.233287
  35.957031	  -0.220733
  35.966797	  -0.199140
  35.976562	  -0.174648
  35.986328	  -0.153166
  35.996094	  -0.138787
  36.005859	  -0.132832
  36.015625	  -0.133757
  36.025391	  -0.137874
  36.035156	  -0.140622
  36.044922	  -0.137955
  36.054688	  -0.127444
  36.064453	  -0.108833
  36.074219	  -0.083964
  36.083984	  -0.056224
  36.093750	  -0.029745
  36.103516	  -0.008609
  36.113281	   0.003772
  36.123047	   0.005078
  36.132812	  -0.005644
  36.142578	  -0.027759
  36.152344	  -0.058825
  36.162109	  -0.094475
  36.171875	  -0.128543
  36.181641	  -0.153651
  36.191406	  -0.162349
  36.201172	  -0.148720
  36.210938	  -0.110156
  36.220703	  -0.048786
  36.230469	   0.027966
  36.240234	   0.108090
  36.250000	   0.177037
  36.259766	   0.220787
  36.269531	   0.229210
  36.279297	   0.198863
  36.289062	   0.134344
  36.298828	   0.047719
  36.308594	  -0.043984
  36.318359	  -0.122661
  36.328125	  -0.173401
  36.337891	  -0.188009
  36.347656	  -0.166825
  36.357422	  -0.118337
  36.367188	  -0.056736
  36.376953	   0.001891
  36.386719	   0.043632
  36.396484	   0.059951
  36.406250	   0.049199
  36.416016	   0.016138
  36.425781	  -0.030227
  36.435547	  -0.079682
  36.445312	  -0.123726
  36.455078	  -0.157485
  36.464844	  -0.180133
  36.474609	  -0.193865
  36.484375	  -0.201957
  36.494141	  -0.206730
  36.503906	  -0.208203
  36.513672	  -0.203941
  36.523438	  -0.190140
  36.533203	  -0.163499
  36.542969	  -0.123180
  36.552734	  -0.072043
  36.562500	  -0.016659
  36.572266	   0.034023
  36.582031	   0.070978
  36.591797	   0.087663
  36.601562	   0.081998
  36.611328	   0.057116
  36.621094	   0.020631
  36.630859	  -0.017384
  36.640625	  -0.047071
  36.650391	  -0.061304
  36.660156	  -0.057304
  36.669922	  -0.036906
  36.679688	  -0.005485
  36.689453	   0.030041
  36.699219	   0.063428
  36.708984	   0.090829
  36.718750	   0.111516
  36.728516	   0.127428
  36.738281	   0.141832
  36.748047	   0.157613
  36.757812	   0.175851
  36.767578	   0.195200
  36.777344	   0.212271
  36.787109	   0.222895
  36.796875	   0.223802
  36.806641	   0.214114
  36.816406	   0.196139
  36.826172	   0.175139
  36.835938	   0.158102
  36.845703	   0.151879
  36.855469	   0.161205
  36.865234	   0.187201
  36.875000	   0.226784
  36.884766	   0.273155
  36.894531	   0.317228
  36.904297	   0.349624
  36.914062	   0.362720
  36.923828	   0.352259
  36.933594	   0.318168
  36.943359	   0.264460
  36.953125	   0.198293
  36.962891	   0.128470
  36.972656	   0.063730
  36.982422	   0.011181
  36.992188	  -0.024823
  37.001953	  -0.043198
  37.011719	  -0.046002
  37.021484	  -0.037729
  37.031250	  -0.024198
  37.041016	  -0.011266
  37.050781	  -0.003618
  37.060547	  -0.003870
  37.070312	  -0.012171
  37.080078	  -0.026388
  37.089844	  -0.042837
  37.099609	  -0.057385
  37.109375	  -0.066661
  37.119141	  -0.069038
  37.128906	  -0.065127
  37.138672	  -0.057607
  37.148438	  -0.050424
  37.158203	  -0.047563
  37.167969	  -0.051753
  37.177734	  -0.063484
  37.187500	  -0.080686
  37.197266	  -0.099174
  37.207031	  -0.113784
  37.216797	  -0.119874
  37.226562	  -0.114746
  37.236328	  -0.098558
  37.246094	  -0.074425
  37.255859	  -0.047669
  37.265625	  -0.024424
  37.275391	  -0.009998
  37.285156	  -0.007492
  37.294922	  -0.017051
  37.304688	  -0.035946
  37.314453	  -0.059428
  37.324219	  -0.082037
  37.333984	  -0.098957
  37.343750	  -0.107017
  37.353516	  -0.105082
  37.363281	  -0.093824
  37.373047	  -0.075043
  37.382812	  -0.050887
  37.392578	  -0.023260
  37.402344	   0.006366
  37.412109	   0.036755
  37.421875	   0.066489
  37.431641	   0.093639
  37.441406	   0.115770
  37.451172	   0.130401
  37.460938	   0.135823
  37.470703	   0.131975
  37.480469	   0.121014
  37.490234	   0.107223
  37.500000	   0.096161
  37.509766	   0.093177
  37.519531	   0.101711
  37.529297	   0.121928
  37.539062	   0.150195
  37.548828	   0.179701
  37.558594	   0.202142
  37.568359	   0.210076
  37.578125	   0.199254
  37.587891	   0.170223
  37.597656	   0.128645
  37.607422	   0.084149
  37.617188	   0.047979
  37.626953	   0.030054
  37.636719	   0.036280
  37.646484	   0.066874
  37.656250	   0.116195
  37.666016	   0.174104
  37.675781	   0.228488
  37.685547	   0.268189
  37.695312	   0.285541
  37.705078	   0.277830
  37.714844	   0.247357
  37.724609	   0.200190
  37.734375	   0.144094
  37.744141	   0.086302
  37.753906	   0.031792
  37.763672	  -0.017466
  37.773438	  -0.062212
  37.783203	  -0.104763
  37.792969	  -0.147535
  37.802734	  -0.191751
  37.812500	  -0.236772
  37.822266	  -0.280207
  37.832031	  -0.318708
  37.841797	  -0.349099
  37.851562	  -0.369421
  37.861328	  -0.379522
  37.871094	  -0.381014
  37.880859	  -0.376653
  37.890625	  -0.369393
  37.900391	  -0.361482
  37.910156	  -0.353890
  37.919922	  -0.346284
  37.929688	  -0.337494
  37.939453	  -0.326284
  37.949219	  -0.312110
  37.958984	  -0.295577
  37.968750	  -0.278399
  37.978516	  -0.262877
  37.988281	  -0.251051
  37.998047	  -0.243828
  38.007812	  -0.240393
  38.017578	  -0.238142
  38.027344	  -0.233194
  38.037109	  -0.221395
  38.046875	  -0.199536
  38.056641	  -0.166454
  38.066406	  -0.123689
  38.076172	  -0.075458
  38.085938	  -0.027910
  38.095703	   0.012240
  38.105469	   0.039381
  38.115234	   0.050622
  38.125000	   0.046917
  38.134766	   0.033386
  38.144531	   0.018643
  38.154297	   0.013183
  38.164062	   0.027075
  38.173828	   0.067450
  38.183594	   0.136347
  38.193359	   0.229494
  38.203125	   0.336442
  38.212891	   0.442194
  38.222656	   0.530103
  38.232422	   0.585485
  38.242188	   0.599107
  38.251953	   0.569690
  38.261719	   0.504676
  38.271484	   0.418927
  38.281250	   0.331527
  38.291016	   0.261352
  38.300781	   0.222500
  38.310547	   0.220748
  38.320312	   0.252030
  38.330078	   0.303414
  38.339844	   0.356430
  38.349609	   0.391904
  38.359375	   0.395043
  38.369141	   0.359390
  38.378906	   0.288529
  38.388672	   0.195071
  38.398438	   0.097166
  38.408203	   0.013526
  38.417969	  -0.041645
  38.427734	  -0.062382
  38.437500	  -0.052299
  38.447266	  -0.023202
  38.457031	   0.008584
  38.466797	   0.027058
  38.476562	   0.021137
  38.486328	  -0.012351
  38.496094	  -0.068071
  38.505859	  -0.134097
  38.515625	  -0.195666
  38.525391	  -0.239587
  38.535156	  -0.257971
  38.544922	  -0.250206
  38.554688	  -0.222668
  38.564453	  -0.186389
  38.574219	  -0.153496
  38.583984	  -0.133579
  38.593750	  -0.131101
  38.603516	  -0.144568
  38.613281	  -0.167579
  38.623047	  -0.191295
  38.632812	  -0.207422
  38.642578	  -0.210715
  38.652344	  -0.200222
  38.662109	  -0.178955
  38.671875	  -0.152224
  38.681641	  -0.125288
  38.691406	  -0.101195
  38.701172	  -0.079571
  38.710938	  -0.056777
  38.720703	  -0.027364
  38.730469	   0.013680
  38.740234	   0.068633
  38.750000	   0.135501
  38.759766	   0.207741
  38.769531	   0.275397
  38.779297	   0.327343
  38.789062	   0.354027
  38.798828	   0.349939
  38.808594	   0.315173
  38.818359	   0.255671
  38.828125	   0.182131
  38.837891	   0.107873
  38.847656	   0.046193
  38.857422	   0.007799
  38.867188	  -0.001153
  38.876953	   0.019928
  38.886719	   0.066096
  38.896484	   0.127881
  38.906250	   0.193028
  38.916016	   0.248641
  38.925781	   0.283405
  38.935547	   0.289526
  38.945312	   0.264101
  38.955078	   0.209695
  38.964844	   0.133991
  38.974609	   0.048526
  38.984375	  -0.033306
  38.994141	  -0.098653
  39.003906	  -0.137535
  39.013672	  -0.144638
  39.023438	  -0.120156
  39.033203	  -0.069512
  39.042969	  -0.002012
  39.052734	   0.071218
  39.062500	   0.139487
  39.072266	   0.194447
  39.082031	   0.231209
  39.091797	   0.248481
  39.101562	   0.247866
  39.111328	   0.232649
  39.121094	   0.206563
  39.130859	   0.172951
  39.140625	   0.134525
  39.150391	   0.093676
  39.160156	   0.053030
  39.169922	   0.015844
  39.179688	  -0.014104
  39.189453	  -0.033255
  39.199219	  -0.039471
  39.208984	  -0.033266
  39.218750	  -0.018539
  39.228516	  -0.002340
  39.238281	   0.006467
  39.248047	  -0.000560
  39.257812	  -0.028907
  39.267578	  -0.079048
  39.277344	  -0.145585
  39.287109	  -0.218005
  39.296875	  -0.282982
  39.306641	  -0.327685
  39.316406	  -0.343166
  39.326172	  -0.326866
  39.335938	  -0.283463
  39.345703	  -0.223806
  39.355469	  -0.162196
  39.365234	  -0.112816
  39.375000	  -0.086304
  39.384766	  -0.087447
  39.394531	  -0.114556
  39.404297	  -0.160595
  39.414062	  -0.215576
  39.423828	  -0.269400
  39.433594	  -0.314269
  39.443359	  -0.345996
  39.453125	  -0.363983
  39.462891	  -0.370123
  39.472656	  -0.367190
  39.482422	  -0.357422
  39.492188	  -0.341830
  39.501953	  -0.320398
  39.511719	  -0.292986
  39.521484	  -0.260379
  39.531250	  -0.224935
  39.541016	  -0.190393
  39.550781	  -0.160800
  39.560547	  -0.138916
  39.570312	  -0.124699
  39.580078	  -0.114570
  39.589844	  -0.101886
  39.599609	  -0.078648
  39.609375	  -0.037993
  39.619141	   0.023325
  39.628906	   0.103344
  39.638672	   0.194811
  39.648438	   0.286798
  39.658203	   0.367566
  39.667969	   0.427835
  39.677734	   0.463388
  39.687500	   0.476133
  39.697266	   0.473233
  39.707031	   0.464536
  39.716797	   0.459129
  39.726562	   0.462162
  39.736328	   0.473028
  39.746094	   0.485550
  39.755859	   0.490176
  39.765625	   0.477505
  39.775391	   0.442002
  39.785156	   0.384643
  39.794922	   0.313578
  39.804688	   0.242491
  39.814453	   0.187080
  39.824219	   0.160704
  39.833984	   0.170482
  39.843750	   0.215049
  39.853516	   0.284630
  39.863281	   0.363410
  39.873047	   0.433497
  39.882812	   0.479311
  39.892578	   0.491177
  39.902344	   0.467178
  39.912109	   0.412891
  39.921875	   0.339266
  39.931641	   0.259423
  39.941406	   0.185355
  39.951172	   0.125455
  39.960938	   0.083394
  39.970703	   0.058431
  39.980469	   0.046770
  39.990234	   0.043336
