# Time	Amplitude (cm/s/s)
   0.000000	   2.966202
   0.009766	   1.835990
   0.019531	   0.915898
   0.029297	   0.257499
   0.039062	  -0.146091
   0.048828	  -0.344449
   0.058594	  -0.406244
   0.068359	  -0.395104
   0.078125	  -0.351714
   0.087891	  -0.286597
   0.097656	  -0.184626
   0.107422	  -0.018836
   0.117188	   0.231531
   0.126953	   0.564873
   0.136719	   0.948395
   0.146484	   1.319755
   0.156250	   1.599185
   0.166016	   1.708950
   0.175781	   1.594694
   0.185547	   1.242491
   0.195312	   0.686367
   0.205078	   0.003597
   0.214844	  -0.701590
   0.224609	  -1.321951
   0.234375	  -1.772572
   0.244141	  -2.010692
   0.253906	  -2.044414
   0.263672	  -1.927596
   0.273438	  -1.742016
   0.283203	  -1.571597
   0.292969	  -1.475867
   0.302734	  -1.470320
   0.312500	  -1.519640
   0.322266	  -1.546214
   0.332031	  -1.452009
   0.341797	  -1.147939
   0.351562	  -0.582431
   0.361328	   0.239143
   0.371094	   1.250088
   0.380859	   2.334791
   0.390625	   3.354742
   0.400391	   4.180985
   0.410156	   4.723787
   0.419922	   4.951020
   0.429688	   4.890044
   0.439453	   4.612776
   0.449219	   4.208744
   0.458984	   3.754650
   0.468750	   3.290069
   0.478516	   2.807112
   0.488281	   2.257522
   0.498047	   1.575139
   0.507812	   0.706668
   0.517578	  -0.359305
   0.527344	  -1.574910
   0.537109	  -2.833849
   0.546875	  -3.991658
   0.556641	  -4.900476
   0.566406	  -5.448663
   0.576172	  -5.593592
   0.585938	  -5.377416
   0.595703	  -4.920211
   0.605469	  -4.391278
   0.615234	  -3.965729
   0.625000	  -3.777922
   0.634766	  -3.884449
   0.644531	  -4.246978
   0.654297	  -4.739891
   0.664062	  -5.180919
   0.673828	  -5.376822
   0.683594	  -5.172195
   0.693359	  -4.488911
   0.703125	  -3.346448
   0.712891	  -1.858636
   0.722656	  -0.208547
   0.732422	   1.391300
   0.742188	   2.743078
   0.751953	   3.701457
   0.761719	   4.196906
   0.771484	   4.240668
   0.781250	   3.912422
   0.791016	   3.335728
   0.800781	   2.648538
   0.810547	   1.976137
   0.820312	   1.412014
   0.830078	   1.009230
   0.839844	   0.781755
   0.849609	   0.712925
   0.859375	   0.767082
   0.869141	   0.900708
   0.878906	   1.070606
   0.888672	   1.238314
   0.898438	   1.371386
   0.908203	   1.443058
   0.917969	   1.431878
   0.927734	   1.322384
   0.937500	   1.107048
   0.947266	   0.788902
   0.957031	   0.383753
   0.966797	  -0.079151
   0.976562	  -0.558818
   0.986328	  -1.006751
   0.996094	  -1.373305
   1.005859	  -1.615156
   1.015625	  -1.702583
   1.025391	  -1.625183
   1.035156	  -1.394832
   1.044922	  -1.045084
   1.054688	  -0.626765
   1.064453	  -0.200206
   1.074219	   0.174740
   1.083984	   0.449107
   1.093750	   0.593538
   1.103516	   0.603241
   1.113281	   0.497744
   1.123047	   0.315077
   1.132812	   0.101414
   1.142578	  -0.101458
   1.152344	  -0.267624
   1.162109	  -0.394165
   1.171875	  -0.501537
   1.181641	  -0.626521
   1.191406	  -0.809197
   1.201172	  -1.077330
   1.210938	  -1.432677
   1.220703	  -1.843614
   1.230469	  -2.246982
   1.240234	  -2.559638
   1.250000	  -2.697335
   1.259766	  -2.596268
   1.269531	  -2.231476
   1.279297	  -1.626839
   1.289062	  -0.853445
   1.298828	  -0.016197
   1.308594	   0.768272
   1.318359	   1.396855
   1.328125	   1.802008
   1.337891	   1.965013
   1.347656	   1.917331
   1.357422	   1.730127
   1.367188	   1.495148
   1.376953	   1.302224
   1.386719	   1.219221
   1.396484	   1.279145
   1.406250	   1.476827
   1.416016	   1.774805
   1.425781	   2.115681
   1.435547	   2.436848
   1.445312	   2.683529
   1.455078	   2.817249
   1.464844	   2.818715
   1.474609	   2.685982
   1.484375	   2.430029
   1.494141	   2.070177
   1.503906	   1.631155
   1.513672	   1.142399
   1.523438	   0.638835
   1.533203	   0.161551
   1.542969	  -0.243412
   1.552734	  -0.529246
   1.562500	  -0.655485
   1.572266	  -0.596726
   1.582031	  -0.350764
   1.591797	   0.056300
   1.601562	   0.569881
   1.611328	   1.112460
   1.621094	   1.594304
   1.630859	   1.927577
   1.640625	   2.041279
   1.650391	   1.894263
   1.660156	   1.483953
   1.669922	   0.849167
   1.679688	   0.066441
   1.689453	  -0.759802
   1.699219	  -1.511965
   1.708984	  -2.076937
   1.718750	  -2.364191
   1.728516	  -2.321550
   1.738281	  -1.945837
   1.748047	  -1.286114
   1.757812	  -0.438148
   1.767578	   0.469782
   1.777344	   1.297922
   1.787109	   1.919409
   1.796875	   2.243347
   1.806641	   2.231744
   1.816406	   1.906412
   1.826172	   1.343931
   1.835938	   0.659471
   1.845703	  -0.017117
   1.855469	  -0.567566
   1.865234	  -0.907836
   1.875000	  -1.002080
   1.884766	  -0.865130
   1.894531	  -0.553657
   1.904297	  -0.149038
   1.914062	   0.263146
   1.923828	   0.611570
   1.933594	   0.851264
   1.943359	   0.967247
   1.953125	   0.970230
   1.962891	   0.887121
   1.972656	   0.750167
   1.982422	   0.588324
   1.992188	   0.423026
   2.001953	   0.268517
   2.011719	   0.135127
   2.021484	   0.032856
   2.031250	  -0.027163
   2.041016	  -0.034536
   2.050781	   0.015679
   2.060547	   0.117515
   2.070312	   0.250666
   2.080078	   0.381457
   2.089844	   0.469082
   2.099609	   0.475965
   2.109375	   0.379343
   2.119141	   0.180232
   2.128906	  -0.093561
   2.138672	  -0.392087
   2.148438	  -0.654836
   2.158203	  -0.826222
   2.167969	  -0.870487
   2.177734	  -0.781530
   2.187500	  -0.584601
   2.197266	  -0.329260
   2.207031	  -0.075686
   2.216797	   0.121535
   2.226562	   0.227347
   2.236328	   0.233880
   2.246094	   0.159926
   2.255859	   0.042935
   2.265625	  -0.073522
   2.275391	  -0.152631
   2.285156	  -0.173616
   2.294922	  -0.134957
   2.304688	  -0.051260
   2.314453	   0.054386
   2.324219	   0.159424
   2.333984	   0.248963
   2.343750	   0.318787
   2.353516	   0.373770
   2.363281	   0.422916
   2.373047	   0.473438
   2.382812	   0.526384
   2.392578	   0.575493
   2.402344	   0.609511
   2.412109	   0.616805
   2.421875	   0.590205
   2.431641	   0.530071
   2.441406	   0.444422
   2.451172	   0.346278
   2.460938	   0.249563
   2.470703	   0.165461
   2.480469	   0.100840
   2.490234	   0.059292
   2.500000	   0.044004
   2.509766	   0.060625
   2.519531	   0.118078
   2.529297	   0.225992
   2.539062	   0.388946
   2.548828	   0.599401
   2.558594	   0.832380
   2.568359	   1.044971
   2.578125	   1.182557
   2.587891	   1.191359
   2.597656	   1.034473
   2.607422	   0.706647
   2.617188	   0.242678
   2.626953	  -0.284400
   2.636719	  -0.776347
   2.646484	  -1.131508
   2.656250	  -1.269894
   2.666016	  -1.154568
   2.675781	  -0.802966
   2.685547	  -0.284413
   2.695312	   0.295970
   2.705078	   0.822737
   2.714844	   1.197961
   2.724609	   1.363693
   2.734375	   1.312968
   2.744141	   1.086770
   2.753906	   0.758587
   2.763672	   0.411788
   2.773438	   0.116913
   2.783203	  -0.084493
   2.792969	  -0.185365
   2.802734	  -0.207448
   2.812500	  -0.187616
   2.822266	  -0.161612
   2.832031	  -0.150997
   2.841797	  -0.157446
   2.851562	  -0.165584
   2.861328	  -0.152384
   2.871094	  -0.098901
   2.880859	   0.000449
   2.890625	   0.134633
   2.900391	   0.279812
   2.910156	   0.408498
   2.919922	   0.500225
   2.929688	   0.549399
   2.939453	   0.567099
   2.949219	   0.575996
   2.958984	   0.600233
   2.968750	   0.654153
   2.978516	   0.734288
   2.988281	   0.817956
   2.998047	   0.869400
   3.007812	   0.851656
   3.017578	   0.740137
   3.027344	   0.533192
   3.037109	   0.255801
   3.046875	  -0.045123
   3.056641	  -0.312519
   3.066406	  -0.494376
   3.076172	  -0.557551
   3.085938	  -0.496005
   3.095703	  -0.331184
   3.105469	  -0.104917
   3.115234	   0.132424
   3.125000	   0.334495
   3.134766	   0.468462
   3.144531	   0.519096
   3.154297	   0.487357
   3.164062	   0.385303
   3.173828	   0.230214
   3.183594	   0.040546
   3.193359	  -0.165015
   3.203125	  -0.365963
   3.212891	  -0.537900
   3.222656	  -0.652516
   3.232422	  -0.681351
   3.242188	  -0.603289
   3.251953	  -0.413710
   3.261719	  -0.131766
   3.271484	   0.197840
   3.281250	   0.510809
   3.291016	   0.736640
   3.300781	   0.816353
   3.310547	   0.719444
   3.320312	   0.454573
   3.330078	   0.070010
   3.339844	  -0.357082
   3.349609	  -0.739889
   3.359375	  -1.004185
   3.369141	  -1.106881
   3.378906	  -1.045267
   3.388672	  -0.854299
   3.398438	  -0.593169
   3.408203	  -0.325920
   3.417969	  -0.102712
   3.427734	   0.052064
   3.437500	   0.141241
   3.447266	   0.186110
   3.457031	   0.211417
   3.466797	   0.230309
   3.476562	   0.235402
   3.486328	   0.199775
   3.496094	   0.087877
   3.505859	  -0.127574
   3.515625	  -0.449177
   3.525391	  -0.845597
   3.535156	  -1.253866
   3.544922	  -1.593620
   3.554688	  -1.789272
   3.564453	  -1.793043
   3.574219	  -1.601037
   3.583984	  -1.256561
   3.593750	  -0.839026
   3.603516	  -0.441559
   3.613281	  -0.144328
   3.623047	   0.007908
   3.632812	   0.016845
   3.642578	  -0.073090
   3.652344	  -0.191696
   3.662109	  -0.267260
   3.671875	  -0.249928
   3.681641	  -0.126511
   3.691406	   0.077765
   3.701172	   0.310458
   3.710938	   0.511467
   3.720703	   0.633699
   3.730469	   0.657532
   3.740234	   0.594362
   3.750000	   0.478708
   3.759766	   0.352601
   3.769531	   0.248696
   3.779297	   0.178784
   3.789062	   0.132040
   3.798828	   0.083379
   3.808594	   0.008200
   3.818359	  -0.102806
   3.828125	  -0.235291
   3.837891	  -0.353331
   3.847656	  -0.411869
   3.857422	  -0.375148
   3.867188	  -0.234043
   3.876953	  -0.015068
   3.886719	   0.223420
   3.896484	   0.407724
   3.906250	   0.473050
   3.916016	   0.387232
   3.925781	   0.165239
   3.935547	  -0.131510
   3.945312	  -0.411908
   3.955078	  -0.583286
   3.964844	  -0.581895
   3.974609	  -0.395504
   3.984375	  -0.070144
   3.994141	   0.301874
   4.003906	   0.609245
   4.013672	   0.755609
   4.023438	   0.689119
   4.033203	   0.417936
   4.042969	   0.006647
   4.052734	  -0.445023
   4.062500	  -0.833909
   4.072266	  -1.084796
   4.082031	  -1.171104
   4.091797	  -1.118322
   4.101562	  -0.989757
   4.111328	  -0.860315
   4.121094	  -0.788039
   4.130859	  -0.793734
   4.140625	  -0.855803
   4.150391	  -0.921799
   4.160156	  -0.932030
   4.169922	  -0.846151
   4.179688	  -0.662602
   4.189453	  -0.423342
   4.199219	  -0.201753
   4.208984	  -0.077791
   4.218750	  -0.109239
   4.228516	  -0.309546
   4.238281	  -0.640593
   4.248047	  -1.023490
   4.257812	  -1.364158
   4.267578	  -1.585092
   4.277344	  -1.652391
   4.287109	  -1.588585
   4.296875	  -1.466647
   4.306641	  -1.386959
   4.316406	  -1.444868
   4.326172	  -1.699626
   4.335938	  -2.154950
   4.345703	  -2.757377
   4.355469	  -3.412518
   4.365234	  -4.013320
   4.375000	  -4.470663
   4.384766	  -4.736271
   4.394531	  -4.810994
   4.404297	  -4.736877
   4.414062	  -4.577044
   4.423828	  -4.391286
   4.433594	  -4.216166
   4.443359	  -4.056072
   4.453125	  -3.887222
   4.462891	  -3.671668
   4.472656	  -3.374937
   4.482422	  -2.980116
   4.492188	  -2.493267
   4.501953	  -1.938975
   4.511719	  -1.349014
   4.521484	  -0.749860
   4.531250	  -0.154928
   4.541016	   0.434970
   4.550781	   1.023385
   4.560547	   1.606476
   4.570312	   2.163949
   4.580078	   2.658168
   4.589844	   3.043513
   4.599609	   3.283409
   4.609375	   3.368389
   4.619141	   3.326931
   4.628906	   3.222581
   4.638672	   3.135661
   4.648438	   3.134062
   4.658203	   3.242871
   4.667969	   3.424633
   4.677734	   3.579809
   4.687500	   3.570705
   4.697266	   3.263857
   4.707031	   2.578435
   4.716797	   1.524455
   4.726562	   0.216305
   4.736328	  -1.145905
   4.746094	  -2.324373
   4.755859	  -3.107984
   4.765625	  -3.373503
   4.775391	  -3.123716
   4.785156	  -2.489079
   4.794922	  -1.690724
   4.804688	  -0.975322
   4.814453	  -0.541903
   4.824219	  -0.484037
   4.833984	  -0.766261
   4.843750	  -1.242642
   4.853516	  -1.711414
   4.863281	  -1.987401
   4.873047	  -1.967665
   4.882812	  -1.667849
   4.892578	  -1.216490
   4.902344	  -0.808945
   4.912109	  -0.636687
   4.921875	  -0.816593
   4.931641	  -1.345307
   4.941406	  -2.095441
   4.951172	  -2.855972
   4.960938	  -3.403578
   4.970703	  -3.580392
   4.980469	  -3.350648
   4.990234	  -2.815429
   5.000000	  -2.179009
   5.009766	  -1.677271
   5.019531	  -1.492573
   5.029297	  -1.685120
   5.039062	  -2.166108
   5.048828	  -2.723992
   5.058594	  -3.096737
   5.068359	  -3.066190
   5.078125	  -2.541792
   5.087891	  -1.603149
   5.097656	  -0.484237
   5.107422	   0.497989
   5.117188	   1.047743
   5.126953	   0.991423
   5.136719	   0.338524
   5.146484	  -0.722605
   5.156250	  -1.897649
   5.166016	  -2.907051
   5.175781	  -3.614949
   5.185547	  -4.120128
   5.195312	  -4.771590
   5.205078	  -6.093549
   5.214844	  -8.633767
   5.224609	 -12.776125
   5.234375	 -18.574017
   5.244141	 -25.659979
   5.253906	 -33.268017
   5.263672	 -40.373422
   5.273438	 -45.919515
   5.283203	 -49.072542
   5.292969	 -49.433786
   5.302734	 -47.146353
   5.312500	 -42.861414
   5.322266	 -37.567478
   5.332031	 -32.325635
   5.341797	 -27.981940
   5.351562	 -24.936868
   5.361328	 -23.037810
   5.371094	 -21.627550
   5.380859	 -19.738549
   5.390625	 -16.381656
   5.400391	 -10.850390
   5.410156	  -2.955952
   5.419922	   6.874359
   5.429688	  17.666197
   5.439453	  28.120122
   5.449219	  36.929785
   5.458984	  43.112395
   5.468750	  46.262626
   5.478516	  46.660044
   5.488281	  45.197980
   5.498047	  43.148652
   5.507812	  41.822845
   5.517578	  42.211260
   5.527344	  44.701014
   5.537109	  48.942978
   5.546875	  53.908073
   5.556641	  58.122817
   5.566406	  60.028496
   5.576172	  58.376043
   5.585938	  52.558356
   5.595703	  42.796228
   5.605469	  30.129754
   5.615234	  16.215210
   5.625000	   2.975791
   5.634766	  -7.808960
   5.644531	 -14.875248
   5.654297	 -17.719086
   5.664062	 -16.655891
   5.673828	 -12.686587
   5.683594	  -7.210538
   5.693359	  -1.664036
   5.703125	   2.819722
   5.712891	   5.641830
   5.722656	   6.804721
   5.732422	   6.806420
   5.742188	   6.401757
   5.751953	   6.306894
   5.761719	   6.937840
   5.771484	   8.261698
   5.781250	   9.804383
   5.791016	  10.810702
   5.800781	  10.505965
   5.810547	   8.376607
   5.820312	   4.380380
   5.830078	  -0.983091
   5.839844	  -6.768796
   5.849609	 -11.826205
   5.859375	 -15.113925
   5.869141	 -15.995549
   5.878906	 -14.426166
   5.888672	 -10.969848
   5.898438	  -6.638272
   5.908203	  -2.594703
   5.917969	   0.190533
   5.927734	   1.230324
   5.937500	   0.668216
   5.947266	  -0.764218
   5.957031	  -1.970909
   5.966797	  -1.831932
   5.976562	   0.438746
   5.986328	   5.025039
   5.996094	  11.411310
   6.005859	  18.487072
   6.015625	  24.825492
   6.025391	  29.055978
   6.035156	  30.223428
   6.044922	  28.031118
   6.054688	  22.899238
   6.064453	  15.826064
   6.074219	   8.096972
   6.083984	   0.930318
   6.093750	  -4.834336
   6.103516	  -8.915788
   6.113281	 -11.591002
   6.123047	 -13.523452
   6.132812	 -15.480333
   6.142578	 -18.031450
   6.152344	 -21.325961
   6.162109	 -25.016868
   6.171875	 -28.355874
   6.181641	 -30.427730
   6.191406	 -30.449935
   6.201172	 -28.043652
   6.210938	 -23.390631
   6.220703	 -17.225520
   6.230469	 -10.662494
   6.240234	  -4.904402
   6.250000	  -0.917185
   6.259766	   0.837692
   6.269531	   0.536907
   6.279297	  -1.042773
   6.289062	  -2.724368
   6.298828	  -3.238795
   6.308594	  -1.560018
   6.318359	   2.818813
   6.328125	   9.736323
   6.337891	  18.374444
   6.347656	  27.423114
   6.357422	  35.354451
   6.367188	  40.739996
   6.376953	  42.539553
   6.386719	  40.302158
   6.396484	  34.243763
   6.406250	  25.195070
   6.416016	  14.439527
   6.425781	   3.480250
   6.435547	  -6.216725
   6.445312	 -13.456851
   6.455078	 -17.492038
   6.464844	 -18.112573
   6.474609	 -15.647350
   6.484375	 -10.878063
   6.494141	  -4.885368
   6.503906	   1.145687
   6.513672	   6.127945
   6.523438	   9.248111
   6.533203	  10.086562
   6.542969	   8.660839
   6.552734	   5.386814
   6.562500	   0.967744
   6.572266	  -3.763583
   6.582031	  -8.014522
   6.591797	 -11.177027
   6.601562	 -12.916914
   6.611328	 -13.192618
   6.621094	 -12.206596
   6.630859	 -10.309706
   6.640625	  -7.889845
   6.650391	  -5.277637
   6.660156	  -2.693664
   6.669922	  -0.246351
   6.679688	   2.027811
   6.689453	   4.103836
   6.699219	   5.915343
   6.708984	   7.332555
   6.718750	   8.181805
   6.728516	   8.300408
   6.738281	   7.606108
   6.748047	   6.152938
   6.757812	   4.148264
   6.767578	   1.918381
   6.777344	  -0.171801
   6.787109	  -1.821841
   6.796875	  -2.887771
   6.806641	  -3.429582
   6.816406	  -3.692880
   6.826172	  -4.023948
   6.835938	  -4.740007
   6.845703	  -5.993659
   6.855469	  -7.676280
   6.865234	  -9.396882
   6.875000	 -10.552353
   6.884766	 -10.477859
   6.894531	  -8.640487
   6.904297	  -4.822998
   6.914062	   0.756950
   6.923828	   7.432235
   6.933594	  14.189751
   6.943359	  19.873466
   6.953125	  23.440574
   6.962891	  24.207954
   6.972656	  22.026255
   6.982422	  17.335592
   6.992188	  11.085672
   7.001953	   4.536665
   7.011719	  -1.013529
   7.021484	  -4.512113
   7.031250	  -5.378758
   7.041016	  -3.625786
   7.050781	   0.154720
   7.060547	   4.931496
   7.070312	   9.468066
   7.080078	  12.595743
   7.089844	  13.464448
   7.099609	  11.717312
   7.109375	   7.553931
   7.119141	   1.672958
   7.128906	  -4.888613
   7.138672	 -10.980465
   7.148438	 -15.577116
   7.158203	 -17.977574
   7.167969	 -17.925692
   7.177734	 -15.629803
   7.187500	 -11.683558
   7.197266	  -6.911952
   7.207031	  -2.182245
   7.216797	   1.774534
   7.226562	   4.490919
   7.236328	   5.813437
   7.246094	   5.871161
   7.255859	   4.978924
   7.265625	   3.508233
   7.275391	   1.766090
   7.285156	  -0.082357
   7.294922	  -2.026050
   7.304688	  -4.154829
   7.314453	  -6.561687
   7.324219	  -9.236470
   7.333984	 -11.991172
   7.343750	 -14.448399
   7.353516	 -16.105327
   7.363281	 -16.461016
   7.373047	 -15.172650
   7.382812	 -12.193275
   7.392578	  -7.844632
   7.402344	  -2.794350
   7.412109	   2.066905
   7.421875	   5.822983
   7.431641	   7.755094
   7.441406	   7.529559
   7.451172	   5.296371
   7.460938	   1.666843
   7.470703	  -2.428724
   7.480469	  -5.968876
   7.490234	  -8.095127
   7.500000	  -8.324687
   7.509766	  -6.664746
   7.519531	  -3.598111
   7.529297	   0.054597
   7.539062	   3.357159
   7.548828	   5.502866
   7.558594	   6.016245
   7.568359	   4.859003
   7.578125	   2.416091
   7.587891	  -0.628264
   7.597656	  -3.484925
   7.607422	  -5.467841
   7.617188	  -6.158807
   7.626953	  -5.488089
   7.636719	  -3.716598
   7.646484	  -1.333913
   7.656250	   1.091334
   7.666016	   3.062501
   7.675781	   4.265920
   7.685547	   4.616670
   7.695312	   4.236103
   7.705078	   3.378447
   7.714844	   2.336434
   7.724609	   1.357601
   7.734375	   0.594326
   7.744141	   0.095816
   7.753906	  -0.165222
   7.763672	  -0.249262
   7.773438	  -0.210835
   7.783203	  -0.079174
   7.792969	   0.136484
   7.802734	   0.423578
   7.812500	   0.739482
   7.822266	   0.997349
   7.832031	   1.075122
   7.841797	   0.848317
   7.851562	   0.236592
   7.861328	  -0.752938
   7.871094	  -2.003390
   7.880859	  -3.298512
   7.890625	  -4.366725
   7.900391	  -4.947984
   7.910156	  -4.864168
   7.919922	  -4.071450
   7.929688	  -2.678015
   7.939453	  -0.920981
   7.949219	   0.891095
   7.958984	   2.453262
   7.968750	   3.534982
   7.978516	   4.026909
   7.988281	   3.952037
   7.998047	   3.441012
   8.007812	   2.682215
   8.017578	   1.864005
   8.027344	   1.127173
   8.037109	   0.540524
   8.046875	   0.103618
   8.056641	  -0.228745
   8.066406	  -0.512291
   8.076172	  -0.783161
   8.085938	  -1.042582
   8.095703	  -1.260201
   8.105469	  -1.392453
   8.115234	  -1.406738
   8.125000	  -1.300574
   8.134766	  -1.107557
   8.144531	  -0.887704
   8.154297	  -0.706204
   8.164062	  -0.609291
   8.173828	  -0.607097
   8.183594	  -0.670551
   8.193359	  -0.743862
   8.203125	  -0.767932
   8.212891	  -0.705649
   8.222656	  -0.559052
   8.232422	  -0.371223
   8.242188	  -0.211449
   8.251953	  -0.148507
   8.261719	  -0.221609
   8.271484	  -0.419800
   8.281250	  -0.677899
   8.291016	  -0.891438
   8.300781	  -0.946386
   8.310547	  -0.754196
   8.320312	  -0.280711
   8.330078	   0.440595
   8.339844	   1.315374
   8.349609	   2.212881
   8.359375	   3.000187
   8.369141	   3.575264
   8.378906	   3.888945
   8.388672	   3.949913
   8.398438	   3.812768
   8.408203	   3.554726
   8.417969	   3.249685
   8.427734	   2.948383
   8.437500	   2.670195
   8.447266	   2.407353
   8.457031	   2.137689
   8.466797	   1.839290
   8.476562	   1.500551
   8.486328	   1.121858
   8.496094	   0.709321
   8.505859	   0.264763
   8.515625	  -0.221922
   8.525391	  -0.772839
   8.535156	  -1.412694
   8.544922	  -2.152505
   8.554688	  -2.972792
   8.564453	  -3.814029
   8.574219	  -4.580498
   8.583984	  -5.159241
   8.593750	  -5.450147
   8.603516	  -5.398341
   8.613281	  -5.017946
   8.623047	  -4.397864
   8.632812	  -3.685375
   8.642578	  -3.050376
   8.652344	  -2.639710
   8.662109	  -2.535025
   8.671875	  -2.727325
   8.681641	  -3.116856
   8.691406	  -3.539410
   8.701172	  -3.812000
   8.710938	  -3.784756
   8.720703	  -3.383771
   8.730469	  -2.632330
   8.740234	  -1.644500
   8.750000	  -0.593484
   8.759766	   0.335345
   8.769531	   0.992533
   8.779297	   1.299754
   8.789062	   1.262729
   8.798828	   0.959697
   8.808594	   0.510880
   8.818359	   0.039830
   8.828125	  -0.360754
   8.837891	  -0.648649
   8.847656	  -0.832560
   8.857422	  -0.955514
   8.867188	  -1.068746
   8.876953	  -1.206245
   8.886719	  -1.369071
   8.896484	  -1.524486
   8.906250	  -1.619356
   8.916016	  -1.602223
   8.925781	  -1.445572
   8.935547	  -1.160059
   8.945312	  -0.795533
   8.955078	  -0.428479
   8.964844	  -0.140185
   8.974609	   0.006976
   8.984375	  -0.012682
   8.994141	  -0.181964
   9.003906	  -0.447797
   9.013672	  -0.738739
   9.023438	  -0.987041
   9.033203	  -1.148202
   9.042969	  -1.212153
   9.052734	  -1.203232
   9.062500	  -1.169766
   9.072266	  -1.167191
   9.082031	  -1.240232
   9.091797	  -1.409381
   9.101562	  -1.665093
   9.111328	  -1.970450
   9.121094	  -2.270597
   9.130859	  -2.505659
   9.140625	  -2.623542
   9.150391	  -2.589759
   9.160156	  -2.392851
   9.169922	  -2.045286
   9.179688	  -1.580656
   9.189453	  -1.048237
   9.199219	  -0.505818
   9.208984	  -0.011388
   9.218750	   0.385753
   9.228516	   0.653538
   9.238281	   0.783885
   9.248047	   0.795735
   9.257812	   0.732626
   9.267578	   0.653994
   9.277344	   0.621092
   9.287109	   0.680330
   9.296875	   0.848351
   9.306641	   1.103495
   9.316406	   1.387176
   9.326172	   1.616125
   9.335938	   1.703250
   9.345703	   1.581845
   9.355469	   1.226311
   9.365234	   0.662906
   9.375000	  -0.033413
   9.384766	  -0.756067
   9.394531	  -1.393599
   9.404297	  -1.858650
   9.414062	  -2.110729
   9.423828	  -2.165862
   9.433594	  -2.090000
   9.443359	  -1.977867
   9.453125	  -1.923375
   9.462891	  -1.990376
   9.472656	  -2.192464
   9.482422	  -2.487894
   9.492188	  -2.791124
   9.501953	  -2.997573
   9.511719	  -3.014269
   9.521484	  -2.787505
   9.531250	  -2.319613
   9.541016	  -1.670380
   9.550781	  -0.943101
   9.560547	  -0.259617
   9.570312	   0.268529
   9.580078	   0.565065
   9.589844	   0.603976
   9.599609	   0.411585
   9.609375	   0.056476
   9.619141	  -0.368965
   9.628906	  -0.769993
   9.638672	  -1.068636
   9.648438	  -1.216677
   9.658203	  -1.200836
   9.667969	  -1.040612
   9.677734	  -0.780699
   9.687500	  -0.480420
   9.697266	  -0.202398
   9.707031	  -0.002045
   9.716797	   0.081152
   9.726562	   0.029871
   9.736328	  -0.147920
   9.746094	  -0.419696
   9.755859	  -0.733473
   9.765625	  -1.027185
   9.775391	  -1.241137
   9.785156	  -1.331180
   9.794922	  -1.279387
   9.804688	  -1.099095
   9.814453	  -0.832202
   9.824219	  -0.538692
   9.833984	  -0.280705
   9.843750	  -0.105412
   9.853516	  -0.031802
   9.863281	  -0.045598
   9.873047	  -0.104319
   9.882812	  -0.151292
   9.892578	  -0.134504
   9.902344	  -0.024351
   9.912109	   0.175526
   9.921875	   0.428101
   9.931641	   0.673848
   9.941406	   0.849300
   9.951172	   0.907222
   9.960938	   0.831606
   9.970703	   0.642273
   9.980469	   0.387263
   9.990234	   0.125403
  10.000000	  -0.095072
  10.009766	  -0.254371
  10.019531	  -0.368933
  10.029297	  -0.485859
  10.039062	  -0.665248
  10.048828	  -0.956001
  10.058594	  -1.373260
  10.068359	  -1.885557
  10.078125	  -2.416932
  10.087891	  -2.864520
  10.097656	  -3.126966
  10.107422	  -3.135184
  10.117188	  -2.875760
  10.126953	  -2.399169
  10.136719	  -1.809436
  10.146484	  -1.237565
  10.156250	  -0.806122
  10.166016	  -0.595309
  10.175781	  -0.620569
  10.185547	  -0.828456
  10.195312	  -1.112110
  10.205078	  -1.341838
  10.214844	  -1.401949
  10.224609	  -1.223229
  10.234375	  -0.801945
  10.244141	  -0.200379
  10.253906	   0.470633
  10.263672	   1.081616
  10.273438	   1.517955
  10.283203	   1.707647
  10.292969	   1.636143
  10.302734	   1.345243
  10.312500	   0.917725
  10.322266	   0.453182
  10.332031	   0.042518
  10.341797	  -0.251898
  10.351562	  -0.405751
  10.361328	  -0.430791
  10.371094	  -0.363540
  10.380859	  -0.249274
  10.390625	  -0.126587
  10.400391	  -0.016914
  10.410156	   0.078640
  10.419922	   0.175290
  10.429688	   0.295585
  10.439453	   0.458747
  10.449219	   0.671720
  10.458984	   0.924330
  10.468750	   1.189593
  10.478516	   1.428727
  10.488281	   1.599326
  10.498047	   1.664644
  10.507812	   1.601901
  10.517578	   1.407948
  10.527344	   1.101221
  10.537109	   0.719580
  10.546875	   0.314290
  10.556641	  -0.058969
  10.566406	  -0.350595
  10.576172	  -0.527126
  10.585938	  -0.578757
  10.595703	  -0.522362
  10.605469	  -0.398834
  10.615234	  -0.264705
  10.625000	  -0.179463
  10.634766	  -0.191266
  10.644531	  -0.324522
  10.654297	  -0.572677
  10.664062	  -0.898434
  10.673828	  -1.241803
  10.683594	  -1.534215
  10.693359	  -1.715169
  10.703125	  -1.747041
  10.712891	  -1.624057
  10.722656	  -1.373035
  10.732422	  -1.045811
  10.742188	  -0.705640
  10.751953	  -0.411504
  10.761719	  -0.204755
  10.771484	  -0.101596
  10.781250	  -0.092972
  10.791016	  -0.151145
  10.800781	  -0.240219
  10.810547	  -0.326949
  10.820312	  -0.388469
  10.830078	  -0.414985
  10.839844	  -0.407452
  10.849609	  -0.372067
  10.859375	  -0.314386
  10.869141	  -0.235756
  10.878906	  -0.133518
  10.888672	  -0.004731
  10.898438	   0.148488
  10.908203	   0.314720
  10.917969	   0.472565
  10.927734	   0.594612
  10.937500	   0.655330
  10.947266	   0.640349
  10.957031	   0.553760
  10.966797	   0.420389
  10.976562	   0.281500
  10.986328	   0.184623
  10.996094	   0.170295
  11.005859	   0.259804
  11.015625	   0.447926
  11.025391	   0.703225
  11.035156	   0.976097
  11.044922	   1.212223
  11.054688	   1.367331
  11.064453	   1.418710
  11.074219	   1.369994
  11.083984	   1.247929
  11.093750	   1.092477
  11.103516	   0.943710
  11.113281	   0.829882
  11.123047	   0.760461
  11.132812	   0.726057
  11.142578	   0.704729
  11.152344	   0.671971
  11.162109	   0.610522
  11.171875	   0.516429
  11.181641	   0.399343
  11.191406	   0.277276
  11.201172	   0.168179
  11.210938	   0.081852
  11.220703	   0.015587
  11.230469	  -0.044567
  11.240234	  -0.117200
  11.250000	  -0.216051
  11.259766	  -0.341345
  11.269531	  -0.475570
  11.279297	  -0.585830
  11.289062	  -0.632591
  11.298828	  -0.582217
  11.308594	  -0.419166
  11.318359	  -0.153558
  11.328125	   0.178807
  11.337891	   0.524466
  11.347656	   0.826124
  11.357422	   1.038078
  11.367188	   1.138365
  11.376953	   1.133746
  11.386719	   1.055955
  11.396484	   0.950444
  11.406250	   0.861308
  11.416016	   0.817259
  11.425781	   0.823116
  11.435547	   0.859393
  11.445312	   0.889882
  11.455078	   0.874509
  11.464844	   0.783110
  11.474609	   0.605603
  11.484375	   0.355379
  11.494141	   0.065058
  11.503906	  -0.223675
  11.513672	  -0.472588
  11.523438	  -0.657581
  11.533203	  -0.774144
  11.542969	  -0.836118
  11.552734	  -0.868559
  11.562500	  -0.897447
  11.572266	  -0.939846
  11.582031	  -0.997781
  11.591797	  -1.057650
  11.601562	  -1.095023
  11.611328	  -1.082920
  11.621094	  -1.000644
  11.630859	  -0.840280
  11.640625	  -0.609019
  11.650391	  -0.327006
  11.660156	  -0.021911
  11.669922	   0.277624
  11.679688	   0.547461
  11.689453	   0.770858
  11.699219	   0.938499
  11.708984	   1.046506
  11.718750	   1.093951
  11.728516	   1.081374
  11.738281	   1.011087
  11.748047	   0.889047
  11.757812	   0.727169
  11.767578	   0.544539
  11.777344	   0.366286
  11.787109	   0.219738
  11.796875	   0.128628
  11.806641	   0.107053
  11.816406	   0.155224
  11.826172	   0.258662
  11.835938	   0.391449
  11.845703	   0.522785
  11.855469	   0.624987
  11.865234	   0.680525
  11.875000	   0.685938
  11.884766	   0.651515
  11.894531	   0.596966
  11.904297	   0.544624
  11.914062	   0.512436
  11.923828	   0.508976
  11.933594	   0.531919
  11.943359	   0.570162
  11.953125	   0.608577
  11.962891	   0.633529
  11.972656	   0.637233
  11.982422	   0.619573
  11.992188	   0.587058
  12.001953	   0.549638
  12.011719	   0.516808
  12.021484	   0.494549
  12.031250	   0.484104
  12.041016	   0.482771
  12.050781	   0.485993
  12.060547	   0.489522
  12.070312	   0.490509
  12.080078	   0.486958
  12.089844	   0.475860
  12.099609	   0.451076
  12.109375	   0.402383
  12.119141	   0.316756
  12.128906	   0.182114
  12.138672	  -0.007340
  12.148438	  -0.245976
  12.158203	  -0.513878
  12.167969	  -0.777912
  12.177734	  -0.997194
  12.187500	  -1.131955
  12.197266	  -1.153527
  12.207031	  -1.052504
  12.216797	  -0.842496
  12.226562	  -0.558053
  12.236328	  -0.247088
  12.246094	   0.040174
  12.255859	   0.262611
  12.265625	   0.396751
  12.275391	   0.440150
  12.285156	   0.408939
  12.294922	   0.330719
  12.304688	   0.235362
  12.314453	   0.146793
  12.324219	   0.078240
  12.333984	   0.032094
  12.343750	   0.003788
  12.353516	  -0.012315
  12.363281	  -0.017665
  12.373047	  -0.007169
  12.382812	   0.029207
  12.392578	   0.101472
  12.402344	   0.213256
  12.412109	   0.356762
  12.421875	   0.511357
  12.431641	   0.646933
  12.441406	   0.731421
  12.451172	   0.740269
  12.460938	   0.664815
  12.470703	   0.516631
  12.480469	   0.326111
  12.490234	   0.135382
  12.500000	  -0.012502
  12.509766	  -0.084919
  12.519531	  -0.068145
  12.529297	   0.029590
  12.539062	   0.181292
  12.548828	   0.349506
  12.558594	   0.497048
  12.568359	   0.596814
  12.578125	   0.637746
  12.587891	   0.625401
  12.597656	   0.577374
  12.607422	   0.515487
  12.617188	   0.457568
  12.626953	   0.411637
  12.636719	   0.374304
  12.646484	   0.333665
  12.656250	   0.275412
  12.666016	   0.189806
  12.675781	   0.076966
  12.685547	  -0.051437
  12.695312	  -0.174683
  12.705078	  -0.268898
  12.714844	  -0.314368
  12.724609	  -0.301932
  12.734375	  -0.236389
  12.744141	  -0.135905
  12.753906	  -0.027623
  12.763672	   0.059176
  12.773438	   0.100401
  12.783203	   0.082988
  12.792969	   0.007849
  12.802734	  -0.110559
  12.812500	  -0.247641
  12.822266	  -0.373953
  12.832031	  -0.461053
  12.841797	  -0.486705
  12.851562	  -0.438639
  12.861328	  -0.316474
  12.871094	  -0.131810
  12.880859	   0.093383
  12.890625	   0.329820
  12.900391	   0.545181
  12.910156	   0.709201
  12.919922	   0.799007
  12.929688	   0.803800
  12.939453	   0.727853
  12.949219	   0.590823
  12.958984	   0.424826
  12.968750	   0.268420
  12.978516	   0.158530
  12.988281	   0.122079
  12.998047	   0.169418
  13.007812	   0.291389
  13.017578	   0.461051
  13.027344	   0.639816
  13.037109	   0.786558
  13.046875	   0.867328
  13.056641	   0.863102
  13.066406	   0.773532
  13.076172	   0.615822
  13.085938	   0.419277
  13.095703	   0.217289
  13.105469	   0.039216
  13.115234	  -0.095553
  13.125000	  -0.179879
  13.134766	  -0.217300
  13.144531	  -0.217670
  13.154297	  -0.191899
  13.164062	  -0.147801
  13.173828	  -0.088458
  13.183594	  -0.013438
  13.193359	   0.077935
  13.203125	   0.182888
  13.212891	   0.292837
  13.222656	   0.393610
  13.232422	   0.468474
  13.242188	   0.503040
  13.251953	   0.490324
  13.261719	   0.434025
  13.271484	   0.348622
  13.281250	   0.255943
  13.291016	   0.179119
  13.300781	   0.135753
  13.310547	   0.132542
  13.320312	   0.163133
  13.330078	   0.209994
  13.339844	   0.249768
  13.349609	   0.260452
  13.359375	   0.228144
  13.369141	   0.151288
  13.378906	   0.041169
  13.388672	  -0.081363
  13.398438	  -0.191785
  13.408203	  -0.268479
  13.417969	  -0.298021
  13.427734	  -0.277728
  13.437500	  -0.215037
  13.447266	  -0.124314
  13.457031	  -0.022448
  13.466797	   0.075222
  13.476562	   0.157468
  13.486328	   0.217788
  13.496094	   0.253444
  13.505859	   0.263862
  13.515625	   0.249421
  13.525391	   0.211296
  13.535156	   0.152354
  13.544922	   0.078472
  13.554688	  -0.000721
  13.564453	  -0.072550
  13.574219	  -0.123760
  13.583984	  -0.144264
  13.593750	  -0.130993
  13.603516	  -0.090351
  13.613281	  -0.038062
  13.623047	   0.004078
  13.632812	   0.013921
  13.642578	  -0.024368
  13.652344	  -0.114764
  13.662109	  -0.246812
  13.671875	  -0.397110
  13.681641	  -0.534631
  13.691406	  -0.628507
  13.701172	  -0.655999
  13.710938	  -0.608343
  13.720703	  -0.492738
  13.730469	  -0.329967
  13.740234	  -0.148490
  13.750000	   0.023115
  13.759766	   0.163032
  13.769531	   0.260432
  13.779297	   0.316040
  13.789062	   0.339268
  13.798828	   0.343252
  13.808594	   0.339704
  13.818359	   0.335384
  13.828125	   0.331237
  13.837891	   0.324212
  13.847656	   0.310713
  13.857422	   0.290123
  13.867188	   0.266822
  13.876953	   0.249795
  13.886719	   0.249877
  13.896484	   0.275608
  13.906250	   0.329285
  13.916016	   0.404714
  13.925781	   0.487655
  13.935547	   0.558952
  13.945312	   0.599449
  13.955078	   0.595139
  13.964844	   0.540950
  13.974609	   0.442039
  13.984375	   0.312305
  13.994141	   0.170750
  14.003906	   0.036933
  14.013672	  -0.073080
  14.023438	  -0.149184
  14.033203	  -0.187743
  14.042969	  -0.190477
  14.052734	  -0.162575
  14.062500	  -0.110994
  14.072266	  -0.043578
  14.082031	   0.030935
  14.091797	   0.102507
  14.101562	   0.159793
  14.111328	   0.191194
  14.121094	   0.187150
  14.130859	   0.143158
  14.140625	   0.062454
  14.150391	  -0.042901
  14.160156	  -0.153452
  14.169922	  -0.246432
  14.179688	  -0.301647
  14.189453	  -0.307536
  14.199219	  -0.265403
  14.208984	  -0.190242
  14.218750	  -0.107467
  14.228516	  -0.046207
  14.238281	  -0.030954
  14.248047	  -0.074077
  14.257812	  -0.171537
  14.267578	  -0.303308
  14.277344	  -0.438530
  14.287109	  -0.543978
  14.296875	  -0.593349
  14.306641	  -0.574550
  14.316406	  -0.492828
  14.326172	  -0.368808
  14.335938	  -0.232146
  14.345703	  -0.112788
  14.355469	  -0.032563
  14.365234	   0.000399
  14.375000	  -0.007114
  14.384766	  -0.036663
  14.394531	  -0.064607
  14.404297	  -0.069568
  14.414062	  -0.038557
  14.423828	   0.029982
  14.433594	   0.126802
  14.443359	   0.235572
  14.453125	   0.338130
  14.462891	   0.419464
  14.472656	   0.470886
  14.482422	   0.490727
  14.492188	   0.482819
  14.501953	   0.453766
  14.511719	   0.410287
  14.521484	   0.357639
  14.531250	   0.299516
  14.541016	   0.239059
  14.550781	   0.180128
  14.560547	   0.127902
  14.570312	   0.088210
  14.580078	   0.065691
  14.589844	   0.061492
  14.599609	   0.071593
  14.609375	   0.086748
  14.619141	   0.094462
  14.628906	   0.082620
  14.638672	   0.043653
  14.648438	  -0.022256
  14.658203	  -0.106238
  14.667969	  -0.192647
  14.677734	  -0.263444
  14.687500	  -0.303688
  14.697266	  -0.306330
  14.707031	  -0.274610
  14.716797	  -0.221119
  14.726562	  -0.163747
  14.736328	  -0.119811
  14.746094	  -0.100382
  14.755859	  -0.106772
  14.765625	  -0.130463
  14.775391	  -0.156521
  14.785156	  -0.169331
  14.794922	  -0.158595
  14.804688	  -0.123426
  14.814453	  -0.073007
  14.824219	  -0.023498
  14.833984	   0.007768
  14.843750	   0.008739
  14.853516	  -0.022601
  14.863281	  -0.076966
  14.873047	  -0.136581
  14.882812	  -0.181187
  14.892578	  -0.195187
  14.902344	  -0.173380
  14.912109	  -0.123191
  14.921875	  -0.062461
  14.931641	  -0.013427
  14.941406	   0.005107
  14.951172	  -0.015291
  14.960938	  -0.069085
  14.970703	  -0.137892
  14.980469	  -0.196067
  14.990234	  -0.218977
  15.000000	  -0.191210
  15.009766	  -0.111964
  15.019531	   0.004231
  15.029297	   0.131744
  15.039062	   0.241632
  15.048828	   0.310415
  15.058594	   0.326950
  15.068359	   0.295165
  15.078125	   0.231859
  15.087891	   0.160435
  15.097656	   0.102772
  15.107422	   0.072057
  15.117188	   0.068962
  15.126953	   0.082378
  15.136719	   0.094292
  15.146484	   0.087003
  15.156250	   0.050072
  15.166016	  -0.015425
  15.175781	  -0.096797
  15.185547	  -0.173788
  15.195312	  -0.225332
  15.205078	  -0.236662
  15.214844	  -0.204359
  15.224609	  -0.137682
  15.234375	  -0.055796
  15.244141	   0.018088
  15.253906	   0.063654
  15.263672	   0.069272
  15.273438	   0.034847
  15.283203	  -0.028927
  15.292969	  -0.104401
  15.302734	  -0.172380
  15.312500	  -0.217265
  15.322266	  -0.230357
  15.332031	  -0.210597
  15.341797	  -0.162986
  15.351562	  -0.095727
  15.361328	  -0.017418
  15.371094	   0.064611
  15.380859	   0.144418
  15.390625	   0.216411
  15.400391	   0.274077
  15.410156	   0.309552
  15.419922	   0.314654
  15.429688	   0.283318
  15.439453	   0.214574
  15.449219	   0.114808
  15.458984	  -0.001934
  15.468750	  -0.116189
  15.478516	  -0.207546
  15.488281	  -0.260103
  15.498047	  -0.267132
  15.507812	  -0.233290
  15.517578	  -0.173406
  15.527344	  -0.108023
  15.537109	  -0.057023
  15.546875	  -0.033372
  15.556641	  -0.039103
  15.566406	  -0.064941
  15.576172	  -0.093779
  15.585938	  -0.106866
  15.595703	  -0.090639
  15.605469	  -0.041826
  15.615234	   0.030939
  15.625000	   0.109632
  15.634766	   0.172630
  15.644531	   0.201840
  15.654297	   0.188711
  15.664062	   0.137074
  15.673828	   0.061818
  15.683594	  -0.016109
  15.693359	  -0.076653
  15.703125	  -0.107143
  15.712891	  -0.106093
  15.722656	  -0.083045
  15.732422	  -0.054584
  15.742188	  -0.038003
  15.751953	  -0.044909
  15.761719	  -0.077044
  15.771484	  -0.125814
  15.781250	  -0.175641
  15.791016	  -0.209901
  15.800781	  -0.217280
  15.810547	  -0.196207
  15.820312	  -0.155740
  15.830078	  -0.112505
  15.839844	  -0.084740
  15.849609	  -0.085513
  15.859375	  -0.117521
  15.869141	  -0.171323
  15.878906	  -0.227726
  15.888672	  -0.263575
  15.898438	  -0.259063
  15.908203	  -0.204153
  15.917969	  -0.102018
  15.927734	   0.031582
  15.937500	   0.172711
  15.947266	   0.295956
  15.957031	   0.381243
  15.966797	   0.418645
  15.976562	   0.409863
  15.986328	   0.366201
  15.996094	   0.304034
  16.005859	   0.239482
  16.015625	   0.184088
  16.025391	   0.142776
  16.035156	   0.114395
  16.044922	   0.094202
  16.054688	   0.077026
  16.064453	   0.059734
  16.074219	   0.042085
  16.083984	   0.025863
  16.093750	   0.012911
  16.103516	   0.003187
  16.113281	  -0.006095
  16.123047	  -0.019683
  16.132812	  -0.042082
  16.142578	  -0.074844
  16.152344	  -0.114600
  16.162109	  -0.152889
  16.171875	  -0.178190
  16.181641	  -0.179643
  16.191406	  -0.151226
  16.201172	  -0.094794
  16.210938	  -0.020671
  16.220703	   0.054677
  16.230469	   0.113345
  16.240234	   0.141560
  16.250000	   0.134210
  16.259766	   0.096653
  16.269531	   0.043033
  16.279297	  -0.008469
  16.289062	  -0.041901
  16.298828	  -0.049150
  16.308594	  -0.032884
  16.318359	  -0.005677
  16.328125	   0.014505
  16.337891	   0.010971
  16.347656	  -0.025165
  16.357422	  -0.090962
  16.367188	  -0.171649
  16.376953	  -0.244850
  16.386719	  -0.287715
  16.396484	  -0.284624
  16.406250	  -0.232814
  16.416016	  -0.143956
  16.425781	  -0.041006
  16.435547	   0.048724
  16.445312	   0.102063
  16.455078	   0.107258
  16.464844	   0.067640
  16.474609	   0.000474
  16.484375	  -0.068606
  16.494141	  -0.113730
  16.503906	  -0.116802
  16.513672	  -0.072814
  16.523438	   0.009190
  16.533203	   0.109646
  16.542969	   0.205129
  16.552734	   0.275822
  16.562500	   0.311240
  16.572266	   0.312408
  16.582031	   0.289968
  16.591797	   0.259127
  16.601562	   0.233433
  16.611328	   0.219690
  16.621094	   0.215824
  16.630859	   0.212371
  16.640625	   0.196931
  16.650391	   0.159817
  16.660156	   0.098761
  16.669922	   0.020852
  16.679688	  -0.059055
  16.689453	  -0.122950
  16.699219	  -0.155705
  16.708984	  -0.150380
  16.718750	  -0.110936
  16.728516	  -0.051363
  16.738281	   0.008514
  16.748047	   0.049147
  16.757812	   0.057267
  16.767578	   0.029793
  16.777344	  -0.025543
  16.787109	  -0.092968
  16.796875	  -0.153785
  16.806641	  -0.192073
  16.816406	  -0.199123
  16.826172	  -0.175278
  16.835938	  -0.128839
  16.845703	  -0.072663
  16.855469	  -0.019829
  16.865234	   0.020086
  16.875000	   0.042962
  16.884766	   0.049917
  16.894531	   0.045346
  16.904297	   0.034247
  16.914062	   0.020007
  16.923828	   0.003514
  16.933594	  -0.016222
  16.943359	  -0.040395
  16.953125	  -0.068604
  16.962891	  -0.097875
  16.972656	  -0.123062
  16.982422	  -0.138554
  16.992188	  -0.140582
  17.001953	  -0.129101
  17.011719	  -0.108313
  17.021484	  -0.085417
  17.031250	  -0.067894
  17.041016	  -0.060309
  17.050781	  -0.061894
  17.060547	  -0.066029
  17.070312	  -0.062045
  17.080078	  -0.038940
  17.089844	   0.010207
  17.099609	   0.084723
  17.109375	   0.175136
  17.119141	   0.264937
  17.128906	   0.334970
  17.138672	   0.369128
  17.148438	   0.359475
  17.158203	   0.309040
  17.167969	   0.231219
  17.177734	   0.145856
  17.187500	   0.073222
  17.197266	   0.027843
  17.207031	   0.014232
  17.216797	   0.025959
  17.226562	   0.048356
  17.236328	   0.063943
  17.246094	   0.058687
  17.255859	   0.026963
  17.265625	  -0.026500
  17.275391	  -0.088315
  17.285156	  -0.141173
  17.294922	  -0.169921
  17.304688	  -0.166858
  17.314453	  -0.134393
  17.324219	  -0.084151
  17.333984	  -0.032857
  17.343750	   0.003504
  17.353516	   0.015220
  17.363281	   0.002092
  17.373047	  -0.026714
  17.382812	  -0.056151
  17.392578	  -0.070830
  17.402344	  -0.060662
  17.412109	  -0.024584
  17.421875	   0.028941
  17.431641	   0.084818
  17.441406	   0.126580
  17.451172	   0.142173
  17.460938	   0.128215
  17.470703	   0.091260
  17.480469	   0.045628
  17.490234	   0.008551
  17.500000	  -0.005664
  17.509766	   0.009518
  17.519531	   0.050650
  17.529297	   0.105420
  17.539062	   0.156672
  17.548828	   0.187903
  17.558594	   0.188397
  17.568359	   0.156327
  17.578125	   0.098907
  17.587891	   0.029709
  17.597656	  -0.035798
  17.607422	  -0.084922
  17.617188	  -0.111097
  17.626953	  -0.114956
  17.636719	  -0.103021
  17.646484	  -0.084728
  17.656250	  -0.069020
  17.666016	  -0.061732
  17.675781	  -0.064562
  17.685547	  -0.075748
  17.695312	  -0.091858
  17.705078	  -0.109770
  17.714844	  -0.127921
  17.724609	  -0.146328
  17.734375	  -0.165497
  17.744141	  -0.184870
  17.753906	  -0.201692
  17.763672	  -0.211024
  17.773438	  -0.207111
  17.783203	  -0.185711
  17.792969	  -0.146439
  17.802734	  -0.094089
  17.812500	  -0.038175
  17.822266	   0.009437
  17.832031	   0.038140
  17.841797	   0.042215
  17.851562	   0.023136
  17.861328	  -0.010462
  17.871094	  -0.045342
  17.880859	  -0.068022
  17.890625	  -0.069491
  17.900391	  -0.048601
  17.910156	  -0.012806
  17.919922	   0.024164
  17.929688	   0.047053
  17.939453	   0.044694
  17.949219	   0.014498
  17.958984	  -0.035852
  17.968750	  -0.090273
  17.978516	  -0.129296
  17.988281	  -0.136632
  17.998047	  -0.105088
  18.007812	  -0.039759
  18.017578	   0.042761
  18.027344	   0.119076
  18.037109	   0.166206
  18.046875	   0.169022
  18.056641	   0.125467
  18.066406	   0.047760
  18.076172	  -0.040894
  18.085938	  -0.113160
  18.095703	  -0.145839
  18.105469	  -0.126971
  18.115234	  -0.059521
  18.125000	   0.039471
  18.134766	   0.143972
  18.144531	   0.226612
  18.154297	   0.266512
  18.164062	   0.254861
  18.173828	   0.196668
  18.183594	   0.108340
  18.193359	   0.012091
  18.203125	  -0.070869
  18.212891	  -0.126182
  18.222656	  -0.149483
  18.232422	  -0.146115
  18.242188	  -0.127844
  18.251953	  -0.107982
  18.261719	  -0.096671
  18.271484	  -0.097906
  18.281250	  -0.109099
  18.291016	  -0.123043
  18.300781	  -0.131310
  18.310547	  -0.127704
  18.320312	  -0.110504
  18.330078	  -0.082797
  18.339844	  -0.050965
  18.349609	  -0.022080
  18.359375	  -0.001282
  18.369141	   0.009841
  18.378906	   0.013344
  18.388672	   0.013609
  18.398438	   0.015239
  18.408203	   0.021108
  18.417969	   0.031320
  18.427734	   0.043455
  18.437500	   0.053878
  18.447266	   0.059488
  18.457031	   0.059093
  18.466797	   0.053805
  18.476562	   0.046297
  18.486328	   0.039280
  18.496094	   0.033911
  18.505859	   0.028923
  18.515625	   0.020956
  18.525391	   0.006067
  18.535156	  -0.018148
  18.544922	  -0.050723
  18.554688	  -0.086641
  18.564453	  -0.117791
  18.574219	  -0.135390
  18.583984	  -0.133105
  18.593750	  -0.109709
  18.603516	  -0.070200
  18.613281	  -0.024777
  18.623047	   0.014154
  18.632812	   0.036019
  18.642578	   0.035757
  18.652344	   0.015784
  18.662109	  -0.014595
  18.671875	  -0.042288
  18.681641	  -0.055037
  18.691406	  -0.045993
  18.701172	  -0.016567
  18.710938	   0.023576
  18.720703	   0.059559
  18.730469	   0.076440
  18.740234	   0.064772
  18.750000	   0.024585
  18.759766	  -0.033702
  18.769531	  -0.091969
  18.779297	  -0.129964
  18.789062	  -0.132013
  18.798828	  -0.092653
  18.808594	  -0.019224
  18.818359	   0.069555
  18.828125	   0.148766
  18.837891	   0.194646
  18.847656	   0.191851
  18.857422	   0.138294
  18.867188	   0.046035
  18.876953	  -0.062100
  18.886719	  -0.159084
  18.896484	  -0.221395
  18.906250	  -0.235478
  18.916016	  -0.201025
  18.925781	  -0.130237
  18.935547	  -0.043469
  18.945312	   0.037160
  18.955078	   0.094097
  18.964844	   0.118691
  18.974609	   0.112341
  18.984375	   0.084428
  18.994141	   0.048039
  19.003906	   0.015123
  19.013672	  -0.007224
  19.023438	  -0.018215
  19.033203	  -0.022318
  19.042969	  -0.026378
  19.052734	  -0.036178
  19.062500	  -0.053809
  19.072266	  -0.076796
  19.082031	  -0.099195
  19.091797	  -0.114087
  19.101562	  -0.116421
  19.111328	  -0.105034
  19.121094	  -0.083095
  19.130859	  -0.056848
  19.140625	  -0.033209
  19.150391	  -0.017213
  19.160156	  -0.010307
  19.169922	  -0.010151
  19.179688	  -0.011933
  19.189453	  -0.010616
  19.199219	  -0.003154
  19.208984	   0.010240
  19.218750	   0.026308
  19.228516	   0.040335
  19.238281	   0.048437
  19.248047	   0.049561
  19.257812	   0.046300
  19.267578	   0.044089
  19.277344	   0.049026
  19.287109	   0.065152
  19.296875	   0.092283
  19.306641	   0.125390
  19.316406	   0.155895
  19.326172	   0.174575
  19.335938	   0.175037
  19.345703	   0.156456
  19.355469	   0.124449
  19.365234	   0.089578
  19.375000	   0.063866
  19.384766	   0.056480
  19.394531	   0.070150
  19.404297	   0.099697
  19.414062	   0.133399
  19.423828	   0.156873
  19.433594	   0.158259
  19.443359	   0.132898
  19.453125	   0.085803
  19.462891	   0.030874
  19.472656	  -0.013053
  19.482422	  -0.028157
  19.492188	  -0.003640
  19.501953	   0.060265
  19.511719	   0.151708
  19.521484	   0.250406
  19.531250	   0.333640
  19.541016	   0.383159
  19.550781	   0.390736
  19.560547	   0.360536
  19.570312	   0.307504
  19.580078	   0.252307
  19.589844	   0.214495
  19.599609	   0.206164
  19.609375	   0.228171
  19.619141	   0.270127
  19.628906	   0.314077
  19.638672	   0.340564
  19.648438	   0.334988
  19.658203	   0.292134
  19.667969	   0.217422
  19.677734	   0.124560
  19.687500	   0.030562
  19.697266	  -0.050076
  19.707031	  -0.109997
  19.716797	  -0.150831
  19.726562	  -0.181730
  19.736328	  -0.215228
  19.746094	  -0.261978
  19.755859	  -0.326290
  19.765625	  -0.404057
  19.775391	  -0.483789
  19.785156	  -0.550359
  19.794922	  -0.590114
  19.804688	  -0.595557
  19.814453	  -0.567971
  19.824219	  -0.517120
  19.833984	  -0.458149
  19.843750	  -0.406796
  19.853516	  -0.374537
  19.863281	  -0.365255
  19.873047	  -0.374459
  19.882812	  -0.391158
  19.892578	  -0.401632
  19.902344	  -0.393742
  19.912109	  -0.360380
  19.921875	  -0.301041
  19.931641	  -0.221244
  19.941406	  -0.130298
  19.951172	  -0.038392
  19.960938	   0.045902
  19.970703	   0.116928
  19.980469	   0.171875
  19.990234	   0.209718
  20.000000	   0.229947
  20.009766	   0.231857
  20.019531	   0.214815
  20.029297	   0.179412
  20.039062	   0.128885
  20.048828	   0.069997
  20.058594	   0.012677
  20.068359	  -0.031788
  20.078125	  -0.053618
  20.087891	  -0.047525
  20.097656	  -0.014731
  20.107422	   0.036868
  20.117188	   0.094661
  20.126953	   0.144911
  20.136719	   0.176866
  20.146484	   0.186003
  20.156250	   0.175257
  20.166016	   0.153756
  20.175781	   0.133439
  20.185547	   0.124695
  20.195312	   0.132561
  20.205078	   0.154821
  20.214844	   0.182716
  20.224609	   0.204044
  20.234375	   0.207555
  20.244141	   0.187071
  20.253906	   0.143829
  20.263672	   0.086176
  20.273438	   0.026679
  20.283203	  -0.022309
  20.292969	  -0.053036
  20.302734	  -0.065056
  20.312500	  -0.065223
  20.322266	  -0.064895
  20.332031	  -0.075328
  20.341797	  -0.102901
  20.351562	  -0.145953
  20.361328	  -0.194474
  20.371094	  -0.232905
  20.380859	  -0.245191
  20.390625	  -0.220389
  20.400391	  -0.156889
  20.410156	  -0.063726
  20.419922	   0.041555
  20.429688	   0.137858
  20.439453	   0.206712
  20.449219	   0.237618
  20.458984	   0.230795
  20.468750	   0.196468
  20.478516	   0.150951
  20.488281	   0.110949
  20.498047	   0.088002
  20.507812	   0.084987
  20.517578	   0.095773
  20.527344	   0.108080
  20.537109	   0.108409
  20.546875	   0.087264
  20.556641	   0.042791
  20.566406	  -0.018430
  20.576172	  -0.083673
  20.585938	  -0.138573
  20.595703	  -0.172206
  20.605469	  -0.180927
  20.615234	  -0.169608
  20.625000	  -0.149870
  20.634766	  -0.135952
  20.644531	  -0.139690
  20.654297	  -0.166367
  20.664062	  -0.212844
  20.673828	  -0.268553
  20.683594	  -0.318934
  20.693359	  -0.350060
  20.703125	  -0.352845
  20.712891	  -0.325443
  20.722656	  -0.273169
  20.732422	  -0.206168
  20.742188	  -0.135848
  20.751953	  -0.071460
  20.761719	  -0.018027
  20.771484	   0.023762
  20.781250	   0.055913
  20.791016	   0.080642
  20.800781	   0.098244
  20.810547	   0.106334
  20.820312	   0.100844
  20.830078	   0.078392
  20.839844	   0.038995
  20.849609	  -0.012136
  20.859375	  -0.064710
  20.869141	  -0.105633
  20.878906	  -0.122885
  20.888672	  -0.109695
  20.898438	  -0.067476
  20.908203	  -0.006316
  20.917969	   0.057394
  20.927734	   0.105616
  20.937500	   0.124146
  20.947266	   0.107142
  20.957031	   0.059102
  20.966797	  -0.006417
  20.976562	  -0.071018
  20.986328	  -0.117238
  20.996094	  -0.133970
  21.005859	  -0.119734
  21.015625	  -0.082691
  21.025391	  -0.037452
  21.035156	   0.000204
  21.044922	   0.018847
  21.054688	   0.015245
  21.064453	  -0.004771
  21.074219	  -0.028683
  21.083984	  -0.042018
  21.093750	  -0.033731
  21.103516	  -0.000332
  21.113281	   0.052701
  21.123047	   0.112692
  21.132812	   0.164068
  21.142578	   0.193630
  21.152344	   0.194923
  21.162109	   0.170163
  21.171875	   0.129072
  21.181641	   0.085088
  21.191406	   0.050361
  21.201172	   0.031352
  21.210938	   0.026641
  21.220703	   0.027742
  21.230469	   0.022605
  21.240234	   0.000550
  21.250000	  -0.043183
  21.259766	  -0.104929
  21.269531	  -0.173096
  21.279297	  -0.231544
  21.289062	  -0.264723
  21.298828	  -0.262809
  21.308594	  -0.225077
  21.318359	  -0.160360
  21.328125	  -0.084445
  21.337891	  -0.015294
  21.347656	   0.032308
  21.357422	   0.050918
  21.367188	   0.042120
  21.376953	   0.015297
  21.386719	  -0.015937
  21.396484	  -0.038317
  21.406250	  -0.042966
  21.416016	  -0.027584
  21.425781	   0.003739
  21.435547	   0.042777
  21.445312	   0.080487
  21.455078	   0.110065
  21.464844	   0.128685
  21.474609	   0.137428
  21.484375	   0.139663
  21.494141	   0.138744
  21.503906	   0.136079
  21.513672	   0.130442
  21.523438	   0.118791
  21.533203	   0.098223
  21.542969	   0.068146
  21.552734	   0.031674
  21.562500	  -0.004510
  21.572266	  -0.031923
  21.582031	  -0.043119
  21.591797	  -0.034527
  21.601562	  -0.008157
  21.611328	   0.028600
  21.621094	   0.065160
  21.630859	   0.091227
  21.640625	   0.100341
  21.650391	   0.092179
  21.660156	   0.072687
  21.669922	   0.051897
  21.679688	   0.040136
  21.689453	   0.043978
  21.699219	   0.063438
  21.708984	   0.091503
  21.718750	   0.116305
  21.728516	   0.125251
  21.738281	   0.109695
  21.748047	   0.068481
  21.757812	   0.009008
  21.767578	  -0.054677
  21.777344	  -0.106215
  21.787109	  -0.132276
  21.796875	  -0.127090
  21.806641	  -0.094553
  21.816406	  -0.047142
  21.826172	  -0.001927
  21.835938	   0.024996
  21.845703	   0.023791
  21.855469	  -0.005910
  21.865234	  -0.054970
  21.875000	  -0.107872
  21.884766	  -0.147941
  21.894531	  -0.162855
  21.904297	  -0.148593
  21.914062	  -0.110489
  21.923828	  -0.061121
  21.933594	  -0.015807
  21.943359	   0.012650
  21.953125	   0.018158
  21.962891	   0.003039
  21.972656	  -0.023268
  21.982422	  -0.047947
  21.992188	  -0.059571
  22.001953	  -0.052176
  22.011719	  -0.027196
  22.021484	   0.007375
  22.031250	   0.040196
  22.041016	   0.060948
  22.050781	   0.064209
  22.060547	   0.051422
  22.070312	   0.030265
  22.080078	   0.011677
  22.089844	   0.005686
  22.099609	   0.017577
  22.109375	   0.045835
  22.119141	   0.082604
  22.128906	   0.116488
  22.138672	   0.136666
  22.148438	   0.136804
  22.158203	   0.117346
  22.167969	   0.085338
  22.177734	   0.051894
  22.187500	   0.028206
  22.197266	   0.021576
  22.207031	   0.032901
  22.216797	   0.056489
  22.226562	   0.082247
  22.236328	   0.099416
  22.246094	   0.100454
  22.255859	   0.083672
  22.265625	   0.053685
  22.275391	   0.019562
  22.285156	  -0.008586
  22.294922	  -0.023291
  22.304688	  -0.022306
  22.314453	  -0.009145
  22.324219	   0.008557
  22.333984	   0.022207
  22.343750	   0.025679
  22.353516	   0.017684
  22.363281	   0.002159
  22.373047	  -0.013458
  22.382812	  -0.021409
  22.392578	  -0.016985
  22.402344	  -0.000744
  22.412109	   0.021345
  22.421875	   0.039974
  22.431641	   0.046063
  22.441406	   0.034497
  22.451172	   0.006585
  22.460938	  -0.029777
  22.470703	  -0.062440
  22.480469	  -0.079095
  22.490234	  -0.071719
  22.500000	  -0.039747
  22.509766	   0.009211
  22.519531	   0.061502
  22.529297	   0.101745
  22.539062	   0.117896
  22.548828	   0.105325
  22.558594	   0.068460
  22.568359	   0.019393
  22.578125	  -0.026094
  22.587891	  -0.053757
  22.597656	  -0.055561
  22.607422	  -0.032200
  22.617188	   0.007376
  22.626953	   0.049247
  22.636719	   0.079442
  22.646484	   0.088748
  22.656250	   0.075745
  22.666016	   0.047021
  22.675781	   0.014550
  22.685547	  -0.008803
  22.695312	  -0.014007
  22.705078	   0.000858
  22.714844	   0.029938
  22.724609	   0.061760
  22.734375	   0.083408
  22.744141	   0.085207
  22.753906	   0.064248
  22.763672	   0.025484
  22.773438	  -0.019947
  22.783203	  -0.058569
  22.792969	  -0.079204
  22.802734	  -0.076731
  22.812500	  -0.053698
  22.822266	  -0.019224
  22.832031	   0.014330
  22.841797	   0.035717
  22.851562	   0.038617
  22.861328	   0.023578
  22.871094	  -0.002531
  22.880859	  -0.029284
  22.890625	  -0.046602
  22.900391	  -0.048360
  22.910156	  -0.034402
  22.919922	  -0.010304
  22.929688	   0.014952
  22.939453	   0.032447
  22.949219	   0.036618
  22.958984	   0.027146
  22.968750	   0.008798
  22.978516	  -0.010673
  22.988281	  -0.023688
  22.998047	  -0.025832
  23.007812	  -0.017518
  23.017578	  -0.003695
  23.027344	   0.008257
  23.037109	   0.011608
  23.046875	   0.003115
  23.056641	  -0.015504
  23.066406	  -0.038070
  23.076172	  -0.056243
  23.085938	  -0.062766
  23.095703	  -0.054400
  23.105469	  -0.033386
  23.115234	  -0.006838
  23.125000	   0.015788
  23.134766	   0.026231
  23.144531	   0.020654
  23.154297	   0.001322
  23.164062	  -0.023955
  23.173828	  -0.044481
  23.183594	  -0.050528
  23.193359	  -0.036982
  23.203125	  -0.005432
  23.212891	   0.036107
  23.222656	   0.075804
  23.232422	   0.102057
  23.242188	   0.107549
  23.251953	   0.091833
  23.261719	   0.061498
  23.271484	   0.027821
  23.281250	   0.002722
  23.291016	  -0.005543
  23.300781	   0.004625
  23.310547	   0.027569
  23.320312	   0.052445
  23.330078	   0.067210
  23.339844	   0.063141
  23.349609	   0.038214
  23.359375	  -0.001865
  23.369141	  -0.045430
  23.378906	  -0.078805
  23.388672	  -0.091092
  23.398438	  -0.078074
  23.408203	  -0.043865
  23.417969	   0.000330
  23.427734	   0.039912
  23.437500	   0.061794
  23.447266	   0.058796
  23.457031	   0.032021
  23.466797	  -0.009608
  23.476562	  -0.052451
  23.486328	  -0.082806
  23.496094	  -0.091474
  23.505859	  -0.076664
  23.515625	  -0.044277
  23.525391	  -0.005541
  23.535156	   0.027088
  23.544922	   0.044275
  23.554688	   0.042851
  23.564453	   0.026530
  23.574219	   0.004113
  23.583984	  -0.014065
  23.593750	  -0.020096
  23.603516	  -0.011408
  23.613281	   0.008438
  23.623047	   0.031297
  23.632812	   0.047699
  23.642578	   0.050576
  23.652344	   0.038028
  23.662109	   0.014105
  23.671875	  -0.012686
  23.681641	  -0.032568
  23.691406	  -0.038183
  23.701172	  -0.027387
  23.710938	  -0.004108
  23.720703	   0.023059
  23.730469	   0.044006
  23.740234	   0.050828
  23.750000	   0.040742
  23.759766	   0.017098
  23.769531	  -0.011869
  23.779297	  -0.036102
  23.789062	  -0.047458
  23.798828	  -0.042728
  23.808594	  -0.024819
  23.818359	  -0.001671
  23.828125	   0.016703
  23.837891	   0.021946
  23.847656	   0.010465
  23.857422	  -0.015227
  23.867188	  -0.047447
  23.876953	  -0.076198
  23.886719	  -0.092879
  23.896484	  -0.093463
  23.906250	  -0.079940
  23.916016	  -0.059490
  23.925781	  -0.041678
  23.935547	  -0.034718
  23.945312	  -0.042243
  23.955078	  -0.061792
  23.964844	  -0.085640
  23.974609	  -0.103706
  23.984375	  -0.107460
  23.994141	  -0.093389
  24.003906	  -0.064668
  24.013672	  -0.030344
  24.023438	  -0.002249
  24.033203	   0.009308
  24.042969	  -0.000504
  24.052734	  -0.028875
  24.062500	  -0.065885
  24.072266	  -0.097608
  24.082031	  -0.110790
  24.091797	  -0.097483
  24.101562	  -0.057999
  24.111328	  -0.001113
  24.121094	   0.058611
  24.130859	   0.105495
  24.140625	   0.127832
  24.150391	   0.121640
  24.160156	   0.091806
  24.169922	   0.050238
  24.179688	   0.011698
  24.189453	  -0.011237
  24.199219	  -0.012321
  24.208984	   0.006509
  24.218750	   0.036173
  24.228516	   0.063949
  24.238281	   0.078141
  24.248047	   0.072249
  24.257812	   0.047181
  24.267578	   0.010757
  24.277344	  -0.025236
  24.287109	  -0.049339
  24.296875	  -0.054487
  24.306641	  -0.040402
  24.316406	  -0.013474
  24.326172	   0.015751
  24.335938	   0.036524
  24.345703	   0.041825
  24.355469	   0.030829
  24.365234	   0.009055
  24.375000	  -0.013820
  24.384766	  -0.027626
  24.394531	  -0.025491
  24.404297	  -0.006338
  24.414062	   0.024779
  24.423828	   0.058606
  24.433594	   0.085116
  24.443359	   0.097165
  24.453125	   0.092990
  24.462891	   0.076674
  24.472656	   0.056426
  24.482422	   0.041358
  24.492188	   0.037997
  24.501953	   0.047846
  24.511719	   0.066908
  24.521484	   0.087332
  24.531250	   0.100536
  24.541016	   0.100618
  24.550781	   0.086730
  24.560547	   0.063514
  24.570312	   0.039407
  24.580078	   0.023448
  24.589844	   0.021789
  24.599609	   0.035238
  24.609375	   0.058795
  24.619141	   0.083391
  24.628906	   0.099216
  24.638672	   0.099417
  24.648438	   0.082770
  24.658203	   0.054318
  24.667969	   0.023666
  24.677734	   0.001544
  24.687500	  -0.004141
  24.697266	   0.008698
  24.707031	   0.035404
  24.716797	   0.066113
  24.726562	   0.089224
  24.736328	   0.095569
  24.746094	   0.081762
  24.755859	   0.051499
  24.765625	   0.014294
  24.775391	  -0.017918
  24.785156	  -0.035104
  24.794922	  -0.032804
  24.804688	  -0.013830
  24.814453	   0.012684
  24.824219	   0.034545
  24.833984	   0.040942
  24.843750	   0.026451
  24.853516	  -0.006829
  24.863281	  -0.049824
  24.873047	  -0.089547
  24.882812	  -0.113595
  24.892578	  -0.114493
  24.902344	  -0.092344
  24.912109	  -0.054814
  24.921875	  -0.014471
  24.931641	   0.015593
  24.941406	   0.026289
  24.951172	   0.015612
  24.960938	  -0.010818
  24.970703	  -0.041928
  24.980469	  -0.065273
  24.990234	  -0.071552
  25.000000	  -0.057934
  25.009766	  -0.029012
  25.019531	   0.004941
  25.029297	   0.031766
  25.039062	   0.041858
  25.048828	   0.031660
  25.058594	   0.004937
  25.068359	  -0.028612
  25.078125	  -0.056900
  25.087891	  -0.069840
  25.097656	  -0.063010
  25.107422	  -0.039256
  25.117188	  -0.007676
  25.126953	   0.019636
  25.136719	   0.031908
  25.146484	   0.023498
  25.156250	  -0.004146
  25.166016	  -0.043056
  25.175781	  -0.081595
  25.185547	  -0.108518
  25.195312	  -0.116765
  25.205078	  -0.105625
  25.214844	  -0.080542
  25.224609	  -0.050695
  25.234375	  -0.025332
  25.244141	  -0.010244
  25.253906	  -0.005716
  25.263672	  -0.006697
  25.273438	  -0.005094
  25.283203	   0.006727
  25.292969	   0.032582
  25.302734	   0.070590
  25.312500	   0.113507
  25.322266	   0.151198
  25.332031	   0.174333
  25.341797	   0.177931
  25.351562	   0.163377
  25.361328	   0.138114
  25.371094	   0.113062
  25.380859	   0.098665
  25.390625	   0.101006
  25.400391	   0.119445
  25.410156	   0.146677
  25.419922	   0.171260
  25.429688	   0.181732
  25.439453	   0.170837
  25.449219	   0.138327
  25.458984	   0.091268
  25.468750	   0.041707
  25.478516	   0.002489
  25.488281	  -0.017288
  25.498047	  -0.015545
  25.507812	   0.001988
  25.517578	   0.023775
  25.527344	   0.036612
  25.537109	   0.030412
  25.546875	   0.001963
  25.556641	  -0.043711
  25.566406	  -0.094890
  25.576172	  -0.137073
  25.585938	  -0.157900
  25.595703	  -0.151347
  25.605469	  -0.119725
  25.615234	  -0.072785
  25.625000	  -0.024276
  25.634766	   0.012811
  25.644531	   0.030605
  25.654297	   0.028797
  25.664062	   0.014301
  25.673828	  -0.001672
  25.683594	  -0.008042
  25.693359	   0.001854
  25.703125	   0.027681
  25.712891	   0.062176
  25.722656	   0.093826
  25.732422	   0.111165
  25.742188	   0.107121
  25.751953	   0.081787
  25.761719	   0.042608
  25.771484	   0.001875
  25.781250	  -0.027588
  25.791016	  -0.036992
  25.800781	  -0.024766
  25.810547	   0.002785
  25.820312	   0.033627
  25.830078	   0.054165
  25.839844	   0.053986
  25.849609	   0.029508
  25.859375	  -0.014757
  25.869141	  -0.067723
  25.878906	  -0.115483
  25.888672	  -0.145954
  25.898438	  -0.152770
  25.908203	  -0.137111
  25.917969	  -0.106880
  25.927734	  -0.073605
  25.937500	  -0.048268
  25.947266	  -0.037559
  25.957031	  -0.041884
  25.966797	  -0.055781
  25.976562	  -0.070474
  25.986328	  -0.077543
  25.996094	  -0.072294
  26.005859	  -0.055570
  26.015625	  -0.033361
  26.025391	  -0.014400
  26.035156	  -0.006716
  26.044922	  -0.014469
  26.054688	  -0.036279
  26.064453	  -0.065687
  26.074219	  -0.093556
  26.083984	  -0.111478
  26.093750	  -0.114886
  26.103516	  -0.104666
  26.113281	  -0.086655
  26.123047	  -0.069198
  26.132812	  -0.059727
  26.142578	  -0.061665
  26.152344	  -0.072889
  26.162109	  -0.086390
  26.171875	  -0.092920
  26.181641	  -0.084675
  26.191406	  -0.058606
  26.201172	  -0.018064
  26.210938	   0.027923
  26.220703	   0.067565
  26.230469	   0.090428
  26.240234	   0.091260
  26.250000	   0.072085
  26.259766	   0.041747
  26.269531	   0.012964
  26.279297	  -0.002120
  26.289062	   0.003675
  26.298828	   0.029816
  26.308594	   0.067977
  26.318359	   0.104708
  26.328125	   0.125979
  26.337891	   0.122024
  26.347656	   0.090776
  26.357422	   0.038693
  26.367188	  -0.021330
  26.376953	  -0.074248
  26.386719	  -0.107837
  26.396484	  -0.116605
  26.406250	  -0.103297
  26.416016	  -0.077489
  26.425781	  -0.051815
  26.435547	  -0.037218
  26.445312	  -0.038953
  26.455078	  -0.054774
  26.464844	  -0.075948
  26.474609	  -0.090700
  26.484375	  -0.088807
  26.494141	  -0.065642
  26.503906	  -0.024166
  26.513672	   0.025885
  26.523438	   0.071348
  26.533203	   0.100320
  26.542969	   0.106487
  26.552734	   0.091510
  26.562500	   0.064584
  26.572266	   0.039276
  26.582031	   0.028743
  26.591797	   0.041018
  26.601562	   0.076017
  26.611328	   0.125335
  26.621094	   0.174908
  26.630859	   0.209609
  26.640625	   0.218182
  26.650391	   0.196805
  26.660156	   0.150104
  26.669922	   0.089321
  26.679688	   0.028370
  26.689453	  -0.020786
  26.699219	  -0.051790
  26.708984	  -0.065345
  26.718750	  -0.068058
  26.728516	  -0.069222
  26.738281	  -0.076811
  26.748047	  -0.094233
  26.757812	  -0.119017
  26.767578	  -0.143896
  26.777344	  -0.159802
  26.787109	  -0.159597
  26.796875	  -0.141072
  26.806641	  -0.108059
  26.816406	  -0.069228
  26.826172	  -0.035001
  26.835938	  -0.013775
  26.845703	  -0.008876
  26.855469	  -0.017427
  26.865234	  -0.031572
  26.875000	  -0.041617
  26.884766	  -0.039896
  26.894531	  -0.023906
  26.904297	   0.002520
  26.914062	   0.030494
  26.923828	   0.049369
  26.933594	   0.050862
  26.943359	   0.032439
  26.953125	  -0.001332
  26.962891	  -0.040052
  26.972656	  -0.070992
  26.982422	  -0.083615
  26.992188	  -0.073469
  27.001953	  -0.044006
  27.011719	  -0.005611
  27.021484	   0.027906
  27.031250	   0.044132
  27.041016	   0.036498
  27.050781	   0.006743
  27.060547	  -0.035514
  27.070312	  -0.075990
  27.080078	  -0.100639
  27.089844	  -0.100493
  27.099609	  -0.074755
  27.109375	  -0.031019
  27.119141	   0.017462
  27.128906	   0.056485
  27.138672	   0.075899
  27.148438	   0.073110
  27.158203	   0.053818
  27.167969	   0.029728
  27.177734	   0.014041
  27.187500	   0.016375
  27.197266	   0.038942
  27.207031	   0.075416
  27.216797	   0.112930
  27.226562	   0.136548
  27.236328	   0.134654
  27.246094	   0.103339
  27.255859	   0.048229
  27.265625	  -0.016959
  27.275391	  -0.074663
  27.285156	  -0.109102
  27.294922	  -0.111371
  27.304688	  -0.082265
  27.314453	  -0.031898
  27.324219	   0.023737
  27.333984	   0.068046
  27.343750	   0.089164
  27.353516	   0.083541
  27.363281	   0.056633
  27.373047	   0.020597
  27.382812	  -0.010137
  27.392578	  -0.023794
  27.402344	  -0.015001
  27.412109	   0.013882
  27.421875	   0.054149
  27.431641	   0.094230
  27.441406	   0.123899
  27.451172	   0.137690
  27.460938	   0.136342
  27.470703	   0.125889
  27.480469	   0.114863
  27.490234	   0.110771
  27.500000	   0.117197
  27.509766	   0.132581
  27.519531	   0.151053
  27.529297	   0.164900
  27.539062	   0.167635
  27.548828	   0.156453
  27.558594	   0.133145
  27.568359	   0.103168
  27.578125	   0.073305
  27.587891	   0.048922
  27.597656	   0.031931
  27.607422	   0.020312
  27.617188	   0.009357
  27.626953	  -0.005860
  27.636719	  -0.027850
  27.646484	  -0.055036
  27.656250	  -0.081809
  27.666016	  -0.100412
  27.675781	  -0.103991
  27.685547	  -0.089622
  27.695312	  -0.060089
  27.705078	  -0.023566
  27.714844	   0.008840
  27.724609	   0.026906
  27.734375	   0.025122
  27.744141	   0.005059
  27.753906	  -0.024714
  27.763672	  -0.051309
  27.773438	  -0.061988
  27.783203	  -0.048893
  27.792969	  -0.012335
  27.802734	   0.038624
  27.812500	   0.088673
  27.822266	   0.121098
  27.832031	   0.123405
  27.841797	   0.091776
  27.851562	   0.032787
  27.861328	  -0.038311
  27.871094	  -0.102259
  27.880859	  -0.141887
  27.890625	  -0.147622
  27.900391	  -0.120527
  27.910156	  -0.071847
  27.919922	  -0.019186
  27.929688	   0.019377
  27.939453	   0.031245
  27.949219	   0.013329
  27.958984	  -0.027214
  27.968750	  -0.075707
  27.978516	  -0.115188
  27.988281	  -0.132286
  27.998047	  -0.121743
  28.007812	  -0.088025
  28.017578	  -0.043559
  28.027344	  -0.004261
  28.037109	   0.016020
  28.046875	   0.010190
  28.056641	  -0.019874
  28.066406	  -0.064288
  28.076172	  -0.108875
  28.085938	  -0.140245
  28.095703	  -0.150412
  28.105469	  -0.139329
  28.115234	  -0.114515
  28.125000	  -0.087983
  28.134766	  -0.071657
  28.144531	  -0.072961
  28.154297	  -0.092170
  28.164062	  -0.122427
  28.173828	  -0.152358
  28.183594	  -0.170283
  28.193359	  -0.168468
  28.203125	  -0.145891
  28.212891	  -0.108552
  28.222656	  -0.067299
  28.232422	  -0.033999
  28.242188	  -0.017476
  28.251953	  -0.020681
  28.261719	  -0.040030
  28.271484	  -0.067072
  28.281250	  -0.091763
  28.291016	  -0.106076
  28.300781	  -0.106607
  28.310547	  -0.095281
  28.320312	  -0.077998
  28.330078	  -0.061873
  28.339844	  -0.052206
  28.349609	  -0.050415
  28.359375	  -0.053721
  28.369141	  -0.056645
  28.378906	  -0.053670
  28.388672	  -0.041894
  28.398438	  -0.022556
  28.408203	  -0.000719
  28.417969	   0.016820
  28.427734	   0.024602
  28.437500	   0.021288
  28.447266	   0.010953
  28.457031	   0.002197
  28.466797	   0.005219
  28.476562	   0.027842
  28.486328	   0.071949
  28.496094	   0.131768
  28.505859	   0.194832
  28.515625	   0.245517
  28.525391	   0.270070
  28.535156	   0.261422
  28.544922	   0.222066
  28.554688	   0.163833
  28.564453	   0.104469
  28.574219	   0.062029
  28.583984	   0.048917
  28.593750	   0.067590
  28.603516	   0.109468
  28.613281	   0.157525
  28.623047	   0.191790
  28.632812	   0.195975
  28.642578	   0.163057
  28.652344	   0.097912
  28.662109	   0.016108
  28.671875	  -0.060775
  28.681641	  -0.111789
  28.691406	  -0.123021
  28.701172	  -0.091720
  28.710938	  -0.026836
  28.720703	   0.054092
  28.730469	   0.130561
  28.740234	   0.185311
  28.750000	   0.209062
  28.759766	   0.202300
  28.769531	   0.173727
  28.779297	   0.136123
  28.789062	   0.101247
  28.798828	   0.075633
  28.808594	   0.058751
  28.818359	   0.044051
  28.828125	   0.022351
  28.837891	  -0.013824
  28.847656	  -0.066633
  28.857422	  -0.131447
  28.867188	  -0.198033
  28.876953	  -0.253970
  28.886719	  -0.288985
  28.896484	  -0.298614
  28.906250	  -0.285798
  28.916016	  -0.259840
  28.925781	  -0.233071
  28.935547	  -0.216452
  28.945312	  -0.215688
  28.955078	  -0.229248
  28.964844	  -0.248977
  28.974609	  -0.263056
  28.984375	  -0.260213
  28.994141	  -0.233675
  29.003906	  -0.183468
  29.013672	  -0.116309
  29.023438	  -0.043219
  29.033203	   0.024196
  29.042969	   0.077403
  29.052734	   0.113216
  29.062500	   0.133922
  29.072266	   0.145352
  29.082031	   0.153741
  29.091797	   0.162664
  29.101562	   0.171301
  29.111328	   0.174689
  29.121094	   0.165885
  29.130859	   0.139159
  29.140625	   0.092937
  29.150391	   0.031303
  29.160156	  -0.036612
  29.169922	  -0.099190
  29.179688	  -0.145922
  29.189453	  -0.170722
  29.199219	  -0.173678
  29.208984	  -0.160596
  29.218750	  -0.140463
  29.228516	  -0.121803
  29.238281	  -0.109316
  29.248047	  -0.102124
  29.257812	  -0.094342
  29.267578	  -0.077806
  29.277344	  -0.045959
  29.287109	   0.002646
  29.296875	   0.062641
  29.306641	   0.122768
  29.316406	   0.169272
  29.326172	   0.190665
  29.335938	   0.182153
  29.345703	   0.148051
  29.355469	   0.101128
  29.365234	   0.058909
  29.375000	   0.038023
  29.384766	   0.048484
  29.394531	   0.089889
  29.404297	   0.150942
  29.414062	   0.212637
  29.423828	   0.254165
  29.433594	   0.259666
  29.443359	   0.223593
  29.453125	   0.152882
  29.462891	   0.065141
  29.472656	  -0.016605
  29.482422	  -0.070933
  29.492188	  -0.084550
  29.501953	  -0.056230
  29.511719	   0.003052
  29.521484	   0.073771
  29.531250	   0.134005
  29.541016	   0.166054
  29.550781	   0.161401
  29.560547	   0.122505
  29.570312	   0.061062
  29.580078	  -0.006491
  29.589844	  -0.064540
  29.599609	  -0.103011
  29.609375	  -0.119729
  29.619141	  -0.119814
  29.628906	  -0.112601
  29.638672	  -0.107399
  29.648438	  -0.109735
  29.658203	  -0.119461
  29.667969	  -0.131315
  29.677734	  -0.137600
  29.687500	  -0.131828
  29.697266	  -0.111877
  29.707031	  -0.081403
  29.716797	  -0.048947
  29.726562	  -0.025044
  29.736328	  -0.018412
  29.746094	  -0.032609
  29.755859	  -0.064387
  29.765625	  -0.104359
  29.775391	  -0.139734
  29.785156	  -0.158181
  29.794922	  -0.151501
  29.804688	  -0.117890
  29.814453	  -0.062145
  29.824219	   0.006128
  29.833984	   0.075527
  29.843750	   0.136001
  29.853516	   0.181060
  29.863281	   0.208477
  29.873047	   0.219499
  29.882812	   0.217180
  29.892578	   0.204683
  29.902344	   0.184319
  29.912109	   0.157627
  29.921875	   0.126288
  29.931641	   0.093187
  29.941406	   0.062872
  29.951172	   0.040876
  29.960938	   0.031933
  29.970703	   0.037695
  29.980469	   0.054934
  29.990234	   0.075224
  30.000000	   0.086620
  30.009766	   0.077119
  30.019531	   0.038924
  30.029297	  -0.027973
  30.039062	  -0.114303
  30.048828	  -0.203022
  30.058594	  -0.273654
  30.068359	  -0.308342
  30.078125	  -0.297715
  30.087891	  -0.244569
  30.097656	  -0.163927
  30.107422	  -0.079179
  30.117188	  -0.015291
  30.126953	   0.008869
  30.136719	  -0.013371
  30.146484	  -0.074019
  30.156250	  -0.152513
  30.166016	  -0.221868
  30.175781	  -0.256974
  30.185547	  -0.242436
  30.195312	  -0.177414
  30.205078	  -0.075877
  30.214844	   0.037800
  30.224609	   0.136495
  30.234375	   0.198713
  30.244141	   0.214967
  30.253906	   0.190101
  30.263672	   0.140871
  30.273438	   0.089688
  30.283203	   0.056714
  30.292969	   0.053004
  30.302734	   0.077028
  30.312500	   0.115694
  30.322266	   0.149473
  30.332031	   0.159792
  30.341797	   0.136131
  30.351562	   0.080346
  30.361328	   0.006725
  30.371094	  -0.062264
  30.380859	  -0.103110
  30.390625	  -0.098891
  30.400391	  -0.044858
  30.410156	   0.049855
  30.419922	   0.164917
  30.429688	   0.274944
  30.439453	   0.357046
  30.449219	   0.397320
  30.458984	   0.394241
  30.468750	   0.358005
  30.478516	   0.306226
  30.488281	   0.257555
  30.498047	   0.225402
  30.507812	   0.213797
  30.517578	   0.216611
  30.527344	   0.220205
  30.537109	   0.208422
  30.546875	   0.168190
  30.556641	   0.093867
  30.566406	  -0.010947
  30.576172	  -0.134529
  30.585938	  -0.260478
  30.595703	  -0.372216
  30.605469	  -0.457057
  30.615234	  -0.508685
  30.625000	  -0.527528
  30.634766	  -0.519266
  30.644531	  -0.492287
  30.654297	  -0.455073
  30.664062	  -0.414348
  30.673828	  -0.374359
  30.683594	  -0.337154
  30.693359	  -0.303381
  30.703125	  -0.273046
  30.712891	  -0.245878
  30.722656	  -0.221236
  30.732422	  -0.197861
  30.742188	  -0.173853
  30.751953	  -0.147138
  30.761719	  -0.116412
  30.771484	  -0.082177
  30.781250	  -0.047292
  30.791016	  -0.016564
  30.800781	   0.004793
  30.810547	   0.013445
  30.820312	   0.010162
  30.830078	   0.000976
  30.839844	  -0.003533
  30.849609	   0.009005
  30.859375	   0.048526
  30.869141	   0.118137
  30.878906	   0.211178
  30.888672	   0.311097
  30.898438	   0.394719
  30.908203	   0.438378
  30.917969	   0.425288
  30.927734	   0.351893
  30.937500	   0.230991
  30.947266	   0.090243
  30.957031	  -0.033960
  30.966797	  -0.105819
  30.976562	  -0.100058
  30.986328	  -0.009502
  30.996094	   0.152090
  31.005859	   0.352971
  31.015625	   0.551476
  31.025391	   0.706920
  31.035156	   0.790181
  31.044922	   0.790852
  31.054688	   0.718911
  31.064453	   0.600514
  31.074219	   0.469331
  31.083984	   0.356186
  31.093750	   0.280197
  31.103516	   0.244077
  31.113281	   0.234861
  31.123047	   0.229584
  31.132812	   0.203893
  31.142578	   0.140734
  31.152344	   0.036331
  31.162109	  -0.098321
  31.171875	  -0.240752
  31.181641	  -0.363860
  31.191406	  -0.443981
  31.201172	  -0.467625
  31.210938	  -0.434859
  31.220703	  -0.358493
  31.230469	  -0.259601
  31.240234	  -0.161011
  31.250000	  -0.080888
  31.259766	  -0.028338
  31.269531	  -0.002140
  31.279297	   0.007348
  31.289062	   0.014072
  31.298828	   0.031446
  31.308594	   0.068342
  31.318359	   0.126944
  31.328125	   0.202770
  31.337891	   0.286457
  31.347656	   0.366413
  31.357422	   0.431417
  31.367188	   0.472492
  31.376953	   0.483825
  31.386719	   0.462932
  31.396484	   0.410477
  31.406250	   0.330061
  31.416016	   0.228103
  31.425781	   0.113598
  31.435547	  -0.002575
  31.445312	  -0.109054
  31.455078	  -0.196043
  31.464844	  -0.257564
  31.474609	  -0.293156
  31.484375	  -0.308266
  31.494141	  -0.312871
  31.503906	  -0.318486
  31.513672	  -0.334342
  31.523438	  -0.363956
  31.533203	  -0.403392
  31.542969	  -0.442022
  31.552734	  -0.465810
  31.562500	  -0.462209
  31.572266	  -0.425066
  31.582031	  -0.357762
  31.591797	  -0.273273
  31.601562	  -0.190810
  31.611328	  -0.129918
  31.621094	  -0.103862
  31.630859	  -0.114589
  31.640625	  -0.151169
  31.650391	  -0.192558
  31.660156	  -0.214085
  31.669922	  -0.195748
  31.679688	  -0.129608
  31.689453	  -0.023712
  31.699219	   0.099021
  31.708984	   0.206943
  31.718750	   0.269136
  31.728516	   0.265291
  31.738281	   0.192845
  31.748047	   0.068949
  31.757812	  -0.073585
  31.767578	  -0.195287
  31.777344	  -0.261305
  31.787109	  -0.251527
  31.796875	  -0.166391
  31.806641	  -0.026599
  31.816406	   0.133179
  31.826172	   0.274599
  31.835938	   0.366739
  31.845703	   0.394566
  31.855469	   0.362262
  31.865234	   0.290560
  31.875000	   0.209177
  31.884766	   0.146918
  31.894531	   0.122689
  31.904297	   0.140205
  31.914062	   0.187893
  31.923828	   0.243744
  31.933594	   0.283270
  31.943359	   0.287819
  31.953125	   0.250529
  31.962891	   0.178107
  31.972656	   0.088084
  31.982422	   0.002701
  31.992188	  -0.058388
  32.001953	  -0.084166
  32.011719	  -0.075162
  32.021484	  -0.042522
  32.031250	  -0.003785
  32.041016	   0.022988
  32.050781	   0.024744
  32.060547	  -0.003122
  32.070312	  -0.056298
  32.080078	  -0.123890
  32.089844	  -0.192493
  32.099609	  -0.250473
  32.109375	  -0.291050
  32.119141	  -0.313374
  32.128906	  -0.321547
  32.138672	  -0.322260
  32.148438	  -0.322098
  32.158203	  -0.325457
  32.167969	  -0.333659
  32.177734	  -0.345271
  32.187500	  -0.357168
  32.197266	  -0.365704
  32.207031	  -0.367489
  32.216797	  -0.359580
  32.226562	  -0.339340
  32.236328	  -0.304381
  32.246094	  -0.253020
  32.255859	  -0.185322
  32.265625	  -0.104411
  32.275391	  -0.017376
  32.285156	   0.064931
  32.294922	   0.129650
  32.304688	   0.165036
  32.314453	   0.164185
  32.324219	   0.128089
  32.333984	   0.066786
  32.343750	  -0.002203
  32.353516	  -0.058081
  32.363281	  -0.082613
  32.373047	  -0.065847
  32.382812	  -0.009835
  32.392578	   0.071104
  32.402344	   0.153960
  32.412109	   0.213609
  32.421875	   0.230463
  32.431641	   0.196800
  32.441406	   0.119665
  32.451172	   0.019263
  32.460938	  -0.076817
  32.470703	  -0.141821
  32.480469	  -0.157922
  32.490234	  -0.121596
  32.500000	  -0.044542
  32.509766	   0.050165
  32.519531	   0.135457
  32.529297	   0.188778
  32.539062	   0.198938
  32.548828	   0.169129
  32.558594	   0.115163
  32.568359	   0.059604
  32.578125	   0.023842
  32.587891	   0.020762
  32.597656	   0.050469
  32.607422	   0.100421
  32.617188	   0.149838
  32.626953	   0.176807
  32.636719	   0.165640
  32.646484	   0.112015
  32.656250	   0.024253
  32.666016	  -0.079593
  32.675781	  -0.177695
  32.685547	  -0.251379
  32.695312	  -0.290680
  32.705078	  -0.296731
  32.714844	  -0.280397
  32.724609	  -0.257818
  32.734375	  -0.244561
  32.744141	  -0.250471
  32.753906	  -0.276892
  32.763672	  -0.317026
  32.773438	  -0.359040
  32.783203	  -0.390563
  32.792969	  -0.402863
  32.802734	  -0.393211
  32.812500	  -0.364776
  32.822266	  -0.324338
  32.832031	  -0.278965
  32.841797	  -0.233097
  32.851562	  -0.187230
  32.861328	  -0.138660
  32.871094	  -0.083859
  32.880859	  -0.021330
  32.890625	   0.046386
  32.900391	   0.112576
  32.910156	   0.168305
  32.919922	   0.205760
  32.929688	   0.221664
  32.939453	   0.219278
  32.949219	   0.207982
  32.958984	   0.200346
  32.968750	   0.207582
  32.978516	   0.235025
  32.988281	   0.279385
  32.998047	   0.328996
  33.007812	   0.367237
  33.017578	   0.378093
  33.027344	   0.352002
  33.037109	   0.289864
  33.046875	   0.203633
  33.056641	   0.113093
  33.066406	   0.039730
  33.076172	  -0.000287
  33.085938	  -0.001569
  33.095703	   0.028531
  33.105469	   0.072294
  33.115234	   0.107644
  33.125000	   0.115807
  33.134766	   0.088000
  33.144531	   0.028778
  33.154297	  -0.045200
  33.164062	  -0.110664
  33.173828	  -0.145672
  33.183594	  -0.137278
  33.193359	  -0.086281
  33.203125	  -0.007335
  33.212891	   0.075669
  33.222656	   0.137448
  33.232422	   0.159732
  33.242188	   0.137374
  33.251953	   0.080040
  33.261719	   0.008890
  33.271484	  -0.050639
  33.281250	  -0.077497
  33.291016	  -0.062190
  33.300781	  -0.010025
  33.310547	   0.060642
  33.320312	   0.124535
  33.330078	   0.157834
  33.339844	   0.145962
  33.349609	   0.088185
  33.359375	  -0.002463
  33.369141	  -0.103758
  33.378906	  -0.191701
  33.388672	  -0.248152
  33.398438	  -0.266104
  33.408203	  -0.250877
  33.417969	  -0.217027
  33.427734	  -0.182225
  33.437500	  -0.160417
  33.447266	  -0.156729
  33.457031	  -0.165901
  33.466797	  -0.174723
  33.476562	  -0.167479
  33.486328	  -0.132382
  33.496094	  -0.066644
  33.505859	   0.021648
  33.515625	   0.115496
  33.525391	   0.194094
  33.535156	   0.239251
  33.544922	   0.240948
  33.554688	   0.200130
  33.564453	   0.127940
  33.574219	   0.041768
  33.583984	  -0.040355
  33.593750	  -0.105054
  33.603516	  -0.146825
  33.613281	  -0.168263
  33.623047	  -0.177485
  33.632812	  -0.183968
  33.642578	  -0.194453
  33.652344	  -0.210463
  33.662109	  -0.228227
  33.671875	  -0.240835
  33.681641	  -0.241575
  33.691406	  -0.227002
  33.701172	  -0.198440
  33.710938	  -0.161336
  33.720703	  -0.122759
  33.730469	  -0.088156
  33.740234	  -0.058748
  33.750000	  -0.030751
  33.759766	   0.003169
  33.769531	   0.050679
  33.779297	   0.116064
  33.789062	   0.197504
  33.798828	   0.286541
  33.808594	   0.370116
  33.818359	   0.434546
  33.828125	   0.470052
  33.837891	   0.474138
  33.847656	   0.452508
  33.857422	   0.417088
  33.867188	   0.381792
  33.876953	   0.357540
  33.886719	   0.348386
  33.896484	   0.350210
  33.906250	   0.352526
  33.916016	   0.342765
  33.925781	   0.311463
  33.935547	   0.256357
  33.945312	   0.183780
  33.955078	   0.106722
  33.964844	   0.040173
  33.974609	  -0.004549
  33.984375	  -0.024322
  33.994141	  -0.025784
  34.003906	  -0.023147
  34.013672	  -0.032909
  34.023438	  -0.067271
  34.033203	  -0.128742
  34.042969	  -0.208036
  34.052734	  -0.286322
  34.062500	  -0.341292
  34.072266	  -0.355077
  34.082031	  -0.321228
  34.091797	  -0.248145
  34.101562	  -0.157475
  34.111328	  -0.077685
  34.121094	  -0.034794
  34.130859	  -0.043326
  34.140625	  -0.100668
  34.150391	  -0.186961
  34.160156	  -0.270886
  34.169922	  -0.319646
  34.179688	  -0.309975
  34.189453	  -0.236493
  34.199219	  -0.114521
  34.208984	   0.023819
  34.218750	   0.139152
  34.228516	   0.197097
  34.238281	   0.179317
  34.248047	   0.089747
  34.257812	  -0.046059
  34.267578	  -0.188369
  34.277344	  -0.295198
  34.287109	  -0.334977
  34.296875	  -0.295996
  34.306641	  -0.189714
  34.316406	  -0.046969
  34.326172	   0.091602
  34.335938	   0.187846
  34.345703	   0.217262
  34.355469	   0.175652
  34.365234	   0.079454
  34.375000	  -0.040075
  34.384766	  -0.146723
  34.394531	  -0.210032
  34.404297	  -0.213582
  34.414062	  -0.158547
  34.423828	  -0.061848
  34.433594	   0.050066
  34.443359	   0.149565
  34.453125	   0.215613
  34.462891	   0.238783
  34.472656	   0.222393
  34.482422	   0.179985
  34.492188	   0.130421
  34.501953	   0.092375
  34.511719	   0.079859
  34.521484	   0.099747
  34.531250	   0.151442
  34.541016	   0.228126
  34.550781	   0.318718
  34.560547	   0.409797
  34.570312	   0.487134
  34.580078	   0.536951
  34.589844	   0.547261
  34.599609	   0.509582
  34.609375	   0.420956
  34.619141	   0.285761
  34.628906	   0.116483
  34.638672	  -0.067307
  34.648438	  -0.242056
  34.658203	  -0.384991
  34.667969	  -0.479332
  34.677734	  -0.518380
  34.687500	  -0.507018
  34.697266	  -0.459863
  34.707031	  -0.396424
  34.716797	  -0.334674
  34.726562	  -0.285168
  34.736328	  -0.247773
  34.746094	  -0.212339
  34.755859	  -0.163275
  34.765625	  -0.086607
  34.775391	   0.022931
  34.785156	   0.157422
  34.794922	   0.295791
  34.804688	   0.408757
  34.814453	   0.467401
  34.824219	   0.452645
  34.833984	   0.362422
  34.843750	   0.213904
  34.853516	   0.039650
  34.863281	  -0.121402
  34.873047	  -0.235432
  34.882812	  -0.284042
  34.892578	  -0.269924
  34.902344	  -0.215876
  34.912109	  -0.157265
  34.921875	  -0.130206
  34.931641	  -0.159248
  34.941406	  -0.248550
  34.951172	  -0.379530
  34.960938	  -0.515863
  34.970703	  -0.614328
  34.980469	  -0.638086
  34.990234	  -0.568166
  35.000000	  -0.409490
  35.009766	  -0.189572
  35.019531	   0.049643
  35.029297	   0.264085
  35.039062	   0.420060
  35.048828	   0.502985
  35.058594	   0.519759
  35.068359	   0.494289
  35.078125	   0.457957
  35.087891	   0.438400
  35.097656	   0.450388
  35.107422	   0.491735
  35.117188	   0.545363
  35.126953	   0.586515
  35.136719	   0.592404
  35.146484	   0.550861
  35.156250	   0.464992
  35.166016	   0.352343
  35.175781	   0.238994
  35.185547	   0.150708
  35.195312	   0.104228
  35.205078	   0.101642
  35.214844	   0.129644
  35.224609	   0.163779
  35.234375	   0.176176
  35.244141	   0.144130
  35.253906	   0.056834
  35.263672	  -0.081726
  35.273438	  -0.254281
  35.283203	  -0.435337
  35.292969	  -0.597863
  35.302734	  -0.719424
  35.312500	  -0.786015
  35.322266	  -0.792932
  35.332031	  -0.743107
  35.341797	  -0.644180
  35.351562	  -0.505787
  35.361328	  -0.338153
  35.371094	  -0.152213
  35.380859	   0.039333
  35.390625	   0.221203
  35.400391	   0.376057
  35.410156	   0.486917
  35.419922	   0.541089
  35.429688	   0.534386
  35.439453	   0.474003
  35.449219	   0.378616
  35.458984	   0.275098
  35.468750	   0.192390
  35.478516	   0.154114
  35.488281	   0.172118
  35.498047	   0.242980
  35.507812	   0.348657
  35.517578	   0.461208
  35.527344	   0.550196
  35.537109	   0.590594
  35.546875	   0.568852
  35.556641	   0.485481
  35.566406	   0.353632
  35.576172	   0.194458
  35.585938	   0.030983
  35.595703	  -0.117504
  35.605469	  -0.238906
  35.615234	  -0.328954
  35.625000	  -0.389418
  35.634766	  -0.425129
  35.644531	  -0.441278
  35.654297	  -0.442114
  35.664062	  -0.431338
  35.673828	  -0.413583
  35.683594	  -0.395772
  35.693359	  -0.387122
  35.703125	  -0.397131
  35.712891	  -0.431870
  35.722656	  -0.489847
  35.732422	  -0.559258
  35.742188	  -0.618270
  35.751953	  -0.639096
  35.761719	  -0.595284
  35.771484	  -0.470316
  35.781250	  -0.264817
  35.791016	   0.000254
  35.800781	   0.286042
  35.810547	   0.543817
  35.820312	   0.726695
  35.830078	   0.801873
  35.839844	   0.759767
  35.849609	   0.617246
  35.859375	   0.413794
  35.869141	   0.201550
  35.878906	   0.032054
  35.888672	  -0.056541
  35.898438	  -0.048139
  35.908203	   0.049021
  35.917969	   0.206830
  35.927734	   0.386767
  35.937500	   0.551235
  35.947266	   0.673253
  35.957031	   0.741759
  35.966797	   0.761396
  35.976562	   0.747479
  35.986328	   0.718399
  35.996094	   0.688313
  36.005859	   0.662645
  36.015625	   0.637655
  36.025391	   0.603818
  36.035156	   0.551305
  36.044922	   0.475251
  36.054688	   0.378678
  36.064453	   0.271941
  36.074219	   0.168999
  36.083984	   0.082002
  36.093750	   0.016389
  36.103516	  -0.031555
  36.113281	  -0.073626
  36.123047	  -0.125394
  36.132812	  -0.200187
  36.142578	  -0.303507
  36.152344	  -0.429949
  36.162109	  -0.563759
  36.171875	  -0.682923
  36.181641	  -0.765410
  36.191406	  -0.795463
  36.201172	  -0.767847
  36.210938	  -0.688737
  36.220703	  -0.573113
  36.230469	  -0.439754
  36.240234	  -0.305713
  36.250000	  -0.182210
  36.259766	  -0.073261
  36.269531	   0.022732
  36.279297	   0.109323
  36.289062	   0.187961
  36.298828	   0.255255
  36.308594	   0.302745
  36.318359	   0.319326
  36.328125	   0.295435
  36.337891	   0.227363
  36.347656	   0.120033
  36.357422	  -0.012910
  36.367188	  -0.151821
  36.376953	  -0.275701
  36.386719	  -0.367167
  36.396484	  -0.416100
  36.406250	  -0.420832
  36.416016	  -0.386711
  36.425781	  -0.322860
  36.435547	  -0.238570
  36.445312	  -0.140805
  36.455078	  -0.033718
  36.464844	   0.079880
  36.474609	   0.196083
  36.484375	   0.307969
  36.494141	   0.405555
  36.503906	   0.478211
  36.513672	   0.518968
  36.523438	   0.529157
  36.533203	   0.521274
  36.542969	   0.518320
  36.552734	   0.548922
  36.562500	   0.639087
  36.572266	   0.802870
  36.582031	   1.035019
  36.591797	   1.308466
  36.601562	   1.578228
  36.611328	   1.791364
  36.621094	   1.900581
  36.630859	   1.877656
  36.640625	   1.722575
  36.650391	   1.465293
  36.660156	   1.159140
  36.669922	   0.867374
  36.679688	   0.646552
  36.689453	   0.531487
  36.699219	   0.526182
  36.708984	   0.603419
  36.718750	   0.713149
  36.728516	   0.797160
  36.738281	   0.805718
  36.748047	   0.711316
  36.757812	   0.515664
  36.767578	   0.248163
  36.777344	  -0.043307
  36.787109	  -0.306207
  36.796875	  -0.497499
  36.806641	  -0.594024
  36.816406	  -0.596396
  36.826172	  -0.525856
  36.835938	  -0.415728
  36.845703	  -0.300581
  36.855469	  -0.206667
  36.865234	  -0.146402
  36.875000	  -0.118105
  36.884766	  -0.110347
  36.894531	  -0.108834
  36.904297	  -0.103092
  36.914062	  -0.090561
  36.923828	  -0.076863
  36.933594	  -0.072450
  36.943359	  -0.087145
  36.953125	  -0.124761
  36.962891	  -0.179839
  36.972656	  -0.237708
  36.982422	  -0.277892
  36.992188	  -0.279727
  37.001953	  -0.228370
  37.011719	  -0.119331
  37.021484	   0.039752
  37.031250	   0.230502
  37.041016	   0.427757
  37.050781	   0.604868
  37.060547	   0.738903
  37.070312	   0.814568
  37.080078	   0.826216
  37.089844	   0.777907
  37.099609	   0.681914
  37.109375	   0.556270
  37.119141	   0.421833
  37.128906	   0.299210
  37.138672	   0.205696
  37.148438	   0.152427
  37.158203	   0.142060
  37.167969	   0.167538
  37.177734	   0.212531
  37.187500	   0.253991
  37.197266	   0.266749
  37.207031	   0.229433
  37.216797	   0.130360
  37.226562	  -0.028279
  37.236328	  -0.229400
  37.246094	  -0.443926
  37.255859	  -0.637229
  37.265625	  -0.777583
  37.275391	  -0.844316
  37.285156	  -0.833209
  37.294922	  -0.757387
  37.304688	  -0.643223
  37.314453	  -0.522357
  37.324219	  -0.422218
  37.333984	  -0.358018
  37.343750	  -0.328818
  37.353516	  -0.319017
  37.363281	  -0.304847
  37.373047	  -0.263775
  37.382812	  -0.183643
  37.392578	  -0.068354
  37.402344	   0.062040
  37.412109	   0.177171
  37.421875	   0.246435
  37.431641	   0.250103
  37.441406	   0.187715
  37.451172	   0.080722
  37.460938	  -0.031958
  37.470703	  -0.104537
  37.480469	  -0.098171
  37.490234	   0.006126
  37.500000	   0.199513
  37.509766	   0.444959
  37.519531	   0.684993
  37.529297	   0.855658
  37.539062	   0.902914
  37.548828	   0.797003
  37.558594	   0.540844
  37.568359	   0.170201
  37.578125	  -0.254319
  37.587891	  -0.661200
  37.597656	  -0.984154
  37.607422	  -1.176337
  37.617188	  -1.219262
  37.626953	  -1.124664
  37.636719	  -0.929454
  37.646484	  -0.685628
  37.656250	  -0.448010
  37.666016	  -0.262851
  37.675781	  -0.159692
  37.685547	  -0.147751
  37.695312	  -0.216870
  37.705078	  -0.342041
  37.714844	  -0.489993
  37.724609	  -0.626233
  37.734375	  -0.721237
  37.744141	  -0.754933
  37.753906	  -0.719091
  37.763672	  -0.617567
  37.773438	  -0.464598
  37.783203	  -0.281504
  37.792969	  -0.092320
  37.802734	   0.080925
  37.812500	   0.222411
  37.822266	   0.325300
  37.832031	   0.392352
  37.841797	   0.434100
  37.851562	   0.464932
  37.861328	   0.498051
  37.871094	   0.540782
  37.880859	   0.591680
  37.890625	   0.640496
  37.900391	   0.671219
  37.910156	   0.667409
  37.919922	   0.618192
  37.929688	   0.522958
  37.939453	   0.393048
  37.949219	   0.249620
  37.958984	   0.118117
  37.968750	   0.020916
  37.978516	  -0.029508
  37.988281	  -0.034620
  37.998047	  -0.009556
  38.007812	   0.021611
  38.017578	   0.033734
  38.027344	   0.009172
  38.037109	  -0.055714
  38.046875	  -0.148358
  38.056641	  -0.242981
  38.066406	  -0.308048
  38.076172	  -0.315940
  38.085938	  -0.251864
  38.095703	  -0.119171
  38.105469	   0.060639
  38.115234	   0.253298
  38.125000	   0.420891
  38.134766	   0.531913
  38.144531	   0.569191
  38.154297	   0.533321
  38.164062	   0.440717
  38.173828	   0.317148
  38.183594	   0.188979
  38.193359	   0.075056
  38.203125	  -0.018208
  38.212891	  -0.097089
  38.222656	  -0.176318
  38.232422	  -0.272002
  38.242188	  -0.394217
  38.251953	  -0.541836
  38.261719	  -0.701318
  38.271484	  -0.849792
  38.281250	  -0.961345
  38.291016	  -1.014401
  38.300781	  -0.997763
  38.310547	  -0.913454
  38.320312	  -0.775598
  38.330078	  -0.605903
  38.339844	  -0.427380
  38.349609	  -0.258409
  38.359375	  -0.108983
  38.369141	   0.019856
  38.378906	   0.133545
  38.388672	   0.239616
  38.398438	   0.343101
  38.408203	   0.443361
  38.417969	   0.533350
  38.427734	   0.601429
  38.437500	   0.634943
  38.447266	   0.624247
  38.457031	   0.565794
  38.466797	   0.463354
  38.476562	   0.327111
  38.486328	   0.171136
  38.496094	   0.010216
  38.505859	  -0.142901
  38.515625	  -0.279077
  38.525391	  -0.392915
  38.535156	  -0.481775
  38.544922	  -0.544334
  38.554688	  -0.579410
  38.564453	  -0.585551
  38.574219	  -0.561423
  38.583984	  -0.506713
  38.593750	  -0.422993
  38.603516	  -0.314056
  38.613281	  -0.185531
  38.623047	  -0.043899
  38.632812	   0.104620
  38.642578	   0.254810
  38.652344	   0.402456
  38.662109	   0.543610
  38.671875	   0.673496
  38.681641	   0.785692
  38.691406	   0.872191
  38.701172	   0.924657
  38.710938	   0.936698
  38.720703	   0.906497
  38.730469	   0.838836
  38.740234	   0.745612
  38.750000	   0.644312
  38.759766	   0.554565
  38.769531	   0.493540
  38.779297	   0.471429
  38.789062	   0.488320
  38.798828	   0.533481
  38.808594	   0.587364
  38.818359	   0.625926
  38.828125	   0.626178
  38.837891	   0.571594
  38.847656	   0.456076
  38.857422	   0.285642
  38.867188	   0.077629
  38.876953	  -0.142187
  38.886719	  -0.343750
  38.896484	  -0.497269
  38.906250	  -0.577405
  38.916016	  -0.566670
  38.925781	  -0.457890
  38.935547	  -0.255689
  38.945312	   0.023043
  38.955078	   0.349934
  38.964844	   0.687470
  38.974609	   0.993138
  38.984375	   1.225285
  38.994141	   1.350055
  39.003906	   1.348216
  39.013672	   1.220275
  39.023438	   0.988333
  39.033203	   0.693645
  39.042969	   0.389829
  39.052734	   0.132818
  39.062500	  -0.030320
  39.072266	  -0.071091
  39.082031	   0.014647
  39.091797	   0.206350
  39.101562	   0.464060
  39.111328	   0.737951
  39.121094	   0.979670
  39.130859	   1.152579
  39.140625	   1.238368
  39.150391	   1.238623
  39.160156	   1.171382
  39.169922	   1.064131
  39.179688	   0.945520
  39.189453	   0.838279
  39.199219	   0.755149
  39.208984	   0.698569
  39.218750	   0.663576
  39.228516	   0.642486
  39.238281	   0.629477
  39.248047	   0.623538
  39.257812	   0.628959
  39.267578	   0.653515
  39.277344	   0.705315
  39.287109	   0.789606
  39.296875	   0.906713
  39.306641	   1.051715
  39.316406	   1.215718
  39.326172	   1.388027
  39.335938	   1.558239
  39.345703	   1.717481
  39.355469	   1.858522
  39.365234	   1.975029
  39.375000	   2.060709
  39.384766	   2.109098
  39.394531	   2.114456
  39.404297	   2.073692
  39.414062	   1.988666
  39.423828	   1.867896
  39.433594	   1.726793
  39.443359	   1.586010
  39.453125	   1.468153
  39.462891	   1.393731
  39.472656	   1.377518
  39.482422	   1.426323
  39.492188	   1.538630
  39.501953	   1.705783
  39.511719	   1.913801
  39.521484	   2.144695
  39.531250	   2.376503
  39.541016	   2.582047
  39.550781	   2.727326
  39.560547	   2.771129
  39.570312	   2.667439
  39.580078	   2.371512
  39.589844	   1.849120
  39.599609	   1.086962
  39.609375	   0.101116
  39.619141	  -1.059813
  39.628906	  -2.319179
  39.638672	  -3.584775
  39.648438	  -4.767121
  39.658203	  -5.799155
  39.667969	  -6.651798
  39.677734	  -7.340344
  39.687500	  -7.918774
  39.697266	  -8.462456
  39.707031	  -9.043220
  39.716797	  -9.703525
  39.726562	 -10.437316
  39.736328	 -11.183823
  39.746094	 -11.837229
  39.755859	 -12.270635
  39.765625	 -12.368455
  39.775391	 -12.058509
  39.785156	 -11.334643
  39.794922	 -10.262945
  39.804688	  -8.968942
  39.814453	  -7.608533
  39.824219	  -6.330046
  39.833984	  -5.237635
  39.843750	  -4.366127
  39.853516	  -3.674491
  39.863281	  -3.060111
  39.873047	  -2.390306
  39.882812	  -1.542783
  39.892578	  -0.444168
  39.902344	   0.903788
  39.912109	   2.417439
  39.921875	   3.945834
  39.931641	   5.302954
  39.941406	   6.309290
  39.951172	   6.832202
  39.960938	   6.815076
  39.970703	   6.288449
  39.980469	   5.361108
  39.990234	   4.194292
