# Time	Amplitude (cm/s/s)
   0.000000	  -2.797577
   0.009766	  -1.655637
   0.019531	  -0.732901
   0.029297	  -0.076177
   0.039062	   0.322328
   0.048828	   0.506983
   0.058594	   0.536421
   0.068359	   0.463735
   0.078125	   0.324173
   0.087891	   0.132373
   0.097656	  -0.111840
   0.107422	  -0.412408
   0.117188	  -0.765135
   0.126953	  -1.149017
   0.136719	  -1.523595
   0.146484	  -1.833184
   0.156250	  -2.016891
   0.166016	  -2.021845
   0.175781	  -1.816241
   0.185547	  -1.398824
   0.195312	  -0.802209
   0.205078	  -0.088793
   0.214844	   0.660325
   0.224609	   1.361273
   0.234375	   1.944702
   0.244141	   2.370283
   0.253906	   2.634511
   0.263672	   2.769245
   0.273438	   2.830619
   0.283203	   2.880565
   0.292969	   2.965538
   0.302734	   3.098417
   0.312500	   3.249314
   0.322266	   3.349106
   0.332031	   3.306109
   0.341797	   3.032424
   0.351562	   2.473096
   0.361328	   1.629634
   0.371094	   0.570168
   0.380859	  -0.578240
   0.390625	  -1.654684
   0.400391	  -2.501231
   0.410156	  -3.001777
   0.419922	  -3.111959
   0.429688	  -2.870990
   0.439453	  -2.391126
   0.449219	  -1.826900
   0.458984	  -1.332352
   0.468750	  -1.018439
   0.478516	  -0.923197
   0.488281	  -1.003777
   0.498047	  -1.153110
   0.507812	  -1.236564
   0.517578	  -1.137647
   0.527344	  -0.798845
   0.537109	  -0.244752
   0.546875	   0.420150
   0.556641	   1.039099
   0.566406	   1.448297
   0.576172	   1.526396
   0.585938	   1.233249
   0.595703	   0.625835
   0.605469	  -0.154100
   0.615234	  -0.917776
   0.625000	  -1.482034
   0.634766	  -1.721870
   0.644531	  -1.607719
   0.654297	  -1.216612
   0.664062	  -0.713747
   0.673828	  -0.309347
   0.683594	  -0.202494
   0.693359	  -0.527061
   0.703125	  -1.314012
   0.712891	  -2.479576
   0.722656	  -3.841776
   0.732422	  -5.160316
   0.742188	  -6.189254
   0.751953	  -6.729301
   0.761719	  -6.667670
   0.771484	  -5.997348
   0.781250	  -4.813250
   0.791016	  -3.288302
   0.800781	  -1.636617
   0.810547	  -0.072808
   0.820312	   1.223978
   0.830078	   2.135088
   0.839844	   2.613432
   0.849609	   2.680847
   0.859375	   2.414482
   0.869141	   1.926353
   0.878906	   1.340576
   0.888672	   0.772306
   0.898438	   0.311486
   0.908203	   0.013300
   0.917969	  -0.103988
   0.927734	  -0.054363
   0.937500	   0.125712
   0.947266	   0.389608
   0.957031	   0.692281
   0.966797	   0.998647
   0.976562	   1.286636
   0.986328	   1.544625
   0.996094	   1.764695
   1.005859	   1.934702
   1.015625	   2.032743
   1.025391	   2.026993
   1.035156	   1.882164
   1.044922	   1.571302
   1.054688	   1.089356
   1.064453	   0.463558
   1.074219	  -0.244052
   1.083984	  -0.944597
   1.093750	  -1.540168
   1.103516	  -1.947302
   1.113281	  -2.119402
   1.123047	  -2.060823
   1.132812	  -1.827229
   1.142578	  -1.510700
   1.152344	  -1.212901
   1.162109	  -1.013798
   1.171875	  -0.945540
   1.181641	  -0.980196
   1.191406	  -1.036324
   1.201172	  -1.003619
   1.210938	  -0.779078
   1.220703	  -0.304011
   1.230469	   0.409750
   1.240234	   1.273373
   1.250000	   2.137586
   1.259766	   2.828627
   1.269531	   3.193801
   1.279297	   3.143595
   1.289062	   2.677849
   1.298828	   1.887929
   1.308594	   0.933811
   1.318359	   0.002342
   1.328125	  -0.741502
   1.337891	  -1.196515
   1.347656	  -1.348595
   1.357422	  -1.269388
   1.367188	  -1.091358
   1.376953	  -0.967198
   1.386719	  -1.025713
   1.396484	  -1.336768
   1.406250	  -1.894679
   1.416016	  -2.623545
   1.425781	  -3.401507
   1.435547	  -4.095660
   1.445312	  -4.596927
   1.455078	  -4.845119
   1.464844	  -4.838145
   1.474609	  -4.624531
   1.484375	  -4.283377
   1.494141	  -3.899063
   1.503906	  -3.538673
   1.513672	  -3.238249
   1.523438	  -3.000499
   1.533203	  -2.802745
   1.542969	  -2.610908
   1.552734	  -2.394168
   1.562500	  -2.135565
   1.572266	  -1.835913
   1.582031	  -1.511001
   1.591797	  -1.184232
   1.601562	  -0.877966
   1.611328	  -0.606600
   1.621094	  -0.373302
   1.630859	  -0.170674
   1.640625	   0.015662
   1.650391	   0.202246
   1.660156	   0.403281
   1.669922	   0.627370
   1.679688	   0.875643
   1.689453	   1.140944
   1.699219	   1.407772
   1.708984	   1.653008
   1.718750	   1.847917
   1.728516	   1.962022
   1.738281	   1.969041
   1.748047	   1.854179
   1.757812	   1.621040
   1.767578	   1.295731
   1.777344	   0.925873
   1.787109	   0.573342
   1.796875	   0.301444
   1.806641	   0.159318
   1.816406	   0.167831
   1.826172	   0.311538
   1.835938	   0.539947
   1.845703	   0.778814
   1.855469	   0.949069
   1.865234	   0.988323
   1.875000	   0.868701
   1.884766	   0.605458
   1.894531	   0.253415
   1.904297	  -0.108081
   1.914062	  -0.397359
   1.923828	  -0.553151
   1.933594	  -0.550963
   1.943359	  -0.408180
   1.953125	  -0.176601
   1.962891	   0.074879
   1.972656	   0.281590
   1.982422	   0.401413
   1.992188	   0.424291
   2.001953	   0.370270
   2.011719	   0.277392
   2.021484	   0.184242
   2.031250	   0.113736
   2.041016	   0.064095
   2.050781	   0.010322
   2.060547	  -0.084419
   2.070312	  -0.251748
   2.080078	  -0.501720
   2.089844	  -0.813442
   2.099609	  -1.136537
   2.109375	  -1.403545
   2.119141	  -1.549450
   2.128906	  -1.531904
   2.138672	  -1.345329
   2.148438	  -1.023984
   2.158203	  -0.632798
   2.167969	  -0.248790
   2.177734	   0.060901
   2.187500	   0.257345
   2.197266	   0.338698
   2.207031	   0.337122
   2.216797	   0.305204
   2.226562	   0.296781
   2.236328	   0.348764
   2.246094	   0.469930
   2.255859	   0.640054
   2.265625	   0.819086
   2.275391	   0.962636
   2.285156	   1.038068
   2.294922	   1.035520
   2.304688	   0.970243
   2.314453	   0.875847
   2.324219	   0.791264
   2.333984	   0.746384
   2.343750	   0.751536
   2.353516	   0.794489
   2.363281	   0.845787
   2.373047	   0.870316
   2.382812	   0.840837
   2.392578	   0.748753
   2.402344	   0.608519
   2.412109	   0.454434
   2.421875	   0.331233
   2.431641	   0.281820
   2.441406	   0.336145
   2.451172	   0.504421
   2.460938	   0.776046
   2.470703	   1.123487
   2.480469	   1.508895
   2.490234	   1.890737
   2.500000	   2.228532
   2.509766	   2.485186
   2.519531	   2.627940
   2.529297	   2.629723
   2.539062	   2.472418
   2.548828	   2.152277
   2.558594	   1.686016
   2.568359	   1.114796
   2.578125	   0.503053
   2.587891	  -0.069733
   2.597656	  -0.523919
   2.607422	  -0.798193
   2.617188	  -0.866589
   2.626953	  -0.748430
   2.636719	  -0.507066
   2.646484	  -0.236298
   2.656250	  -0.037235
   2.666016	   0.008413
   2.675781	  -0.139002
   2.685547	  -0.465283
   2.695312	  -0.905323
   2.705078	  -1.360236
   2.714844	  -1.723838
   2.724609	  -1.910763
   2.734375	  -1.878031
   2.744141	  -1.633995
   2.753906	  -1.232623
   2.763672	  -0.755633
   2.773438	  -0.288616
   2.783203	   0.101186
   2.792969	   0.378859
   2.802734	   0.544126
   2.812500	   0.622680
   2.822266	   0.650902
   2.832031	   0.660172
   2.841797	   0.666573
   2.851562	   0.669264
   2.861328	   0.657181
   2.871094	   0.620452
   2.880859	   0.561099
   2.890625	   0.497999
   2.900391	   0.463463
   2.910156	   0.492264
   2.919922	   0.607135
   2.929688	   0.806527
   2.939453	   1.059903
   2.949219	   1.313321
   2.958984	   1.504331
   2.968750	   1.581642
   2.978516	   1.522935
   2.988281	   1.344483
   2.998047	   1.098694
   3.007812	   0.859753
   3.017578	   0.701555
   3.027344	   0.674898
   3.037109	   0.791278
   3.046875	   1.018599
   3.056641	   1.290228
   3.066406	   1.524483
   3.076172	   1.648329
   3.085938	   1.617801
   3.095703	   1.428966
   3.105469	   1.116485
   3.115234	   0.740990
   3.125000	   0.369965
   3.134766	   0.058658
   3.144531	  -0.162993
   3.154297	  -0.293906
   3.164062	  -0.355870
   3.173828	  -0.381255
   3.183594	  -0.399500
   3.193359	  -0.427298
   3.203125	  -0.465548
   3.212891	  -0.503204
   3.222656	  -0.525505
   3.232422	  -0.522530
   3.242188	  -0.494256
   3.251953	  -0.450034
   3.261719	  -0.402969
   3.271484	  -0.361959
   3.281250	  -0.325236
   3.291016	  -0.278711
   3.300781	  -0.200433
   3.310547	  -0.069869
   3.320312	   0.121492
   3.330078	   0.362590
   3.339844	   0.621804
   3.349609	   0.853733
   3.359375	   1.011995
   3.369141	   1.063894
   3.378906	   1.001788
   3.388672	   0.846934
   3.398438	   0.644063
   3.408203	   0.448222
   3.417969	   0.308157
   3.427734	   0.251818
   3.437500	   0.278861
   3.447266	   0.362562
   3.457031	   0.460228
   3.466797	   0.528212
   3.476562	   0.536118
   3.486328	   0.475215
   3.496094	   0.358416
   3.505859	   0.212356
   3.515625	   0.065129
   3.525391	  -0.065239
   3.535156	  -0.176911
   3.544922	  -0.282523
   3.554688	  -0.400473
   3.564453	  -0.542926
   3.574219	  -0.705777
   3.583984	  -0.865197
   3.593750	  -0.982930
   3.603516	  -1.019008
   3.613281	  -0.947459
   3.623047	  -0.768996
   3.632812	  -0.515407
   3.642578	  -0.243132
   3.652344	  -0.017452
   3.662109	   0.107710
   3.671875	   0.107421
   3.681641	  -0.005569
   3.691406	  -0.184536
   3.701172	  -0.364045
   3.710938	  -0.481752
   3.720703	  -0.499276
   3.730469	  -0.414812
   3.740234	  -0.262960
   3.750000	  -0.101761
   3.759766	   0.008509
   3.769531	   0.027210
   3.779297	  -0.052006
   3.789062	  -0.199095
   3.798828	  -0.358874
   3.808594	  -0.471598
   3.818359	  -0.495333
   3.828125	  -0.421906
   3.837891	  -0.280463
   3.847656	  -0.127166
   3.857422	  -0.024660
   3.867188	  -0.018755
   3.876953	  -0.120897
   3.886719	  -0.302998
   3.896484	  -0.506722
   3.906250	  -0.664032
   3.916016	  -0.721623
   3.925781	  -0.660319
   3.935547	  -0.502263
   3.945312	  -0.303146
   3.955078	  -0.132171
   3.964844	  -0.047015
   3.974609	  -0.072974
   3.984375	  -0.194015
   3.994141	  -0.359169
   4.003906	  -0.502030
   4.013672	  -0.566281
   4.023438	  -0.527819
   4.033203	  -0.405217
   4.042969	  -0.254458
   4.052734	  -0.149614
   4.062500	  -0.156369
   4.072266	  -0.307950
   4.082031	  -0.592256
   4.091797	  -0.954889
   4.101562	  -1.317031
   4.111328	  -1.601689
   4.121094	  -1.758798
   4.130859	  -1.780235
   4.140625	  -1.699615
   4.150391	  -1.577497
   4.160156	  -1.478074
   4.169922	  -1.446475
   4.179688	  -1.495365
   4.189453	  -1.605671
   4.199219	  -1.740540
   4.208984	  -1.866291
   4.218750	  -1.971290
   4.228516	  -2.074563
   4.238281	  -2.220276
   4.248047	  -2.460313
   4.257812	  -2.832627
   4.267578	  -3.345404
   4.277344	  -3.975308
   4.287109	  -4.682416
   4.296875	  -5.437063
   4.306641	  -6.247559
   4.316406	  -7.175367
   4.326172	  -8.327337
   4.335938	  -9.822378
   4.345703	 -11.740123
   4.355469	 -14.067870
   4.365234	 -16.665956
   4.375000	 -19.268458
   4.384766	 -21.526116
   4.394531	 -23.084452
   4.404297	 -23.676723
   4.414062	 -23.203527
   4.423828	 -21.771831
   4.433594	 -19.676559
   4.443359	 -17.324975
   4.453125	 -15.122753
   4.462891	 -13.354646
   4.472656	 -12.096989
   4.482422	 -11.191766
   4.492188	 -10.294230
   4.501953	  -8.983269
   4.511719	  -6.903059
   4.521484	  -3.892751
   4.531250	  -0.062435
   4.541016	   4.211497
   4.550781	   8.374384
   4.560547	  11.841459
   4.570312	  14.163156
   4.580078	  15.157566
   4.589844	  14.968430
   4.599609	  14.028545
   4.609375	  12.936729
   4.619141	  12.282834
   4.628906	  12.471537
   4.638672	  13.596789
   4.648438	  15.404242
   4.658203	  17.353335
   4.667969	  18.761632
   4.677734	  18.990393
   4.687500	  17.619152
   4.697266	  14.561349
   4.707031	  10.091125
   4.716797	   4.777345
   4.726562	  -0.653168
   4.736328	  -5.483045
   4.746094	  -9.156711
   4.755859	 -11.379785
   4.765625	 -12.145628
   4.775391	 -11.691076
   4.785156	 -10.402445
   4.794922	  -8.703713
   4.804688	  -6.959035
   4.814453	  -5.412593
   4.824219	  -4.174226
   4.833984	  -3.244531
   4.843750	  -2.562804
   4.853516	  -2.057844
   4.863281	  -1.685225
   4.873047	  -1.442699
   4.882812	  -1.364443
   4.892578	  -1.501566
   4.902344	  -1.898770
   4.912109	  -2.575376
   4.921875	  -3.514725
   4.931641	  -4.661650
   4.941406	  -5.925312
   4.951172	  -7.184919
   4.960938	  -8.298018
   4.970703	  -9.113386
   4.980469	  -9.491122
   4.990234	  -9.330354
   5.000000	  -8.600449
   5.009766	  -7.366730
   5.019531	  -5.798992
   5.029297	  -4.152928
   5.039062	  -2.721374
   5.048828	  -1.762759
   5.058594	  -1.424684
   5.068359	  -1.687070
   5.078125	  -2.348224
   5.087891	  -3.067323
   5.097656	  -3.460038
   5.107422	  -3.225209
   5.117188	  -2.265841
   5.126953	  -0.763131
   5.136719	   0.829169
   5.146484	   1.881978
   5.156250	   1.763874
   5.166016	   0.047561
   5.175781	  -3.308935
   5.185547	  -7.865117
   5.195312	 -12.725460
   5.205078	 -16.699399
   5.214844	 -18.563552
   5.224609	 -17.363086
   5.234375	 -12.672307
   5.244141	  -4.739766
   5.253906	   5.529497
   5.263672	  16.759352
   5.273438	  27.413954
   5.283203	  36.156672
   5.292969	  42.161848
   5.302734	  45.294549
   5.312500	  46.107420
   5.322266	  45.652988
   5.332031	  45.160676
   5.341797	  45.666144
   5.351562	  47.695293
   5.361328	  51.091885
   5.371094	  55.039429
   5.380859	  58.275104
   5.390625	  59.440299
   5.400391	  57.473509
   5.410156	  51.937522
   5.419922	  43.188178
   5.429688	  32.332651
   5.439453	  20.980661
   5.449219	  10.847787
   5.458984	   3.311391
   5.468750	  -0.964411
   5.478516	  -2.232365
   5.488281	  -1.632867
   5.498047	  -0.928428
   5.507812	  -2.058892
   5.517578	  -6.622471
   5.527344	 -15.410747
   5.537109	 -28.117608
   5.546875	 -43.303704
   5.556641	 -58.638122
   5.566406	 -71.371622
   5.576172	 -78.937382
   5.585938	 -79.540309
   5.595703	 -72.594189
   5.605469	 -58.898492
   5.615234	 -40.506834
   5.625000	 -20.312662
   5.634766	  -1.446651
   5.644531	  13.372741
   5.654297	  22.381822
   5.664062	  25.079743
   5.673828	  22.233370
   5.683594	  15.587044
   5.693359	   7.360233
   5.703125	  -0.330827
   5.712891	  -5.974606
   5.722656	  -8.960525
   5.732422	  -9.601021
   5.742188	  -8.888528
   5.751953	  -8.071293
   5.761719	  -8.182130
   5.771484	  -9.665215
   5.781250	 -12.214223
   5.791016	 -14.869635
   5.800781	 -16.342972
   5.810547	 -15.464999
   5.820312	 -11.615121
   5.830078	  -4.992811
   5.839844	   3.361252
   5.849609	  11.810266
   5.859375	  18.565525
   5.869141	  22.198504
   5.878906	  22.064527
   5.888672	  18.504639
   5.898438	  12.757011
   5.908203	   6.596885
   5.917969	   1.808037
   5.927734	  -0.357059
   5.937500	   0.436006
   5.947266	   3.491003
   5.957031	   7.282611
   5.966797	   9.916998
   5.976562	   9.716504
   5.986328	   5.753557
   5.996094	  -1.828315
   6.005859	 -11.806222
   6.015625	 -22.189041
   6.025391	 -30.758424
   6.035156	 -35.680519
   6.044922	 -36.007386
   6.054688	 -31.919876
   6.064453	 -24.641452
   6.074219	 -16.051329
   6.083984	  -8.115487
   6.093750	  -2.308164
   6.103516	   0.801995
   6.113281	   1.677958
   6.123047	   1.617363
   6.132812	   2.295489
   6.142578	   5.189503
   6.152344	  11.060635
   6.162109	  19.652916
   6.171875	  29.701682
   6.181641	  39.252219
   6.191406	  46.196746
   6.201172	  48.873590
   6.210938	  46.554495
   6.220703	  39.678940
   6.230469	  29.767531
   6.240234	  19.038004
   6.250000	   9.830404
   6.259766	   3.999305
   6.269531	   2.436997
   6.279297	   4.852418
   6.289062	   9.858902
   6.298828	  15.340694
   6.308594	  18.996850
   6.318359	  18.919958
   6.328125	  14.065295
   6.337891	   4.501140
   6.347656	  -8.608784
   6.357422	 -23.272014
   6.367188	 -37.107000
   6.376953	 -47.845615
   6.386719	 -53.783939
   6.396484	 -54.089181
   6.406250	 -48.911417
   6.416016	 -39.295802
   6.425781	 -26.932690
   6.435547	 -13.811106
   6.445312	  -1.851561
   6.455078	   7.411805
   6.464844	  13.048147
   6.474609	  14.819252
   6.484375	  13.140387
   6.494141	   8.934004
   6.503906	   3.413313
   6.513672	  -2.159249
   6.523438	  -6.693742
   6.533203	  -9.437093
   6.542969	 -10.056009
   6.552734	  -8.631509
   6.562500	  -5.576144
   6.572266	  -1.500249
   6.582031	   2.937369
   6.591797	   7.158310
   6.601562	  10.745429
   6.611328	  13.463466
   6.621094	  15.225524
   6.630859	  16.027290
   6.640625	  15.879415
   6.650391	  14.766791
   6.660156	  12.651908
   6.669922	   9.521637
   6.679688	   5.458553
   6.689453	   0.705740
   6.699219	  -4.307389
   6.708984	  -9.000102
   6.718750	 -12.738174
   6.728516	 -14.973684
   6.738281	 -15.387879
   6.748047	 -13.991626
   6.757812	 -11.146142
   6.767578	  -7.488226
   6.777344	  -3.772943
   6.787109	  -0.673908
   6.796875	   1.402029
   6.806641	   2.428913
   6.816406	   2.765535
   6.826172	   3.040956
   6.835938	   3.948995
   6.845703	   6.008137
   6.855469	   9.357021
   6.865234	  13.649116
   6.875000	  18.084652
   6.884766	  21.580102
   6.894531	  23.036263
   6.904297	  21.636450
   6.914062	  17.095151
   6.923828	   9.787962
   6.933594	   0.723121
   6.943359	  -8.644594
   6.953125	 -16.716332
   6.962891	 -22.096877
   6.972656	 -23.904813
   6.982422	 -21.971580
   6.992188	 -16.882817
   7.001953	  -9.853044
   7.011719	  -2.463292
   7.021484	   3.678273
   7.031250	   7.277091
   7.041016	   7.620630
   7.050781	   4.718767
   7.060547	  -0.710465
   7.070312	  -7.402928
   7.080078	 -13.820887
   7.089844	 -18.476997
   7.099609	 -20.241889
   7.109375	 -18.572523
   7.119141	 -13.615987
   7.128906	  -6.169751
   7.138672	   2.490704
   7.148438	  10.878400
   7.158203	  17.597499
   7.167969	  21.616799
   7.177734	  22.455787
   7.187500	  20.245142
   7.197266	  15.652767
   7.207031	   9.698098
   7.216797	   3.503825
   7.226562	  -1.951618
   7.236328	  -6.019444
   7.246094	  -8.460781
   7.255859	  -9.408843
   7.265625	  -9.233752
   7.275391	  -8.358411
   7.285156	  -7.087232
   7.294922	  -5.504102
   7.304688	  -3.472899
   7.314453	  -0.739620
   7.324219	   2.899692
   7.333984	   7.425563
   7.343750	  12.482213
   7.353516	  17.375141
   7.363281	  21.195406
   7.373047	  23.045334
   7.382812	  22.303981
   7.392578	  18.851593
   7.402344	  13.177534
   7.412109	   6.325787
   7.421875	  -0.321860
   7.431641	  -5.375714
   7.441406	  -7.794874
   7.451172	  -7.171270
   7.460938	  -3.857489
   7.470703	   1.103906
   7.480469	   6.236774
   7.490234	  10.007736
   7.500000	  11.221663
   7.509766	   9.328935
   7.519531	   4.561287
   7.529297	  -2.139034
   7.539062	  -9.374393
   7.548828	 -15.658137
   7.558594	 -19.790297
   7.568359	 -21.141346
   7.578125	 -19.772088
   7.587891	 -16.366330
   7.597656	 -12.006001
   7.607422	  -7.860260
   7.617188	  -4.879291
   7.626953	  -3.575506
   7.636719	  -3.943768
   7.646484	  -5.528661
   7.656250	  -7.604429
   7.666016	  -9.404592
   7.675781	 -10.330682
   7.685547	 -10.083729
   7.695312	  -8.691566
   7.705078	  -6.439529
   7.714844	  -3.740341
   7.724609	  -0.992799
   7.734375	   1.524585
   7.744141	   3.696775
   7.753906	   5.549008
   7.763672	   7.177071
   7.773438	   8.664593
   7.783203	  10.021379
   7.792969	  11.165250
   7.802734	  11.951266
   7.812500	  12.233780
   7.822266	  11.934988
   7.832031	  11.092243
   7.841797	   9.865193
   7.851562	   8.499115
   7.861328	   7.256794
   7.871094	   6.342284
   7.880859	   5.842316
   7.890625	   5.704487
   7.900391	   5.758552
   7.910156	   5.772750
   7.919922	   5.526214
   7.929688	   4.874497
   7.939453	   3.789028
   7.949219	   2.360961
   7.958984	   0.771713
   7.968750	  -0.757667
   7.978516	  -2.021308
   7.988281	  -2.871802
   7.998047	  -3.242329
   8.007812	  -3.146226
   8.017578	  -2.659699
   8.027344	  -1.897061
   8.037109	  -0.987352
   8.046875	  -0.057423
   8.056641	   0.778196
   8.066406	   1.423900
   8.076172	   1.810055
   8.085938	   1.902356
   8.095703	   1.711620
   8.105469	   1.298992
   8.115234	   0.770700
   8.125000	   0.259030
   8.134766	  -0.108711
   8.144531	  -0.245742
   8.154297	  -0.134443
   8.164062	   0.163282
   8.173828	   0.520674
   8.183594	   0.784577
   8.193359	   0.827664
   8.203125	   0.598132
   8.212891	   0.149457
   8.222656	  -0.362287
   8.232422	  -0.716141
   8.242188	  -0.690004
   8.251953	  -0.131857
   8.261719	   0.983907
   8.271484	   2.534068
   8.281250	   4.267086
   8.291016	   5.862209
   8.300781	   7.010350
   8.310547	   7.492621
   8.320312	   7.232820
   8.330078	   6.308351
   8.339844	   4.917324
   8.349609	   3.313576
   8.359375	   1.731394
   8.369141	   0.324386
   8.378906	  -0.862555
   8.388672	  -1.881082
   8.398438	  -2.833876
   8.408203	  -3.814046
   8.417969	  -4.852520
   8.427734	  -5.893169
   8.437500	  -6.805104
   8.447266	  -7.427920
   8.457031	  -7.633507
   8.466797	  -7.381588
   8.476562	  -6.747764
   8.486328	  -5.912010
   8.496094	  -5.109198
   8.505859	  -4.556566
   8.515625	  -4.381639
   8.525391	  -4.574782
   8.535156	  -4.983175
   8.544922	  -5.349858
   8.554688	  -5.387011
   8.564453	  -4.861548
   8.574219	  -3.667118
   8.583984	  -1.860826
   8.593750	   0.345947
   8.603516	   2.639145
   8.613281	   4.679939
   8.623047	   6.185696
   8.632812	   6.991149
   8.642578	   7.074283
   8.652344	   6.543150
   8.662109	   5.591753
   8.671875	   4.441497
   8.681641	   3.287071
   8.691406	   2.261729
   8.701172	   1.428566
   8.710938	   0.794871
   8.720703	   0.339232
   8.730469	   0.038236
   8.740234	  -0.118145
   8.750000	  -0.127222
   8.759766	   0.012307
   8.769531	   0.281222
   8.779297	   0.626107
   8.789062	   0.959276
   8.798828	   1.174864
   8.808594	   1.176922
   8.818359	   0.910201
   8.828125	   0.382556
   8.837891	  -0.329678
   8.847656	  -1.096412
   8.857422	  -1.764919
   8.867188	  -2.198118
   8.876953	  -2.308437
   8.886719	  -2.077300
   8.896484	  -1.555092
   8.906250	  -0.842835
   8.916016	  -0.062399
   8.925781	   0.674898
   8.935547	   1.291946
   8.945312	   1.755839
   8.955078	   2.073440
   8.964844	   2.276522
   8.974609	   2.403303
   8.984375	   2.483275
   8.994141	   2.529779
   9.003906	   2.541045
   9.013672	   2.506965
   9.023438	   2.417045
   9.033203	   2.265356
   9.042969	   2.050560
   9.052734	   1.772039
   9.062500	   1.425507
   9.072266	   1.002033
   9.082031	   0.492917
   9.091797	  -0.100049
   9.101562	  -0.752635
   9.111328	  -1.410098
   9.121094	  -1.988321
   9.130859	  -2.386757
   9.140625	  -2.511618
   9.150391	  -2.303417
   9.160156	  -1.760359
   9.169922	  -0.949205
   9.179688	   0.001619
   9.189453	   0.926670
   9.199219	   1.660203
   9.208984	   2.075158
   9.218750	   2.113453
   9.228516	   1.798908
   9.238281	   1.229249
   9.248047	   0.549744
   9.257812	  -0.083627
   9.267578	  -0.540978
   9.277344	  -0.745467
   9.287109	  -0.684312
   9.296875	  -0.403052
   9.306641	   0.012726
   9.316406	   0.460911
   9.326172	   0.844139
   9.335938	   1.083667
   9.345703	   1.124564
   9.355469	   0.934627
   9.365234	   0.501455
   9.375000	  -0.168192
   9.384766	  -1.045041
   9.394531	  -2.071598
   9.404297	  -3.158417
   9.414062	  -4.187405
   9.423828	  -5.025470
   9.433594	  -5.547968
   9.443359	  -5.667059
   9.453125	  -5.356822
   9.462891	  -4.666440
   9.472656	  -3.715375
   9.482422	  -2.669696
   9.492188	  -1.704829
   9.501953	  -0.964845
   9.511719	  -0.530217
   9.521484	  -0.403820
   9.531250	  -0.519376
   9.541016	  -0.769379
   9.550781	  -1.043116
   9.560547	  -1.262039
   9.570312	  -1.400705
   9.580078	  -1.486542
   9.589844	  -1.579193
   9.599609	  -1.737518
   9.609375	  -1.986962
   9.619141	  -2.300112
   9.628906	  -2.598812
   9.638672	  -2.778509
   9.648438	  -2.747252
   9.658203	  -2.465833
   9.667969	  -1.974153
   9.677734	  -1.392671
   9.687500	  -0.895663
   9.697266	  -0.662512
   9.707031	  -0.821103
   9.716797	  -1.400998
   9.726562	  -2.312035
   9.736328	  -3.356781
   9.746094	  -4.275170
   9.755859	  -4.809713
   9.765625	  -4.773137
   9.775391	  -4.099239
   9.785156	  -2.862428
   9.794922	  -1.260461
   9.804688	   0.434581
   9.814453	   1.943177
   9.824219	   3.044675
   9.833984	   3.625519
   9.843750	   3.697747
   9.853516	   3.384976
   9.863281	   2.882034
   9.873047	   2.400953
   9.882812	   2.118412
   9.892578	   2.137678
   9.902344	   2.472688
   9.912109	   3.055151
   9.921875	   3.759468
   9.931641	   4.436680
   9.941406	   4.947970
   9.951172	   5.190357
   9.960938	   5.110732
   9.970703	   4.708094
   9.980469	   4.026500
   9.990234	   3.142357
  10.000000	   2.149452
  10.009766	   1.144105
  10.019531	   0.211819
  10.029297	  -0.583657
  10.039062	  -1.207909
  10.048828	  -1.658855
  10.058594	  -1.963946
  10.068359	  -2.171219
  10.078125	  -2.335291
  10.087891	  -2.501259
  10.097656	  -2.690791
  10.107422	  -2.894832
  10.117188	  -3.075892
  10.126953	  -3.180104
  10.136719	  -3.155895
  10.146484	  -2.973486
  10.156250	  -2.638546
  10.166016	  -2.194745
  10.175781	  -1.713422
  10.185547	  -1.273018
  10.195312	  -0.934820
  10.205078	  -0.723390
  10.214844	  -0.619024
  10.224609	  -0.565792
  10.234375	  -0.493354
  10.244141	  -0.345621
  10.253906	  -0.106328
  10.263672	   0.188074
  10.273438	   0.454012
  10.283203	   0.584552
  10.292969	   0.484555
  10.302734	   0.105984
  10.312500	  -0.528772
  10.322266	  -1.324420
  10.332031	  -2.133479
  10.341797	  -2.794917
  10.351562	  -3.179195
  10.361328	  -3.225591
  10.371094	  -2.959647
  10.380859	  -2.484701
  10.390625	  -1.949726
  10.400391	  -1.503451
  10.410156	  -1.249283
  10.419922	  -1.215484
  10.429688	  -1.350092
  10.439453	  -1.542076
  10.449219	  -1.661618
  10.458984	  -1.606152
  10.468750	  -1.337001
  10.478516	  -0.894594
  10.488281	  -0.387395
  10.498047	   0.041665
  10.507812	   0.260130
  10.517578	   0.187643
  10.527344	  -0.179118
  10.537109	  -0.765866
  10.546875	  -1.444101
  10.556641	  -2.070295
  10.566406	  -2.527881
  10.576172	  -2.758640
  10.585938	  -2.774058
  10.595703	  -2.644218
  10.605469	  -2.469197
  10.615234	  -2.343394
  10.625000	  -2.324888
  10.634766	  -2.419487
  10.644531	  -2.583538
  10.654297	  -2.743006
  10.664062	  -2.820953
  10.673828	  -2.763315
  10.683594	  -2.554238
  10.693359	  -2.216593
  10.703125	  -1.798954
  10.712891	  -1.355042
  10.722656	  -0.924005
  10.732422	  -0.518920
  10.742188	  -0.127321
  10.751953	   0.277325
  10.761719	   0.718482
  10.771484	   1.201021
  10.781250	   1.703734
  10.791016	   2.182911
  10.800781	   2.585580
  10.810547	   2.867122
  10.820312	   3.006268
  10.830078	   3.011511
  10.839844	   2.916332
  10.849609	   2.765087
  10.859375	   2.595133
  10.869141	   2.422368
  10.878906	   2.236189
  10.888672	   2.006252
  10.898438	   1.698814
  10.908203	   1.296452
  10.917969	   0.813315
  10.927734	   0.299254
  10.937500	  -0.169901
  10.947266	  -0.513597
  10.957031	  -0.672516
  10.966797	  -0.630215
  10.976562	  -0.422427
  10.986328	  -0.129903
  10.996094	   0.143746
  11.005859	   0.302544
  11.015625	   0.287203
  11.025391	   0.093225
  11.035156	  -0.228012
  11.044922	  -0.585609
  11.054688	  -0.877581
  11.064453	  -1.022051
  11.074219	  -0.981040
  11.083984	  -0.769369
  11.093750	  -0.446308
  11.103516	  -0.093494
  11.113281	   0.212812
  11.123047	   0.425406
  11.132812	   0.537763
  11.142578	   0.580103
  11.152344	   0.601986
  11.162109	   0.648335
  11.171875	   0.737976
  11.181641	   0.852768
  11.191406	   0.941521
  11.201172	   0.937505
  11.210938	   0.783496
  11.220703	   0.455511
  11.230469	  -0.023201
  11.240234	  -0.583124
  11.250000	  -1.124466
  11.259766	  -1.543276
  11.269531	  -1.759412
  11.279297	  -1.737636
  11.289062	  -1.495506
  11.298828	  -1.096184
  11.308594	  -0.629098
  11.318359	  -0.185071
  11.328125	   0.166213
  11.337891	   0.389946
  11.347656	   0.488058
  11.357422	   0.490280
  11.367188	   0.438848
  11.376953	   0.372796
  11.386719	   0.317096
  11.396484	   0.279416
  11.406250	   0.254090
  11.416016	   0.230251
  11.425781	   0.199902
  11.435547	   0.162371
  11.445312	   0.123590
  11.455078	   0.091175
  11.464844	   0.068165
  11.474609	   0.048820
  11.484375	   0.018872
  11.494141	  -0.039479
  11.503906	  -0.139792
  11.513672	  -0.284243
  11.523438	  -0.460484
  11.533203	  -0.644342
  11.542969	  -0.807749
  11.552734	  -0.928924
  11.562500	  -1.000583
  11.572266	  -1.032401
  11.582031	  -1.046051
  11.591797	  -1.064144
  11.601562	  -1.097126
  11.611328	  -1.133531
  11.621094	  -1.138286
  11.630859	  -1.061089
  11.640625	  -0.853118
  11.650391	  -0.486907
  11.660156	   0.027676
  11.669922	   0.637741
  11.679688	   1.255376
  11.689453	   1.778159
  11.699219	   2.116532
  11.708984	   2.219565
  11.718750	   2.090560
  11.728516	   1.786863
  11.738281	   1.403230
  11.748047	   1.043533
  11.757812	   0.789636
  11.767578	   0.677462
  11.777344	   0.688103
  11.787109	   0.756982
  11.796875	   0.798102
  11.806641	   0.735334
  11.816406	   0.530286
  11.826172	   0.197346
  11.835938	  -0.199236
  11.845703	  -0.565370
  11.855469	  -0.807603
  11.865234	  -0.863895
  11.875000	  -0.724376
  11.884766	  -0.435134
  11.894531	  -0.083718
  11.904297	   0.228845
  11.914062	   0.420323
  11.923828	   0.453277
  11.933594	   0.346434
  11.943359	   0.168013
  11.953125	   0.013531
  11.962891	  -0.024420
  11.972656	   0.115455
  11.982422	   0.445497
  11.992188	   0.927161
  12.001953	   1.484492
  12.011719	   2.027671
  12.021484	   2.478404
  12.031250	   2.788906
  12.041016	   2.949054
  12.050781	   2.980716
  12.060547	   2.922750
  12.070312	   2.813129
  12.080078	   2.675010
  12.089844	   2.511520
  12.099609	   2.310301
  12.109375	   2.054968
  12.119141	   1.738089
  12.128906	   1.369905
  12.138672	   0.978947
  12.148438	   0.604091
  12.158203	   0.281173
  12.167969	   0.029559
  12.177734	  -0.155729
  12.187500	  -0.302762
  12.197266	  -0.452259
  12.207031	  -0.641461
  12.216797	  -0.888201
  12.226562	  -1.181274
  12.236328	  -1.481051
  12.246094	  -1.730695
  12.255859	  -1.874392
  12.265625	  -1.876369
  12.275391	  -1.733948
  12.285156	  -1.479857
  12.294922	  -1.172721
  12.304688	  -0.878785
  12.314453	  -0.651097
  12.324219	  -0.513286
  12.333984	  -0.453555
  12.343750	  -0.430919
  12.353516	  -0.391480
  12.363281	  -0.289012
  12.373047	  -0.102651
  12.382812	   0.154459
  12.392578	   0.438504
  12.402344	   0.689048
  12.412109	   0.848811
  12.421875	   0.882244
  12.431641	   0.786527
  12.441406	   0.591371
  12.451172	   0.348020
  12.460938	   0.111624
  12.470703	  -0.076602
  12.480469	  -0.201116
  12.490234	  -0.273721
  12.500000	  -0.324954
  12.509766	  -0.388703
  12.519531	  -0.486006
  12.529297	  -0.614215
  12.539062	  -0.745658
  12.548828	  -0.836440
  12.558594	  -0.842273
  12.568359	  -0.735608
  12.578125	  -0.517821
  12.587891	  -0.221913
  12.597656	   0.095472
  12.607422	   0.370171
  12.617188	   0.549333
  12.626953	   0.606647
  12.636719	   0.548903
  12.646484	   0.411903
  12.656250	   0.247373
  12.666016	   0.105570
  12.675781	   0.019607
  12.685547	  -0.003344
  12.695312	   0.018650
  12.705078	   0.051661
  12.714844	   0.060148
  12.724609	   0.020743
  12.734375	  -0.069330
  12.744141	  -0.191924
  12.753906	  -0.315387
  12.763672	  -0.406564
  12.773438	  -0.442660
  12.783203	  -0.418501
  12.792969	  -0.346604
  12.802734	  -0.250295
  12.812500	  -0.152766
  12.822266	  -0.066438
  12.832031	   0.013126
  12.841797	   0.106333
  12.851562	   0.241913
  12.861328	   0.445322
  12.871094	   0.727516
  12.880859	   1.078307
  12.890625	   1.466844
  12.900391	   1.849173
  12.910156	   2.180233
  12.919922	   2.426099
  12.929688	   2.572215
  12.939453	   2.624936
  12.949219	   2.606128
  12.958984	   2.543143
  12.968750	   2.458070
  12.978516	   2.360288
  12.988281	   2.244963
  12.998047	   2.097759
  13.007812	   1.903610
  13.017578	   1.655834
  13.027344	   1.361757
  13.037109	   1.042425
  13.046875	   0.726314
  13.056641	   0.439391
  13.066406	   0.195447
  13.076172	  -0.009332
  13.085938	  -0.195045
  13.095703	  -0.390024
  13.105469	  -0.618673
  13.115234	  -0.889550
  13.125000	  -1.188241
  13.134766	  -1.478054
  13.144531	  -1.708904
  13.154297	  -1.831820
  13.164062	  -1.814435
  13.173828	  -1.652247
  13.183594	  -1.371780
  13.193359	  -1.024376
  13.203125	  -0.672528
  13.212891	  -0.373108
  13.222656	  -0.162883
  13.232422	  -0.050828
  13.242188	  -0.019404
  13.251953	  -0.033867
  13.261719	  -0.056040
  13.271484	  -0.057602
  13.281250	  -0.028388
  13.291016	   0.022812
  13.300781	   0.074662
  13.310547	   0.103987
  13.320312	   0.096396
  13.330078	   0.052667
  13.339844	  -0.011528
  13.349609	  -0.072338
  13.359375	  -0.108143
  13.369141	  -0.109472
  13.378906	  -0.084333
  13.388672	  -0.056598
  13.398438	  -0.057670
  13.408203	  -0.114277
  13.417969	  -0.236810
  13.427734	  -0.412631
  13.437500	  -0.607114
  13.447266	  -0.772535
  13.457031	  -0.862099
  13.466797	  -0.844540
  13.476562	  -0.714392
  13.486328	  -0.494451
  13.496094	  -0.229545
  13.505859	   0.026344
  13.515625	   0.225375
  13.525391	   0.338600
  13.535156	   0.362166
  13.544922	   0.315298
  13.554688	   0.231217
  13.564453	   0.144428
  13.574219	   0.078934
  13.583984	   0.041294
  13.593750	   0.020596
  13.603516	  -0.005173
  13.613281	  -0.059093
  13.623047	  -0.155494
  13.632812	  -0.293955
  13.642578	  -0.459092
  13.652344	  -0.625881
  13.662109	  -0.768210
  13.671875	  -0.867265
  13.681641	  -0.916592
  13.691406	  -0.922107
  13.701172	  -0.897370
  13.710938	  -0.856307
  13.720703	  -0.806521
  13.730469	  -0.746006
  13.740234	  -0.664691
  13.750000	  -0.550184
  13.759766	  -0.395347
  13.769531	  -0.204458
  13.779297	   0.004861
  13.789062	   0.205188
  13.798828	   0.367431
  13.808594	   0.470762
  13.818359	   0.510661
  13.828125	   0.501845
  13.837891	   0.474561
  13.847656	   0.465062
  13.857422	   0.503300
  13.867188	   0.601971
  13.876953	   0.750816
  13.886719	   0.918365
  13.896484	   1.060796
  13.906250	   1.135153
  13.916016	   1.112591
  13.925781	   0.987301
  13.935547	   0.778177
  13.945312	   0.522789
  13.955078	   0.265799
  13.964844	   0.045819
  13.974609	  -0.114865
  13.984375	  -0.214403
  13.994141	  -0.268240
  14.003906	  -0.300263
  14.013672	  -0.331695
  14.023438	  -0.371942
  14.033203	  -0.414730
  14.042969	  -0.440875
  14.052734	  -0.426537
  14.062500	  -0.353787
  14.072266	  -0.219463
  14.082031	  -0.038927
  14.091797	   0.156835
  14.101562	   0.329869
  14.111328	   0.446736
  14.121094	   0.488808
  14.130859	   0.457837
  14.140625	   0.374895
  14.150391	   0.273135
  14.160156	   0.186948
  14.169922	   0.141275
  14.179688	   0.144660
  14.189453	   0.188177
  14.199219	   0.250230
  14.208984	   0.305126
  14.218750	   0.332100
  14.228516	   0.321492
  14.238281	   0.276022
  14.248047	   0.207077
  14.257812	   0.127868
  14.267578	   0.046494
  14.277344	  -0.038105
  14.287109	  -0.135510
  14.296875	  -0.258644
  14.306641	  -0.416092
  14.316406	  -0.605077
  14.326172	  -0.808186
  14.335938	  -0.995613
  14.345703	  -1.132666
  14.355469	  -1.190229
  14.365234	  -1.154597
  14.375000	  -1.033143
  14.384766	  -0.853531
  14.394531	  -0.656427
  14.404297	  -0.483896
  14.414062	  -0.367246
  14.423828	  -0.318342
  14.433594	  -0.327278
  14.443359	  -0.367128
  14.453125	  -0.404086
  14.462891	  -0.409479
  14.472656	  -0.369508
  14.482422	  -0.289458
  14.492188	  -0.191047
  14.501953	  -0.104046
  14.511719	  -0.055239
  14.521484	  -0.058711
  14.531250	  -0.110876
  14.541016	  -0.191916
  14.550781	  -0.273012
  14.560547	  -0.326669
  14.570312	  -0.336418
  14.580078	  -0.302426
  14.589844	  -0.241118
  14.599609	  -0.179032
  14.609375	  -0.143227
  14.619141	  -0.151705
  14.628906	  -0.207239
  14.638672	  -0.296717
  14.648438	  -0.396039
  14.658203	  -0.478664
  14.667969	  -0.524616
  14.677734	  -0.526698
  14.687500	  -0.491785
  14.697266	  -0.436931
  14.707031	  -0.381945
  14.716797	  -0.341339
  14.726562	  -0.318744
  14.736328	  -0.305853
  14.746094	  -0.286234
  14.755859	  -0.242480
  14.765625	  -0.163924
  14.775391	  -0.051915
  14.785156	   0.079398
  14.794922	   0.207167
  14.804688	   0.307356
  14.814453	   0.362937
  14.824219	   0.369747
  14.833984	   0.337864
  14.843750	   0.287981
  14.853516	   0.244131
  14.863281	   0.225403
  14.873047	   0.239685
  14.882812	   0.281662
  14.892578	   0.335719
  14.902344	   0.382571
  14.912109	   0.407060
  14.921875	   0.404149
  14.931641	   0.380845
  14.941406	   0.353332
  14.951172	   0.340423
  14.960938	   0.355847
  14.970703	   0.402358
  14.980469	   0.469995
  14.990234	   0.539263
  15.000000	   0.588174
  15.009766	   0.600558
  15.019531	   0.572549
  15.029297	   0.514734
  15.039062	   0.449005
  15.048828	   0.401107
  15.058594	   0.391474
  15.068359	   0.427625
  15.078125	   0.500910
  15.087891	   0.588849
  15.097656	   0.662333
  15.107422	   0.695188
  15.117188	   0.672738
  15.126953	   0.596362
  15.136719	   0.482435
  15.146484	   0.356094
  15.156250	   0.242086
  15.166016	   0.156034
  15.175781	   0.099259
  15.185547	   0.059027
  15.195312	   0.014083
  15.205078	  -0.056571
  15.214844	  -0.164909
  15.224609	  -0.308354
  15.234375	  -0.469582
  15.244141	  -0.621789
  15.253906	  -0.737581
  15.263672	  -0.798301
  15.273438	  -0.800443
  15.283203	  -0.756832
  15.292969	  -0.692103
  15.302734	  -0.634086
  15.312500	  -0.604136
  15.322266	  -0.609843
  15.332031	  -0.642699
  15.341797	  -0.681504
  15.351562	  -0.700266
  15.361328	  -0.677746
  15.371094	  -0.605247
  15.380859	  -0.489900
  15.390625	  -0.352358
  15.400391	  -0.219804
  15.410156	  -0.116843
  15.419922	  -0.057562
  15.429688	  -0.041561
  15.439453	  -0.055254
  15.449219	  -0.077819
  15.458984	  -0.089478
  15.468750	  -0.078975
  15.478516	  -0.047484
  15.488281	  -0.007526
  15.498047	   0.022640
  15.507812	   0.026982
  15.517578	  -0.001019
  15.527344	  -0.054569
  15.537109	  -0.114785
  15.546875	  -0.156586
  15.556641	  -0.157230
  15.566406	  -0.104402
  15.576172	  -0.000965
  15.585938	   0.135387
  15.595703	   0.277491
  15.605469	   0.397221
  15.615234	   0.474155
  15.625000	   0.501407
  15.634766	   0.486659
  15.644531	   0.448176
  15.654297	   0.407406
  15.664062	   0.380921
  15.673828	   0.374672
  15.683594	   0.382588
  15.693359	   0.389900
  15.703125	   0.379828
  15.712891	   0.341010
  15.722656	   0.272800
  15.732422	   0.186389
  15.742188	   0.101264
  15.751953	   0.038307
  15.761719	   0.012073
  15.771484	   0.025145
  15.781250	   0.066711
  15.791016	   0.115975
  15.800781	   0.149221
  15.810547	   0.148026
  15.820312	   0.105685
  15.830078	   0.029542
  15.839844	  -0.061564
  15.849609	  -0.143774
  15.859375	  -0.196228
  15.869141	  -0.207707
  15.878906	  -0.179544
  15.888672	  -0.123858
  15.898438	  -0.057912
  15.908203	   0.003156
  15.917969	   0.052373
  15.927734	   0.093401
  15.937500	   0.138456
  15.947266	   0.202456
  15.957031	   0.295666
  15.966797	   0.417757
  15.976562	   0.555721
  15.986328	   0.686694
  15.996094	   0.784898
  16.005859	   0.830315
  16.015625	   0.815939
  16.025391	   0.750858
  16.035156	   0.657837
  16.044922	   0.566022
  16.054688	   0.501171
  16.064453	   0.476815
  16.074219	   0.489472
  16.083984	   0.519727
  16.093750	   0.538923
  16.103516	   0.519251
  16.113281	   0.443756
  16.123047	   0.312792
  16.132812	   0.144619
  16.142578	  -0.030126
  16.152344	  -0.178239
  16.162109	  -0.274680
  16.171875	  -0.310555
  16.181641	  -0.295613
  16.191406	  -0.254424
  16.201172	  -0.217579
  16.210938	  -0.210977
  16.220703	  -0.246874
  16.230469	  -0.319739
  16.240234	  -0.408272
  16.250000	  -0.482788
  16.259766	  -0.515371
  16.269531	  -0.489276
  16.279297	  -0.404437
  16.289062	  -0.277309
  16.298828	  -0.135309
  16.308594	  -0.007939
  16.318359	   0.082285
  16.328125	   0.125999
  16.337891	   0.128353
  16.347656	   0.105394
  16.357422	   0.077092
  16.367188	   0.059696
  16.376953	   0.060222
  16.386719	   0.074942
  16.396484	   0.092163
  16.406250	   0.097985
  16.416016	   0.082664
  16.425781	   0.045052
  16.435547	  -0.006574
  16.445312	  -0.057566
  16.455078	  -0.092581
  16.464844	  -0.101648
  16.474609	  -0.084210
  16.484375	  -0.049565
  16.494141	  -0.013481
  16.503906	   0.007761
  16.513672	   0.003620
  16.523438	  -0.026529
  16.533203	  -0.072928
  16.542969	  -0.118913
  16.552734	  -0.147075
  16.562500	  -0.145835
  16.572266	  -0.113975
  16.582031	  -0.061401
  16.591797	  -0.005829
  16.601562	   0.033410
  16.611328	   0.042186
  16.621094	   0.016461
  16.630859	  -0.036539
  16.640625	  -0.101317
  16.650391	  -0.160130
  16.660156	  -0.199768
  16.669922	  -0.216515
  16.679688	  -0.217346
  16.689453	  -0.216851
  16.699219	  -0.230953
  16.708984	  -0.269760
  16.718750	  -0.332265
  16.728516	  -0.405036
  16.738281	  -0.465592
  16.748047	  -0.489475
  16.757812	  -0.458649
  16.767578	  -0.368264
  16.777344	  -0.229348
  16.787109	  -0.066347
  16.796875	   0.089784
  16.806641	   0.210678
  16.816406	   0.278798
  16.826172	   0.292099
  16.835938	   0.263577
  16.845703	   0.216002
  16.855469	   0.173744
  16.865234	   0.154584
  16.875000	   0.164340
  16.884766	   0.196075
  16.894531	   0.233969
  16.904297	   0.260308
  16.914062	   0.262901
  16.923828	   0.240189
  16.933594	   0.202155
  16.943359	   0.166747
  16.953125	   0.153135
  16.962891	   0.174311
  16.972656	   0.231767
  16.982422	   0.314217
  16.992188	   0.400877
  17.001953	   0.468185
  17.011719	   0.497580
  17.021484	   0.481642
  17.031250	   0.426454
  17.041016	   0.349433
  17.050781	   0.273450
  17.060547	   0.219364
  17.070312	   0.199557
  17.080078	   0.214645
  17.089844	   0.254310
  17.099609	   0.301716
  17.109375	   0.339729
  17.119141	   0.356575
  17.128906	   0.348947
  17.138672	   0.321609
  17.148438	   0.283941
  17.158203	   0.245028
  17.167969	   0.209411
  17.177734	   0.175291
  17.187500	   0.135927
  17.197266	   0.083668
  17.207031	   0.014887
  17.216797	  -0.066292
  17.226562	  -0.147274
  17.236328	  -0.209883
  17.246094	  -0.236114
  17.255859	  -0.214776
  17.265625	  -0.146569
  17.275391	  -0.045553
  17.285156	   0.063820
  17.294922	   0.153404
  17.304688	   0.199674
  17.314453	   0.190901
  17.324219	   0.130719
  17.333984	   0.036793
  17.343750	  -0.065043
  17.353516	  -0.149226
  17.363281	  -0.198680
  17.373047	  -0.210005
  17.382812	  -0.193958
  17.392578	  -0.171100
  17.402344	  -0.164199
  17.412109	  -0.190052
  17.421875	  -0.253550
  17.431641	  -0.345979
  17.441406	  -0.448051
  17.451172	  -0.536469
  17.460938	  -0.591663
  17.470703	  -0.603951
  17.480469	  -0.576056
  17.490234	  -0.521228
  17.500000	  -0.457846
  17.509766	  -0.402595
  17.519531	  -0.364748
  17.529297	  -0.343610
  17.539062	  -0.329933
  17.548828	  -0.310610
  17.558594	  -0.274732
  17.568359	  -0.218615
  17.578125	  -0.147811
  17.587891	  -0.075326
  17.597656	  -0.016692
  17.607422	   0.016214
  17.617188	   0.020179
  17.626953	   0.002509
  17.636719	  -0.021141
  17.646484	  -0.032288
  17.656250	  -0.016561
  17.666016	   0.030485
  17.675781	   0.100894
  17.685547	   0.176213
  17.695312	   0.233296
  17.705078	   0.252057
  17.714844	   0.222536
  17.724609	   0.148795
  17.734375	   0.048231
  17.744141	  -0.053501
  17.753906	  -0.130282
  17.763672	  -0.163411
  17.773438	  -0.146961
  17.783203	  -0.088885
  17.792969	  -0.007648
  17.802734	   0.074301
  17.812500	   0.137845
  17.822266	   0.172776
  17.832031	   0.179786
  17.841797	   0.168425
  17.851562	   0.152014
  17.861328	   0.141609
  17.871094	   0.141360
  17.880859	   0.147025
  17.890625	   0.148142
  17.900391	   0.132944
  17.910156	   0.094046
  17.919922	   0.032628
  17.929688	  -0.040620
  17.939453	  -0.108292
  17.949219	  -0.151910
  17.958984	  -0.158385
  17.968750	  -0.124954
  17.978516	  -0.060718
  17.988281	   0.015890
  17.998047	   0.082890
  18.007812	   0.121833
  18.017578	   0.123698
  18.027344	   0.091570
  18.037109	   0.039172
  18.046875	  -0.014173
  18.056641	  -0.050322
  18.066406	  -0.058432
  18.076172	  -0.038236
  18.085938	   0.000599
  18.095703	   0.042703
  18.105469	   0.073188
  18.115234	   0.083447
  18.125000	   0.074390
  18.134766	   0.055928
  18.144531	   0.042877
  18.154297	   0.048829
  18.164062	   0.080281
  18.173828	   0.133248
  18.183594	   0.193721
  18.193359	   0.241908
  18.203125	   0.258847
  18.212891	   0.233067
  18.222656	   0.164962
  18.232422	   0.067258
  18.242188	  -0.038610
  18.251953	  -0.129048
  18.261719	  -0.185547
  18.271484	  -0.200201
  18.281250	  -0.177697
  18.291016	  -0.133194
  18.300781	  -0.086949
  18.310547	  -0.057613
  18.320312	  -0.056492
  18.330078	  -0.084642
  18.339844	  -0.133579
  18.349609	  -0.189100
  18.359375	  -0.236616
  18.369141	  -0.265997
  18.378906	  -0.274217
  18.388672	  -0.265021
  18.398438	  -0.246003
  18.408203	  -0.224476
  18.417969	  -0.203890
  18.427734	  -0.182295
  18.437500	  -0.153450
  18.447266	  -0.110115
  18.457031	  -0.048116
  18.466797	   0.030522
  18.476562	   0.116782
  18.486328	   0.196706
  18.496094	   0.255656
  18.505859	   0.283268
  18.515625	   0.277231
  18.525391	   0.244388
  18.535156	   0.198608
  18.544922	   0.156081
  18.554688	   0.129650
  18.564453	   0.124214
  18.574219	   0.134916
  18.583984	   0.148810
  18.593750	   0.149517
  18.603516	   0.123220
  18.613281	   0.063896
  18.623047	  -0.024102
  18.632812	  -0.127054
  18.642578	  -0.226119
  18.652344	  -0.303331
  18.662109	  -0.347199
  18.671875	  -0.355960
  18.681641	  -0.337353
  18.691406	  -0.305102
  18.701172	  -0.273461
  18.710938	  -0.251891
  18.720703	  -0.241861
  18.730469	  -0.236959
  18.740234	  -0.226231
  18.750000	  -0.199451
  18.759766	  -0.152247
  18.769531	  -0.089048
  18.779297	  -0.022584
  18.789062	   0.030017
  18.798828	   0.053242
  18.808594	   0.039108
  18.818359	  -0.009221
  18.828125	  -0.077586
  18.837891	  -0.144903
  18.847656	  -0.189863
  18.857422	  -0.198004
  18.867188	  -0.166681
  18.876953	  -0.106142
  18.886719	  -0.036246
  18.896484	   0.020125
  18.906250	   0.044756
  18.916016	   0.030248
  18.925781	  -0.017452
  18.935547	  -0.081026
  18.945312	  -0.137550
  18.955078	  -0.166084
  18.964844	  -0.154462
  18.974609	  -0.103023
  18.984375	  -0.024063
  18.994141	   0.062659
  19.003906	   0.136699
  19.013672	   0.183574
  19.023438	   0.198952
  19.033203	   0.189038
  19.042969	   0.167175
  19.052734	   0.148050
  19.062500	   0.141732
  19.072266	   0.149765
  19.082031	   0.164735
  19.091797	   0.173435
  19.101562	   0.162397
  19.111328	   0.123673
  19.121094	   0.058689
  19.130859	  -0.021352
  19.140625	  -0.098720
  19.150391	  -0.154965
  19.160156	  -0.177220
  19.169922	  -0.162734
  19.179688	  -0.119998
  19.189453	  -0.066028
  19.199219	  -0.020720
  19.208984	  -0.000235
  19.218750	  -0.011704
  19.228516	  -0.051043
  19.238281	  -0.104592
  19.248047	  -0.153920
  19.257812	  -0.182088
  19.267578	  -0.179164
  19.277344	  -0.145149
  19.287109	  -0.089415
  19.296875	  -0.027026
  19.306641	   0.026613
  19.316406	   0.060794
  19.326172	   0.072486
  19.335938	   0.066289
  19.345703	   0.051613
  19.355469	   0.038294
  19.365234	   0.032425
  19.375000	   0.034016
  19.384766	   0.037340
  19.394531	   0.033755
  19.404297	   0.015820
  19.414062	  -0.018967
  19.423828	  -0.066347
  19.433594	  -0.116189
  19.443359	  -0.155822
  19.453125	  -0.174625
  19.462891	  -0.168143
  19.472656	  -0.140161
  19.482422	  -0.101912
  19.492188	  -0.068615
  19.501953	  -0.054556
  19.511719	  -0.068439
  19.521484	  -0.110650
  19.531250	  -0.173368
  19.541016	  -0.243424
  19.550781	  -0.306798
  19.560547	  -0.353104
  19.570312	  -0.378423
  19.580078	  -0.385555
  19.589844	  -0.381729
  19.599609	  -0.374792
  19.609375	  -0.369491
  19.619141	  -0.365341
  19.628906	  -0.356986
  19.638672	  -0.336861
  19.648438	  -0.299081
  19.658203	  -0.242875
  19.667969	  -0.174041
  19.677734	  -0.103601
  19.687500	  -0.043968
  19.697266	  -0.003970
  19.707031	   0.015348
  19.716797	   0.022346
  19.726562	   0.032895
  19.736328	   0.065279
  19.746094	   0.133465
  19.755859	   0.241051
  19.765625	   0.378166
  19.775391	   0.522704
  19.785156	   0.645862
  19.794922	   0.720443
  19.804688	   0.729331
  19.814453	   0.671355
  19.824219	   0.562482
  19.833984	   0.431758
  19.843750	   0.313121
  19.853516	   0.235574
  19.863281	   0.214798
  19.873047	   0.248831
  19.882812	   0.319165
  19.892578	   0.396837
  19.902344	   0.451531
  19.912109	   0.460756
  19.921875	   0.416245
  19.931641	   0.325659
  19.941406	   0.209313
  19.951172	   0.093218
  19.960938	   0.000893
  19.970703	  -0.053354
  19.980469	  -0.067597
  19.990234	  -0.051169
  20.000000	  -0.019981
  20.009766	   0.009832
  20.019531	   0.027578
  20.029297	   0.031061
  20.039062	   0.026137
  20.048828	   0.023181
  20.058594	   0.032022
  20.068359	   0.057323
  20.078125	   0.096178
  20.087891	   0.138761
  20.097656	   0.171736
  20.107422	   0.183081
  20.117188	   0.166517
  20.126953	   0.123914
  20.136719	   0.064823
  20.146484	   0.003371
  20.156250	  -0.046317
  20.166016	  -0.074489
  20.175781	  -0.078419
  20.185547	  -0.062468
  20.195312	  -0.035732
  20.205078	  -0.008255
  20.214844	   0.012676
  20.224609	   0.024790
  20.234375	   0.030884
  20.244141	   0.036806
  20.253906	   0.048301
  20.263672	   0.068072
  20.273438	   0.094265
  20.283203	   0.120998
  20.292969	   0.140674
  20.302734	   0.147123
  20.312500	   0.138231
  20.322266	   0.116921
  20.332031	   0.090036
  20.341797	   0.065474
  20.351562	   0.048730
  20.361328	   0.040249
  20.371094	   0.034770
  20.380859	   0.023096
  20.390625	  -0.004236
  20.400391	  -0.052678
  20.410156	  -0.120431
  20.419922	  -0.197606
  20.429688	  -0.268309
  20.439453	  -0.315148
  20.449219	  -0.324699
  20.458984	  -0.292070
  20.468750	  -0.222921
  20.478516	  -0.132124
  20.488281	  -0.039419
  20.498047	   0.036527
  20.507812	   0.083677
  20.517578	   0.099910
  20.527344	   0.092945
  20.537109	   0.076980
  20.546875	   0.067277
  20.556641	   0.074645
  20.566406	   0.101782
  20.576172	   0.142760
  20.585938	   0.185774
  20.595703	   0.218086
  20.605469	   0.231285
  20.615234	   0.224842
  20.625000	   0.206580
  20.634766	   0.189804
  20.644531	   0.188057
  20.654297	   0.209422
  20.664062	   0.252473
  20.673828	   0.305477
  20.683594	   0.349298
  20.693359	   0.363158
  20.703125	   0.331369
  20.712891	   0.248758
  20.722656	   0.122931
  20.732422	  -0.027441
  20.742188	  -0.177755
  20.751953	  -0.304349
  20.761719	  -0.390858
  20.771484	  -0.432010
  20.781250	  -0.433755
  20.791016	  -0.409910
  20.800781	  -0.376651
  20.810547	  -0.346909
  20.820312	  -0.326635
  20.830078	  -0.314105
  20.839844	  -0.302325
  20.849609	  -0.283372
  20.859375	  -0.252873
  20.869141	  -0.212779
  20.878906	  -0.171297
  20.888672	  -0.139973
  20.898438	  -0.129009
  20.908203	  -0.142654
  20.917969	  -0.176495
  20.927734	  -0.217842
  20.937500	  -0.249254
  20.947266	  -0.254090
  20.957031	  -0.222178
  20.966797	  -0.153608
  20.976562	  -0.059226
  20.986328	   0.042400
  20.996094	   0.130591
  21.005859	   0.188852
  21.015625	   0.209735
  21.025391	   0.196637
  21.035156	   0.161996
  21.044922	   0.122582
  21.054688	   0.093588
  21.064453	   0.083596
  21.074219	   0.092165
  21.083984	   0.110765
  21.093750	   0.126626
  21.103516	   0.128004
  21.113281	   0.108897
  21.123047	   0.071493
  21.132812	   0.025491
  21.142578	  -0.015398
  21.152344	  -0.038452
  21.162109	  -0.036551
  21.171875	  -0.010720
  21.181641	   0.030336
  21.191406	   0.073498
  21.201172	   0.106082
  21.210938	   0.120448
  21.220703	   0.116673
  21.230469	   0.102273
  21.240234	   0.089105
  21.250000	   0.088574
  21.259766	   0.106938
  21.269531	   0.142471
  21.279297	   0.185577
  21.289062	   0.221863
  21.298828	   0.237121
  21.308594	   0.222452
  21.318359	   0.177686
  21.328125	   0.111874
  21.337891	   0.040626
  21.347656	  -0.018800
  21.357422	  -0.052964
  21.367188	  -0.056408
  21.376953	  -0.033128
  21.386719	   0.005107
  21.396484	   0.042903
  21.406250	   0.066396
  21.416016	   0.067611
  21.425781	   0.046600
  21.435547	   0.010751
  21.445312	  -0.028308
  21.455078	  -0.058983
  21.464844	  -0.073566
  21.474609	  -0.070345
  21.484375	  -0.053352
  21.494141	  -0.030041
  21.503906	  -0.007972
  21.513672	   0.008148
  21.523438	   0.017883
  21.533203	   0.024475
  21.542969	   0.032583
  21.552734	   0.045373
  21.562500	   0.062281
  21.572266	   0.078442
  21.582031	   0.086167
  21.591797	   0.077949
  21.601562	   0.049843
  21.611328	   0.003859
  21.621094	  -0.051708
  21.630859	  -0.104323
  21.640625	  -0.141024
  21.650391	  -0.152717
  21.660156	  -0.137387
  21.669922	  -0.101024
  21.679688	  -0.055821
  21.689453	  -0.016231
  21.699219	   0.005771
  21.708984	   0.004554
  21.718750	  -0.017587
  21.728516	  -0.051664
  21.738281	  -0.085611
  21.748047	  -0.108920
  21.757812	  -0.116579
  21.767578	  -0.110806
  21.777344	  -0.099920
  21.787109	  -0.094735
  21.796875	  -0.103839
  21.806641	  -0.129568
  21.816406	  -0.166301
  21.826172	  -0.201863
  21.835938	  -0.221676
  21.845703	  -0.214253
  21.855469	  -0.176041
  21.865234	  -0.113743
  21.875000	  -0.043097
  21.884766	   0.015700
  21.894531	   0.044495
  21.904297	   0.033458
  21.914062	  -0.015083
  21.923828	  -0.086664
  21.933594	  -0.158729
  21.943359	  -0.207499
  21.953125	  -0.215448
  21.962891	  -0.176945
  21.972656	  -0.100192
  21.982422	  -0.004778
  21.992188	   0.084357
  22.001953	   0.144594
  22.011719	   0.162453
  22.021484	   0.137400
  22.031250	   0.081483
  22.041016	   0.015067
  22.050781	  -0.039826
  22.060547	  -0.066325
  22.070312	  -0.057466
  22.080078	  -0.017483
  22.089844	   0.040544
  22.099609	   0.099665
  22.109375	   0.144783
  22.119141	   0.167164
  22.128906	   0.166301
  22.138672	   0.148740
  22.148438	   0.124578
  22.158203	   0.103124
  22.167969	   0.089394
  22.177734	   0.082703
  22.187500	   0.077730
  22.197266	   0.067439
  22.207031	   0.046587
  22.216797	   0.014332
  22.226562	  -0.025123
  22.236328	  -0.064089
  22.246094	  -0.094527
  22.255859	  -0.111459
  22.265625	  -0.115255
  22.275391	  -0.111804
  22.285156	  -0.110417
  22.294922	  -0.120189
  22.304688	  -0.146198
  22.314453	  -0.187031
  22.324219	  -0.234659
  22.333984	  -0.276836
  22.343750	  -0.301245
  22.353516	  -0.299922
  22.363281	  -0.272324
  22.373047	  -0.225880
  22.382812	  -0.173722
  22.392578	  -0.130322
  22.402344	  -0.106552
  22.412109	  -0.105900
  22.421875	  -0.123214
  22.431641	  -0.146460
  22.441406	  -0.160903
  22.451172	  -0.154290
  22.460938	  -0.121199
  22.470703	  -0.065070
  22.480469	   0.002819
  22.490234	   0.067035
  22.500000	   0.113049
  22.509766	   0.131901
  22.519531	   0.122865
  22.529297	   0.093255
  22.539062	   0.055506
  22.548828	   0.022665
  22.558594	   0.003909
  22.568359	   0.001705
  22.578125	   0.011551
  22.587891	   0.024299
  22.597656	   0.030118
  22.607422	   0.022575
  22.617188	   0.001306
  22.626953	  -0.027686
  22.636719	  -0.054190
  22.646484	  -0.067559
  22.656250	  -0.060665
  22.666016	  -0.032559
  22.675781	   0.011124
  22.685547	   0.060160
  22.695312	   0.103328
  22.705078	   0.132265
  22.714844	   0.144125
  22.724609	   0.142080
  22.734375	   0.133532
  22.744141	   0.126751
  22.753906	   0.127289
  22.763672	   0.135576
  22.773438	   0.146656
  22.783203	   0.152190
  22.792969	   0.143984
  22.802734	   0.117666
  22.812500	   0.075058
  22.822266	   0.024247
  22.832031	  -0.022793
  22.841797	  -0.054243
  22.851562	  -0.062702
  22.861328	  -0.048081
  22.871094	  -0.018010
  22.880859	   0.014500
  22.890625	   0.035399
  22.900391	   0.034433
  22.910156	   0.008789
  22.919922	  -0.035791
  22.929688	  -0.086854
  22.939453	  -0.129411
  22.949219	  -0.151026
  22.958984	  -0.146005
  22.968750	  -0.117246
  22.978516	  -0.075097
  22.988281	  -0.033651
  22.998047	  -0.005828
  23.007812	   0.001021
  23.017578	  -0.012586
  23.027344	  -0.038825
  23.037109	  -0.065746
  23.046875	  -0.081852
  23.056641	  -0.080391
  23.066406	  -0.061768
  23.076172	  -0.033218
  23.085938	  -0.005875
  23.095703	   0.009628
  23.105469	   0.007393
  23.115234	  -0.011307
  23.125000	  -0.038318
  23.134766	  -0.061549
  23.144531	  -0.069527
  23.154297	  -0.055863
  23.164062	  -0.021977
  23.173828	   0.022989
  23.183594	   0.065115
  23.193359	   0.090489
  23.203125	   0.090162
  23.212891	   0.063479
  23.222656	   0.018573
  23.232422	  -0.030199
  23.242188	  -0.067003
  23.251953	  -0.079814
  23.261719	  -0.064384
  23.271484	  -0.025514
  23.281250	   0.024792
  23.291016	   0.071606
  23.300781	   0.102250
  23.310547	   0.110521
  23.320312	   0.098487
  23.330078	   0.075275
  23.339844	   0.053342
  23.349609	   0.043657
  23.359375	   0.051559
  23.369141	   0.074827
  23.378906	   0.104631
  23.388672	   0.129009
  23.398438	   0.137535
  23.408203	   0.125446
  23.417969	   0.095661
  23.427734	   0.057926
  23.437500	   0.025362
  23.447266	   0.009657
  23.457031	   0.016669
  23.466797	   0.044053
  23.476562	   0.081815
  23.486328	   0.115645
  23.496094	   0.131860
  23.505859	   0.122203
  23.515625	   0.086788
  23.525391	   0.034141
  23.535156	  -0.021697
  23.544922	  -0.065959
  23.554688	  -0.088147
  23.564453	  -0.085453
  23.574219	  -0.063434
  23.583984	  -0.033724
  23.593750	  -0.009639
  23.603516	  -0.001301
  23.613281	  -0.012014
  23.623047	  -0.037189
  23.632812	  -0.066179
  23.642578	  -0.086308
  23.652344	  -0.087617
  23.662109	  -0.066590
  23.671875	  -0.027526
  23.681641	   0.018932
  23.691406	   0.059535
  23.701172	   0.083063
  23.710938	   0.084178
  23.720703	   0.065090
  23.730469	   0.034482
  23.740234	   0.004122
  23.750000	  -0.015568
  23.759766	  -0.019342
  23.769531	  -0.008952
  23.779297	   0.007682
  23.789062	   0.019631
  23.798828	   0.017261
  23.808594	  -0.003940
  23.818359	  -0.041415
  23.828125	  -0.086220
  23.837891	  -0.126091
  23.847656	  -0.149785
  23.857422	  -0.151119
  23.867188	  -0.131241
  23.876953	  -0.098307
  23.886719	  -0.064680
  23.896484	  -0.042670
  23.906250	  -0.040340
  23.916016	  -0.058864
  23.925781	  -0.092359
  23.935547	  -0.130181
  23.945312	  -0.160806
  23.955078	  -0.175858
  23.964844	  -0.172802
  23.974609	  -0.155383
  23.984375	  -0.131700
  23.994141	  -0.110732
  24.003906	  -0.098656
  24.013672	  -0.096402
  24.023438	  -0.099351
  24.033203	  -0.099315
  24.042969	  -0.088014
  24.052734	  -0.060708
  24.062500	  -0.018569
  24.072266	   0.031174
  24.082031	   0.077444
  24.091797	   0.109116
  24.101562	   0.119026
  24.111328	   0.106710
  24.121094	   0.078805
  24.130859	   0.046919
  24.140625	   0.023667
  24.150391	   0.018286
  24.160156	   0.033381
  24.169922	   0.063987
  24.179688	   0.099293
  24.189453	   0.126433
  24.199219	   0.134982
  24.208984	   0.120572
  24.218750	   0.086346
  24.228516	   0.041756
  24.238281	  -0.000824
  24.248047	  -0.030421
  24.257812	  -0.041149
  24.267578	  -0.033940
  24.277344	  -0.015729
  24.287109	   0.003538
  24.296875	   0.014927
  24.306641	   0.014030
  24.316406	   0.002639
  24.326172	  -0.012030
  24.335938	  -0.020279
  24.345703	  -0.013908
  24.355469	   0.010304
  24.365234	   0.048958
  24.375000	   0.092907
  24.384766	   0.130386
  24.394531	   0.151251
  24.404297	   0.150768
  24.414062	   0.131503
  24.423828	   0.102549
  24.433594	   0.076297
  24.443359	   0.063880
  24.453125	   0.070932
  24.462891	   0.095250
  24.472656	   0.127265
  24.482422	   0.153258
  24.492188	   0.160237
  24.501953	   0.140766
  24.511719	   0.096030
  24.521484	   0.035997
  24.531250	  -0.023462
  24.541016	  -0.065542
  24.550781	  -0.077893
  24.560547	  -0.056596
  24.570312	  -0.007370
  24.580078	   0.056369
  24.589844	   0.117905
  24.599609	   0.162522
  24.609375	   0.181908
  24.619141	   0.176177
  24.628906	   0.152931
  24.638672	   0.123823
  24.648438	   0.099956
  24.658203	   0.087835
  24.667969	   0.087320
  24.677734	   0.092269
  24.687500	   0.093528
  24.697266	   0.083069
  24.707031	   0.057654
  24.716797	   0.020603
  24.726562	  -0.019038
  24.736328	  -0.049651
  24.746094	  -0.061348
  24.755859	  -0.049819
  24.765625	  -0.018254
  24.775391	   0.023427
  24.785156	   0.061821
  24.794922	   0.084626
  24.804688	   0.084930
  24.814453	   0.063636
  24.824219	   0.029139
  24.833984	  -0.005656
  24.843750	  -0.027929
  24.853516	  -0.029484
  24.863281	  -0.009625
  24.873047	   0.024682
  24.882812	   0.061420
  24.892578	   0.087950
  24.902344	   0.095652
  24.912109	   0.083086
  24.921875	   0.056513
  24.931641	   0.027552
  24.941406	   0.008823
  24.951172	   0.009126
  24.960938	   0.029911
  24.970703	   0.064353
  24.980469	   0.099403
  24.990234	   0.120157
  25.000000	   0.115033
  25.009766	   0.079954
  25.019531	   0.020078
  25.029297	  -0.051548
  25.039062	  -0.117967
  25.048828	  -0.163582
  25.058594	  -0.178948
  25.068359	  -0.163507
  25.078125	  -0.125421
  25.087891	  -0.078641
  25.097656	  -0.038305
  25.107422	  -0.016051
  25.117188	  -0.016789
  25.126953	  -0.037911
  25.136719	  -0.071016
  25.146484	  -0.105363
  25.156250	  -0.131727
  25.166016	  -0.145276
  25.175781	  -0.146550
  25.185547	  -0.140389
  25.195312	  -0.133403
  25.205078	  -0.131095
  25.214844	  -0.135782
  25.224609	  -0.146078
  25.234375	  -0.158025
  25.244141	  -0.167278
  25.253906	  -0.171367
  25.263672	  -0.171028
  25.273438	  -0.170008
  25.283203	  -0.173429
  25.292969	  -0.185372
  25.302734	  -0.206726
  25.312500	  -0.234252
  25.322266	  -0.261350
  25.332031	  -0.280316
  25.341797	  -0.285267
  25.351562	  -0.274551
  25.361328	  -0.251630
  25.371094	  -0.223974
  25.380859	  -0.200237
  25.390625	  -0.186763
  25.400391	  -0.184739
  25.410156	  -0.189212
  25.419922	  -0.190514
  25.429688	  -0.177746
  25.439453	  -0.143174
  25.449219	  -0.085910
  25.458984	  -0.013410
  25.468750	   0.059982
  25.478516	   0.117199
  25.488281	   0.144072
  25.498047	   0.134523
  25.507812	   0.093472
  25.517578	   0.036286
  25.527344	  -0.015299
  25.537109	  -0.039642
  25.546875	  -0.022031
  25.556641	   0.040315
  25.566406	   0.136781
  25.576172	   0.245984
  25.585938	   0.341764
  25.595703	   0.400690
  25.605469	   0.408728
  25.615234	   0.365000
  25.625000	   0.281527
  25.634766	   0.179122
  25.644531	   0.080876
  25.654297	   0.005373
  25.664062	  -0.038172
  25.673828	  -0.051424
  25.683594	  -0.044771
  25.693359	  -0.032476
  25.703125	  -0.026919
  25.712891	  -0.033994
  25.722656	  -0.051190
  25.732422	  -0.068930
  25.742188	  -0.074570
  25.751953	  -0.057554
  25.761719	  -0.013864
  25.771484	   0.051805
  25.781250	   0.126867
  25.791016	   0.194381
  25.800781	   0.238035
  25.810547	   0.246935
  25.820312	   0.218626
  25.830078	   0.159470
  25.839844	   0.082393
  25.849609	   0.002906
  25.859375	  -0.065221
  25.869141	  -0.113238
  25.878906	  -0.138728
  25.888672	  -0.144808
  25.898438	  -0.137771
  25.908203	  -0.124225
  25.917969	  -0.108810
  25.927734	  -0.093215
  25.937500	  -0.076641
  25.947266	  -0.057269
  25.957031	  -0.033926
  25.966797	  -0.007176
  25.976562	   0.020634
  25.986328	   0.046329
  25.996094	   0.067346
  26.005859	   0.082942
  26.015625	   0.094537
  26.025391	   0.104965
  26.035156	   0.116893
  26.044922	   0.131089
  26.054688	   0.145335
  26.064453	   0.154576
  26.074219	   0.152411
  26.083984	   0.133457
  26.093750	   0.095717
  26.103516	   0.041970
  26.113281	  -0.020473
  26.123047	  -0.081725
  26.132812	  -0.132402
  26.142578	  -0.166733
  26.152344	  -0.184545
  26.162109	  -0.191260
  26.171875	  -0.195804
  26.181641	  -0.207057
  26.191406	  -0.230096
  26.201172	  -0.263659
  26.210938	  -0.299859
  26.220703	  -0.326440
  26.230469	  -0.330928
  26.240234	  -0.305284
  26.250000	  -0.249396
  26.259766	  -0.172047
  26.269531	  -0.088849
  26.279297	  -0.017636
  26.289062	   0.027209
  26.298828	   0.039590
  26.308594	   0.024004
  26.318359	  -0.005629
  26.328125	  -0.030342
  26.337891	  -0.032377
  26.347656	  -0.001288
  26.357422	   0.062167
  26.367188	   0.145682
  26.376953	   0.228835
  26.386719	   0.289231
  26.396484	   0.309433
  26.406250	   0.282433
  26.416016	   0.213939
  26.425781	   0.120751
  26.435547	   0.025809
  26.445312	  -0.048476
  26.455078	  -0.086438
  26.464844	  -0.083024
  26.474609	  -0.044190
  26.484375	   0.016066
  26.494141	   0.080859
  26.503906	   0.135917
  26.513672	   0.173591
  26.523438	   0.194135
  26.533203	   0.204073
  26.542969	   0.212454
  26.552734	   0.226532
  26.562500	   0.248492
  26.572266	   0.274393
  26.582031	   0.295633
  26.591797	   0.302277
  26.601562	   0.286946
  26.611328	   0.247786
  26.621094	   0.189406
  26.630859	   0.121483
  26.640625	   0.055565
  26.650391	   0.001288
  26.660156	  -0.036606
  26.669922	  -0.059384
  26.679688	  -0.073210
  26.689453	  -0.086286
  26.699219	  -0.105335
  26.708984	  -0.132760
  26.718750	  -0.165527
  26.728516	  -0.196136
  26.738281	  -0.215320
  26.748047	  -0.215422
  26.757812	  -0.193231
  26.767578	  -0.151243
  26.777344	  -0.096946
  26.787109	  -0.040456
  26.796875	   0.008589
  26.806641	   0.043722
  26.816406	   0.062994
  26.826172	   0.068591
  26.835938	   0.065031
  26.845703	   0.056780
  26.855469	   0.046328
  26.865234	   0.033529
  26.875000	   0.016446
  26.884766	  -0.006701
  26.894531	  -0.035421
  26.904297	  -0.065693
  26.914062	  -0.090310
  26.923828	  -0.100925
  26.933594	  -0.091165
  26.943359	  -0.059678
  26.953125	  -0.011836
  26.962891	   0.040775
  26.972656	   0.083208
  26.982422	   0.101615
  26.992188	   0.087908
  27.001953	   0.043016
  27.011719	  -0.022494
  27.021484	  -0.090853
  27.031250	  -0.141988
  27.041016	  -0.159411
  27.050781	  -0.135270
  27.060547	  -0.072910
  27.070312	   0.013897
  27.080078	   0.104857
  27.089844	   0.178953
  27.099609	   0.220323
  27.109375	   0.222373
  27.119141	   0.188914
  27.128906	   0.132089
  27.138672	   0.067919
  27.148438	   0.011042
  27.158203	  -0.029611
  27.167969	  -0.052831
  27.177734	  -0.064345
  27.187500	  -0.073714
  27.197266	  -0.090152
  27.207031	  -0.118817
  27.216797	  -0.158870
  27.226562	  -0.203869
  27.236328	  -0.244233
  27.246094	  -0.270743
  27.255859	  -0.277757
  27.265625	  -0.264972
  27.275391	  -0.237184
  27.285156	  -0.202262
  27.294922	  -0.168205
  27.304688	  -0.140454
  27.314453	  -0.120478
  27.324219	  -0.106080
  27.333984	  -0.093180
  27.343750	  -0.078246
  27.353516	  -0.060281
  27.363281	  -0.041499
  27.373047	  -0.026358
  27.382812	  -0.019353
  27.392578	  -0.022473
  27.402344	  -0.033483
  27.412109	  -0.045857
  27.421875	  -0.050622
  27.431641	  -0.039537
  27.441406	  -0.008505
  27.451172	   0.040139
  27.460938	   0.097456
  27.470703	   0.150159
  27.480469	   0.184688
  27.490234	   0.191791
  27.500000	   0.170028
  27.509766	   0.126867
  27.519531	   0.076850
  27.529297	   0.037281
  27.539062	   0.022790
  27.548828	   0.040569
  27.558594	   0.087897
  27.568359	   0.152856
  27.578125	   0.218074
  27.587891	   0.266289
  27.597656	   0.285907
  27.607422	   0.274712
  27.617188	   0.240467
  27.626953	   0.198236
  27.636719	   0.165294
  27.646484	   0.155347
  27.656250	   0.173989
  27.666016	   0.216869
  27.675781	   0.271152
  27.685547	   0.319724
  27.695312	   0.346701
  27.705078	   0.342412
  27.714844	   0.306229
  27.724609	   0.246426
  27.734375	   0.177216
  27.744141	   0.114091
  27.753906	   0.069052
  27.763672	   0.047302
  27.773438	   0.046368
  27.783203	   0.057758
  27.792969	   0.070381
  27.802734	   0.074446
  27.812500	   0.064475
  27.822266	   0.040504
  27.832031	   0.007269
  27.841797	  -0.028107
  27.851562	  -0.058906
  27.861328	  -0.080994
  27.871094	  -0.093664
  27.880859	  -0.098982
  27.890625	  -0.100096
  27.900391	  -0.099370
  27.910156	  -0.097181
  27.919922	  -0.091913
  27.929688	  -0.081083
  27.939453	  -0.063068
  27.949219	  -0.038577
  27.958984	  -0.011117
  27.968750	   0.013864
  27.978516	   0.030924
  27.988281	   0.036891
  27.998047	   0.032478
  28.007812	   0.022444
  28.017578	   0.014065
  28.027344	   0.014312
  28.037109	   0.026754
  28.046875	   0.049389
  28.056641	   0.074395
  28.066406	   0.090113
  28.076172	   0.084785
  28.085938	   0.050832
  28.095703	  -0.011837
  28.105469	  -0.094776
  28.115234	  -0.182791
  28.125000	  -0.258159
  28.134766	  -0.306006
  28.144531	  -0.319053
  28.154297	  -0.300119
  28.164062	  -0.261387
  28.173828	  -0.220606
  28.183594	  -0.195361
  28.193359	  -0.197316
  28.203125	  -0.228349
  28.212891	  -0.279920
  28.222656	  -0.335916
  28.232422	  -0.378074
  28.242188	  -0.392149
  28.251953	  -0.372761
  28.261719	  -0.325251
  28.271484	  -0.263917
  28.281250	  -0.207193
  28.291016	  -0.171422
  28.300781	  -0.165318
  28.310547	  -0.187000
  28.320312	  -0.224610
  28.330078	  -0.260286
  28.339844	  -0.276149
  28.349609	  -0.260268
  28.359375	  -0.210580
  28.369141	  -0.135490
  28.378906	  -0.050947
  28.388672	   0.024953
  28.398438	   0.078012
  28.408203	   0.102588
  28.417969	   0.103316
  28.427734	   0.093383
  28.437500	   0.089979
  28.447266	   0.108475
  28.457031	   0.157263
  28.466797	   0.234925
  28.476562	   0.330560
  28.486328	   0.427060
  28.496094	   0.506168
  28.505859	   0.553653
  28.515625	   0.562980
  28.525391	   0.536455
  28.535156	   0.483709
  28.544922	   0.418219
  28.554688	   0.353144
  28.564453	   0.297831
  28.574219	   0.255946
  28.583984	   0.225572
  28.593750	   0.200902
  28.603516	   0.174708
  28.613281	   0.140659
  28.623047	   0.094802
  28.632812	   0.035979
  28.642578	  -0.034571
  28.652344	  -0.113922
  28.662109	  -0.197969
  28.671875	  -0.281502
  28.681641	  -0.357983
  28.691406	  -0.419446
  28.701172	  -0.457031
  28.710938	  -0.462435
  28.720703	  -0.430104
  28.730469	  -0.359588
  28.740234	  -0.257156
  28.750000	  -0.135825
  28.759766	  -0.013409
  28.769531	   0.091203
  28.779297	   0.162613
  28.789062	   0.192995
  28.798828	   0.184352
  28.808594	   0.148087
  28.818359	   0.101851
  28.828125	   0.064507
  28.837891	   0.050722
  28.847656	   0.066884
  28.857422	   0.109630
  28.867188	   0.167455
  28.876953	   0.224854
  28.886719	   0.267592
  28.896484	   0.287319
  28.906250	   0.283998
  28.916016	   0.265344
  28.925781	   0.243547
  28.935547	   0.230486
  28.945312	   0.233180
  28.955078	   0.251133
  28.964844	   0.276543
  28.974609	   0.297322
  28.984375	   0.301843
  28.994141	   0.283682
  29.003906	   0.244575
  29.013672	   0.194450
  29.023438	   0.148366
  29.033203	   0.121362
  29.042969	   0.122952
  29.052734	   0.153217
  29.062500	   0.201936
  29.072266	   0.251175
  29.082031	   0.280608
  29.091797	   0.273837
  29.101562	   0.223664
  29.111328	   0.134554
  29.121094	   0.021447
  29.130859	  -0.094686
  29.140625	  -0.193109
  29.150391	  -0.259357
  29.160156	  -0.289106
  29.169922	  -0.288681
  29.179688	  -0.272137
  29.189453	  -0.255987
  29.199219	  -0.253391
  29.208984	  -0.269755
  29.218750	  -0.301144
  29.228516	  -0.335943
  29.238281	  -0.359091
  29.248047	  -0.357376
  29.257812	  -0.323998
  29.267578	  -0.260905
  29.277344	  -0.178215
  29.287109	  -0.091043
  29.296875	  -0.014884
  29.306641	   0.038883
  29.316406	   0.065919
  29.326172	   0.069452
  29.335938	   0.058429
  29.345703	   0.044081
  29.355469	   0.036159
  29.365234	   0.040101
  29.375000	   0.055948
  29.384766	   0.079185
  29.394531	   0.102972
  29.404297	   0.120869
  29.414062	   0.129046
  29.423828	   0.127298
  29.433594	   0.118680
  29.443359	   0.108087
  29.453125	   0.100435
  29.462891	   0.099147
  29.472656	   0.105402
  29.482422	   0.118254
  29.492188	   0.135339
  29.501953	   0.153721
  29.511719	   0.170462
  29.521484	   0.182729
  29.531250	   0.187554
  29.541016	   0.181615
  29.550781	   0.161390
  29.560547	   0.123901
  29.570312	   0.067916
  29.580078	  -0.004845
  29.589844	  -0.089084
  29.599609	  -0.176369
  29.609375	  -0.256781
  29.619141	  -0.321414
  29.628906	  -0.364937
  29.638672	  -0.387295
  29.648438	  -0.393783
  29.658203	  -0.393253
  29.667969	  -0.394878
  29.677734	  -0.404520
  29.687500	  -0.421979
  29.697266	  -0.440264
  29.707031	  -0.447371
  29.716797	  -0.430203
  29.726562	  -0.379437
  29.736328	  -0.293688
  29.746094	  -0.181391
  29.755859	  -0.059502
  29.765625	   0.050878
  29.775391	   0.130753
  29.785156	   0.169406
  29.794922	   0.168445
  29.804688	   0.142189
  29.814453	   0.114018
  29.824219	   0.109593
  29.833984	   0.148923
  29.843750	   0.239735
  29.853516	   0.374287
  29.863281	   0.530736
  29.873047	   0.678773
  29.882812	   0.787881
  29.892578	   0.835728
  29.902344	   0.814165
  29.912109	   0.731020
  29.921875	   0.607226
  29.931641	   0.470261
  29.941406	   0.346019
  29.951172	   0.251660
  29.960938	   0.191601
  29.970703	   0.157746
  29.980469	   0.133661
  29.990234	   0.101153
  30.000000	   0.047011
  30.009766	  -0.032298
  30.019531	  -0.129411
  30.029297	  -0.228577
  30.039062	  -0.310915
  30.048828	  -0.360596
  30.058594	  -0.369913
  30.068359	  -0.341659
  30.078125	  -0.288207
  30.087891	  -0.227746
  30.097656	  -0.179042
  30.107422	  -0.156428
  30.117188	  -0.166545
  30.126953	  -0.207649
  30.136719	  -0.271381
  30.146484	  -0.346161
  30.156250	  -0.420875
  30.166016	  -0.487644
  30.175781	  -0.542913
  30.185547	  -0.586779
  30.195312	  -0.621130
  30.205078	  -0.647528
  30.214844	  -0.665726
  30.224609	  -0.673385
  30.234375	  -0.666990
  30.244141	  -0.643503
  30.253906	  -0.602013
  30.263672	  -0.544673
  30.273438	  -0.476564
  30.283203	  -0.404539
  30.292969	  -0.335509
  30.302734	  -0.274808
  30.312500	  -0.225199
  30.322266	  -0.186784
  30.332031	  -0.157703
  30.341797	  -0.135210
  30.351562	  -0.116619
  30.361328	  -0.099744
  30.371094	  -0.082752
  30.380859	  -0.063672
  30.390625	  -0.040004
  30.400391	  -0.008842
  30.410156	   0.032329
  30.419922	   0.084346
  30.429688	   0.145117
  30.439453	   0.209048
  30.449219	   0.267653
  30.458984	   0.311416
  30.468750	   0.332498
  30.478516	   0.327416
  30.488281	   0.298707
  30.498047	   0.254783
  30.507812	   0.207763
  30.517578	   0.169770
  30.527344	   0.148791
  30.537109	   0.145516
  30.546875	   0.152354
  30.556641	   0.155206
  30.566406	   0.137703
  30.576172	   0.086718
  30.585938	  -0.002537
  30.595703	  -0.123534
  30.605469	  -0.258698
  30.615234	  -0.383089
  30.625000	  -0.470582
  30.634766	  -0.500830
  30.644531	  -0.464987
  30.654297	  -0.368488
  30.664062	  -0.230059
  30.673828	  -0.077225
  30.683594	   0.060395
  30.693359	   0.158104
  30.703125	   0.201581
  30.712891	   0.189404
  30.722656	   0.132238
  30.732422	   0.049247
  30.742188	  -0.037002
  30.751953	  -0.105603
  30.761719	  -0.141077
  30.771484	  -0.135158
  30.781250	  -0.086659
  30.791016	  -0.000046
  30.800781	   0.116406
  30.810547	   0.252156
  30.820312	   0.395310
  30.830078	   0.533063
  30.839844	   0.652149
  30.849609	   0.739809
  30.859375	   0.785482
  30.869141	   0.783013
  30.878906	   0.732703
  30.888672	   0.642351
  30.898438	   0.526606
  30.908203	   0.404411
  30.917969	   0.295010
  30.927734	   0.213529
  30.937500	   0.167445
  30.947266	   0.155056
  30.957031	   0.166509
  30.966797	   0.187113
  30.976562	   0.201915
  30.986328	   0.200092
  30.996094	   0.177758
  31.005859	   0.138326
  31.015625	   0.090422
  31.025391	   0.044170
  31.035156	   0.007252
  31.044922	  -0.017837
  31.054688	  -0.034349
  31.064453	  -0.049528
  31.074219	  -0.071262
  31.083984	  -0.104473
  31.093750	  -0.148706
  31.103516	  -0.197908
  31.113281	  -0.242575
  31.123047	  -0.273500
  31.132812	  -0.285701
  31.142578	  -0.280957
  31.152344	  -0.267820
  31.162109	  -0.258874
  31.171875	  -0.266060
  31.181641	  -0.295669
  31.191406	  -0.344874
  31.201172	  -0.401233
  31.210938	  -0.445657
  31.220703	  -0.458108
  31.230469	  -0.424296
  31.240234	  -0.341176
  31.250000	  -0.219309
  31.259766	  -0.081093
  31.269531	   0.044821
  31.279297	   0.131329
  31.289062	   0.160557
  31.298828	   0.129042
  31.308594	   0.048781
  31.318359	  -0.056198
  31.328125	  -0.156704
  31.337891	  -0.226586
  31.347656	  -0.249790
  31.357422	  -0.224218
  31.367188	  -0.161358
  31.376953	  -0.082024
  31.386719	  -0.009716
  31.396484	   0.036249
  31.406250	   0.045730
  31.416016	   0.019537
  31.425781	  -0.032268
  31.435547	  -0.094664
  31.445312	  -0.152923
  31.455078	  -0.197035
  31.464844	  -0.223979
  31.474609	  -0.237327
  31.484375	  -0.244658
  31.494141	  -0.253929
  31.503906	  -0.270205
  31.513672	  -0.293883
  31.523438	  -0.320885
  31.533203	  -0.344583
  31.542969	  -0.358564
  31.552734	  -0.359173
  31.562500	  -0.346905
  31.572266	  -0.326250
  31.582031	  -0.304150
  31.591797	  -0.287741
  31.601562	  -0.282188
  31.611328	  -0.289322
  31.621094	  -0.307368
  31.630859	  -0.331653
  31.640625	  -0.355814
  31.650391	  -0.373019
  31.660156	  -0.376811
  31.669922	  -0.361532
  31.679688	  -0.322576
  31.689453	  -0.256813
  31.699219	  -0.163417
  31.708984	  -0.045043
  31.718750	   0.091106
  31.728516	   0.232948
  31.738281	   0.364533
  31.748047	   0.468620
  31.757812	   0.530450
  31.767578	   0.541797
  31.777344	   0.504015
  31.787109	   0.428882
  31.796875	   0.336611
  31.806641	   0.251196
  31.816406	   0.194228
  31.826172	   0.178899
  31.835938	   0.206061
  31.845703	   0.263688
  31.855469	   0.330120
  31.865234	   0.380272
  31.875000	   0.393042
  31.884766	   0.357697
  31.894531	   0.277255
  31.904297	   0.167824
  31.914062	   0.054080
  31.923828	  -0.037707
  31.933594	  -0.086935
  31.943359	  -0.084006
  31.953125	  -0.032175
  31.962891	   0.054470
  31.972656	   0.156053
  31.982422	   0.253173
  31.992188	   0.332288
  32.001953	   0.388557
  32.011719	   0.425420
  32.021484	   0.451382
  32.031250	   0.475413
  32.041016	   0.502789
  32.050781	   0.532906
  32.060547	   0.559800
  32.070312	   0.575004
  32.080078	   0.571499
  32.089844	   0.547085
  32.099609	   0.505747
  32.109375	   0.456379
  32.119141	   0.409300
  32.128906	   0.371847
  32.138672	   0.344822
  32.148438	   0.321255
  32.158203	   0.288171
  32.167969	   0.230920
  32.177734	   0.138641
  32.187500	   0.008939
  32.197266	  -0.149978
  32.207031	  -0.320595
  32.216797	  -0.480553
  32.226562	  -0.608897
  32.236328	  -0.692035
  32.246094	  -0.727436
  32.255859	  -0.723819
  32.265625	  -0.697775
  32.275391	  -0.668015
  32.285156	  -0.649203
  32.294922	  -0.647491
  32.304688	  -0.659223
  32.314453	  -0.673168
  32.324219	  -0.675376
  32.333984	  -0.654850
  32.343750	  -0.607973
  32.353516	  -0.540106
  32.363281	  -0.463813
  32.373047	  -0.394432
  32.382812	  -0.344629
  32.392578	  -0.319982
  32.402344	  -0.317204
  32.412109	  -0.325688
  32.421875	  -0.331779
  32.431641	  -0.324208
  32.441406	  -0.298654
  32.451172	  -0.259717
  32.460938	  -0.219494
  32.470703	  -0.193223
  32.480469	  -0.193500
  32.490234	  -0.225150
  32.500000	  -0.282628
  32.509766	  -0.350942
  32.519531	  -0.409863
  32.529297	  -0.440018
  32.539062	  -0.428786
  32.548828	  -0.373973
  32.558594	  -0.284045
  32.568359	  -0.174860
  32.578125	  -0.064110
  32.587891	   0.034562
  32.597656	   0.115700
  32.607422	   0.183004
  32.617188	   0.246855
  32.626953	   0.319342
  32.636719	   0.408639
  32.646484	   0.514770
  32.656250	   0.628328
  32.666016	   0.732621
  32.675781	   0.808531
  32.685547	   0.840386
  32.695312	   0.820850
  32.705078	   0.753132
  32.714844	   0.649854
  32.724609	   0.528993
  32.734375	   0.408396
  32.744141	   0.300755
  32.753906	   0.210720
  32.763672	   0.135040
  32.773438	   0.065499
  32.783203	  -0.006553
  32.792969	  -0.085773
  32.802734	  -0.170119
  32.812500	  -0.250770
  32.822266	  -0.314622
  32.832031	  -0.348371
  32.841797	  -0.342683
  32.851562	  -0.294975
  32.861328	  -0.209931
  32.871094	  -0.097719
  32.880859	   0.029251
  32.890625	   0.159763
  32.900391	   0.286122
  32.910156	   0.404653
  32.919922	   0.514399
  32.929688	   0.614791
  32.939453	   0.703474
  32.949219	   0.775355
  32.958984	   0.823419
  32.968750	   0.841042
  32.978516	   0.824884
  32.988281	   0.777073
  32.998047	   0.705606
  33.007812	   0.622543
  33.017578	   0.540419
  33.027344	   0.468053
  33.037109	   0.407300
  33.046875	   0.352029
  33.056641	   0.289900
  33.066406	   0.206511
  33.076172	   0.090620
  33.085938	  -0.061318
  33.095703	  -0.242888
  33.105469	  -0.438557
  33.115234	  -0.627418
  33.125000	  -0.788615
  33.134766	  -0.906656
  33.144531	  -0.974883
  33.154297	  -0.996021
  33.164062	  -0.979801
  33.173828	  -0.938682
  33.183594	  -0.883340
  33.193359	  -0.819637
  33.203125	  -0.748137
  33.212891	  -0.666229
  33.222656	  -0.571858
  33.232422	  -0.467200
  33.242188	  -0.360580
  33.251953	  -0.265602
  33.261719	  -0.197520
  33.271484	  -0.168032
  33.281250	  -0.180421
  33.291016	  -0.227003
  33.300781	  -0.290140
  33.310547	  -0.346883
  33.320312	  -0.375936
  33.330078	  -0.364725
  33.339844	  -0.314129
  33.349609	  -0.239082
  33.359375	  -0.164575
  33.369141	  -0.118106
  33.378906	  -0.120884
  33.388672	  -0.180602
  33.398438	  -0.288147
  33.408203	  -0.419429
  33.417969	  -0.541835
  33.427734	  -0.623351
  33.437500	  -0.641533
  33.447266	  -0.589561
  33.457031	  -0.477606
  33.466797	  -0.329232
  33.476562	  -0.174152
  33.486328	  -0.039752
  33.496094	   0.055952
  33.505859	   0.107854
  33.515625	   0.123010
  33.525391	   0.116260
  33.535156	   0.104021
  33.544922	   0.098516
  33.554688	   0.104343
  33.564453	   0.118296
  33.574219	   0.132125
  33.583984	   0.136875
  33.593750	   0.126989
  33.603516	   0.102599
  33.613281	   0.069252
  33.623047	   0.035377
  33.632812	   0.008700
  33.642578	  -0.006847
  33.652344	  -0.012391
  33.662109	  -0.013057
  33.671875	  -0.015045
  33.681641	  -0.022097
  33.691406	  -0.032903
  33.701172	  -0.040633
  33.710938	  -0.034948
  33.720703	  -0.005822
  33.730469	   0.052271
  33.740234	   0.137496
  33.750000	   0.240369
  33.759766	   0.346369
  33.769531	   0.440625
  33.779297	   0.513020
  33.789062	   0.561771
  33.798828	   0.594015
  33.808594	   0.622986
  33.818359	   0.662642
  33.828125	   0.721597
  33.837891	   0.798615
  33.847656	   0.881470
  33.857422	   0.949847
  33.867188	   0.981534
  33.876953	   0.959911
  33.886719	   0.880166
  33.896484	   0.751971
  33.906250	   0.597502
  33.916016	   0.445207
  33.925781	   0.321278
  33.935547	   0.241570
  33.945312	   0.206720
  33.955078	   0.202167
  33.964844	   0.203196
  33.974609	   0.183448
  33.984375	   0.124137
  33.994141	   0.020971
  34.003906	  -0.113537
  34.013672	  -0.253150
  34.023438	  -0.365452
  34.033203	  -0.421439
  34.042969	  -0.404151
  34.052734	  -0.313660
  34.062500	  -0.166941
  34.072266	   0.007159
  34.082031	   0.176160
  34.091797	   0.312724
  34.101562	   0.401306
  34.111328	   0.440841
  34.121094	   0.442976
  34.130859	   0.426826
  34.140625	   0.412192
  34.150391	   0.413504
  34.160156	   0.436234
  34.169922	   0.476552
  34.179688	   0.523809
  34.189453	   0.564575
  34.199219	   0.586625
  34.208984	   0.581560
  34.218750	   0.545491
  34.228516	   0.478043
  34.238281	   0.380592
  34.248047	   0.254801
  34.257812	   0.102218
  34.267578	  -0.074931
  34.277344	  -0.272287
  34.287109	  -0.482163
  34.296875	  -0.693486
  34.306641	  -0.893284
  34.316406	  -1.069410
  34.326172	  -1.213581
  34.335938	  -1.323499
  34.345703	  -1.403092
  34.355469	  -1.460519
  34.365234	  -1.504513
  34.375000	  -1.540320
  34.384766	  -1.566810
  34.394531	  -1.576002
  34.404297	  -1.555442
  34.414062	  -1.492791
  34.423828	  -1.381111
  34.433594	  -1.222904
  34.443359	  -1.031311
  34.453125	  -0.827761
  34.462891	  -0.636636
  34.472656	  -0.478579
  34.482422	  -0.364692
  34.492188	  -0.293626
  34.501953	  -0.252650
  34.511719	  -0.222413
  34.521484	  -0.183840
  34.531250	  -0.124779
  34.541016	  -0.044113
  34.550781	   0.048125
  34.560547	   0.134665
  34.570312	   0.197530
  34.580078	   0.224826
  34.589844	   0.215285
  34.599609	   0.178865
  34.609375	   0.133113
  34.619141	   0.096576
  34.628906	   0.081672
  34.638672	   0.089720
  34.648438	   0.110147
  34.658203	   0.124401
  34.667969	   0.113408
  34.677734	   0.066017
  34.687500	  -0.014603
  34.697266	  -0.109144
  34.707031	  -0.185943
  34.716797	  -0.209517
  34.726562	  -0.151345
  34.736328	   0.000547
  34.746094	   0.236324
  34.755859	   0.525287
  34.765625	   0.822923
  34.775391	   1.082037
  34.785156	   1.264620
  34.794922	   1.350927
  34.804688	   1.343110
  34.814453	   1.262547
  34.824219	   1.141966
  34.833984	   1.015064
  34.843750	   0.906940
  34.853516	   0.828231
  34.863281	   0.774476
  34.873047	   0.730430
  34.882812	   0.677480
  34.892578	   0.601432
  34.902344	   0.498033
  34.912109	   0.374570
  34.921875	   0.247366
  34.931641	   0.136402
  34.941406	   0.059208
  34.951172	   0.026202
  34.960938	   0.038966
  34.970703	   0.091719
  34.980469	   0.175079
  34.990234	   0.280374
  35.000000	   0.402731
  35.009766	   0.541756
  35.019531	   0.699674
  35.029297	   0.877847
  35.039062	   1.073231
  35.048828	   1.276365
  35.058594	   1.471864
  35.068359	   1.641370
  35.078125	   1.767968
  35.087891	   1.840435
  35.097656	   1.855761
  35.107422	   1.818985
  35.117188	   1.740425
  35.126953	   1.631339
  35.136719	   1.499652
  35.146484	   1.347346
  35.156250	   1.170481
  35.166016	   0.961786
  35.175781	   0.714810
  35.185547	   0.428006
  35.195312	   0.107177
  35.205078	  -0.234686
  35.214844	  -0.580091
  35.224609	  -0.911265
  35.234375	  -1.214279
  35.244141	  -1.481531
  35.253906	  -1.711685
  35.263672	  -1.907178
  35.273438	  -2.070405
  35.283203	  -2.200226
  35.292969	  -2.290381
  35.302734	  -2.330655
  35.312500	  -2.310526
  35.322266	  -2.224002
  35.332031	  -2.073732
  35.341797	  -1.872610
  35.351562	  -1.641914
  35.361328	  -1.406257
  35.371094	  -1.186864
  35.380859	  -0.995439
  35.390625	  -0.830815
  35.400391	  -0.679764
  35.410156	  -0.521937
  35.419922	  -0.337487
  35.429688	  -0.114900
  35.439453	   0.143562
  35.449219	   0.420722
  35.458984	   0.688134
  35.468750	   0.913453
  35.478516	   1.069192
  35.488281	   1.140115
  35.498047	   1.126969
  35.507812	   1.045527
  35.517578	   0.921437
  35.527344	   0.782764
  35.537109	   0.652724
  35.546875	   0.544911
  35.556641	   0.462291
  35.566406	   0.399827
  35.576172	   0.349348
  35.585938	   0.304554
  35.595703	   0.264206
  35.605469	   0.232388
  35.615234	   0.216008
  35.625000	   0.220820
  35.634766	   0.247865
  35.644531	   0.292004
  35.654297	   0.343340
  35.664062	   0.391076
  35.673828	   0.428234
  35.683594	   0.455209
  35.693359	   0.480393
  35.703125	   0.517253
  35.712891	   0.578583
  35.722656	   0.669938
  35.732422	   0.784784
  35.742188	   0.903496
  35.751953	   0.997113
  35.761719	   1.035055
  35.771484	   0.994490
  35.781250	   0.868251
  35.791016	   0.668496
  35.800781	   0.424590
  35.810547	   0.175619
  35.820312	  -0.040185
  35.830078	  -0.195693
  35.839844	  -0.281377
  35.849609	  -0.305840
  35.859375	  -0.290177
  35.869141	  -0.258127
  35.878906	  -0.225500
  35.888672	  -0.192732
  35.898438	  -0.143426
  35.908203	  -0.049723
  35.917969	   0.117063
  35.927734	   0.374031
  35.937500	   0.716805
  35.947266	   1.115805
  35.957031	   1.520434
  35.966797	   1.870322
  35.976562	   2.110453
  35.986328	   2.205585
  35.996094	   2.149497
  36.005859	   1.966137
  36.015625	   1.702265
  36.025391	   1.413815
  36.035156	   1.150176
  36.044922	   0.941118
  36.054688	   0.790245
  36.064453	   0.676657
  36.074219	   0.563960
  36.083984	   0.413490
  36.093750	   0.197451
  36.103516	  -0.092084
  36.113281	  -0.440848
  36.123047	  -0.817019
  36.132812	  -1.180886
  36.142578	  -1.496146
  36.152344	  -1.739131
  36.162109	  -1.903210
  36.171875	  -1.997379
  36.181641	  -2.040010
  36.191406	  -2.050274
  36.201172	  -2.040326
  36.210938	  -2.010882
  36.220703	  -1.951506
  36.230469	  -1.845282
  36.240234	  -1.676104
  36.250000	  -1.436083
  36.259766	  -1.130654
  36.269531	  -0.779845
  36.279297	  -0.415456
  36.289062	  -0.075099
  36.298828	   0.205134
  36.308594	   0.397415
  36.318359	   0.486812
  36.328125	   0.473027
  36.337891	   0.369322
  36.347656	   0.199285
  36.357422	  -0.007609
  36.367188	  -0.220763
  36.376953	  -0.412932
  36.386719	  -0.563993
  36.396484	  -0.663737
  36.406250	  -0.713369
  36.416016	  -0.725337
  36.425781	  -0.721153
  36.435547	  -0.727134
  36.445312	  -0.768515
  36.455078	  -0.862973
  36.464844	  -1.015110
  36.474609	  -1.213516
  36.484375	  -1.431632
  36.494141	  -1.632699
  36.503906	  -1.777894
  36.513672	  -1.835687
  36.523438	  -1.789880
  36.533203	  -1.643947
  36.542969	  -1.420278
  36.552734	  -1.154362
  36.562500	  -0.885509
  36.572266	  -0.646812
  36.582031	  -0.457289
  36.591797	  -0.318513
  36.601562	  -0.216568
  36.611328	  -0.128499
  36.621094	  -0.030965
  36.630859	   0.091806
  36.640625	   0.243363
  36.650391	   0.415000
  36.660156	   0.590051
  36.669922	   0.750675
  36.679688	   0.884467
  36.689453	   0.988406
  36.699219	   1.068710
  36.708984	   1.136808
  36.718750	   1.203143
  36.728516	   1.271433
  36.738281	   1.335862
  36.748047	   1.382610
  36.757812	   1.395410
  36.767578	   1.363158
  36.777344	   1.286622
  36.787109	   1.181378
  36.796875	   1.075291
  36.806641	   1.000797
  36.816406	   0.984224
  36.826172	   1.035702
  36.835938	   1.143357
  36.845703	   1.274285
  36.855469	   1.382665
  36.865234	   1.422962
  36.875000	   1.364283
  36.884766	   1.201321
  36.894531	   0.958161
  36.904297	   0.683345
  36.914062	   0.437303
  36.923828	   0.275695
  36.933594	   0.233599
  36.943359	   0.315270
  36.953125	   0.492543
  36.962891	   0.712315
  36.972656	   0.910805
  36.982422	   1.030299
  36.992188	   1.033507
  37.001953	   0.911562
  37.011719	   0.683821
  37.021484	   0.390205
  37.031250	   0.078962
  37.041016	  -0.206099
  37.050781	  -0.435117
  37.060547	  -0.596102
  37.070312	  -0.692956
  37.080078	  -0.739261
  37.089844	  -0.750677
  37.099609	  -0.738873
  37.109375	  -0.708932
  37.119141	  -0.660603
  37.128906	  -0.592202
  37.138672	  -0.504989
  37.148438	  -0.405806
  37.158203	  -0.306641
  37.167969	  -0.221118
  37.177734	  -0.159327
  37.187500	  -0.123133
  37.197266	  -0.104094
  37.207031	  -0.085145
  37.216797	  -0.045840
  37.226562	   0.030425
  37.236328	   0.149613
  37.246094	   0.303009
  37.255859	   0.467408
  37.265625	   0.609588
  37.275391	   0.693719
  37.285156	   0.689427
  37.294922	   0.578152
  37.304688	   0.356095
  37.314453	   0.033317
  37.324219	  -0.370181
  37.333984	  -0.829684
  37.343750	  -1.320428
  37.353516	  -1.820339
  37.363281	  -2.310533
  37.373047	  -2.774235
  37.382812	  -3.195421
  37.392578	  -3.558462
  37.402344	  -3.849380
  37.412109	  -4.058415
  37.421875	  -4.182688
  37.431641	  -4.227457
  37.441406	  -4.204812
  37.451172	  -4.129618
  37.460938	  -4.013786
  37.470703	  -3.860859
  37.480469	  -3.663209
  37.490234	  -3.403459
  37.500000	  -3.060373
  37.509766	  -2.617748
  37.519531	  -2.073494
  37.529297	  -1.445598
  37.539062	  -0.772353
  37.548828	  -0.105945
  37.558594	   0.499306
  37.568359	   1.000754
  37.578125	   1.379011
  37.587891	   1.643341
  37.597656	   1.828679
  37.607422	   1.984628
  37.617188	   2.159438
  37.626953	   2.383718
  37.636719	   2.658986
  37.646484	   2.954805
  37.656250	   3.215728
  37.666016	   3.376227
  37.675781	   3.379316
  37.685547	   3.193360
  37.695312	   2.822142
  37.705078	   2.305294
  37.714844	   1.709142
  37.724609	   1.110871
  37.734375	   0.580782
  37.744141	   0.167739
  37.753906	  -0.108375
  37.763672	  -0.255757
  37.773438	  -0.302579
  37.783203	  -0.285025
  37.792969	  -0.235663
  37.802734	  -0.175749
  37.812500	  -0.113344
  37.822266	  -0.046888
  37.832031	   0.027986
  37.841797	   0.111601
  37.851562	   0.196205
  37.861328	   0.266348
  37.871094	   0.303368
  37.880859	   0.292080
  37.890625	   0.226921
  37.900391	   0.115026
  37.910156	  -0.025097
  37.919922	  -0.168940
  37.929688	  -0.293558
  37.939453	  -0.384642
  37.949219	  -0.440594
  37.958984	  -0.472199
  37.968750	  -0.498045
  37.978516	  -0.537353
  37.988281	  -0.602692
  37.998047	  -0.695064
  38.007812	  -0.802855
  38.017578	  -0.904815
  38.027344	  -0.975804
  38.037109	  -0.993250
  38.046875	  -0.942202
  38.056641	  -0.817616
  38.066406	  -0.623670
  38.076172	  -0.371041
  38.085938	  -0.073706
  38.095703	   0.253213
  38.105469	   0.593797
  38.115234	   0.930101
  38.125000	   1.240533
  38.134766	   1.499336
  38.144531	   1.678367
  38.154297	   1.751371
  38.164062	   1.699807
  38.173828	   1.518348
  38.183594	   1.217948
  38.193359	   0.824968
  38.203125	   0.376120
  38.212891	  -0.089548
  38.222656	  -0.539206
  38.232422	  -0.952593
  38.242188	  -1.324032
  38.251953	  -1.659424
  38.261719	  -1.969310
  38.271484	  -2.260533
  38.281250	  -2.529641
  38.291016	  -2.760624
  38.300781	  -2.928091
  38.310547	  -3.005004
  38.320312	  -2.972332
  38.330078	  -2.827143
  38.339844	  -2.585971
  38.349609	  -2.281848
  38.359375	  -1.955517
  38.369141	  -1.643471
  38.378906	  -1.366707
  38.388672	  -1.124038
  38.398438	  -0.892494
  38.408203	  -0.635023
  38.417969	  -0.313356
  38.427734	   0.097889
  38.437500	   0.600256
  38.447266	   1.167119
  38.457031	   1.747387
  38.466797	   2.276165
  38.476562	   2.689218
  38.486328	   2.937028
  38.496094	   2.994590
  38.505859	   2.864608
  38.515625	   2.573894
  38.525391	   2.164861
  38.535156	   1.685196
  38.544922	   1.178930
  38.554688	   0.681136
  38.564453	   0.216838
  38.574219	  -0.196891
  38.583984	  -0.547676
  38.593750	  -0.825545
  38.603516	  -1.022862
  38.613281	  -1.136449
  38.623047	  -1.170591
  38.632812	  -1.139017
  38.642578	  -1.064181
  38.652344	  -0.973256
  38.662109	  -0.891655
  38.671875	  -0.836137
  38.681641	  -0.809997
  38.691406	  -0.802346
  38.701172	  -0.792119
  38.710938	  -0.755732
  38.720703	  -0.675872
  38.730469	  -0.548339
  38.740234	  -0.384399
  38.750000	  -0.207662
  38.759766	  -0.046432
  38.769531	   0.075794
  38.779297	   0.148239
  38.789062	   0.176232
  38.798828	   0.178684
  38.808594	   0.180465
  38.818359	   0.202414
  38.828125	   0.252697
  38.837891	   0.322862
  38.847656	   0.390278
  38.857422	   0.426320
  38.867188	   0.407435
  38.876953	   0.325004
  38.886719	   0.190174
  38.896484	   0.031511
  38.906250	  -0.114077
  38.916016	  -0.214137
  38.925781	  -0.252625
  38.935547	  -0.236455
  38.945312	  -0.193830
  38.955078	  -0.164395
  38.964844	  -0.184264
  38.974609	  -0.271106
  38.984375	  -0.414832
  38.994141	  -0.577802
  39.003906	  -0.705393
  39.013672	  -0.744130
  39.023438	  -0.661688
  39.033203	  -0.462014
  39.042969	  -0.189902
  39.052734	   0.077470
  39.062500	   0.250417
  39.072266	   0.252574
  39.082031	   0.044972
  39.091797	  -0.359207
  39.101562	  -0.894188
  39.111328	  -1.456293
  39.121094	  -1.929983
  39.130859	  -2.217988
  39.140625	  -2.266950
  39.150391	  -2.081266
  39.160156	  -1.721270
  39.169922	  -1.286477
  39.179688	  -0.888862
  39.189453	  -0.623870
  39.199219	  -0.547165
  39.208984	  -0.663184
  39.218750	  -0.927862
  39.228516	  -1.263804
  39.238281	  -1.582812
  39.248047	  -1.809034
  39.257812	  -1.896452
  39.267578	  -1.836606
  39.277344	  -1.655610
  39.287109	  -1.402634
  39.296875	  -1.134109
  39.306641	  -0.898559
  39.316406	  -0.726107
  39.326172	  -0.624779
  39.335938	  -0.583493
  39.345703	  -0.579773
  39.355469	  -0.589202
  39.365234	  -0.593660
  39.375000	  -0.586241
  39.384766	  -0.571989
  39.394531	  -0.564891
  39.404297	  -0.582431
  39.414062	  -0.639426
  39.423828	  -0.742796
  39.433594	  -0.888513
  39.443359	  -1.061453
  39.453125	  -1.238253
  39.462891	  -1.392725
  39.472656	  -1.502801
  39.482422	  -1.557475
  39.492188	  -1.561870
  39.501953	  -1.538564
  39.511719	  -1.523846
  39.521484	  -1.558643
  39.531250	  -1.675433
  39.541016	  -1.884001
  39.550781	  -2.160082
  39.560547	  -2.441006
  39.570312	  -2.631330
  39.580078	  -2.619019
  39.589844	  -2.299677
  39.599609	  -1.603369
  39.609375	  -0.516907
  39.619141	   0.905367
  39.628906	   2.546853
  39.638672	   4.250442
  39.648438	   5.852374
  39.658203	   7.219823
  39.667969	   8.281933
  39.677734	   9.045059
  39.687500	   9.586926
  39.697266	  10.030245
  39.707031	  10.502488
  39.716797	  11.093024
  39.726562	  11.820231
  39.736328	  12.618905
  39.746094	  13.352687
  39.755859	  13.849010
  39.765625	  13.947218
  39.775391	  13.546198
  39.785156	  12.637507
  39.794922	  11.313759
  39.804688	   9.748993
  39.814453	   8.155840
  39.824219	   6.731156
  39.833984	   5.605347
  39.843750	   4.809735
  39.853516	   4.271303
  39.863281	   3.836424
  39.873047	   3.316968
  39.882812	   2.545971
  39.892578	   1.427493
  39.902344	  -0.032833
  39.912109	  -1.724506
  39.921875	  -3.456384
  39.931641	  -5.001316
  39.941406	  -6.148885
  39.951172	  -6.752458
  39.960938	  -6.759041
  39.970703	  -6.215688
  39.980469	  -5.252773
  39.990234	  -4.050361
