# Time	Amplitude (cm/s/s)
   0.000000	   1.047572
   0.009766	   0.399351
   0.019531	  -0.095641
   0.029297	  -0.391623
   0.039062	  -0.487841
   0.048828	  -0.423113
   0.058594	  -0.260672
   0.068359	  -0.068193
   0.078125	   0.100889
   0.087891	   0.219360
   0.097656	   0.288487
   0.107422	   0.330751
   0.117188	   0.376305
   0.126953	   0.448249
   0.136719	   0.551902
   0.146484	   0.671593
   0.156250	   0.775733
   0.166016	   0.828010
   0.175781	   0.800480
   0.185547	   0.683806
   0.195312	   0.491051
   0.205078	   0.253812
   0.214844	   0.012236
   0.224609	  -0.197415
   0.234375	  -0.353183
   0.244141	  -0.452180
   0.253906	  -0.508173
   0.263672	  -0.543092
   0.273438	  -0.575766
   0.283203	  -0.612167
   0.292969	  -0.640893
   0.302734	  -0.635664
   0.312500	  -0.564074
   0.322266	  -0.399493
   0.332031	  -0.131822
   0.341797	   0.226859
   0.351562	   0.643961
   0.361328	   1.074995
   0.371094	   1.476256
   0.380859	   1.817182
   0.390625	   2.088001
   0.400391	   2.299831
   0.410156	   2.476952
   0.419922	   2.643735
   0.429688	   2.810663
   0.439453	   2.964375
   0.449219	   3.065536
   0.458984	   3.055893
   0.468750	   2.872933
   0.478516	   2.468069
   0.488281	   1.823013
   0.498047	   0.959385
   0.507812	  -0.061492
   0.517578	  -1.148905
   0.527344	  -2.200559
   0.537109	  -3.123301
   0.546875	  -3.851442
   0.556641	  -4.358216
   0.566406	  -4.657896
   0.576172	  -4.798572
   0.585938	  -4.847963
   0.595703	  -4.876064
   0.605469	  -4.938862
   0.615234	  -5.066625
   0.625000	  -5.258826
   0.634766	  -5.486062
   0.644531	  -5.697813
   0.654297	  -5.833869
   0.664062	  -5.836882
   0.673828	  -5.663643
   0.683594	  -5.293223
   0.693359	  -4.730827
   0.703125	  -4.006977
   0.712891	  -3.172352
   0.722656	  -2.289296
   0.732422	  -1.421573
   0.742188	  -0.624284
   0.751953	   0.064019
   0.761719	   0.625393
   0.771484	   1.061847
   0.781250	   1.390246
   0.791016	   1.634169
   0.800781	   1.815073
   0.810547	   1.945356
   0.820312	   2.025451
   0.830078	   2.045836
   0.839844	   1.993265
   0.849609	   1.859046
   0.859375	   1.646331
   0.869141	   1.373560
   0.878906	   1.072390
   0.888672	   0.780298
   0.898438	   0.530043
   0.908203	   0.339509
   0.917969	   0.205655
   0.927734	   0.105160
   0.937500	   0.002235
   0.947266	  -0.138499
   0.957031	  -0.338084
   0.966797	  -0.593082
   0.976562	  -0.873083
   0.986328	  -1.127481
   0.996094	  -1.300029
   1.005859	  -1.346937
   1.015625	  -1.252725
   1.025391	  -1.038383
   1.035156	  -0.758561
   1.044922	  -0.487942
   1.054688	  -0.300484
   1.064453	  -0.247772
   1.074219	  -0.343282
   1.083984	  -0.557771
   1.093750	  -0.827609
   1.103516	  -1.073820
   1.113281	  -1.226113
   1.123047	  -1.244475
   1.132812	  -1.131540
   1.142578	  -0.931774
   1.152344	  -0.717635
   1.162109	  -0.566936
   1.171875	  -0.538408
   1.181641	  -0.652968
   1.191406	  -0.886331
   1.201172	  -1.175020
   1.210938	  -1.433662
   1.220703	  -1.578078
   1.230469	  -1.547162
   1.240234	  -1.317299
   1.250000	  -0.905747
   1.259766	  -0.363073
   1.269531	   0.241931
   1.279297	   0.839414
   1.289062	   1.372301
   1.298828	   1.803177
   1.308594	   2.113520
   1.318359	   2.297447
   1.328125	   2.353929
   1.337891	   2.281578
   1.347656	   2.078549
   1.357422	   1.747581
   1.367188	   1.303685
   1.376953	   0.780472
   1.386719	   0.231231
   1.396484	  -0.277383
   1.406250	  -0.678433
   1.416016	  -0.921181
   1.425781	  -0.985867
   1.435547	  -0.891692
   1.445312	  -0.694724
   1.455078	  -0.475482
   1.464844	  -0.319259
   1.474609	  -0.294582
   1.484375	  -0.435936
   1.494141	  -0.735583
   1.503906	  -1.146524
   1.513672	  -1.595297
   1.523438	  -2.000457
   1.533203	  -2.291192
   1.542969	  -2.421010
   1.552734	  -2.373409
   1.562500	  -2.159363
   1.572266	  -1.808996
   1.582031	  -1.361376
   1.591797	  -0.856266
   1.601562	  -0.330171
   1.611328	   0.183213
   1.621094	   0.650143
   1.630859	   1.034637
   1.640625	   1.299692
   1.650391	   1.413029
   1.660156	   1.356226
   1.669922	   1.134134
   1.679688	   0.780598
   1.689453	   0.357185
   1.699219	  -0.056305
   1.708984	  -0.378010
   1.718750	  -0.542806
   1.728516	  -0.518369
   1.738281	  -0.313588
   1.748047	   0.023506
   1.757812	   0.418011
   1.767578	   0.787210
   1.777344	   1.060930
   1.787109	   1.197386
   1.796875	   1.190189
   1.806641	   1.065046
   1.816406	   0.867903
   1.826172	   0.648822
   1.835938	   0.446916
   1.845703	   0.280949
   1.855469	   0.147993
   1.865234	   0.029707
   1.875000	  -0.096713
   1.884766	  -0.247166
   1.894531	  -0.422924
   1.904297	  -0.608991
   1.914062	  -0.778658
   1.923828	  -0.902168
   1.933594	  -0.956134
   1.943359	  -0.930348
   1.953125	  -0.829856
   1.962891	  -0.672094
   1.972656	  -0.480675
   1.982422	  -0.278507
   1.992188	  -0.082889
   2.001953	   0.095861
   2.011719	   0.252274
   2.021484	   0.381650
   2.031250	   0.476344
   2.041016	   0.524499
   2.050781	   0.512172
   2.060547	   0.428276
   2.070312	   0.270396
   2.080078	   0.049014
   2.089844	  -0.211880
   2.099609	  -0.478527
   2.109375	  -0.714560
   2.119141	  -0.889342
   2.128906	  -0.984742
   2.138672	  -0.998137
   2.148438	  -0.940832
   2.158203	  -0.832753
   2.167969	  -0.695619
   2.177734	  -0.547203
   2.187500	  -0.398692
   2.197266	  -0.255721
   2.207031	  -0.121999
   2.216797	  -0.003272
   2.226562	   0.090820
   2.236328	   0.148522
   2.246094	   0.161173
   2.255859	   0.129867
   2.265625	   0.070439
   2.275391	   0.013775
   2.285156	  -0.000117
   2.294922	   0.066508
   2.304688	   0.235456
   2.314453	   0.501286
   2.324219	   0.826946
   2.333984	   1.149073
   2.343750	   1.392636
   2.353516	   1.491273
   2.363281	   1.407337
   2.373047	   1.145145
   2.382812	   0.752668
   2.392578	   0.310356
   2.402344	  -0.090096
   2.412109	  -0.370774
   2.421875	  -0.488650
   2.431641	  -0.446077
   2.441406	  -0.287306
   2.451172	  -0.082176
   2.460938	   0.097606
   2.470703	   0.201709
   2.480469	   0.216198
   2.490234	   0.165351
   2.500000	   0.099847
   2.509766	   0.075567
   2.519531	   0.130576
   2.529297	   0.268545
   2.539062	   0.454688
   2.548828	   0.625993
   2.558594	   0.712503
   2.568359	   0.662439
   2.578125	   0.462452
   2.587891	   0.145738
   2.597656	  -0.215216
   2.607422	  -0.529333
   2.617188	  -0.714541
   2.626953	  -0.723312
   2.636719	  -0.557756
   2.646484	  -0.269301
   2.656250	   0.056961
   2.666016	   0.328119
   2.675781	   0.471114
   2.685547	   0.453403
   2.695312	   0.290283
   2.705078	   0.037117
   2.714844	  -0.230340
   2.724609	  -0.440501
   2.734375	  -0.547180
   2.744141	  -0.540779
   2.753906	  -0.446543
   2.763672	  -0.311520
   2.773438	  -0.185680
   2.783203	  -0.104270
   2.792969	  -0.077588
   2.802734	  -0.091238
   2.812500	  -0.115891
   2.822266	  -0.122087
   2.832031	  -0.093927
   2.841797	  -0.036216
   2.851562	   0.027640
   2.861328	   0.065933
   2.871094	   0.052886
   2.880859	  -0.019036
   2.890625	  -0.133853
   2.900391	  -0.256231
   2.910156	  -0.343799
   2.919922	  -0.363105
   2.929688	  -0.303120
   2.939453	  -0.180981
   2.949219	  -0.037410
   2.958984	   0.076890
   2.968750	   0.119138
   2.978516	   0.070199
   2.988281	  -0.057724
   2.998047	  -0.224489
   3.007812	  -0.375556
   3.017578	  -0.461002
   3.027344	  -0.453254
   3.037109	  -0.357144
   3.046875	  -0.208548
   3.056641	  -0.061992
   3.066406	   0.028450
   3.076172	   0.028152
   3.085938	  -0.065968
   3.095703	  -0.224587
   3.105469	  -0.396637
   3.115234	  -0.527583
   3.125000	  -0.578677
   3.134766	  -0.540169
   3.144531	  -0.433687
   3.154297	  -0.302996
   3.164062	  -0.196599
   3.173828	  -0.148730
   3.183594	  -0.165874
   3.193359	  -0.223982
   3.203125	  -0.277580
   3.212891	  -0.277563
   3.222656	  -0.191117
   3.232422	  -0.016318
   3.242188	   0.214283
   3.251953	   0.442813
   3.261719	   0.605057
   3.271484	   0.652713
   3.281250	   0.570973
   3.291016	   0.385053
   3.300781	   0.153095
   3.310547	  -0.052278
   3.320312	  -0.167445
   3.330078	  -0.158158
   3.339844	  -0.029743
   3.349609	   0.176315
   3.359375	   0.397984
   3.369141	   0.574755
   3.378906	   0.668173
   3.388672	   0.673505
   3.398438	   0.618514
   3.408203	   0.550122
   3.417969	   0.514182
   3.427734	   0.536142
   3.437500	   0.610013
   3.447266	   0.699942
   3.457031	   0.753941
   3.466797	   0.724699
   3.476562	   0.589604
   3.486328	   0.362242
   3.496094	   0.090624
   3.505859	  -0.157726
   3.515625	  -0.318797
   3.525391	  -0.355032
   3.535156	  -0.269768
   3.544922	  -0.107623
   3.554688	   0.059755
   3.564453	   0.157902
   3.574219	   0.135335
   3.583984	  -0.018138
   3.593750	  -0.267160
   3.603516	  -0.542225
   3.613281	  -0.762842
   3.623047	  -0.864337
   3.632812	  -0.818933
   3.642578	  -0.643789
   3.652344	  -0.393391
   3.662109	  -0.139349
   3.671875	   0.054891
   3.681641	   0.155135
   3.691406	   0.165732
   3.701172	   0.123950
   3.710938	   0.081915
   3.720703	   0.083309
   3.730469	   0.143985
   3.740234	   0.244219
   3.750000	   0.335865
   3.759766	   0.361946
   3.769531	   0.281279
   3.779297	   0.088484
   3.789062	  -0.178840
   3.798828	  -0.449440
   3.808594	  -0.641683
   3.818359	  -0.692792
   3.828125	  -0.583335
   3.837891	  -0.347457
   3.847656	  -0.064141
   3.857422	   0.168450
   3.867188	   0.267171
   3.876953	   0.194689
   3.886719	  -0.024402
   3.896484	  -0.308726
   3.906250	  -0.545726
   3.916016	  -0.629673
   3.925781	  -0.499233
   3.935547	  -0.161457
   3.945312	   0.306692
   3.955078	   0.780571
   3.964844	   1.126958
   3.974609	   1.247063
   3.984375	   1.108858
   3.994141	   0.757534
   4.003906	   0.300232
   4.013672	  -0.129987
   4.023438	  -0.418745
   4.033203	  -0.508291
   4.042969	  -0.415725
   4.052734	  -0.225233
   4.062500	  -0.057035
   4.072266	  -0.023897
   4.082031	  -0.190404
   4.091797	  -0.549288
   4.101562	  -1.023144
   4.111328	  -1.490977
   4.121094	  -1.830243
   4.130859	  -1.959539
   4.140625	  -1.866778
   4.150391	  -1.612741
   4.160156	  -1.308584
   4.169922	  -1.075130
   4.179688	  -0.998380
   4.189453	  -1.097194
   4.199219	  -1.314986
   4.208984	  -1.538832
   4.218750	  -1.639643
   4.228516	  -1.519301
   4.238281	  -1.147761
   4.248047	  -0.576174
   4.257812	   0.079838
   4.267578	   0.682242
   4.277344	   1.124284
   4.287109	   1.377345
   4.296875	   1.513923
   4.306641	   1.696921
   4.316406	   2.136279
   4.326172	   3.024799
   4.335938	   4.472402
   4.345703	   6.459358
   4.355469	   8.823955
   4.365234	  11.289931
   4.375000	  13.527186
   4.384766	  15.229268
   4.394531	  16.186093
   4.404297	  16.331720
   4.414062	  15.754238
   4.423828	  14.665653
   4.433594	  13.340797
   4.443359	  12.042533
   4.453125	  10.953581
   4.462891	  10.132742
   4.472656	   9.505981
   4.482422	   8.893274
   4.492188	   8.062875
   4.501953	   6.798238
   4.511719	   4.960469
   4.521484	   2.531199
   4.531250	  -0.373907
   4.541016	  -3.523632
   4.550781	  -6.617101
   4.560547	  -9.346730
   4.570312	 -11.464375
   4.580078	 -12.836202
   4.589844	 -13.473794
   4.599609	 -13.533489
   4.609375	 -13.282145
   4.619141	 -13.034608
   4.628906	 -13.074978
   4.638672	 -13.578800
   4.648438	 -14.555157
   4.658203	 -15.825264
   4.667969	 -17.047253
   4.677734	 -17.786328
   4.687500	 -17.617659
   4.697266	 -16.239117
   4.707031	 -13.565580
   4.716797	  -9.778199
   4.726562	  -5.311318
   4.736328	  -0.774922
   4.746094	   3.172146
   4.755859	   5.968281
   4.765625	   7.277220
   4.775391	   7.063587
   4.785156	   5.594143
   4.794922	   3.362926
   4.804688	   0.959808
   4.814453	  -1.081408
   4.824219	  -2.412799
   4.833984	  -2.943519
   4.843750	  -2.833058
   4.853516	  -2.410621
   4.863281	  -2.047206
   4.873047	  -2.021535
   4.882812	  -2.422839
   4.892578	  -3.121709
   4.902344	  -3.818323
   4.912109	  -4.152112
   4.921875	  -3.836515
   4.931641	  -2.773523
   4.941406	  -1.108538
   4.951172	   0.795044
   4.960938	   2.455961
   4.970703	   3.419429
   4.980469	   3.399671
   4.990234	   2.373881
   5.000000	   0.595455
   5.009766	  -1.480101
   5.019531	  -3.334879
   5.029297	  -4.550272
   5.039062	  -4.938947
   5.048828	  -4.603961
   5.058594	  -3.904691
   5.068359	  -3.339165
   5.078125	  -3.379611
   5.087891	  -4.313774
   5.097656	  -6.143383
   5.107422	  -8.573198
   5.117188	 -11.094987
   5.126953	 -13.139900
   5.136719	 -14.250062
   5.146484	 -14.213420
   5.156250	 -13.117334
   5.166016	 -11.302644
   5.175781	  -9.232679
   5.185547	  -7.320208
   5.195312	  -5.770314
   5.205078	  -4.493416
   5.214844	  -3.120993
   5.224609	  -1.123626
   5.234375	   2.002863
   5.244141	   6.541197
   5.253906	  12.410323
   5.263672	  19.126675
   5.273438	  25.888169
   5.283203	  31.762496
   5.292969	  35.928240
   5.302734	  37.899001
   5.312500	  37.663223
   5.322266	  35.695236
   5.332031	  32.829752
   5.341797	  30.031868
   5.351562	  28.125773
   5.361328	  27.558585
   5.371094	  28.267066
   5.380859	  29.686761
   5.390625	  30.903401
   5.400391	  30.906568
   5.410156	  28.876829
   5.419922	  24.427865
   5.429688	  17.737121
   5.439453	   9.528605
   5.449219	   0.911321
   5.458984	  -6.884626
   5.468750	 -12.805245
   5.478516	 -16.225845
   5.488281	 -17.094993
   5.498047	 -15.933022
   5.507812	 -13.686790
   5.517578	 -11.479227
   5.527344	 -10.318451
   5.537109	 -10.840474
   5.546875	 -13.149831
   5.556641	 -16.796707
   5.566406	 -20.894193
   5.576172	 -24.344190
   5.585938	 -26.113893
   5.595703	 -25.493320
   5.605469	 -22.270386
   5.615234	 -16.781954
   5.625000	  -9.831109
   5.634766	  -2.494706
   5.644531	   4.127769
   5.654297	   9.159410
   5.664062	  12.123856
   5.673828	  13.013795
   5.683594	  12.237631
   5.693359	  10.464562
   5.703125	   8.414960
   5.712891	   6.656501
   5.722656	   5.463114
   5.732422	   4.774549
   5.742188	   4.264431
   5.751953	   3.492602
   5.761719	   2.092527
   5.771484	  -0.066021
   5.781250	  -2.791622
   5.791016	  -5.592628
   5.800781	  -7.802235
   5.810547	  -8.771718
   5.820312	  -8.073971
   5.830078	  -5.654190
   5.839844	  -1.878432
   5.849609	   2.539747
   5.859375	   6.717872
   5.869141	   9.839008
   5.878906	  11.374098
   5.888672	  11.225612
   5.898438	   9.747644
   5.908203	   7.633519
   5.917969	   5.701558
   5.927734	   4.640938
   5.937500	   4.792958
   5.947266	   6.033905
   5.957031	   7.796618
   5.966797	   9.227104
   5.976562	   9.432406
   5.986328	   7.748385
   5.996094	   3.949627
   6.005859	  -1.659781
   6.015625	  -8.301129
   6.025391	 -14.905801
   6.035156	 -20.376687
   6.044922	 -23.852010
   6.054688	 -24.898364
   6.064453	 -23.582389
   6.074219	 -20.407362
   6.083984	 -16.140647
   6.093750	 -11.588389
   6.103516	  -7.386092
   6.113281	  -3.864832
   6.123047	  -1.026180
   6.132812	   1.376477
   6.142578	   3.685464
   6.152344	   6.170699
   6.162109	   8.903233
   6.171875	  11.711281
   6.181641	  14.230690
   6.191406	  16.030209
   6.201172	  16.767600
   6.210938	  16.323211
   6.220703	  14.865470
   6.230469	  12.824931
   6.240234	  10.782631
   6.250000	   9.305309
   6.259766	   8.776357
   6.269531	   9.272583
   6.279297	  10.523219
   6.289062	  11.963733
   6.298828	  12.870453
   6.308594	  12.540465
   6.318359	  10.470599
   6.328125	   6.491562
   6.337891	   0.826834
   6.347656	  -5.934128
   6.357422	 -12.938361
   6.367188	 -19.221923
   6.376953	 -23.879206
   6.386719	 -26.216554
   6.396484	 -25.864915
   6.406250	 -22.836773
   6.416016	 -17.523207
   6.425781	 -10.635549
   6.435547	  -3.102079
   6.445312	   4.065893
   6.455078	   9.921475
   6.464844	  13.723866
   6.474609	  15.053666
   6.484375	  13.882067
   6.494141	  10.578490
   6.503906	   5.849938
   6.513672	   0.617727
   6.523438	  -4.148952
   6.533203	  -7.611601
   6.542969	  -9.216340
   6.552734	  -8.789391
   6.562500	  -6.552126
   6.572266	  -3.052184
   6.582031	   0.972423
   6.591797	   4.762582
   6.601562	   7.699004
   6.611328	   9.416258
   6.621094	   9.845075
   6.630859	   9.178439
   6.640625	   7.777952
   6.650391	   6.052345
   6.660156	   4.345313
   6.669922	   2.863717
   6.679688	   1.662046
   6.689453	   0.679799
   6.699219	  -0.188353
   6.708984	  -1.018899
   6.718750	  -1.810327
   6.728516	  -2.475551
   6.738281	  -2.876624
   6.748047	  -2.886280
   6.757812	  -2.450725
   6.767578	  -1.627458
   6.777344	  -0.580997
   6.787109	   0.464959
   6.796875	   1.303738
   6.806641	   1.823301
   6.816406	   2.055774
   6.826172	   2.177371
   6.835938	   2.453326
   6.845703	   3.141486
   6.855469	   4.383883
   6.865234	   6.122396
   6.875000	   8.069891
   6.884766	   9.752939
   6.894531	  10.620775
   6.904297	  10.194111
   6.914062	   8.213224
   6.923828	   4.742074
   6.933594	   0.195178
   6.943359	  -4.726000
   6.953125	  -9.175860
   6.962891	 -12.353380
   6.972656	 -13.690015
   6.982422	 -12.989131
   6.992188	 -10.480948
   7.001953	  -6.778060
   7.011719	  -2.741377
   7.021484	   0.711678
   7.031250	   2.811206
   7.041016	   3.103438
   7.050781	   1.545689
   7.060547	  -1.492369
   7.070312	  -5.318868
   7.080078	  -9.078349
   7.089844	 -11.941240
   7.099609	 -13.281289
   7.109375	 -12.802556
   7.119141	 -10.590422
   7.128906	  -7.078915
   7.138672	  -2.945325
   7.148438	   1.041518
   7.158203	   4.183972
   7.167969	   5.993260
   7.177734	   6.273220
   7.187500	   5.134789
   7.197266	   2.942387
   7.207031	   0.209127
   7.216797	  -2.530848
   7.226562	  -4.840436
   7.236328	  -6.459522
   7.246094	  -7.329460
   7.255859	  -7.560316
   7.265625	  -7.354940
   7.275391	  -6.915790
   7.285156	  -6.364787
   7.294922	  -5.702012
   7.304688	  -4.816670
   7.314453	  -3.547020
   7.324219	  -1.769608
   7.333984	   0.512606
   7.343750	   3.115268
   7.353516	   5.674310
   7.363281	   7.711092
   7.373047	   8.747797
   7.382812	   8.442478
   7.392578	   6.704114
   7.402344	   3.750631
   7.412109	   0.087043
   7.421875	  -3.597010
   7.431641	  -6.587279
   7.441406	  -8.321256
   7.451172	  -8.532607
   7.460938	  -7.322452
   7.470703	  -5.135426
   7.480469	  -2.644790
   7.490234	  -0.576533
   7.500000	   0.480006
   7.509766	   0.223381
   7.519531	  -1.287846
   7.529297	  -3.660691
   7.539062	  -6.282090
   7.548828	  -8.488362
   7.558594	  -9.741640
   7.568359	  -9.764644
   7.578125	  -8.598679
   7.587891	  -6.572873
   7.597656	  -4.198223
   7.607422	  -2.020557
   7.617188	  -0.476049
   7.626953	   0.210680
   7.636719	   0.060982
   7.646484	  -0.694453
   7.656250	  -1.705939
   7.666016	  -2.617391
   7.675781	  -3.166138
   7.685547	  -3.242187
   7.695312	  -2.894244
   7.705078	  -2.287360
   7.714844	  -1.631442
   7.724609	  -1.106795
   7.734375	  -0.810750
   7.744141	  -0.739891
   7.753906	  -0.808975
   7.763672	  -0.895341
   7.773438	  -0.890221
   7.783203	  -0.738044
   7.792969	  -0.451033
   7.802734	  -0.096452
   7.812500	   0.236023
   7.822266	   0.472732
   7.832031	   0.585086
   7.841797	   0.598649
   7.851562	   0.579696
   7.861328	   0.605309
   7.871094	   0.729022
   7.880859	   0.955317
   7.890625	   1.232655
   7.900391	   1.467751
   7.910156	   1.556026
   7.919922	   1.417446
   7.929688	   1.025238
   7.939453	   0.417674
   7.949219	  -0.310856
   7.958984	  -1.036153
   7.968750	  -1.638904
   7.978516	  -2.036443
   7.988281	  -2.201811
   7.998047	  -2.165175
   8.007812	  -1.998707
   8.017578	  -1.791278
   8.027344	  -1.621961
   8.037109	  -1.540690
   8.046875	  -1.560985
   8.056641	  -1.664963
   8.066406	  -1.816631
   8.076172	  -1.977243
   8.085938	  -2.116887
   8.095703	  -2.219015
   8.105469	  -2.278115
   8.115234	  -2.293655
   8.125000	  -2.264647
   8.134766	  -2.188230
   8.144531	  -2.063177
   8.154297	  -1.896304
   8.164062	  -1.707749
   8.173828	  -1.531041
   8.183594	  -1.405797
   8.193359	  -1.364209
   8.203125	  -1.415704
   8.212891	  -1.535983
   8.222656	  -1.666062
   8.232422	  -1.723979
   8.242188	  -1.627330
   8.251953	  -1.320504
   8.261719	  -0.797860
   8.271484	  -0.114464
   8.281250	   0.620667
   8.291016	   1.268423
   8.300781	   1.694511
   8.310547	   1.805333
   8.320312	   1.573898
   8.330078	   1.047559
   8.339844	   0.334865
   8.349609	  -0.424674
   8.359375	  -1.098701
   8.369141	  -1.596383
   8.378906	  -1.888725
   8.388672	  -2.009147
   8.398438	  -2.035068
   8.408203	  -2.057281
   8.417969	  -2.147573
   8.427734	  -2.335172
   8.437500	  -2.599244
   8.447266	  -2.879020
   8.457031	  -3.097154
   8.466797	  -3.187679
   8.476562	  -3.118756
   8.486328	  -2.902613
   8.496094	  -2.589823
   8.505859	  -2.250582
   8.515625	  -1.950056
   8.525391	  -1.726667
   8.535156	  -1.580845
   8.544922	  -1.477888
   8.554688	  -1.363530
   8.564453	  -1.186447
   8.574219	  -0.919681
   8.583984	  -0.573560
   8.593750	  -0.195761
   8.603516	   0.141334
   8.613281	   0.361662
   8.623047	   0.407940
   8.632812	   0.258502
   8.642578	  -0.066357
   8.652344	  -0.509759
   8.662109	  -0.992826
   8.671875	  -1.433360
   8.681641	  -1.762896
   8.691406	  -1.937716
   8.701172	  -1.942033
   8.710938	  -1.784381
   8.720703	  -1.490232
   8.730469	  -1.094359
   8.740234	  -0.635492
   8.750000	  -0.153951
   8.759766	   0.308939
   8.769531	   0.711822
   8.779297	   1.016603
   8.789062	   1.194533
   8.798828	   1.233718
   8.808594	   1.145153
   8.818359	   0.964110
   8.828125	   0.744814
   8.837891	   0.548598
   8.847656	   0.428303
   8.857422	   0.413518
   8.867188	   0.501600
   8.876953	   0.657886
   8.886719	   0.825682
   8.896484	   0.943246
   8.906250	   0.962469
   8.916016	   0.863129
   8.925781	   0.657901
   8.935547	   0.386381
   8.945312	   0.100162
   8.955078	  -0.155850
   8.964844	  -0.359228
   8.974609	  -0.517247
   8.984375	  -0.662782
   8.994141	  -0.840173
   9.003906	  -1.086003
   9.013672	  -1.411708
   9.023438	  -1.794481
   9.033203	  -2.180191
   9.042969	  -2.497816
   9.052734	  -2.680839
   9.062500	  -2.688412
   9.072266	  -2.518987
   9.082031	  -2.211506
   9.091797	  -1.833436
   9.101562	  -1.459430
   9.111328	  -1.147651
   9.121094	  -0.921725
   9.130859	  -0.764426
   9.140625	  -0.625318
   9.150391	  -0.439826
   9.160156	  -0.153388
   9.169922	   0.257403
   9.179688	   0.773777
   9.189453	   1.337552
   9.199219	   1.866828
   9.208984	   2.279465
   9.218750	   2.516710
   9.228516	   2.559474
   9.238281	   2.432265
   9.248047	   2.193972
   9.257812	   1.918928
   9.267578	   1.674676
   9.277344	   1.503603
   9.287109	   1.413964
   9.296875	   1.382427
   9.306641	   1.366380
   9.316406	   1.321177
   9.326172	   1.216216
   9.335938	   1.044638
   9.345703	   0.823978
   9.355469	   0.588416
   9.365234	   0.376062
   9.375000	   0.216132
   9.384766	   0.120462
   9.394531	   0.081904
   9.404297	   0.079468
   9.414062	   0.087708
   9.423828	   0.086566
   9.433594	   0.068078
   9.443359	   0.037863
   9.453125	   0.011411
   9.462891	   0.007109
   9.472656	   0.038959
   9.482422	   0.111681
   9.492188	   0.219696
   9.501953	   0.349751
   9.511719	   0.485538
   9.521484	   0.612092
   9.531250	   0.718198
   9.541016	   0.796244
   9.550781	   0.840417
   9.560547	   0.845026
   9.570312	   0.804789
   9.580078	   0.717910
   9.589844	   0.591218
   9.599609	   0.445172
   9.609375	   0.315815
   9.619141	   0.251360
   9.628906	   0.302750
   9.638672	   0.509922
   9.648438	   0.887574
   9.658203	   1.415230
   9.667969	   2.035749
   9.677734	   2.664155
   9.687500	   3.205478
   9.697266	   3.577172
   9.707031	   3.729768
   9.716797	   3.659469
   9.726562	   3.408539
   9.736328	   3.052914
   9.746094	   2.680468
   9.755859	   2.366334
   9.765625	   2.152734
   9.775391	   2.039383
   9.785156	   1.987268
   9.794922	   1.934302
   9.804688	   1.817673
   9.814453	   1.595615
   9.824219	   1.261681
   9.833984	   0.847187
   9.843750	   0.411393
   9.853516	   0.023015
   9.863281	  -0.260670
   9.873047	  -0.410283
   9.882812	  -0.431245
   9.892578	  -0.359347
   9.902344	  -0.246992
   9.912109	  -0.145110
   9.921875	  -0.086908
   9.931641	  -0.078658
   9.941406	  -0.100118
   9.951172	  -0.113763
   9.960938	  -0.079158
   9.970703	   0.032703
   9.980469	   0.229864
   9.990234	   0.497431
  10.000000	   0.803107
  10.009766	   1.107598
  10.019531	   1.375820
  10.029297	   1.584960
  10.039062	   1.727025
  10.048828	   1.805848
  10.058594	   1.830628
  10.068359	   1.809307
  10.078125	   1.744803
  10.087891	   1.635728
  10.097656	   1.481065
  10.107422	   1.286519
  10.117188	   1.069308
  10.126953	   0.858708
  10.136719	   0.691264
  10.146484	   0.601745
  10.156250	   0.612789
  10.166016	   0.726937
  10.175781	   0.924165
  10.185547	   1.166184
  10.195312	   1.406413
  10.205078	   1.602467
  10.214844	   1.727084
  10.224609	   1.773912
  10.234375	   1.756398
  10.244141	   1.700499
  10.253906	   1.634064
  10.263672	   1.576901
  10.273438	   1.535082
  10.283203	   1.501394
  10.292969	   1.461358
  10.302734	   1.402120
  10.312500	   1.320353
  10.322266	   1.225752
  10.332031	   1.138453
  10.341797	   1.081180
  10.351562	   1.069188
  10.361328	   1.102155
  10.371094	   1.161662
  10.380859	   1.215940
  10.390625	   1.230745
  10.400391	   1.182714
  10.410156	   1.070241
  10.419922	   0.917406
  10.429688	   0.768723
  10.439453	   0.675680
  10.449219	   0.679165
  10.458984	   0.793672
  10.468750	   0.999037
  10.478516	   1.243215
  10.488281	   1.456028
  10.498047	   1.570029
  10.507812	   1.542018
  10.517578	   1.368154
  10.527344	   1.087434
  10.537109	   0.771895
  10.546875	   0.506192
  10.556641	   0.362651
  10.566406	   0.379515
  10.576172	   0.549120
  10.585938	   0.819701
  10.595703	   1.110172
  10.605469	   1.333267
  10.615234	   1.419876
  10.625000	   1.337276
  10.634766	   1.096127
  10.644531	   0.744807
  10.654297	   0.353664
  10.664062	  -0.005298
  10.673828	  -0.276755
  10.683594	  -0.433116
  10.693359	  -0.475815
  10.703125	  -0.427829
  10.712891	  -0.321218
  10.722656	  -0.184777
  10.732422	  -0.036212
  10.742188	   0.118932
  10.751953	   0.282197
  10.761719	   0.454047
  10.771484	   0.626744
  10.781250	   0.781821
  10.791016	   0.893688
  10.800781	   0.938304
  10.810547	   0.903635
  10.820312	   0.797641
  10.830078	   0.650239
  10.839844	   0.507736
  10.849609	   0.420967
  10.859375	   0.430700
  10.869141	   0.555037
  10.878906	   0.782993
  10.888672	   1.076475
  10.898438	   1.380097
  10.908203	   1.635724
  10.917969	   1.797155
  10.927734	   1.840504
  10.937500	   1.767433
  10.947266	   1.600940
  10.957031	   1.375851
  10.966797	   1.127786
  10.976562	   0.884478
  10.986328	   0.662075
  10.996094	   0.466880
  11.005859	   0.300832
  11.015625	   0.167587
  11.025391	   0.076059
  11.035156	   0.039459
  11.044922	   0.069971
  11.054688	   0.171230
  11.064453	   0.331966
  11.074219	   0.524049
  11.083984	   0.706683
  11.093750	   0.836205
  11.103516	   0.878653
  11.113281	   0.820953
  11.123047	   0.676598
  11.132812	   0.483390
  11.142578	   0.293325
  11.152344	   0.157465
  11.162109	   0.110457
  11.171875	   0.159679
  11.181641	   0.282636
  11.191406	   0.433604
  11.201172	   0.557553
  11.210938	   0.606992
  11.220703	   0.556485
  11.230469	   0.410365
  11.240234	   0.201408
  11.250000	  -0.018826
  11.259766	  -0.194724
  11.269531	  -0.281695
  11.279297	  -0.257073
  11.289062	  -0.123922
  11.298828	   0.092672
  11.308594	   0.354816
  11.318359	   0.622996
  11.328125	   0.865425
  11.337891	   1.062933
  11.347656	   1.208640
  11.357422	   1.303694
  11.367188	   1.351650
  11.376953	   1.354230
  11.386719	   1.310293
  11.396484	   1.218174
  11.406250	   1.079968
  11.416016	   0.905331
  11.425781	   0.712515
  11.435547	   0.525456
  11.445312	   0.367439
  11.455078	   0.253445
  11.464844	   0.184126
  11.474609	   0.143995
  11.484375	   0.105106
  11.494141	   0.035479
  11.503906	  -0.090268
  11.513672	  -0.281583
  11.523438	  -0.527231
  11.533203	  -0.796934
  11.542969	  -1.049068
  11.552734	  -1.242033
  11.562500	  -1.345575
  11.572266	  -1.348419
  11.582031	  -1.259806
  11.591797	  -1.104702
  11.601562	  -0.914588
  11.611328	  -0.717266
  11.621094	  -0.529292
  11.630859	  -0.353589
  11.640625	  -0.182777
  11.650391	  -0.006600
  11.660156	   0.179692
  11.669922	   0.369476
  11.679688	   0.543860
  11.689453	   0.676306
  11.699219	   0.741111
  11.708984	   0.722596
  11.718750	   0.621426
  11.728516	   0.455524
  11.738281	   0.255011
  11.748047	   0.052863
  11.757812	  -0.125371
  11.767578	  -0.268959
  11.777344	  -0.383686
  11.787109	  -0.487101
  11.796875	  -0.599006
  11.806641	  -0.730727
  11.816406	  -0.877354
  11.826172	  -1.016191
  11.835938	  -1.112486
  11.845703	  -1.130854
  11.855469	  -1.048600
  11.865234	  -0.866217
  11.875000	  -0.611092
  11.884766	  -0.332611
  11.894531	  -0.089786
  11.904297	   0.064885
  11.914062	   0.100204
  11.923828	   0.014882
  11.933594	  -0.162831
  11.943359	  -0.384403
  11.953125	  -0.596090
  11.962891	  -0.754894
  11.972656	  -0.840218
  11.982422	  -0.857618
  11.992188	  -0.833741
  12.001953	  -0.804594
  12.011719	  -0.801456
  12.021484	  -0.839444
  12.031250	  -0.912652
  12.041016	  -0.997338
  12.050781	  -1.061747
  12.060547	  -1.078800
  12.070312	  -1.036913
  12.080078	  -0.944970
  12.089844	  -0.829606
  12.099609	  -0.725778
  12.109375	  -0.664030
  12.119141	  -0.659028
  12.128906	  -0.703537
  12.138672	  -0.770032
  12.148438	  -0.819478
  12.158203	  -0.814257
  12.167969	  -0.730781
  12.177734	  -0.567486
  12.187500	  -0.345533
  12.197266	  -0.102101
  12.207031	   0.121267
  12.216797	   0.291167
  12.226562	   0.391379
  12.236328	   0.425543
  12.246094	   0.412814
  12.255859	   0.378434
  12.265625	   0.342880
  12.275391	   0.313665
  12.285156	   0.282825
  12.294922	   0.230953
  12.304688	   0.136221
  12.314453	  -0.015008
  12.324219	  -0.220006
  12.333984	  -0.457087
  12.343750	  -0.689786
  12.353516	  -0.876601
  12.363281	  -0.983105
  12.373047	  -0.992406
  12.382812	  -0.910505
  12.392578	  -0.764795
  12.402344	  -0.596294
  12.412109	  -0.448193
  12.421875	  -0.354424
  12.431641	  -0.331738
  12.441406	  -0.377436
  12.451172	  -0.472886
  12.460938	  -0.591061
  12.470703	  -0.705200
  12.480469	  -0.795619
  12.490234	  -0.852760
  12.500000	  -0.876149
  12.509766	  -0.870527
  12.519531	  -0.841368
  12.529297	  -0.791967
  12.539062	  -0.723356
  12.548828	  -0.636883
  12.558594	  -0.537970
  12.568359	  -0.438907
  12.578125	  -0.358792
  12.587891	  -0.319878
  12.597656	  -0.341108
  12.607422	  -0.430964
  12.617188	  -0.582367
  12.626953	  -0.771886
  12.636719	  -0.964184
  12.646484	  -1.120790
  12.656250	  -1.210631
  12.666016	  -1.219010
  12.675781	  -1.151982
  12.685547	  -1.034548
  12.695312	  -0.903067
  12.705078	  -0.794247
  12.714844	  -0.734218
  12.724609	  -0.731198
  12.734375	  -0.774033
  12.744141	  -0.836942
  12.753906	  -0.888715
  12.763672	  -0.903178
  12.773438	  -0.867420
  12.783203	  -0.785162
  12.792969	  -0.674404
  12.802734	  -0.560489
  12.812500	  -0.467247
  12.822266	  -0.409405
  12.832031	  -0.388835
  12.841797	  -0.395683
  12.851562	  -0.413593
  12.861328	  -0.426779
  12.871094	  -0.426106
  12.880859	  -0.411880
  12.890625	  -0.392408
  12.900391	  -0.379082
  12.910156	  -0.380151
  12.919922	  -0.395850
  12.929688	  -0.417026
  12.939453	  -0.428037
  12.949219	  -0.412962
  12.958984	  -0.362794
  12.968750	  -0.280750
  12.978516	  -0.183388
  12.988281	  -0.096710
  12.998047	  -0.048260
  13.007812	  -0.057778
  13.017578	  -0.129650
  13.027344	  -0.249931
  13.037109	  -0.389200
  13.046875	  -0.510572
  13.056641	  -0.580384
  13.066406	  -0.578127
  13.076172	  -0.502446
  13.085938	  -0.371292
  13.095703	  -0.216333
  13.105469	  -0.073557
  13.115234	   0.026756
  13.125000	   0.067492
  13.134766	   0.047405
  13.144531	  -0.021364
  13.154297	  -0.119534
  13.164062	  -0.228086
  13.173828	  -0.333962
  13.183594	  -0.432097
  13.193359	  -0.523372
  13.203125	  -0.609771
  13.212891	  -0.689164
  13.222656	  -0.752298
  13.232422	  -0.783688
  13.242188	  -0.766497
  13.251953	  -0.689788
  13.261719	  -0.555368
  13.271484	  -0.381317
  13.281250	  -0.200283
  13.291016	  -0.052396
  13.300781	   0.025367
  13.310547	   0.010147
  13.320312	  -0.099111
  13.330078	  -0.279940
  13.339844	  -0.491461
  13.349609	  -0.684972
  13.359375	  -0.816868
  13.369141	  -0.859993
  13.378906	  -0.810004
  13.388672	  -0.684978
  13.398438	  -0.518680
  13.408203	  -0.349861
  13.417969	  -0.211173
  13.427734	  -0.121125
  13.437500	  -0.081351
  13.447266	  -0.079508
  13.457031	  -0.096218
  13.466797	  -0.113237
  13.476562	  -0.119826
  13.486328	  -0.115228
  13.496094	  -0.106755
  13.505859	  -0.104682
  13.515625	  -0.116314
  13.525391	  -0.141787
  13.535156	  -0.173357
  13.544922	  -0.198493
  13.554688	  -0.205486
  13.564453	  -0.189272
  13.574219	  -0.154980
  13.583984	  -0.117570
  13.593750	  -0.097410
  13.603516	  -0.113210
  13.613281	  -0.174857
  13.623047	  -0.278820
  13.632812	  -0.407980
  13.642578	  -0.536186
  13.652344	  -0.636117
  13.662109	  -0.687827
  13.671875	  -0.685002
  13.681641	  -0.636755
  13.691406	  -0.564271
  13.701172	  -0.493442
  13.710938	  -0.446014
  13.720703	  -0.432295
  13.730469	  -0.447883
  13.740234	  -0.475495
  13.750000	  -0.491161
  13.759766	  -0.472547
  13.769531	  -0.406520
  13.779297	  -0.293351
  13.789062	  -0.146271
  13.798828	   0.013263
  13.808594	   0.162732
  13.818359	   0.285467
  13.828125	   0.374874
  13.837891	   0.434608
  13.847656	   0.474890
  13.857422	   0.506626
  13.867188	   0.535764
  13.876953	   0.560172
  13.886719	   0.570308
  13.896484	   0.553419
  13.906250	   0.499624
  13.916016	   0.407423
  13.925781	   0.286345
  13.935547	   0.155487
  13.945312	   0.038230
  13.955078	  -0.045075
  13.964844	  -0.083854
  13.974609	  -0.080940
  13.984375	  -0.051650
  13.994141	  -0.018454
  14.003906	  -0.003001
  14.013672	  -0.018293
  14.023438	  -0.063783
  14.033203	  -0.125232
  14.042969	  -0.179471
  14.052734	  -0.202462
  14.062500	  -0.177903
  14.072266	  -0.103324
  14.082031	   0.008472
  14.091797	   0.133193
  14.101562	   0.242778
  14.111328	   0.314416
  14.121094	   0.337737
  14.130859	   0.317710
  14.140625	   0.272297
  14.150391	   0.225712
  14.160156	   0.199716
  14.169922	   0.205973
  14.179688	   0.242164
  14.189453	   0.293122
  14.199219	   0.336554
  14.208984	   0.351254
  14.218750	   0.324905
  14.228516	   0.258749
  14.238281	   0.167538
  14.248047	   0.074875
  14.257812	   0.005647
  14.267578	  -0.021773
  14.277344	  -0.000896
  14.287109	   0.061701
  14.296875	   0.149550
  14.306641	   0.242506
  14.316406	   0.323620
  14.326172	   0.384191
  14.335938	   0.425282
  14.345703	   0.455358
  14.355469	   0.485196
  14.365234	   0.522163
  14.375000	   0.566183
  14.384766	   0.608987
  14.394531	   0.636952
  14.404297	   0.636427
  14.414062	   0.599482
  14.423828	   0.527778
  14.433594	   0.432978
  14.443359	   0.333365
  14.453125	   0.247793
  14.462891	   0.189089
  14.472656	   0.159347
  14.482422	   0.148875
  14.492188	   0.139318
  14.501953	   0.109989
  14.511719	   0.045271
  14.521484	  -0.059417
  14.531250	  -0.195145
  14.541016	  -0.341344
  14.550781	  -0.471392
  14.560547	  -0.560049
  14.570312	  -0.590306
  14.580078	  -0.557511
  14.589844	  -0.469618
  14.599609	  -0.343785
  14.609375	  -0.200767
  14.619141	  -0.059142
  14.628906	   0.068686
  14.638672	   0.177617
  14.648438	   0.268190
  14.658203	   0.343248
  14.667969	   0.404621
  14.677734	   0.451326
  14.687500	   0.480051
  14.697266	   0.487578
  14.707031	   0.473931
  14.716797	   0.444589
  14.726562	   0.410474
  14.736328	   0.385269
  14.746094	   0.380790
  14.755859	   0.402082
  14.765625	   0.444208
  14.775391	   0.492281
  14.785156	   0.525204
  14.794922	   0.522179
  14.804688	   0.469978
  14.814453	   0.368438
  14.824219	   0.232139
  14.833984	   0.087368
  14.843750	  -0.034920
  14.853516	  -0.108010
  14.863281	  -0.117375
  14.873047	  -0.065025
  14.882812	   0.031216
  14.892578	   0.143323
  14.902344	   0.241746
  14.912109	   0.304305
  14.921875	   0.322395
  14.931641	   0.302528
  14.941406	   0.262844
  14.951172	   0.225954
  14.960938	   0.210676
  14.970703	   0.225583
  14.980469	   0.266537
  14.990234	   0.318964
  15.000000	   0.363873
  15.009766	   0.385356
  15.019531	   0.376756
  15.029297	   0.343256
  15.039062	   0.299944
  15.048828	   0.266099
  15.058594	   0.257810
  15.068359	   0.281665
  15.078125	   0.331881
  15.087891	   0.391983
  15.097656	   0.440499
  15.107422	   0.458678
  15.117188	   0.437465
  15.126953	   0.381190
  15.136719	   0.306600
  15.146484	   0.237461
  15.156250	   0.196572
  15.166016	   0.197921
  15.175781	   0.241728
  15.185547	   0.314093
  15.195312	   0.391399
  15.205078	   0.447982
  15.214844	   0.464463
  15.224609	   0.433921
  15.234375	   0.363897
  15.244141	   0.273609
  15.253906	   0.187448
  15.263672	   0.127008
  15.273438	   0.104363
  15.283203	   0.118757
  15.292969	   0.157640
  15.302734	   0.201472
  15.312500	   0.230460
  15.322266	   0.230824
  15.332031	   0.198534
  15.341797	   0.139430
  15.351562	   0.066026
  15.361328	  -0.007551
  15.371094	  -0.070484
  15.380859	  -0.118210
  15.390625	  -0.152461
  15.400391	  -0.178622
  15.410156	  -0.201711
  15.419922	  -0.222768
  15.429688	  -0.237243
  15.439453	  -0.236136
  15.449219	  -0.209504
  15.458984	  -0.150983
  15.468750	  -0.061479
  15.478516	   0.049516
  15.488281	   0.165715
  15.498047	   0.268470
  15.507812	   0.342359
  15.517578	   0.379968
  15.527344	   0.384129
  15.537109	   0.366761
  15.546875	   0.344666
  15.556641	   0.333743
  15.566406	   0.343633
  15.576172	   0.374692
  15.585938	   0.418310
  15.595703	   0.460409
  15.605469	   0.486792
  15.615234	   0.488370
  15.625000	   0.464346
  15.634766	   0.422224
  15.644531	   0.374690
  15.654297	   0.334583
  15.664062	   0.309891
  15.673828	   0.300691
  15.683594	   0.299234
  15.693359	   0.293184
  15.703125	   0.270843
  15.712891	   0.226374
  15.722656	   0.163037
  15.732422	   0.093107
  15.742188	   0.034349
  15.751953	   0.004206
  15.761719	   0.013705
  15.771484	   0.063269
  15.781250	   0.141984
  15.791016	   0.230658
  15.800781	   0.307698
  15.810547	   0.355823
  15.820312	   0.367294
  15.830078	   0.345899
  15.839844	   0.305014
  15.849609	   0.262463
  15.859375	   0.233991
  15.869141	   0.227647
  15.878906	   0.241017
  15.888672	   0.262235
  15.898438	   0.274370
  15.908203	   0.261617
  15.917969	   0.215098
  15.927734	   0.136304
  15.937500	   0.037003
  15.947266	  -0.064233
  15.957031	  -0.147638
  15.966797	  -0.198031
  15.976562	  -0.208830
  15.986328	  -0.183108
  15.996094	  -0.131563
  16.005859	  -0.068381
  16.015625	  -0.006660
  16.025391	   0.044955
  16.035156	   0.083321
  16.044922	   0.109462
  16.054688	   0.125691
  16.064453	   0.132673
  16.074219	   0.127835
  16.083984	   0.105949
  16.093750	   0.061724
  16.103516	  -0.006646
  16.113281	  -0.094578
  16.123047	  -0.190276
  16.132812	  -0.276734
  16.142578	  -0.336186
  16.152344	  -0.355661
  16.162109	  -0.331689
  16.171875	  -0.272361
  16.181641	  -0.195754
  16.191406	  -0.124965
  16.201172	  -0.081206
  16.210938	  -0.077169
  16.220703	  -0.112874
  16.230469	  -0.175465
  16.240234	  -0.243093
  16.250000	  -0.291686
  16.259766	  -0.302397
  16.269531	  -0.267312
  16.279297	  -0.191561
  16.289062	  -0.091242
  16.298828	   0.012068
  16.308594	   0.098236
  16.318359	   0.154579
  16.328125	   0.178948
  16.337891	   0.178970
  16.347656	   0.167931
  16.357422	   0.158921
  16.367188	   0.159486
  16.376953	   0.168733
  16.386719	   0.177951
  16.396484	   0.174427
  16.406250	   0.147005
  16.416016	   0.091250
  16.425781	   0.012230
  16.435547	  -0.076197
  16.445312	  -0.155429
  16.455078	  -0.208111
  16.464844	  -0.223938
  16.474609	  -0.203191
  16.484375	  -0.156698
  16.494141	  -0.102179
  16.503906	  -0.058224
  16.513672	  -0.037993
  16.523438	  -0.044836
  16.533203	  -0.071348
  16.542969	  -0.102203
  16.552734	  -0.119751
  16.562500	  -0.110423
  16.572266	  -0.069739
  16.582031	  -0.004178
  16.591797	   0.070685
  16.601562	   0.135095
  16.611328	   0.171385
  16.621094	   0.169445
  16.630859	   0.129593
  16.640625	   0.062001
  16.650391	  -0.016984
  16.660156	  -0.090221
  16.669922	  -0.144949
  16.679688	  -0.176026
  16.689453	  -0.186277
  16.699219	  -0.184089
  16.708984	  -0.179340
  16.718750	  -0.179307
  16.728516	  -0.186068
  16.738281	  -0.196291
  16.748047	  -0.203307
  16.757812	  -0.200519
  16.767578	  -0.184687
  16.777344	  -0.157760
  16.787109	  -0.126501
  16.796875	  -0.100073
  16.806641	  -0.086553
  16.816406	  -0.089778
  16.826172	  -0.107786
  16.835938	  -0.133511
  16.845703	  -0.157484
  16.855469	  -0.171513
  16.865234	  -0.171891
  16.875000	  -0.160860
  16.884766	  -0.145702
  16.894531	  -0.135758
  16.904297	  -0.138483
  16.914062	  -0.156100
  16.923828	  -0.184185
  16.933594	  -0.212879
  16.943359	  -0.230378
  16.953125	  -0.227509
  16.962891	  -0.201685
  16.972656	  -0.158700
  16.982422	  -0.111569
  16.992188	  -0.076623
  17.001953	  -0.068146
  17.011719	  -0.093376
  17.021484	  -0.149633
  17.031250	  -0.224683
  17.041016	  -0.300268
  17.050781	  -0.357696
  17.060547	  -0.383600
  17.070312	  -0.373927
  17.080078	  -0.334815
  17.089844	  -0.280111
  17.099609	  -0.226412
  17.109375	  -0.187424
  17.119141	  -0.169577
  17.128906	  -0.170403
  17.138672	  -0.180168
  17.148438	  -0.186056
  17.158203	  -0.177324
  17.167969	  -0.149504
  17.177734	  -0.106117
  17.187500	  -0.057273
  17.197266	  -0.015731
  17.207031	   0.008129
  17.216797	   0.010495
  17.226562	  -0.004089
  17.236328	  -0.024065
  17.246094	  -0.034903
  17.255859	  -0.024391
  17.265625	   0.012713
  17.275391	   0.072377
  17.285156	   0.142208
  17.294922	   0.205309
  17.304688	   0.245748
  17.314453	   0.253733
  17.324219	   0.228690
  17.333984	   0.179205
  17.343750	   0.119868
  17.353516	   0.066201
  17.363281	   0.029482
  17.373047	   0.013286
  17.382812	   0.012950
  17.392578	   0.018042
  17.402344	   0.016887
  17.412109	   0.001419
  17.421875	  -0.029445
  17.431641	  -0.069146
  17.441406	  -0.105791
  17.451172	  -0.126556
  17.460938	  -0.122575
  17.470703	  -0.092495
  17.480469	  -0.043385
  17.490234	   0.011341
  17.500000	   0.056283
  17.509766	   0.079096
  17.519531	   0.074453
  17.529297	   0.045493
  17.539062	   0.002297
  17.548828	  -0.042033
  17.558594	  -0.076212
  17.568359	  -0.094762
  17.578125	  -0.099699
  17.587891	  -0.099319
  17.597656	  -0.104574
  17.607422	  -0.124393
  17.617188	  -0.161730
  17.626953	  -0.211813
  17.636719	  -0.263308
  17.646484	  -0.301995
  17.656250	  -0.315671
  17.666016	  -0.298508
  17.675781	  -0.253279
  17.685547	  -0.190641
  17.695312	  -0.125697
  17.705078	  -0.073051
  17.714844	  -0.042097
  17.724609	  -0.034192
  17.734375	  -0.042695
  17.744141	  -0.055803
  17.753906	  -0.061139
  17.763672	  -0.050426
  17.773438	  -0.022568
  17.783203	   0.015939
  17.792969	   0.053369
  17.802734	   0.077009
  17.812500	   0.077731
  17.822266	   0.053239
  17.832031	   0.008849
  17.841797	  -0.044433
  17.851562	  -0.093775
  17.861328	  -0.128908
  17.871094	  -0.145421
  17.880859	  -0.145809
  17.890625	  -0.137952
  17.900391	  -0.131652
  17.910156	  -0.134574
  17.919922	  -0.149127
  17.929688	  -0.171441
  17.939453	  -0.192824
  17.949219	  -0.203125
  17.958984	  -0.194735
  17.968750	  -0.165730
  17.978516	  -0.120961
  17.988281	  -0.070687
  17.998047	  -0.027245
  18.007812	  -0.000962
  18.017578	   0.003191
  18.027344	  -0.012974
  18.037109	  -0.041851
  18.046875	  -0.073007
  18.056641	  -0.096993
  18.066406	  -0.108562
  18.076172	  -0.108111
  18.085938	  -0.100868
  18.095703	  -0.094211
  18.105469	  -0.094232
  18.115234	  -0.102936
  18.125000	  -0.117236
  18.134766	  -0.130178
  18.144531	  -0.133950
  18.154297	  -0.123509
  18.164062	  -0.099351
  18.173828	  -0.068224
  18.183594	  -0.041345
  18.193359	  -0.030617
  18.203125	  -0.044160
  18.212891	  -0.082816
  18.222656	  -0.139001
  18.232422	  -0.198515
  18.242188	  -0.244850
  18.251953	  -0.264596
  18.261719	  -0.252097
  18.271484	  -0.211682
  18.281250	  -0.156578
  18.291016	  -0.104764
  18.300781	  -0.073082
  18.310547	  -0.071568
  18.320312	  -0.099949
  18.330078	  -0.147529
  18.339844	  -0.196562
  18.349609	  -0.228006
  18.359375	  -0.227757
  18.369141	  -0.191262
  18.378906	  -0.124995
  18.388672	  -0.044298
  18.398438	   0.031617
  18.408203	   0.085832
  18.417969	   0.108963
  18.427734	   0.101767
  18.437500	   0.074336
  18.447266	   0.042266
  18.457031	   0.021215
  18.466797	   0.021741
  18.476562	   0.046162
  18.486328	   0.088384
  18.496094	   0.136596
  18.505859	   0.177707
  18.515625	   0.201880
  18.525391	   0.205519
  18.535156	   0.191759
  18.544922	   0.168416
  18.554688	   0.144334
  18.564453	   0.125616
  18.574219	   0.113206
  18.583984	   0.102761
  18.593750	   0.086838
  18.603516	   0.058524
  18.613281	   0.015071
  18.623047	  -0.039909
  18.632812	  -0.096625
  18.642578	  -0.141711
  18.652344	  -0.162400
  18.662109	  -0.150819
  18.671875	  -0.106864
  18.681641	  -0.038622
  18.691406	   0.039861
  18.701172	   0.112725
  18.710938	   0.166951
  18.720703	   0.195973
  18.730469	   0.201065
  18.740234	   0.190117
  18.750000	   0.174341
  18.759766	   0.164129
  18.769531	   0.165526
  18.779297	   0.178510
  18.789062	   0.197571
  18.798828	   0.214222
  18.808594	   0.220419
  18.818359	   0.211583
  18.828125	   0.188128
  18.837891	   0.155035
  18.847656	   0.119747
  18.857422	   0.089307
  18.867188	   0.067895
  18.876953	   0.055712
  18.886719	   0.049588
  18.896484	   0.044981
  18.906250	   0.038459
  18.916016	   0.029563
  18.925781	   0.021223
  18.935547	   0.018473
  18.945312	   0.025944
  18.955078	   0.045159
  18.964844	   0.072812
  18.974609	   0.100878
  18.984375	   0.118744
  18.994141	   0.116737
  19.003906	   0.089820
  19.013672	   0.040077
  19.023438	  -0.023069
  19.033203	  -0.085175
  19.042969	  -0.131010
  19.052734	  -0.149330
  19.062500	  -0.136583
  19.072266	  -0.098199
  19.082031	  -0.046962
  19.091797	   0.001077
  19.101562	   0.031789
  19.111328	   0.037494
  19.121094	   0.019288
  19.130859	  -0.013674
  19.140625	  -0.047661
  19.150391	  -0.069410
  19.160156	  -0.070957
  19.169922	  -0.052521
  19.179688	  -0.022419
  19.189453	   0.006001
  19.199219	   0.019325
  19.208984	   0.009200
  19.218750	  -0.024211
  19.228516	  -0.071725
  19.238281	  -0.117806
  19.248047	  -0.145552
  19.257812	  -0.142320
  19.267578	  -0.104055
  19.277344	  -0.036850
  19.287109	   0.044821
  19.296875	   0.122595
  19.306641	   0.179951
  19.316406	   0.207254
  19.326172	   0.204478
  19.335938	   0.180766
  19.345703	   0.151070
  19.355469	   0.131099
  19.365234	   0.132298
  19.375000	   0.158525
  19.384766	   0.205414
  19.394531	   0.262477
  19.404297	   0.317014
  19.414062	   0.358389
  19.423828	   0.381125
  19.433594	   0.385862
  19.443359	   0.377994
  19.453125	   0.364703
  19.462891	   0.351643
  19.472656	   0.340598
  19.482422	   0.328995
  19.492188	   0.311404
  19.501953	   0.282357
  19.511719	   0.239307
  19.521484	   0.184514
  19.531250	   0.125019
  19.541016	   0.070663
  19.550781	   0.030827
  19.560547	   0.011123
  19.570312	   0.011270
  19.580078	   0.025018
  19.589844	   0.042192
  19.599609	   0.052183
  19.609375	   0.047616
  19.619141	   0.026894
  19.628906	  -0.005324
  19.638672	  -0.039891
  19.648438	  -0.066565
  19.658203	  -0.077789
  19.667969	  -0.071506
  19.677734	  -0.051999
  19.687500	  -0.028441
  19.697266	  -0.011709
  19.707031	  -0.010611
  19.716797	  -0.028883
  19.726562	  -0.064033
  19.736328	  -0.108413
  19.746094	  -0.152077
  19.755859	  -0.186356
  19.765625	  -0.206810
  19.775391	  -0.214470
  19.785156	  -0.214954
  19.794922	  -0.215804
  19.804688	  -0.223096
  19.814453	  -0.238629
  19.824219	  -0.258785
  19.833984	  -0.275543
  19.843750	  -0.279287
  19.853516	  -0.262403
  19.863281	  -0.222315
  19.873047	  -0.162816
  19.882812	  -0.093141
  19.892578	  -0.025093
  19.902344	   0.030786
  19.912109	   0.068616
  19.921875	   0.088905
  19.931641	   0.097974
  19.941406	   0.105250
  19.951172	   0.119428
  19.960938	   0.144862
  19.970703	   0.179538
  19.980469	   0.215384
  19.990234	   0.240850
  20.000000	   0.244863
  20.009766	   0.220789
  20.019531	   0.168977
  20.029297	   0.097013
  20.039062	   0.017570
  20.048828	  -0.055366
  20.058594	  -0.110597
  20.068359	  -0.142713
  20.078125	  -0.153010
  20.087891	  -0.148092
  20.097656	  -0.136762
  20.107422	  -0.126405
  20.117188	  -0.120220
  20.126953	  -0.116292
  20.136719	  -0.108815
  20.146484	  -0.090913
  20.156250	  -0.057970
  20.166016	  -0.010122
  20.175781	   0.047044
  20.185547	   0.103919
  20.195312	   0.149918
  20.205078	   0.177023
  20.214844	   0.182512
  20.224609	   0.169833
  20.234375	   0.147277
  20.244141	   0.124914
  20.253906	   0.110909
  20.263672	   0.108586
  20.273438	   0.115322
  20.283203	   0.123721
  20.292969	   0.124620
  20.302734	   0.110849
  20.312500	   0.080317
  20.322266	   0.037258
  20.332031	  -0.008891
  20.341797	  -0.046603
  20.351562	  -0.066290
  20.361328	  -0.063762
  20.371094	  -0.041839
  20.380859	  -0.009475
  20.390625	   0.021347
  20.400391	   0.039878
  20.410156	   0.040499
  20.419922	   0.024843
  20.429688	   0.001335
  20.439453	  -0.017740
  20.449219	  -0.020630
  20.458984	  -0.000446
  20.468750	   0.042124
  20.478516	   0.098700
  20.488281	   0.155759
  20.498047	   0.199019
  20.507812	   0.218110
  20.517578	   0.209951
  20.527344	   0.179632
  20.537109	   0.138523
  20.546875	   0.100283
  20.556641	   0.076143
  20.566406	   0.071138
  20.576172	   0.082553
  20.585938	   0.101105
  20.595703	   0.114404
  20.605469	   0.111437
  20.615234	   0.086507
  20.625000	   0.041247
  20.634766	  -0.015940
  20.644531	  -0.072780
  20.654297	  -0.117285
  20.664062	  -0.141692
  20.673828	  -0.144811
  20.683594	  -0.132022
  20.693359	  -0.112994
  20.703125	  -0.098030
  20.712891	  -0.094384
  20.722656	  -0.103872
  20.732422	  -0.122588
  20.742188	  -0.142736
  20.751953	  -0.155826
  20.761719	  -0.155999
  20.771484	  -0.142213
  20.781250	  -0.118513
  20.791016	  -0.092291
  20.800781	  -0.071258
  20.810547	  -0.060270
  20.820312	  -0.059253
  20.830078	  -0.063026
  20.839844	  -0.063115
  20.849609	  -0.050926
  20.859375	  -0.021104
  20.869141	   0.026148
  20.878906	   0.084655
  20.888672	   0.143940
  20.898438	   0.192415
  20.908203	   0.220961
  20.917969	   0.225671
  20.927734	   0.208809
  20.937500	   0.177712
  20.947266	   0.142073
  20.957031	   0.110621
  20.966797	   0.088385
  20.976562	   0.075489
  20.986328	   0.067807
  20.996094	   0.059150
  21.005859	   0.044071
  21.015625	   0.020203
  21.025391	  -0.010759
  21.035156	  -0.043755
  21.044922	  -0.072412
  21.054688	  -0.091609
  21.064453	  -0.099504
  21.074219	  -0.098217
  21.083984	  -0.092896
  21.093750	  -0.089517
  21.103516	  -0.092325
  21.113281	  -0.101948
  21.123047	  -0.115000
  21.132812	  -0.125406
  21.142578	  -0.127011
  21.152344	  -0.116482
  21.162109	  -0.095359
  21.171875	  -0.070357
  21.181641	  -0.051626
  21.191406	  -0.049463
  21.201172	  -0.070558
  21.210938	  -0.115104
  21.220703	  -0.175861
  21.230469	  -0.239646
  21.240234	  -0.290866
  21.250000	  -0.316009
  21.259766	  -0.307632
  21.269531	  -0.266547
  21.279297	  -0.201468
  21.289062	  -0.126262
  21.298828	  -0.055718
  21.308594	  -0.001259
  21.318359	   0.032022
  21.328125	   0.046072
  21.337891	   0.048240
  21.347656	   0.047976
  21.357422	   0.053121
  21.367188	   0.067130
  21.376953	   0.088155
  21.386719	   0.110240
  21.396484	   0.126062
  21.406250	   0.130103
  21.416016	   0.121027
  21.425781	   0.102329
  21.435547	   0.081027
  21.445312	   0.064904
  21.455078	   0.059357
  21.464844	   0.065097
  21.474609	   0.077590
  21.484375	   0.088523
  21.494141	   0.088775
  21.503906	   0.071847
  21.513672	   0.036475
  21.523438	  -0.012550
  21.533203	  -0.065667
  21.542969	  -0.111518
  21.552734	  -0.140536
  21.562500	  -0.147881
  21.572266	  -0.134665
  21.582031	  -0.107080
  21.591797	  -0.073773
  21.601562	  -0.042506
  21.611328	  -0.017361
  21.621094	   0.002420
  21.630859	   0.021516
  21.640625	   0.045890
  21.650391	   0.079427
  21.660156	   0.121228
  21.669922	   0.164665
  21.679688	   0.198744
  21.689453	   0.211429
  21.699219	   0.193843
  21.708984	   0.143860
  21.718750	   0.067752
  21.728516	  -0.020851
  21.738281	  -0.104472
  21.748047	  -0.166744
  21.757812	  -0.197200
  21.767578	  -0.194341
  21.777344	  -0.165928
  21.787109	  -0.126398
  21.796875	  -0.092219
  21.806641	  -0.076720
  21.816406	  -0.086046
  21.826172	  -0.117546
  21.835938	  -0.161033
  21.845703	  -0.202408
  21.855469	  -0.228387
  21.865234	  -0.230720
  21.875000	  -0.208550
  21.884766	  -0.168228
  21.894531	  -0.120788
  21.904297	  -0.078092
  21.914062	  -0.049012
  21.923828	  -0.036967
  21.933594	  -0.039546
  21.943359	  -0.050190
  21.953125	  -0.061155
  21.962891	  -0.066574
  21.972656	  -0.064467
  21.982422	  -0.057003
  21.992188	  -0.049015
  22.001953	  -0.045451
  22.011719	  -0.048829
  22.021484	  -0.057739
  22.031250	  -0.067029
  22.041016	  -0.069632
  22.050781	  -0.059347
  22.060547	  -0.033523
  22.070312	   0.005433
  22.080078	   0.050327
  22.089844	   0.091234
  22.099609	   0.118633
  22.109375	   0.126540
  22.119141	   0.114523
  22.128906	   0.087866
  22.138672	   0.055827
  22.148438	   0.028574
  22.158203	   0.013881
  22.167969	   0.014711
  22.177734	   0.028495
  22.187500	   0.048304
  22.197266	   0.065438
  22.207031	   0.072472
  22.216797	   0.065682
  22.226562	   0.046027
  22.236328	   0.018433
  22.246094	  -0.010260
  22.255859	  -0.033833
  22.265625	  -0.048746
  22.275391	  -0.054944
  22.285156	  -0.055203
  22.294922	  -0.053334
  22.304688	  -0.052066
  22.314453	  -0.051505
  22.324219	  -0.048834
  22.333984	  -0.039444
  22.343750	  -0.019043
  22.353516	   0.014076
  22.363281	   0.057558
  22.373047	   0.104987
  22.382812	   0.147477
  22.392578	   0.176369
  22.402344	   0.186102
  22.412109	   0.176170
  22.421875	   0.151423
  22.431641	   0.120501
  22.441406	   0.092897
  22.451172	   0.075664
  22.460938	   0.070947
  22.470703	   0.075247
  22.480469	   0.080737
  22.490234	   0.078209
  22.500000	   0.060629
  22.509766	   0.026020
  22.519531	  -0.021374
  22.529297	  -0.072125
  22.539062	  -0.114550
  22.548828	  -0.138557
  22.558594	  -0.139070
  22.568359	  -0.117848
  22.578125	  -0.083037
  22.587891	  -0.046583
  22.597656	  -0.020381
  22.607422	  -0.012467
  22.617188	  -0.024548
  22.626953	  -0.051680
  22.636719	  -0.084166
  22.646484	  -0.110980
  22.656250	  -0.123482
  22.666016	  -0.118164
  22.675781	  -0.097485
  22.685547	  -0.068600
  22.695312	  -0.040501
  22.705078	  -0.020674
  22.714844	  -0.012480
  22.724609	  -0.014202
  22.734375	  -0.020045
  22.744141	  -0.022661
  22.753906	  -0.016188
  22.763672	   0.001330
  22.773438	   0.027101
  22.783203	   0.054596
  22.792969	   0.076065
  22.802734	   0.085563
  22.812500	   0.081353
  22.822266	   0.066740
  22.832031	   0.048993
  22.841797	   0.036701
  22.851562	   0.036539
  22.861328	   0.050618
  22.871094	   0.075439
  22.880859	   0.102872
  22.890625	   0.122861
  22.900391	   0.126930
  22.910156	   0.111227
  22.919922	   0.078034
  22.929688	   0.035170
  22.939453	  -0.006533
  22.949219	  -0.036791
  22.958984	  -0.049247
  22.968750	  -0.043470
  22.978516	  -0.024886
  22.988281	  -0.002690
  22.998047	   0.013527
  23.007812	   0.017217
  23.017578	   0.007185
  23.027344	  -0.012049
  23.037109	  -0.031924
  23.046875	  -0.042946
  23.056641	  -0.038104
  23.066406	  -0.015390
  23.076172	   0.021440
  23.085938	   0.064112
  23.095703	   0.102595
  23.105469	   0.128373
  23.115234	   0.137077
  23.125000	   0.129574
  23.134766	   0.111200
  23.144531	   0.089490
  23.154297	   0.071295
  23.164062	   0.060368
  23.173828	   0.056275
  23.183594	   0.054991
  23.193359	   0.050879
  23.203125	   0.039242
  23.212891	   0.018441
  23.222656	  -0.009254
  23.232422	  -0.038404
  23.242188	  -0.062456
  23.251953	  -0.076311
  23.261719	  -0.078412
  23.271484	  -0.071514
  23.281250	  -0.061817
  23.291016	  -0.056725
  23.300781	  -0.062060
  23.310547	  -0.079754
  23.320312	  -0.106909
  23.330078	  -0.136605
  23.339844	  -0.160212
  23.349609	  -0.170408
  23.359375	  -0.163807
  23.369141	  -0.142258
  23.378906	  -0.112315
  23.388672	  -0.083053
  23.398438	  -0.062982
  23.408203	  -0.057147
  23.417969	  -0.065444
  23.427734	  -0.082721
  23.437500	  -0.100631
  23.447266	  -0.110545
  23.457031	  -0.106502
  23.466797	  -0.087121
  23.476562	  -0.055846
  23.486328	  -0.019470
  23.496094	   0.014493
  23.505859	   0.040577
  23.515625	   0.057261
  23.525391	   0.067303
  23.535156	   0.076402
  23.544922	   0.090703
  23.554688	   0.114107
  23.564453	   0.146396
  23.574219	   0.182898
  23.583984	   0.215836
  23.593750	   0.236907
  23.603516	   0.240131
  23.613281	   0.223968
  23.623047	   0.191904
  23.632812	   0.151301
  23.642578	   0.110924
  23.652344	   0.078037
  23.662109	   0.056106
  23.671875	   0.043948
  23.681641	   0.036585
  23.691406	   0.027498
  23.701172	   0.011405
  23.710938	  -0.013461
  23.720703	  -0.044416
  23.730469	  -0.075107
  23.740234	  -0.097696
  23.750000	  -0.105680
  23.759766	  -0.096287
  23.769531	  -0.071580
  23.779297	  -0.037851
  23.789062	  -0.003533
  23.798828	   0.023624
  23.808594	   0.039088
  23.818359	   0.042859
  23.828125	   0.039116
  23.837891	   0.034326
  23.847656	   0.034528
  23.857422	   0.042812
  23.867188	   0.057920
  23.876953	   0.074510
  23.886719	   0.084990
  23.896484	   0.082279
  23.906250	   0.062477
  23.916016	   0.026495
  23.925781	  -0.019977
  23.935547	  -0.068140
  23.945312	  -0.108826
  23.955078	  -0.135333
  23.964844	  -0.145368
  23.974609	  -0.141452
  23.984375	  -0.129671
  23.994141	  -0.117297
  24.003906	  -0.110138
  24.013672	  -0.110597
  24.023438	  -0.117091
  24.033203	  -0.124981
  24.042969	  -0.128589
  24.052734	  -0.123486
  24.062500	  -0.108170
  24.072266	  -0.084483
  24.082031	  -0.056680
  24.091797	  -0.029531
  24.101562	  -0.006292
  24.111328	   0.012631
  24.121094	   0.029709
  24.130859	   0.048967
  24.140625	   0.073802
  24.150391	   0.104813
  24.160156	   0.138584
  24.169922	   0.168031
  24.179688	   0.184373
  24.189453	   0.180128
  24.199219	   0.152125
  24.208984	   0.103417
  24.218750	   0.043287
  24.228516	  -0.014820
  24.238281	  -0.056901
  24.248047	  -0.072420
  24.257812	  -0.057482
  24.267578	  -0.016069
  24.277344	   0.041071
  24.287109	   0.099571
  24.296875	   0.145605
  24.306641	   0.169749
  24.316406	   0.169312
  24.326172	   0.148451
  24.335938	   0.116147
  24.345703	   0.082808
  24.355469	   0.056717
  24.365234	   0.041525
  24.375000	   0.035593
  24.384766	   0.033286
  24.394531	   0.027622
  24.404297	   0.013255
  24.414062	  -0.011367
  24.423828	  -0.043424
  24.433594	  -0.076898
  24.443359	  -0.105009
  24.453125	  -0.122932
  24.462891	  -0.129729
  24.472656	  -0.128743
  24.482422	  -0.126262
  24.492188	  -0.128950
  24.501953	  -0.140999
  24.511719	  -0.162096
  24.521484	  -0.187022
  24.531250	  -0.207101
  24.541016	  -0.213058
  24.550781	  -0.198297
  24.560547	  -0.161457
  24.570312	  -0.107299
  24.580078	  -0.045582
  24.589844	   0.011746
  24.599609	   0.054111
  24.609375	   0.075446
  24.619141	   0.075857
  24.628906	   0.061287
  24.638672	   0.041344
  24.648438	   0.026055
  24.658203	   0.022671
  24.667969	   0.033570
  24.677734	   0.055911
  24.687500	   0.083030
  24.697266	   0.107010
  24.707031	   0.121438
  24.716797	   0.123383
  24.726562	   0.113958
  24.736328	   0.097365
  24.746094	   0.078910
  24.755859	   0.062804
  24.765625	   0.050633
  24.775391	   0.041047
  24.785156	   0.030742
  24.794922	   0.016302
  24.804688	  -0.003903
  24.814453	  -0.028538
  24.824219	  -0.053370
  24.833984	  -0.072583
  24.843750	  -0.080870
  24.853516	  -0.075489
  24.863281	  -0.057476
  24.873047	  -0.031509
  24.882812	  -0.004415
  24.892578	   0.017161
  24.902344	   0.029067
  24.912109	   0.031082
  24.921875	   0.026914
  24.931641	   0.022724
  24.941406	   0.024696
  24.951172	   0.036550
  24.960938	   0.057916
  24.970703	   0.084209
  24.980469	   0.108101
  24.990234	   0.122095
  25.000000	   0.121278
  25.009766	   0.105264
  25.019531	   0.078587
  25.029297	   0.049365
  25.039062	   0.026648
  25.048828	   0.017386
  25.058594	   0.024051
  25.068359	   0.043779
  25.078125	   0.069324
  25.087891	   0.091522
  25.097656	   0.102398
  25.107422	   0.097859
  25.117188	   0.079019
  25.126953	   0.051740
  25.136719	   0.024556
  25.146484	   0.005716
  25.156250	   0.000398
  25.166016	   0.009034
  25.175781	   0.027292
  25.185547	   0.047668
  25.195312	   0.062082
  25.205078	   0.064527
  25.214844	   0.052871
  25.224609	   0.029208
  25.234375	  -0.001249
  25.244141	  -0.032275
  25.253906	  -0.058890
  25.263672	  -0.078943
  25.273438	  -0.093473
  25.283203	  -0.105810
  25.292969	  -0.119829
  25.302734	  -0.138116
  25.312500	  -0.160793
  25.322266	  -0.185457
  25.332031	  -0.208248
  25.341797	  -0.225567
  25.351562	  -0.235727
  25.361328	  -0.239806
  25.371094	  -0.241309
  25.380859	  -0.244718
  25.390625	  -0.253461
  25.400391	  -0.268122
  25.410156	  -0.285652
  25.419922	  -0.299974
  25.429688	  -0.303880
  25.439453	  -0.291567
  25.449219	  -0.260903
  25.458984	  -0.214539
  25.468750	  -0.159372
  25.478516	  -0.104474
  25.488281	  -0.058159
  25.498047	  -0.025219
  25.507812	  -0.005364
  25.517578	   0.006517
  25.527344	   0.018296
  25.537109	   0.037427
  25.546875	   0.067770
  25.556641	   0.107604
  25.566406	   0.149620
  25.576172	   0.183019
  25.585938	   0.197080
  25.595703	   0.185006
  25.605469	   0.146713
  25.615234	   0.089541
  25.625000	   0.026526
  25.634766	  -0.027245
  25.644531	  -0.059076
  25.654297	  -0.062413
  25.664062	  -0.038674
  25.673828	   0.003451
  25.683594	   0.051001
  25.693359	   0.091038
  25.703125	   0.114770
  25.712891	   0.120145
  25.722656	   0.112072
  25.732422	   0.100230
  25.742188	   0.095285
  25.751953	   0.104853
  25.761719	   0.130598
  25.771484	   0.167489
  25.781250	   0.205428
  25.791016	   0.232660
  25.800781	   0.239764
  25.810547	   0.222836
  25.820312	   0.184765
  25.830078	   0.134197
  25.839844	   0.082584
  25.849609	   0.040366
  25.859375	   0.013621
  25.869141	   0.002332
  25.878906	   0.000824
  25.888672	   0.000167
  25.898438	  -0.008342
  25.908203	  -0.029865
  25.917969	  -0.064023
  25.927734	  -0.104890
  25.937500	  -0.142932
  25.947266	  -0.168186
  25.957031	  -0.173550
  25.966797	  -0.157061
  25.976562	  -0.122422
  25.986328	  -0.077657
  25.996094	  -0.032442
  26.005859	   0.004923
  26.015625	   0.029868
  26.025391	   0.042455
  26.035156	   0.046635
  26.044922	   0.048217
  26.054688	   0.052374
  26.064453	   0.061573
  26.074219	   0.074667
  26.083984	   0.087378
  26.093750	   0.093914
  26.103516	   0.089071
  26.113281	   0.070038
  26.123047	   0.037297
  26.132812	  -0.005606
  26.142578	  -0.053229
  26.152344	  -0.099797
  26.162109	  -0.140563
  26.171875	  -0.172496
  26.181641	  -0.194175
  26.191406	  -0.205139
  26.201172	  -0.205128
  26.210938	  -0.193727
  26.220703	  -0.170639
  26.230469	  -0.136525
  26.240234	  -0.093967
  26.250000	  -0.047986
  26.259766	  -0.005639
  26.269531	   0.025460
  26.279297	   0.039386
  26.289062	   0.034200
  26.298828	   0.013426
  26.308594	  -0.014000
  26.318359	  -0.035604
  26.328125	  -0.038698
  26.337891	  -0.014272
  26.347656	   0.039757
  26.357422	   0.117043
  26.367188	   0.203686
  26.376953	   0.281394
  26.386719	   0.332114
  26.396484	   0.342795
  26.406250	   0.308889
  26.416016	   0.235544
  26.425781	   0.136143
  26.435547	   0.028671
  26.445312	  -0.068961
  26.455078	  -0.143229
  26.464844	  -0.187697
  26.474609	  -0.203453
  26.484375	  -0.197352
  26.494141	  -0.178875
  26.503906	  -0.156749
  26.513672	  -0.136489
  26.523438	  -0.119576
  26.533203	  -0.104344
  26.542969	  -0.088020
  26.552734	  -0.068959
  26.562500	  -0.048114
  26.572266	  -0.029120
  26.582031	  -0.016959
  26.591797	  -0.015744
  26.601562	  -0.026549
  26.611328	  -0.046189
  26.621094	  -0.067546
  26.630859	  -0.081431
  26.640625	  -0.079408
  26.650391	  -0.056591
  26.660156	  -0.013441
  26.669922	   0.044124
  26.679688	   0.106387
  26.689453	   0.162699
  26.699219	   0.204617
  26.708984	   0.228225
  26.718750	   0.234887
  26.728516	   0.230223
  26.738281	   0.221706
  26.748047	   0.215805
  26.757812	   0.215671
  26.767578	   0.220197
  26.777344	   0.224725
  26.787109	   0.223079
  26.796875	   0.210131
  26.806641	   0.183906
  26.816406	   0.146464
  26.826172	   0.103231
  26.835938	   0.061073
  26.845703	   0.025875
  26.855469	   0.000549
  26.865234	  -0.015744
  26.875000	  -0.026878
  26.884766	  -0.037841
  26.894531	  -0.052365
  26.904297	  -0.071077
  26.914062	  -0.090935
  26.923828	  -0.106255
  26.933594	  -0.110983
  26.943359	  -0.101411
  26.953125	  -0.078263
  26.962891	  -0.047297
  26.972656	  -0.018054
  26.982422	  -0.001072
  26.992188	  -0.004446
  27.001953	  -0.030924
  27.011719	  -0.076583
  27.021484	  -0.131627
  27.031250	  -0.183136
  27.041016	  -0.218896
  27.050781	  -0.231086
  27.060547	  -0.218577
  27.070312	  -0.187100
  27.080078	  -0.147205
  27.089844	  -0.110717
  27.099609	  -0.086883
  27.109375	  -0.079477
  27.119141	  -0.085833
  27.128906	  -0.098061
  27.138672	  -0.105986
  27.148438	  -0.100754
  27.158203	  -0.077876
  27.167969	  -0.038671
  27.177734	   0.010313
  27.187500	   0.059632
  27.197266	   0.100151
  27.207031	   0.125973
  27.216797	   0.136077
  27.226562	   0.134153
  27.236328	   0.126751
  27.246094	   0.120506
  27.255859	   0.119454
  27.265625	   0.123438
  27.275391	   0.128156
  27.285156	   0.126800
  27.294922	   0.112662
  27.304688	   0.081759
  27.314453	   0.034519
  27.324219	  -0.024036
  27.333984	  -0.085668
  27.343750	  -0.141320
  27.353516	  -0.183694
  27.363281	  -0.209108
  27.373047	  -0.218062
  27.382812	  -0.214408
  27.392578	  -0.203547
  27.402344	  -0.190372
  27.412109	  -0.177750
  27.421875	  -0.166037
  27.431641	  -0.153704
  27.441406	  -0.138695
  27.451172	  -0.119861
  27.460938	  -0.097822
  27.470703	  -0.074858
  27.480469	  -0.053884
  27.490234	  -0.036962
  27.500000	  -0.024048
  27.509766	  -0.012589
  27.519531	   0.001707
  27.529297	   0.023122
  27.539062	   0.053807
  27.548828	   0.092143
  27.558594	   0.132338
  27.568359	   0.165585
  27.578125	   0.182582
  27.587891	   0.176628
  27.597656	   0.146260
  27.607422	   0.096433
  27.617188	   0.037714
  27.626953	  -0.016413
  27.636719	  -0.053340
  27.646484	  -0.065036
  27.656250	  -0.050446
  27.666016	  -0.015747
  27.675781	   0.027650
  27.685547	   0.066746
  27.695312	   0.091064
  27.705078	   0.095855
  27.714844	   0.083375
  27.724609	   0.061792
  27.734375	   0.042141
  27.744141	   0.034353
  27.753906	   0.043725
  27.763672	   0.069028
  27.773438	   0.102868
  27.783203	   0.134172
  27.792969	   0.151929
  27.802734	   0.148899
  27.812500	   0.124059
  27.822266	   0.082961
  27.832031	   0.035949
  27.841797	  -0.005137
  27.851562	  -0.030615
  27.861328	  -0.035760
  27.871094	  -0.021846
  27.880859	   0.004820
  27.890625	   0.035437
  27.900391	   0.061858
  27.910156	   0.079231
  27.919922	   0.087233
  27.929688	   0.089552
  27.939453	   0.091917
  27.949219	   0.099459
  27.958984	   0.114441
  27.968750	   0.135180
  27.978516	   0.156527
  27.988281	   0.171709
  27.998047	   0.174798
  28.007812	   0.162890
  28.017578	   0.137181
  28.027344	   0.102559
  28.037109	   0.065887
  28.046875	   0.033603
  28.056641	   0.009541
  28.066406	  -0.006245
  28.076172	  -0.017262
  28.085938	  -0.029050
  28.095703	  -0.046937
  28.105469	  -0.073902
  28.115234	  -0.109305
  28.125000	  -0.148917
  28.134766	  -0.186200
  28.144531	  -0.214342
  28.154297	  -0.228301
  28.164062	  -0.226151
  28.173828	  -0.209318
  28.183594	  -0.181727
  28.193359	  -0.148278
  28.203125	  -0.113301
  28.212891	  -0.079589
  28.222656	  -0.048337
  28.232422	  -0.019891
  28.242188	   0.005111
  28.251953	   0.024832
  28.261719	   0.036072
  28.271484	   0.035061
  28.281250	   0.018964
  28.291016	  -0.012458
  28.300781	  -0.055763
  28.310547	  -0.103897
  28.320312	  -0.147589
  28.330078	  -0.177762
  28.339844	  -0.188217
  28.349609	  -0.177666
  28.359375	  -0.150346
  28.369141	  -0.114897
  28.378906	  -0.081762
  28.388672	  -0.059899
  28.398438	  -0.053896
  28.408203	  -0.062450
  28.417969	  -0.078787
  28.427734	  -0.092909
  28.437500	  -0.094990
  28.447266	  -0.078771
  28.457031	  -0.043851
  28.466797	   0.003933
  28.476562	   0.054155
  28.486328	   0.094976
  28.496094	   0.116799
  28.505859	   0.115210
  28.515625	   0.092283
  28.525391	   0.055847
  28.535156	   0.017010
  28.544922	  -0.013207
  28.554688	  -0.027041
  28.564453	  -0.021947
  28.574219	  -0.000843
  28.583984	   0.029331
  28.593750	   0.060098
  28.603516	   0.084101
  28.613281	   0.097019
  28.623047	   0.098241
  28.632812	   0.090236
  28.642578	   0.077071
  28.652344	   0.062779
  28.662109	   0.050240
  28.671875	   0.040969
  28.681641	   0.035747
  28.691406	   0.035640
  28.701172	   0.042782
  28.710938	   0.060372
  28.720703	   0.091692
  28.730469	   0.138416
  28.740234	   0.198852
  28.750000	   0.266931
  28.759766	   0.332556
  28.769531	   0.383484
  28.779297	   0.408375
  28.789062	   0.400093
  28.798828	   0.358203
  28.808594	   0.289721
  28.818359	   0.207708
  28.828125	   0.127983
  28.837891	   0.064866
  28.847656	   0.027230
  28.857422	   0.016098
  28.867188	   0.024564
  28.876953	   0.040085
  28.886719	   0.048448
  28.896484	   0.038166
  28.906250	   0.003950
  28.916016	  -0.051822
  28.925781	  -0.120016
  28.935547	  -0.187685
  28.945312	  -0.242013
  28.955078	  -0.273992
  28.964844	  -0.280672
  28.974609	  -0.265358
  28.984375	  -0.235864
  28.994141	  -0.201521
  29.003906	  -0.170075
  29.013672	  -0.145523
  29.023438	  -0.127579
  29.033203	  -0.112814
  29.042969	  -0.096937
  29.052734	  -0.077260
  29.062500	  -0.054384
  29.072266	  -0.032463
  29.082031	  -0.017909
  29.091797	  -0.017059
  29.101562	  -0.033627
  29.111328	  -0.066923
  29.121094	  -0.111493
  29.130859	  -0.158367
  29.140625	  -0.197506
  29.150391	  -0.220661
  29.160156	  -0.223675
  29.169922	  -0.207503
  29.179688	  -0.177653
  29.189453	  -0.142288
  29.199219	  -0.109661
  29.208984	  -0.085761
  29.218750	  -0.072899
  29.228516	  -0.069618
  29.238281	  -0.071827
  29.248047	  -0.074656
  29.257812	  -0.074300
  29.267578	  -0.069224
  29.277344	  -0.060344
  29.287109	  -0.050233
  29.296875	  -0.041749
  29.306641	  -0.036660
  29.316406	  -0.034828
  29.326172	  -0.034225
  29.335938	  -0.031754
  29.345703	  -0.024504
  29.355469	  -0.010931
  29.365234	   0.008491
  29.375000	   0.031415
  29.384766	   0.054458
  29.394531	   0.074420
  29.404297	   0.089398
  29.414062	   0.099384
  29.423828	   0.106151
  29.433594	   0.112500
  29.443359	   0.121194
  29.453125	   0.133993
  29.462891	   0.151137
  29.472656	   0.171437
  29.482422	   0.192850
  29.492188	   0.213258
  29.501953	   0.231085
  29.511719	   0.245504
  29.521484	   0.256182
  29.531250	   0.262762
  29.541016	   0.264399
  29.550781	   0.259675
  29.560547	   0.247038
  29.570312	   0.225648
  29.580078	   0.196291
  29.589844	   0.161886
  29.599609	   0.127213
  29.609375	   0.097765
  29.619141	   0.077977
  29.628906	   0.069395
  29.638672	   0.069513
  29.648438	   0.071828
  29.658203	   0.067321
  29.667969	   0.047075
  29.677734	   0.005251
  29.687500	  -0.058543
  29.697266	  -0.138393
  29.707031	  -0.223181
  29.716797	  -0.299465
  29.726562	  -0.355346
  29.736328	  -0.384093
  29.746094	  -0.386323
  29.755859	  -0.369894
  29.765625	  -0.347416
  29.775391	  -0.332061
  29.785156	  -0.332978
  29.794922	  -0.351813
  29.804688	  -0.381563
  29.814453	  -0.408268
  29.824219	  -0.415154
  29.833984	  -0.387993
  29.843750	  -0.320020
  29.853516	  -0.214808
  29.863281	  -0.086107
  29.873047	   0.045435
  29.882812	   0.157722
  29.892578	   0.233253
  29.902344	   0.263903
  29.912109	   0.253024
  29.921875	   0.214214
  29.931641	   0.167167
  29.941406	   0.131862
  29.951172	   0.122861
  29.960938	   0.145385
  29.970703	   0.194265
  29.980469	   0.255947
  29.990234	   0.312824
  30.000000	   0.348476
  30.009766	   0.352246
  30.019531	   0.321850
  30.029297	   0.263413
  30.039062	   0.189163
  30.048828	   0.113655
  30.058594	   0.049814
  30.068359	   0.005963
  30.078125	  -0.015420
  30.087891	  -0.017083
  30.097656	  -0.005019
  30.107422	   0.014035
  30.117188	   0.034716
  30.126953	   0.054124
  30.136719	   0.071704
  30.146484	   0.088182
  30.156250	   0.104149
  30.166016	   0.118927
  30.175781	   0.130187
  30.185547	   0.134450
  30.195312	   0.128228
  30.205078	   0.109341
  30.214844	   0.077901
  30.224609	   0.036577
  30.234375	  -0.009933
  30.244141	  -0.056037
  30.253906	  -0.096587
  30.263672	  -0.127996
  30.273438	  -0.148812
  30.283203	  -0.159642
  30.292969	  -0.162563
  30.302734	  -0.160255
  30.312500	  -0.155181
  30.322266	  -0.149004
  30.332031	  -0.142316
  30.341797	  -0.134632
  30.351562	  -0.124519
  30.361328	  -0.109783
  30.371094	  -0.087694
  30.380859	  -0.055336
  30.390625	  -0.010161
  30.400391	   0.049211
  30.410156	   0.122067
  30.419922	   0.204833
  30.429688	   0.290800
  30.439453	   0.370671
  30.449219	   0.434023
  30.458984	   0.471495
  30.468750	   0.477173
  30.478516	   0.450488
  30.488281	   0.396930
  30.498047	   0.327176
  30.507812	   0.254673
  30.517578	   0.192223
  30.527344	   0.148504
  30.537109	   0.125583
  30.546875	   0.118252
  30.556641	   0.115508
  30.566406	   0.103860
  30.576172	   0.071533
  30.585938	   0.012339
  30.595703	  -0.072010
  30.605469	  -0.171879
  30.615234	  -0.272051
  30.625000	  -0.355781
  30.634766	  -0.409344
  30.644531	  -0.425738
  30.654297	  -0.406430
  30.664062	  -0.360671
  30.673828	  -0.302642
  30.683594	  -0.247356
  30.693359	  -0.206594
  30.703125	  -0.186059
  30.712891	  -0.184539
  30.722656	  -0.195141
  30.732422	  -0.208051
  30.742188	  -0.213826
  30.751953	  -0.206118
  30.761719	  -0.183066
  30.771484	  -0.147062
  30.781250	  -0.103219
  30.791016	  -0.057244
  30.800781	  -0.013568
  30.810547	   0.025618
  30.820312	   0.060206
  30.830078	   0.091128
  30.839844	   0.119021
  30.849609	   0.143269
  30.859375	   0.161894
  30.869141	   0.172378
  30.878906	   0.173055
  30.888672	   0.164462
  30.898438	   0.149962
  30.908203	   0.135265
  30.917969	   0.126858
  30.927734	   0.129840
  30.937500	   0.145951
  30.947266	   0.172549
  30.957031	   0.203049
  30.966797	   0.228766
  30.976562	   0.241634
  30.986328	   0.236884
  30.996094	   0.214734
  31.005859	   0.180456
  31.015625	   0.142730
  31.025391	   0.110787
  31.035156	   0.091304
  31.044922	   0.086113
  31.054688	   0.091535
  31.064453	   0.099587
  31.074219	   0.100671
  31.083984	   0.086801
  31.093750	   0.054275
  31.103516	   0.004829
  31.113281	  -0.055101
  31.123047	  -0.116736
  31.132812	  -0.172070
  31.142578	  -0.216591
  31.152344	  -0.250601
  31.162109	  -0.278614
  31.171875	  -0.307026
  31.181641	  -0.340885
  31.191406	  -0.380966
  31.201172	  -0.422277
  31.210938	  -0.454675
  31.220703	  -0.465530
  31.230469	  -0.443653
  31.240234	  -0.383213
  31.250000	  -0.286317
  31.259766	  -0.163320
  31.269531	  -0.030644
  31.279297	   0.093309
  31.289062	   0.192928
  31.298828	   0.259400
  31.308594	   0.292740
  31.318359	   0.301252
  31.328125	   0.298622
  31.337891	   0.299581
  31.347656	   0.315472
  31.357422	   0.351043
  31.367188	   0.403334
  31.376953	   0.462851
  31.386719	   0.516523
  31.396484	   0.551417
  31.406250	   0.558061
  31.416016	   0.532468
  31.425781	   0.476430
  31.435547	   0.396241
  31.445312	   0.300508
  31.455078	   0.197853
  31.464844	   0.095255
  31.474609	  -0.002563
  31.484375	  -0.092747
  31.494141	  -0.173310
  31.503906	  -0.242082
  31.513672	  -0.296125
  31.523438	  -0.331864
  31.533203	  -0.345891
  31.542969	  -0.336112
  31.552734	  -0.302801
  31.562500	  -0.249160
  31.572266	  -0.181208
  31.582031	  -0.107030
  31.591797	  -0.035606
  31.601562	   0.024456
  31.611328	   0.066044
  31.621094	   0.084372
  31.630859	   0.077525
  31.640625	   0.046736
  31.650391	  -0.003544
  31.660156	  -0.065886
  31.669922	  -0.130543
  31.679688	  -0.186687
  31.689453	  -0.224234
  31.699219	  -0.236011
  31.708984	  -0.219808
  31.718750	  -0.179635
  31.728516	  -0.125605
  31.738281	  -0.072095
  31.748047	  -0.034369
  31.757812	  -0.024366
  31.767578	  -0.046800
  31.777344	  -0.096814
  31.787109	  -0.160142
  31.796875	  -0.216072
  31.806641	  -0.242683
  31.816406	  -0.223019
  31.826172	  -0.150444
  31.835938	  -0.031507
  31.845703	   0.114746
  31.855469	   0.261054
  31.865234	   0.378775
  31.875000	   0.445395
  31.884766	   0.450531
  31.894531	   0.398634
  31.904297	   0.307547
  31.914062	   0.203273
  31.923828	   0.112518
  31.933594	   0.055208
  31.943359	   0.039218
  31.953125	   0.058842
  31.962891	   0.097385
  31.972656	   0.132962
  31.982422	   0.145631
  31.992188	   0.123597
  32.001953	   0.066617
  32.011719	  -0.014358
  32.021484	  -0.101009
  32.031250	  -0.173567
  32.041016	  -0.216840
  32.050781	  -0.224397
  32.060547	  -0.199694
  32.070312	  -0.153948
  32.080078	  -0.101701
  32.089844	  -0.055699
  32.099609	  -0.022891
  32.109375	  -0.002861
  32.119141	   0.010915
  32.128906	   0.027586
  32.138672	   0.054600
  32.148438	   0.094172
  32.158203	   0.141845
  32.167969	   0.187663
  32.177734	   0.219530
  32.187500	   0.227539
  32.197266	   0.207699
  32.207031	   0.163734
  32.216797	   0.106287
  32.226562	   0.049781
  32.236328	   0.007996
  32.246094	  -0.010142
  32.255859	  -0.003149
  32.265625	   0.022873
  32.275391	   0.056549
  32.285156	   0.085158
  32.294922	   0.098835
  32.304688	   0.093646
  32.314453	   0.072574
  32.324219	   0.044171
  32.333984	   0.019423
  32.343750	   0.007941
  32.353516	   0.014752
  32.363281	   0.038690
  32.373047	   0.072814
  32.382812	   0.106578
  32.392578	   0.128943
  32.402344	   0.131392
  32.412109	   0.109951
  32.421875	   0.065731
  32.431641	   0.004069
  32.441406	  -0.067238
  32.451172	  -0.139894
  32.460938	  -0.206627
  32.470703	  -0.261954
  32.480469	  -0.302251
  32.490234	  -0.325447
  32.500000	  -0.330786
  32.509766	  -0.318921
  32.519531	  -0.292329
  32.529297	  -0.255760
  32.539062	  -0.216257
  32.548828	  -0.182392
  32.558594	  -0.162637
  32.568359	  -0.163201
  32.578125	  -0.185983
  32.587891	  -0.227411
  32.597656	  -0.278750
  32.607422	  -0.328034
  32.617188	  -0.363189
  32.626953	  -0.375469
  32.636719	  -0.362108
  32.646484	  -0.327264
  32.656250	  -0.280849
  32.666016	  -0.235508
  32.675781	  -0.202673
  32.685547	  -0.188934
  32.695312	  -0.193940
  32.705078	  -0.210541
  32.714844	  -0.227154
  32.724609	  -0.231583
  32.734375	  -0.215041
  32.744141	  -0.175027
  32.753906	  -0.116114
  32.763672	  -0.048395
  32.773438	   0.015850
  32.783203	   0.066128
  32.792969	   0.096986
  32.802734	   0.109474
  32.812500	   0.110375
  32.822266	   0.109536
  32.832031	   0.116310
  32.841797	   0.136358
  32.851562	   0.169934
  32.861328	   0.212174
  32.871094	   0.255193
  32.880859	   0.291123
  32.890625	   0.314910
  32.900391	   0.325820
  32.910156	   0.327090
  32.919922	   0.323924
  32.929688	   0.320638
  32.939453	   0.318138
  32.949219	   0.312789
  32.958984	   0.297244
  32.968750	   0.263037
  32.978516	   0.204089
  32.988281	   0.119845
  32.998047	   0.016856
  33.007812	  -0.091899
  33.017578	  -0.189892
  33.027344	  -0.261274
  33.037109	  -0.295140
  33.046875	  -0.288465
  33.056641	  -0.246787
  33.066406	  -0.182435
  33.076172	  -0.110944
  33.085938	  -0.046846
  33.095703	  -0.000176
  33.105469	   0.025246
  33.115234	   0.031406
  33.125000	   0.023939
  33.134766	   0.009203
  33.144531	  -0.008252
  33.154297	  -0.026861
  33.164062	  -0.047551
  33.173828	  -0.071911
  33.183594	  -0.099955
  33.193359	  -0.128530
  33.203125	  -0.151226
  33.212891	  -0.159999
  33.222656	  -0.148037
  33.232422	  -0.112818
  33.242188	  -0.058160
  33.251953	   0.005669
  33.261719	   0.064060
  33.271484	   0.101872
  33.281250	   0.107772
  33.291016	   0.077700
  33.300781	   0.016271
  33.310547	  -0.064388
  33.320312	  -0.148043
  33.330078	  -0.218900
  33.339844	  -0.265817
  33.349609	  -0.284855
  33.359375	  -0.279408
  33.369141	  -0.258002
  33.378906	  -0.230661
  33.388672	  -0.205199
  33.398438	  -0.184759
  33.408203	  -0.167418
  33.417969	  -0.147903
  33.427734	  -0.120635
  33.437500	  -0.082850
  33.447266	  -0.036519
  33.457031	   0.011736
  33.466797	   0.052759
  33.476562	   0.078241
  33.486328	   0.084060
  33.496094	   0.072247
  33.505859	   0.050714
  33.515625	   0.030673
  33.525391	   0.022578
  33.535156	   0.031988
  33.544922	   0.056876
  33.554688	   0.087457
  33.564453	   0.108778
  33.574219	   0.105312
  33.583984	   0.066111
  33.593750	  -0.011211
  33.603516	  -0.119038
  33.613281	  -0.241396
  33.623047	  -0.358208
  33.632812	  -0.450815
  33.642578	  -0.506994
  33.652344	  -0.523868
  33.662109	  -0.507843
  33.671875	  -0.471663
  33.681641	  -0.429661
  33.691406	  -0.392824
  33.701172	  -0.365312
  33.710938	  -0.343521
  33.720703	  -0.317889
  33.730469	  -0.276706
  33.740234	  -0.210562
  33.750000	  -0.115907
  33.759766	   0.003412
  33.769531	   0.137017
  33.779297	   0.270809
  33.789062	   0.390631
  33.798828	   0.485497
  33.808594	   0.549356
  33.818359	   0.581029
  33.828125	   0.582631
  33.837891	   0.557393
  33.847656	   0.507917
  33.857422	   0.435657
  33.867188	   0.341815
  33.876953	   0.229165
  33.886719	   0.103870
  33.896484	  -0.023750
  33.906250	  -0.140177
  33.916016	  -0.231376
  33.925781	  -0.286492
  33.935547	  -0.301308
  33.945312	  -0.280164
  33.955078	  -0.235450
  33.964844	  -0.184534
  33.974609	  -0.144922
  33.984375	  -0.129073
  33.994141	  -0.140517
  34.003906	  -0.172586
  34.013672	  -0.210260
  34.023438	  -0.234623
  34.033203	  -0.228608
  34.042969	  -0.182255
  34.052734	  -0.095882
  34.062500	   0.019769
  34.072266	   0.146372
  34.082031	   0.262868
  34.091797	   0.350770
  34.101562	   0.398312
  34.111328	   0.402299
  34.121094	   0.367337
  34.130859	   0.303038
  34.140625	   0.220367
  34.150391	   0.128508
  34.160156	   0.033283
  34.169922	  -0.062526
  34.179688	  -0.157356
  34.189453	  -0.248538
  34.199219	  -0.330606
  34.208984	  -0.395116
  34.218750	  -0.432199
  34.228516	  -0.433375
  34.238281	  -0.394605
  34.248047	  -0.318403
  34.257812	  -0.214127
  34.267578	  -0.096189
  34.277344	   0.019331
  34.287109	   0.118607
  34.296875	   0.193265
  34.306641	   0.241827
  34.316406	   0.268997
  34.326172	   0.283107
  34.335938	   0.292661
  34.345703	   0.303212
  34.355469	   0.315609
  34.365234	   0.326149
  34.375000	   0.328454
  34.384766	   0.316277
  34.394531	   0.286140
  34.404297	   0.238821
  34.414062	   0.179140
  34.423828	   0.114199
  34.433594	   0.050759
  34.443359	  -0.007201
  34.453125	  -0.059812
  34.462891	  -0.111004
  34.472656	  -0.166674
  34.482422	  -0.231984
  34.492188	  -0.308798
  34.501953	  -0.394180
  34.511719	  -0.480497
  34.521484	  -0.557078
  34.531250	  -0.612849
  34.541016	  -0.639023
  34.550781	  -0.630981
  34.560547	  -0.588818
  34.570312	  -0.516557
  34.580078	  -0.420530
  34.589844	  -0.307697
  34.599609	  -0.184573
  34.609375	  -0.057138
  34.619141	   0.068453
  34.628906	   0.184932
  34.638672	   0.283501
  34.648438	   0.354515
  34.658203	   0.389381
  34.667969	   0.383183
  34.677734	   0.337126
  34.687500	   0.259728
  34.697266	   0.165991
  34.707031	   0.074411
  34.716797	   0.002471
  34.726562	  -0.038124
  34.736328	  -0.044943
  34.746094	  -0.025811
  34.755859	   0.003255
  34.765625	   0.022698
  34.775391	   0.015377
  34.785156	  -0.027998
  34.794922	  -0.105657
  34.804688	  -0.204832
  34.814453	  -0.305126
  34.824219	  -0.384171
  34.833984	  -0.423814
  34.843750	  -0.414926
  34.853516	  -0.359388
  34.863281	  -0.268754
  34.873047	  -0.160163
  34.882812	  -0.050975
  34.892578	   0.046059
  34.902344	   0.125541
  34.912109	   0.189302
  34.921875	   0.243694
  34.931641	   0.295450
  34.941406	   0.347780
  34.951172	   0.398180
  34.960938	   0.438825
  34.970703	   0.459368
  34.980469	   0.451128
  34.990234	   0.411048
  35.000000	   0.343895
  35.009766	   0.261787
  35.019531	   0.181045
  35.029297	   0.117390
  35.039062	   0.081095
  35.048828	   0.073765
  35.058594	   0.087903
  35.068359	   0.109476
  35.078125	   0.122659
  35.087891	   0.115207
  35.097656	   0.082658
  35.107422	   0.029967
  35.117188	  -0.029966
  35.126953	  -0.080390
  35.136719	  -0.106071
  35.146484	  -0.098195
  35.156250	  -0.057247
  35.166016	   0.006988
  35.175781	   0.078196
  35.185547	   0.138105
  35.195312	   0.171362
  35.205078	   0.169209
  35.214844	   0.130974
  35.224609	   0.063152
  35.234375	  -0.023333
  35.244141	  -0.116585
  35.253906	  -0.206702
  35.263672	  -0.287394
  35.273438	  -0.355990
  35.283203	  -0.412216
  35.292969	  -0.456552
  35.302734	  -0.489020
  35.312500	  -0.508964
  35.322266	  -0.515851
  35.332031	  -0.510593
  35.341797	  -0.496604
  35.351562	  -0.479857
  35.361328	  -0.467585
  35.371094	  -0.465872
  35.380859	  -0.476914
  35.390625	  -0.496991
  35.400391	  -0.516101
  35.410156	  -0.519683
  35.419922	  -0.492179
  35.429688	  -0.421482
  35.439453	  -0.302957
  35.449219	  -0.141736
  35.458984	   0.047511
  35.468750	   0.243381
  35.478516	   0.422377
  35.488281	   0.564046
  35.498047	   0.655206
  35.507812	   0.692117
  35.517578	   0.680150
  35.527344	   0.631297
  35.537109	   0.560456
  35.546875	   0.481745
  35.556641	   0.405885
  35.566406	   0.339251
  35.576172	   0.284493
  35.585938	   0.242106
  35.595703	   0.212074
  35.605469	   0.194797
  35.615234	   0.190953
  35.625000	   0.200452
  35.634766	   0.221118
  35.644531	   0.247858
  35.654297	   0.272947
  35.664062	   0.287569
  35.673828	   0.284223
  35.683594	   0.259199
  35.693359	   0.214155
  35.703125	   0.156112
  35.712891	   0.095679
  35.722656	   0.043961
  35.732422	   0.009110
  35.742188	  -0.006351
  35.751953	  -0.006499
  35.761719	  -0.000905
  35.771484	  -0.001750
  35.781250	  -0.020083
  35.791016	  -0.062403
  35.800781	  -0.128643
  35.810547	  -0.212151
  35.820312	  -0.301579
  35.830078	  -0.383991
  35.839844	  -0.448096
  35.849609	  -0.486604
  35.859375	  -0.497021
  35.869141	  -0.480855
  35.878906	  -0.441744
  35.888672	  -0.383398
  35.898438	  -0.308220
  35.908203	  -0.217131
  35.917969	  -0.110584
  35.927734	   0.009778
  35.937500	   0.139663
  35.947266	   0.271641
  35.957031	   0.396039
  35.966797	   0.503034
  35.976562	   0.585221
  35.986328	   0.639683
  35.996094	   0.668648
  36.005859	   0.678341
  36.015625	   0.676251
  36.025391	   0.667724
  36.035156	   0.653118
  36.044922	   0.626659
  36.054688	   0.577651
  36.064453	   0.493877
  36.074219	   0.366236
  36.083984	   0.193138
  36.093750	  -0.016871
  36.103516	  -0.245296
  36.113281	  -0.466919
  36.123047	  -0.655296
  36.132812	  -0.789024
  36.142578	  -0.856969
  36.152344	  -0.860902
  36.162109	  -0.814759
  36.171875	  -0.740710
  36.181641	  -0.663185
  36.191406	  -0.602535
  36.201172	  -0.570109
  36.210938	  -0.566024
  36.220703	  -0.580065
  36.230469	  -0.595273
  36.240234	  -0.593041
  36.250000	  -0.558210
  36.259766	  -0.482836
  36.269531	  -0.367794
  36.279297	  -0.222077
  36.289062	  -0.060302
  36.298828	   0.100689
  36.308594	   0.245170
  36.318359	   0.361084
  36.328125	   0.441441
  36.337891	   0.484604
  36.347656	   0.493744
  36.357422	   0.475812
  36.367188	   0.440297
  36.376953	   0.397893
  36.386719	   0.359070
  36.396484	   0.332586
  36.406250	   0.324053
  36.416016	   0.334841
  36.425781	   0.361688
  36.435547	   0.397321
  36.445312	   0.432164
  36.455078	   0.456847
  36.464844	   0.464906
  36.474609	   0.454851
  36.484375	   0.430869
  36.494141	   0.401774
  36.503906	   0.378349
  36.513672	   0.369794
  36.523438	   0.380354
  36.533203	   0.407256
  36.542969	   0.440712
  36.552734	   0.466145
  36.562500	   0.468033
  36.572266	   0.434235
  36.582031	   0.359439
  36.591797	   0.246624
  36.601562	   0.106072
  36.611328	  -0.047739
  36.621094	  -0.200309
  36.630859	  -0.340946
  36.640625	  -0.464957
  36.650391	  -0.573501
  36.660156	  -0.671210
  36.669922	  -0.762531
  36.679688	  -0.848187
  36.689453	  -0.923173
  36.699219	  -0.977166
  36.708984	  -0.997377
  36.718750	  -0.972947
  36.728516	  -0.899400
  36.738281	  -0.781529
  36.748047	  -0.633537
  36.757812	  -0.476162
  36.767578	  -0.331502
  36.777344	  -0.217082
  36.787109	  -0.141022
  36.796875	  -0.099868
  36.806641	  -0.079835
  36.816406	  -0.061143
  36.826172	  -0.024154
  36.835938	   0.044584
  36.845703	   0.148187
  36.855469	   0.278421
  36.865234	   0.418033
  36.875000	   0.545621
  36.884766	   0.641472
  36.894531	   0.692578
  36.904297	   0.695405
  36.914062	   0.655745
  36.923828	   0.585961
  36.933594	   0.500708
  36.943359	   0.412610
  36.953125	   0.329250
  36.962891	   0.252277
  36.972656	   0.178660
  36.982422	   0.103433
  36.992188	   0.022814
  37.001953	  -0.063403
  37.011719	  -0.150929
  37.021484	  -0.231705
  37.031250	  -0.295875
  37.041016	  -0.334231
  37.050781	  -0.340314
  37.060547	  -0.311599
  37.070312	  -0.249582
  37.080078	  -0.159041
  37.089844	  -0.046913
  37.099609	   0.078705
  37.109375	   0.209172
  37.119141	   0.335583
  37.128906	   0.448984
  37.138672	   0.540879
  37.148438	   0.604242
  37.158203	   0.634916
  37.167969	   0.632992
  37.177734	   0.603562
  37.187500	   0.556308
  37.197266	   0.503728
  37.207031	   0.458252
  37.216797	   0.428991
  37.226562	   0.419104
  37.236328	   0.424709
  37.246094	   0.435833
  37.255859	   0.439283
  37.265625	   0.422674
  37.275391	   0.378415
  37.285156	   0.306403
  37.294922	   0.214572
  37.304688	   0.117071
  37.314453	   0.030634
  37.324219	  -0.029716
  37.333984	  -0.054306
  37.343750	  -0.040687
  37.353516	   0.006736
  37.363281	   0.079034
  37.373047	   0.166113
  37.382812	   0.259844
  37.392578	   0.355882
  37.402344	   0.453573
  37.412109	   0.554127
  37.421875	   0.657873
  37.431641	   0.761782
  37.441406	   0.858350
  37.451172	   0.936450
  37.460938	   0.984000
  37.470703	   0.991621
  37.480469	   0.956021
  37.490234	   0.881866
  37.500000	   0.781364
  37.509766	   0.671538
  37.519531	   0.569943
  37.529297	   0.490103
  37.539062	   0.438078
  37.548828	   0.411198
  37.558594	   0.399329
  37.568359	   0.388246
  37.578125	   0.364036
  37.587891	   0.317224
  37.597656	   0.245435
  37.607422	   0.153958
  37.617188	   0.054227
  37.626953	  -0.039147
  37.636719	  -0.111818
  37.646484	  -0.152686
  37.656250	  -0.155745
  37.666016	  -0.120624
  37.675781	  -0.052048
  37.685547	   0.041315
  37.695312	   0.148161
  37.705078	   0.255771
  37.714844	   0.351138
  37.724609	   0.422214
  37.734375	   0.459418
  37.744141	   0.457392
  37.753906	   0.416637
  37.763672	   0.344436
  37.773438	   0.254446
  37.783203	   0.164573
  37.792969	   0.093284
  37.802734	   0.055087
  37.812500	   0.056367
  37.822266	   0.092917
  37.832031	   0.150125
  37.841797	   0.206127
  37.851562	   0.237281
  37.861328	   0.224559
  37.871094	   0.159035
  37.880859	   0.044790
  37.890625	  -0.101716
  37.900391	  -0.255746
  37.910156	  -0.390711
  37.919922	  -0.485056
  37.929688	  -0.527567
  37.939453	  -0.519600
  37.949219	  -0.473658
  37.958984	  -0.408921
  37.968750	  -0.345262
  37.978516	  -0.297678
  37.988281	  -0.272840
  37.998047	  -0.268674
  38.007812	  -0.276807
  38.017578	  -0.286751
  38.027344	  -0.290199
  38.037109	  -0.283827
  38.046875	  -0.269723
  38.056641	  -0.253432
  38.066406	  -0.240592
  38.076172	  -0.233632
  38.085938	  -0.229952
  38.095703	  -0.222443
  38.105469	  -0.202217
  38.115234	  -0.162558
  38.125000	  -0.102526
  38.134766	  -0.028709
  38.144531	   0.045773
  38.154297	   0.104889
  38.164062	   0.134855
  38.173828	   0.129051
  38.183594	   0.090939
  38.193359	   0.033805
  38.203125	  -0.022796
  38.212891	  -0.058837
  38.222656	  -0.060041
  38.232422	  -0.022451
  38.242188	   0.046190
  38.251953	   0.128776
  38.261719	   0.204195
  38.271484	   0.253993
  38.281250	   0.268239
  38.291016	   0.248728
  38.300781	   0.208569
  38.310547	   0.168382
  38.320312	   0.150387
  38.330078	   0.172297
  38.339844	   0.242855
  38.349609	   0.360214
  38.359375	   0.513347
  38.369141	   0.685676
  38.378906	   0.859488
  38.388672	   1.019627
  38.398438	   1.155448
  38.408203	   1.260786
  38.417969	   1.332546
  38.427734	   1.368982
  38.437500	   1.368725
  38.447266	   1.331176
  38.457031	   1.258080
  38.466797	   1.155470
  38.476562	   1.034794
  38.486328	   0.912228
  38.496094	   0.805868
  38.505859	   0.731332
  38.515625	   0.697117
  38.525391	   0.701369
  38.535156	   0.731456
  38.544922	   0.766903
  38.554688	   0.785090
  38.564453	   0.768132
  38.574219	   0.708778
  38.583984	   0.613360
  38.593750	   0.500663
  38.603516	   0.396902
  38.613281	   0.328224
  38.623047	   0.313061
  38.632812	   0.356703
  38.642578	   0.449794
  38.652344	   0.571203
  38.662109	   0.694280
  38.671875	   0.794472
  38.681641	   0.855835
  38.691406	   0.874445
  38.701172	   0.857774
  38.710938	   0.820478
  38.720703	   0.778225
  38.730469	   0.741753
  38.740234	   0.713204
  38.750000	   0.685844
  38.759766	   0.647104
  38.769531	   0.583664
  38.779297	   0.486692
  38.789062	   0.355345
  38.798828	   0.197395
  38.808594	   0.026898
  38.818359	  -0.140062
  38.828125	  -0.289903
  38.837891	  -0.414666
  38.847656	  -0.512659
  38.857422	  -0.586591
  38.867188	  -0.640114
  38.876953	  -0.674349
  38.886719	  -0.685925
  38.896484	  -0.667473
  38.906250	  -0.610492
  38.916016	  -0.509567
  38.925781	  -0.366263
  38.935547	  -0.191077
  38.945312	  -0.002481
  38.955078	   0.176889
  38.964844	   0.325755
  38.974609	   0.429652
  38.984375	   0.484465
  38.994141	   0.496857
  39.003906	   0.481452
  39.013672	   0.455752
  39.023438	   0.434563
  39.033203	   0.425819
  39.042969	   0.429153
  39.052734	   0.437534
  39.062500	   0.441185
  39.072266	   0.432141
  39.082031	   0.407672
  39.091797	   0.371232
  39.101562	   0.330640
  39.111328	   0.294272
  39.121094	   0.266886
  39.130859	   0.246878
  39.140625	   0.226275
  39.150391	   0.193687
  39.160156	   0.139327
  39.169922	   0.060234
  39.179688	  -0.036305
  39.189453	  -0.132700
  39.199219	  -0.204738
  39.208984	  -0.228083
  39.218750	  -0.185600
  39.228516	  -0.073114
  39.238281	   0.098363
  39.248047	   0.304778
  39.257812	   0.514974
  39.267578	   0.698576
  39.277344	   0.833370
  39.287109	   0.909913
  39.296875	   0.932092
  39.306641	   0.913736
  39.316406	   0.872685
  39.326172	   0.824519
  39.335938	   0.778112
  39.345703	   0.734391
  39.355469	   0.688437
  39.365234	   0.633792
  39.375000	   0.567077
  39.384766	   0.490935
  39.394531	   0.414099
  39.404297	   0.348492
  39.414062	   0.304535
  39.423828	   0.286577
  39.433594	   0.290402
  39.443359	   0.304011
  39.453125	   0.311663
  39.462891	   0.299865
  39.472656	   0.263173
  39.482422	   0.207577
  39.492188	   0.150022
  39.501953	   0.113890
  39.511719	   0.121731
  39.521484	   0.187524
  39.531250	   0.311004
  39.541016	   0.475953
  39.550781	   0.653084
  39.560547	   0.806603
  39.570312	   0.902382
  39.580078	   0.915190
  39.589844	   0.832836
  39.599609	   0.656217
  39.609375	   0.395718
  39.619141	   0.065584
  39.628906	  -0.321445
  39.638672	  -0.757271
  39.648438	  -1.238289
  39.658203	  -1.762217
  39.667969	  -2.323358
  39.677734	  -2.908320
  39.687500	  -3.494054
  39.697266	  -4.049222
  39.707031	  -4.538641
  39.716797	  -4.929477
  39.726562	  -5.197231
  39.736328	  -5.329712
  39.746094	  -5.327940
  39.755859	  -5.204059
  39.765625	  -4.977313
  39.775391	  -4.669683
  39.785156	  -4.302598
  39.794922	  -3.895457
  39.804688	  -3.465687
  39.814453	  -3.029328
  39.824219	  -2.600891
  39.833984	  -2.191677
  39.843750	  -1.806705
  39.853516	  -1.441431
  39.863281	  -1.080139
  39.873047	  -0.697758
  39.882812	  -0.265924
  39.892578	   0.237443
  39.902344	   0.817439
  39.912109	   1.453771
  39.921875	   2.098063
  39.931641	   2.679044
  39.941406	   3.115550
  39.951172	   3.334753
  39.960938	   3.291019
  39.970703	   2.980056
  39.980469	   2.443886
  39.990234	   1.764547
