# Time	Amplitude (cm/s/s)
   0.000000	   0.546706
   0.009766	   0.521463
   0.019531	   0.527385
   0.029297	   0.572036
   0.039062	   0.639782
   0.048828	   0.698396
   0.058594	   0.712403
   0.068359	   0.657943
   0.078125	   0.533315
   0.087891	   0.361022
   0.097656	   0.180324
   0.107422	   0.032956
   0.117188	  -0.052666
   0.126953	  -0.072718
   0.136719	  -0.050244
   0.146484	  -0.027235
   0.156250	  -0.049074
   0.166016	  -0.146895
   0.175781	  -0.324295
   0.185547	  -0.553476
   0.195312	  -0.782595
   0.205078	  -0.952084
   0.214844	  -1.014420
   0.224609	  -0.950472
   0.234375	  -0.776648
   0.244141	  -0.540194
   0.253906	  -0.304168
   0.263672	  -0.127206
   0.273438	  -0.045029
   0.283203	  -0.060010
   0.292969	  -0.142246
   0.302734	  -0.241545
   0.312500	  -0.305895
   0.322266	  -0.299798
   0.332031	  -0.216032
   0.341797	  -0.076866
   0.351562	   0.075369
   0.361328	   0.194638
   0.371094	   0.248330
   0.380859	   0.228871
   0.390625	   0.155658
   0.400391	   0.066817
   0.410156	   0.004062
   0.419922	  -0.003544
   0.429688	   0.049252
   0.439453	   0.142022
   0.449219	   0.236805
   0.458984	   0.293199
   0.468750	   0.284701
   0.478516	   0.210066
   0.488281	   0.095257
   0.498047	  -0.014966
   0.507812	  -0.072942
   0.517578	  -0.045758
   0.527344	   0.071814
   0.537109	   0.253925
   0.546875	   0.451242
   0.556641	   0.606970
   0.566406	   0.675707
   0.576172	   0.638450
   0.585938	   0.508462
   0.595703	   0.325957
   0.605469	   0.143603
   0.615234	   0.008099
   0.625000	  -0.055527
   0.634766	  -0.051324
   0.644531	  -0.009017
   0.654297	   0.028763
   0.664062	   0.023730
   0.673828	  -0.042769
   0.683594	  -0.162124
   0.693359	  -0.301305
   0.703125	  -0.415071
   0.712891	  -0.462987
   0.722656	  -0.424874
   0.732422	  -0.308896
   0.742188	  -0.149238
   0.751953	   0.005853
   0.761719	   0.111262
   0.771484	   0.141108
   0.781250	   0.097789
   0.791016	   0.010595
   0.800781	  -0.075601
   0.810547	  -0.117406
   0.820312	  -0.089375
   0.830078	   0.006272
   0.839844	   0.140350
   0.849609	   0.267643
   0.859375	   0.344064
   0.869141	   0.343641
   0.878906	   0.268957
   0.888672	   0.150985
   0.898438	   0.038207
   0.908203	  -0.021144
   0.917969	   0.002779
   0.927734	   0.109642
   0.937500	   0.268004
   0.947266	   0.425816
   0.957031	   0.528739
   0.966797	   0.539728
   0.976562	   0.452750
   0.986328	   0.295554
   0.996094	   0.120315
   1.005859	  -0.014624
   1.015625	  -0.065424
   1.025391	  -0.018389
   1.035156	   0.105103
   1.044922	   0.256242
   1.054688	   0.376319
   1.064453	   0.417875
   1.074219	   0.361850
   1.083984	   0.224514
   1.093750	   0.051647
   1.103516	  -0.097971
   1.113281	  -0.173816
   1.123047	  -0.151955
   1.132812	  -0.043807
   1.142578	   0.107834
   1.152344	   0.244103
   1.162109	   0.311149
   1.171875	   0.279386
   1.181641	   0.153945
   1.191406	  -0.027436
   1.201172	  -0.208264
   1.210938	  -0.333808
   1.220703	  -0.370785
   1.230469	  -0.319032
   1.240234	  -0.210928
   1.250000	  -0.098820
   1.259766	  -0.035130
   1.269531	  -0.052488
   1.279297	  -0.151278
   1.289062	  -0.299232
   1.298828	  -0.443306
   1.308594	  -0.529514
   1.318359	  -0.523416
   1.328125	  -0.423656
   1.337891	  -0.263402
   1.347656	  -0.098959
   1.357422	   0.010478
   1.367188	   0.024663
   1.376953	  -0.062240
   1.386719	  -0.218309
   1.396484	  -0.384066
   1.406250	  -0.492766
   1.416016	  -0.493671
   1.425781	  -0.370032
   1.435547	  -0.145391
   1.445312	   0.124081
   1.455078	   0.368508
   1.464844	   0.527788
   1.474609	   0.571346
   1.484375	   0.507242
   1.494141	   0.377576
   1.503906	   0.242080
   1.513672	   0.155953
   1.523438	   0.150033
   1.533203	   0.220420
   1.542969	   0.331159
   1.552734	   0.428782
   1.562500	   0.463212
   1.572266	   0.407234
   1.582031	   0.267336
   1.591797	   0.081958
   1.601562	  -0.092194
   1.611328	  -0.200679
   1.621094	  -0.211152
   1.630859	  -0.125197
   1.640625	   0.022151
   1.650391	   0.174988
   1.660156	   0.276579
   1.669922	   0.289496
   1.679688	   0.208507
   1.689453	   0.061581
   1.699219	  -0.101226
   1.708984	  -0.226750
   1.718750	  -0.278457
   1.728516	  -0.249595
   1.738281	  -0.164901
   1.748047	  -0.070328
   1.757812	  -0.014736
   1.767578	  -0.030491
   1.777344	  -0.120375
   1.787109	  -0.255793
   1.796875	  -0.387082
   1.806641	  -0.462128
   1.816406	  -0.446333
   1.826172	  -0.336380
   1.835938	  -0.162503
   1.845703	   0.021810
   1.855469	   0.159051
   1.865234	   0.208809
   1.875000	   0.162952
   1.884766	   0.049133
   1.894531	  -0.078873
   1.904297	  -0.160592
   1.914062	  -0.150996
   1.923828	  -0.037217
   1.933594	   0.156371
   1.943359	   0.376695
   1.953125	   0.561083
   1.962891	   0.659937
   1.972656	   0.654593
   1.982422	   0.563722
   1.992188	   0.435818
   2.001953	   0.330528
   2.011719	   0.295757
   2.021484	   0.349193
   2.031250	   0.471302
   2.041016	   0.612668
   2.050781	   0.713112
   2.060547	   0.725529
   2.070312	   0.635359
   2.080078	   0.468032
   2.089844	   0.281004
   2.099609	   0.142765
   2.109375	   0.106206
   2.119141	   0.186200
   2.128906	   0.350130
   2.138672	   0.525705
   2.148438	   0.624214
   2.158203	   0.571645
   2.167969	   0.336851
   2.177734	  -0.053494
   2.187500	  -0.519143
   2.197266	  -0.949212
   2.207031	  -1.236690
   2.216797	  -1.313152
   2.226562	  -1.171899
   2.236328	  -0.871370
   2.246094	  -0.517275
   2.255859	  -0.229040
   2.265625	  -0.101549
   2.275391	  -0.174835
   2.285156	  -0.421746
   2.294922	  -0.757584
   2.304688	  -1.068356
   2.314453	  -1.248082
   2.324219	  -1.232716
   2.333984	  -1.019566
   2.343750	  -0.666169
   2.353516	  -0.269568
   2.363281	   0.066547
   2.373047	   0.265542
   2.382812	   0.301216
   2.392578	   0.203542
   2.402344	   0.045695
   2.412109	  -0.082442
   2.421875	  -0.104784
   2.431641	   0.016718
   2.441406	   0.271716
   2.451172	   0.607375
   2.460938	   0.947311
   2.470703	   1.216158
   2.480469	   1.361079
   2.490234	   1.363428
   2.500000	   1.237927
   2.509766	   1.021455
   2.519531	   0.757078
   2.529297	   0.480081
   2.539062	   0.211096
   2.548828	  -0.042075
   2.558594	  -0.276243
   2.568359	  -0.483285
   2.578125	  -0.644659
   2.587891	  -0.733449
   2.597656	  -0.723758
   2.607422	  -0.603722
   2.617188	  -0.386264
   2.626953	  -0.112050
   2.636719	   0.158084
   2.646484	   0.359811
   2.656250	   0.445705
   2.666016	   0.401865
   2.675781	   0.254069
   2.685547	   0.060173
   2.695312	  -0.109453
   2.705078	  -0.197030
   2.714844	  -0.179021
   2.724609	  -0.076061
   2.734375	   0.053220
   2.744141	   0.133097
   2.753906	   0.099413
   2.763672	  -0.074224
   2.773438	  -0.362613
   2.783203	  -0.693366
   2.792969	  -0.969015
   2.802734	  -1.099785
   2.812500	  -1.035704
   2.822266	  -0.786443
   2.832031	  -0.421092
   2.841797	  -0.046982
   2.851562	   0.225896
   2.861328	   0.322901
   2.871094	   0.231844
   2.880859	   0.009228
   2.890625	  -0.237352
   2.900391	  -0.385316
   2.910156	  -0.339730
   2.919922	  -0.067856
   2.929688	   0.386609
   2.939453	   0.915011
   2.949219	   1.377614
   2.958984	   1.648715
   2.968750	   1.657767
   2.978516	   1.412485
   2.988281	   0.995904
   2.998047	   0.538273
   3.007812	   0.173300
   3.017578	  -0.006318
   3.027344	   0.021130
   3.037109	   0.201090
   3.046875	   0.423861
   3.056641	   0.564668
   3.066406	   0.528760
   3.076172	   0.285873
   3.085938	  -0.117836
   3.095703	  -0.574439
   3.105469	  -0.950378
   3.115234	  -1.131593
   3.125000	  -1.062172
   3.134766	  -0.763424
   3.144531	  -0.327100
   3.154297	   0.114629
   3.164062	   0.432000
   3.173828	   0.538765
   3.183594	   0.418018
   3.193359	   0.124763
   3.203125	  -0.234678
   3.212891	  -0.538536
   3.222656	  -0.688122
   3.232422	  -0.636232
   3.242188	  -0.396834
   3.251953	  -0.034453
   3.261719	   0.361264
   3.271484	   0.705626
   3.281250	   0.942733
   3.291016	   1.055453
   3.300781	   1.059852
   3.310547	   0.988451
   3.320312	   0.870730
   3.330078	   0.719711
   3.339844	   0.530275
   3.349609	   0.289442
   3.359375	  -0.006623
   3.369141	  -0.337337
   3.378906	  -0.652325
   3.388672	  -0.880243
   3.398438	  -0.950230
   3.408203	  -0.818792
   3.417969	  -0.491791
   3.427734	  -0.032089
   3.437500	   0.452030
   3.447266	   0.835624
   3.457031	   1.014449
   3.466797	   0.938479
   3.476562	   0.629738
   3.486328	   0.177448
   3.496094	  -0.288815
   3.505859	  -0.639575
   3.515625	  -0.786135
   3.525391	  -0.707695
   3.535156	  -0.455619
   3.544922	  -0.133371
   3.554688	   0.140848
   3.564453	   0.275661
   3.574219	   0.237667
   3.583984	   0.061266
   3.593750	  -0.166163
   3.603516	  -0.338223
   3.613281	  -0.370203
   3.623047	  -0.231708
   3.632812	   0.040761
   3.642578	   0.355966
   3.652344	   0.600580
   3.662109	   0.680553
   3.671875	   0.556138
   3.681641	   0.257697
   3.691406	  -0.123776
   3.701172	  -0.468306
   3.710938	  -0.669604
   3.720703	  -0.673432
   3.730469	  -0.497702
   3.740234	  -0.226770
   3.750000	   0.018403
   3.759766	   0.123861
   3.769531	   0.024597
   3.779297	  -0.270194
   3.789062	  -0.677801
   3.798828	  -1.068722
   3.808594	  -1.310337
   3.818359	  -1.312386
   3.828125	  -1.058427
   3.837891	  -0.612333
   3.847656	  -0.097623
   3.857422	   0.343123
   3.867188	   0.594651
   3.876953	   0.605322
   3.886719	   0.401158
   3.896484	   0.073496
   3.906250	  -0.254609
   3.916016	  -0.470858
   3.925781	  -0.510004
   3.935547	  -0.371648
   3.945312	  -0.114323
   3.955078	   0.170662
   3.964844	   0.394940
   3.974609	   0.504690
   3.984375	   0.496580
   3.994141	   0.412904
   4.003906	   0.318888
   4.013672	   0.272014
   4.023438	   0.296066
   4.033203	   0.370546
   4.042969	   0.439865
   4.052734	   0.438718
   4.062500	   0.323388
   4.072266	   0.096058
   4.082031	  -0.188497
   4.091797	  -0.437802
   4.101562	  -0.553751
   4.111328	  -0.470396
   4.121094	  -0.183148
   4.130859	   0.242464
   4.140625	   0.687195
   4.150391	   1.015172
   4.160156	   1.119269
   4.169922	   0.958766
   4.179688	   0.575391
   4.189453	   0.081233
   4.199219	  -0.378105
   4.208984	  -0.672668
   4.218750	  -0.732475
   4.228516	  -0.571165
   4.238281	  -0.280229
   4.248047	   0.004489
   4.257812	   0.152383
   4.267578	   0.086115
   4.277344	  -0.189260
   4.287109	  -0.586858
   4.296875	  -0.968459
   4.306641	  -1.194347
   4.316406	  -1.174776
   4.326172	  -0.904447
   4.335938	  -0.467217
   4.345703	  -0.008773
   4.355469	   0.313533
   4.365234	   0.386149
   4.375000	   0.180394
   4.384766	  -0.235691
   4.394531	  -0.719312
   4.404297	  -1.101361
   4.414062	  -1.244526
   4.423828	  -1.090720
   4.433594	  -0.681173
   4.443359	  -0.142117
   4.453125	   0.358880
   4.462891	   0.670505
   4.472656	   0.708972
   4.482422	   0.485027
   4.492188	   0.097505
   4.501953	  -0.303842
   4.511719	  -0.572608
   4.521484	  -0.617519
   4.531250	  -0.433277
   4.541016	  -0.099766
   4.550781	   0.249586
   4.560547	   0.478309
   4.570312	   0.497604
   4.580078	   0.298678
   4.589844	  -0.044958
   4.599609	  -0.405830
   4.609375	  -0.650795
   4.619141	  -0.691289
   4.628906	  -0.516887
   4.638672	  -0.199665
   4.648438	   0.132316
   4.658203	   0.342690
   4.667969	   0.338035
   4.677734	   0.103683
   4.687500	  -0.289314
   4.697266	  -0.708940
   4.707031	  -1.009854
   4.716797	  -1.086602
   4.726562	  -0.912863
   4.736328	  -0.552168
   4.746094	  -0.135843
   4.755859	   0.184083
   4.765625	   0.290049
   4.775391	   0.142158
   4.785156	  -0.206456
   4.794922	  -0.627928
   4.804688	  -0.965266
   4.814453	  -1.088911
   4.824219	  -0.943860
   4.833984	  -0.570234
   4.843750	  -0.089724
   4.853516	   0.337363
   4.863281	   0.569060
   4.873047	   0.532246
   4.882812	   0.248486
   4.892578	  -0.174168
   4.902344	  -0.580558
   4.912109	  -0.825015
   4.921875	  -0.825072
   4.931641	  -0.593327
   4.941406	  -0.236367
   4.951172	   0.078614
   4.960938	   0.177561
   4.970703	  -0.065117
   4.980469	  -0.688427
   4.990234	  -1.635950
   5.000000	  -2.777613
   5.009766	  -3.952574
   5.019531	  -5.016838
   5.029297	  -5.878695
   5.039062	  -6.510807
   5.048828	  -6.937441
   5.058594	  -7.205079
   5.068359	  -7.350579
   5.078125	  -7.381062
   5.087891	  -7.273804
   5.097656	  -6.995141
   5.107422	  -6.528615
   5.117188	  -5.897981
   5.126953	  -5.172361
   5.136719	  -4.448230
   5.146484	  -3.813295
   5.156250	  -3.306328
   5.166016	  -2.890767
   5.175781	  -2.456389
   5.185547	  -1.853326
   5.195312	  -0.949703
   5.205078	   0.306828
   5.214844	   1.847731
   5.224609	   3.481841
   5.234375	   4.939839
   5.244141	   5.954767
   5.253906	   6.353576
   5.263672	   6.127672
   5.273438	   5.454507
   5.283203	   4.656926
   5.292969	   4.107862
   5.302734	   4.107970
   5.312500	   4.775707
   5.322266	   5.988423
   5.332031	   7.398546
   5.341797	   8.525259
   5.351562	   8.896669
   5.361328	   8.199137
   5.371094	   6.385767
   5.380859	   3.707276
   5.390625	   0.652424
   5.400391	  -2.185731
   5.410156	  -4.276974
   5.419922	  -5.302094
   5.429688	  -5.235260
   5.439453	  -4.334949
   5.449219	  -3.047635
   5.458984	  -1.857062
   5.468750	  -1.129566
   5.478516	  -1.006599
   5.488281	  -1.378931
   5.498047	  -1.948779
   5.507812	  -2.355843
   5.517578	  -2.321510
   5.527344	  -1.759684
   5.537109	  -0.814976
   5.546875	   0.185092
   5.556641	   0.846604
   5.566406	   0.852743
   5.576172	   0.082791
   5.585938	  -1.336335
   5.595703	  -3.065149
   5.605469	  -4.661708
   5.615234	  -5.728431
   5.625000	  -6.044010
   5.634766	  -5.633915
   5.644531	  -4.754639
   5.654297	  -3.797564
   5.664062	  -3.147061
   5.673828	  -3.043909
   5.683594	  -3.503253
   5.693359	  -4.316643
   5.703125	  -5.137062
   5.712891	  -5.615430
   5.722656	  -5.537764
   5.732422	  -4.911488
   5.742188	  -3.967741
   5.751953	  -3.077720
   5.761719	  -2.613812
   5.771484	  -2.808357
   5.781250	  -3.665664
   5.791016	  -4.964513
   5.800781	  -6.354634
   5.810547	  -7.513426
   5.820312	  -8.302225
   5.830078	  -8.855587
   5.839844	  -9.556159
   5.849609	 -10.886712
   5.859375	 -13.197367
   5.869141	 -16.463715
   5.878906	 -20.126188
   5.888672	 -23.085302
   5.898438	 -23.883829
   5.908203	 -21.047860
   5.917969	 -13.502501
   5.927734	  -0.943479
   5.937500	  15.953703
   5.947266	  35.567686
   5.957031	  55.622852
   5.966797	  73.677637
   5.976562	  87.686272
   5.986328	  96.481363
   5.996094	 100.039062
   6.005859	  99.444337
   6.015625	  96.556252
   6.025391	  93.458760
   6.035156	  91.846435
   6.044922	  92.517332
   6.054688	  95.119224
   6.064453	  98.226979
   6.074219	  99.736695
   6.083984	  97.472145
   6.093750	  89.836819
   6.103516	  76.328231
   6.113281	  57.765663
   6.123047	  36.158966
   6.132812	  14.243854
   6.142578	  -5.198464
   6.152344	 -20.057736
   6.162109	 -29.453625
   6.171875	 -33.981493
   6.181641	 -35.569406
   6.191406	 -36.972177
   6.201172	 -41.024437
   6.210938	 -49.840600
   6.220703	 -64.167806
   6.230469	 -83.063529
   6.240234	-103.990817
   6.250000	-123.320814
   6.259766	-137.130124
   6.269531	-142.105289
   6.279297	-136.337318
   6.289062	-119.813265
   6.298828	 -94.483829
   6.308594	 -63.888220
   6.318359	 -32.424736
   6.328125	  -4.441125
   6.337891	  16.638898
   6.347656	  28.948150
   6.357422	  32.425501
   6.367188	  28.638404
   6.376953	  20.242491
   6.386719	  10.232308
   6.396484	   1.185740
   6.406250	  -5.301362
   6.416016	  -8.852346
   6.425781	 -10.175919
   6.435547	 -10.623771
   6.445312	 -11.588248
   6.455078	 -13.930968
   6.464844	 -17.619795
   6.474609	 -21.685761
   6.484375	 -24.512581
   6.494141	 -24.368161
   6.503906	 -20.011051
   6.513672	 -11.178322
   6.523438	   1.205972
   6.533203	  15.179718
   6.542969	  28.218113
   6.552734	  37.902369
   6.562500	  42.584759
   6.572266	  41.848079
   6.582031	  36.614575
   6.591797	  28.862422
   6.601562	  21.026432
   6.611328	  15.257689
   6.621094	  12.763795
   6.630859	  13.431601
   6.640625	  15.852525
   6.650391	  17.750492
   6.660156	  16.690308
   6.669922	  10.857225
   6.679688	  -0.326224
   6.689453	 -15.934099
   6.699219	 -33.706143
   6.708984	 -50.606785
   6.718750	 -63.611897
   6.728516	 -70.493050
   6.738281	 -70.370457
   6.748047	 -63.876470
   6.757812	 -52.889657
   6.767578	 -39.928882
   6.777344	 -27.397781
   6.787109	 -16.911833
   6.796875	  -8.910498
   6.806641	  -2.665300
   6.816406	   3.329835
   6.826172	  10.718663
   6.835938	  20.602464
   6.845703	  33.040138
   6.855469	  46.891748
   6.865234	  60.061257
   6.875000	  70.069895
   6.884766	  74.788627
   6.894531	  73.107630
   6.904297	  65.337351
   6.914062	  53.213873
   6.923828	  39.496876
   6.933594	  27.266805
   6.943359	  19.114219
   6.953125	  16.444474
   6.962891	  19.087571
   6.972656	  25.317673
   6.982422	  32.275213
   6.992188	  36.678636
   7.001953	  35.641376
   7.011719	  27.389905
   7.021484	  11.712596
   7.031250	  -9.956174
   7.041016	 -34.819489
   7.050781	 -59.286135
   7.060547	 -79.683175
   7.070312	 -92.953446
   7.080078	 -97.197941
   7.089844	 -91.970477
   7.099609	 -78.292280
   7.109375	 -58.411394
   7.119141	 -35.374547
   7.128906	 -12.501843
   7.138672	   7.142231
   7.148438	  21.199790
   7.158203	  28.331770
   7.167969	  28.355566
   7.177734	  22.198081
   7.187500	  11.679319
   7.197266	  -0.835016
   7.207031	 -12.853782
   7.216797	 -22.182485
   7.226562	 -27.273881
   7.236328	 -27.444844
   7.246094	 -22.922073
   7.255859	 -14.713936
   7.265625	  -4.343101
   7.275391	   6.494820
   7.285156	  16.266371
   7.294922	  23.854228
   7.304688	  28.680303
   7.314453	  30.686111
   7.324219	  30.198222
   7.333984	  27.736094
   7.343750	  23.829923
   7.353516	  18.904499
   7.363281	  13.255788
   7.373047	   7.110350
   7.382812	   0.726421
   7.392578	  -5.519331
   7.402344	 -11.108599
   7.412109	 -15.444890
   7.421875	 -17.990636
   7.431641	 -18.432041
   7.441406	 -16.808509
   7.451172	 -13.549312
   7.460938	  -9.388267
   7.470703	  -5.169070
   7.480469	  -1.595250
   7.490234	   0.995196
   7.500000	   2.749959
   7.509766	   4.264330
   7.519531	   6.379896
   7.529297	   9.869283
   7.539062	  15.098933
   7.548828	  21.778483
   7.558594	  28.888499
   7.568359	  34.831338
   7.578125	  37.785560
   7.587891	  36.181373
   7.597656	  29.172128
   7.607422	  16.968518
   7.617188	   0.931623
   7.626953	 -16.618880
   7.636719	 -32.850384
   7.646484	 -45.017367
   7.656250	 -51.072661
   7.666016	 -50.140237
   7.675781	 -42.731852
   7.685547	 -30.652054
   7.695312	 -16.611663
   7.705078	  -3.639565
   7.714844	   5.570906
   7.724609	   9.232230
   7.734375	   6.823833
   7.744141	  -0.830260
   7.753906	 -11.775367
   7.763672	 -23.374904
   7.773438	 -32.888268
   7.783203	 -38.049167
   7.792969	 -37.521941
   7.802734	 -31.145597
   7.812500	 -19.924793
   7.822266	  -5.782323
   7.832031	   8.863119
   7.841797	  21.596786
   7.851562	  30.476977
   7.861328	  34.377146
   7.871094	  33.136956
   7.880859	  27.503024
   7.890625	  18.887532
   7.900391	   9.012416
   7.910156	  -0.470586
   7.919922	  -8.293310
   7.929688	 -13.749178
   7.939453	 -16.705828
   7.949219	 -17.468104
   7.958984	 -16.547703
   7.968750	 -14.419730
   7.978516	 -11.346800
   7.988281	  -7.327315
   7.998047	  -2.182697
   8.007812	   4.249165
   8.017578	  11.885570
   8.027344	  20.224118
   8.037109	  28.298318
   8.046875	  34.802970
   8.056641	  38.374690
   8.066406	  37.959058
   8.076172	  33.159266
   8.085938	  24.454851
   8.095703	  13.207330
   8.105469	   1.426058
   8.115234	  -8.663162
   8.125000	 -15.142767
   8.134766	 -16.882945
   8.144531	 -13.841903
   8.154297	  -7.096640
   8.164062	   1.414047
   8.173828	   9.372863
   8.183594	  14.667778
   8.193359	  15.920694
   8.203125	  12.819647
   8.212891	   6.167425
   8.222656	  -2.361597
   8.232422	 -10.684231
   8.242188	 -16.859925
   8.251953	 -19.579576
   8.261719	 -18.463336
   8.271484	 -14.097500
   8.281250	  -7.816209
   8.291016	  -1.303962
   8.300781	   3.860430
   8.310547	   6.590468
   8.320312	   6.511031
   8.330078	   3.967501
   8.339844	  -0.154126
   8.349609	  -4.723873
   8.359375	  -8.683932
   8.369141	 -11.293717
   8.378906	 -12.246375
   8.388672	 -11.645959
   8.398438	  -9.878503
   8.408203	  -7.437747
   8.417969	  -4.770117
   8.427734	  -2.185190
   8.437500	   0.153967
   8.447266	   2.178704
   8.457031	   3.840485
   8.466797	   5.057320
   8.476562	   5.709480
   8.486328	   5.687654
   8.496094	   4.970906
   8.505859	   3.695994
   8.515625	   2.179917
   8.525391	   0.874026
   8.535156	   0.254347
   8.544922	   0.679003
   8.554688	   2.259698
   8.564453	   4.793773
   8.574219	   7.785948
   8.583984	  10.560251
   8.593750	  12.432608
   8.603516	  12.893586
   8.613281	  11.746185
   8.623047	   9.157055
   8.632812	   5.606620
   8.642578	   1.755111
   8.652344	  -1.732985
   8.662109	  -4.352400
   8.671875	  -5.861319
   8.681641	  -6.300542
   8.691406	  -5.930265
   8.701172	  -5.113101
   8.710938	  -4.186630
   8.720703	  -3.368016
   8.730469	  -2.718123
   8.740234	  -2.169190
   8.750000	  -1.597235
   8.759766	  -0.905926
   8.769531	  -0.087363
   8.779297	   0.763141
   8.789062	   1.481716
   8.798828	   1.903591
   8.808594	   1.934653
   8.818359	   1.596826
   8.828125	   1.028034
   8.837891	   0.435727
   8.847656	   0.021529
   8.857422	  -0.093615
   8.867188	   0.086019
   8.876953	   0.435394
   8.886719	   0.762256
   8.896484	   0.890646
   8.906250	   0.742781
   8.916016	   0.386745
   8.925781	   0.028676
   8.935547	  -0.052158
   8.945312	   0.394131
   8.955078	   1.482521
   8.964844	   3.122391
   8.974609	   5.009551
   8.984375	   6.688816
   8.994141	   7.671402
   9.003906	   7.572483
   9.013672	   6.226393
   9.023438	   3.742951
   9.033203	   0.486367
   9.042969	  -3.017717
   9.052734	  -6.219266
   9.062500	  -8.683939
   9.072266	 -10.195124
   9.082031	 -10.789571
   9.091797	 -10.719537
   9.101562	 -10.356826
   9.111328	 -10.070842
   9.121094	 -10.118529
   9.130859	 -10.577762
   9.140625	 -11.340127
   9.150391	 -12.159615
   9.160156	 -12.737155
   9.169922	 -12.812050
   9.179688	 -12.232508
   9.189453	 -10.987167
   9.199219	  -9.193767
   9.208984	  -7.054758
   9.218750	  -4.798273
   9.228516	  -2.624189
   9.238281	  -0.669705
   9.248047	   1.000363
   9.257812	   2.382560
   9.267578	   3.512899
   9.277344	   4.444798
   9.287109	   5.233973
   9.296875	   5.931630
   9.306641	   6.582275
   9.316406	   7.220471
   9.326172	   7.862700
   9.335938	   8.494998
   9.345703	   9.061830
   9.355469	   9.464205
   9.365234	   9.573510
   9.375000	   9.262205
   9.384766	   8.445174
   9.394531	   7.119212
   9.404297	   5.385845
   9.414062	   3.445941
   9.423828	   1.562899
   9.433594	   0.001959
   9.443359	  -1.037436
   9.453125	  -1.475045
   9.462891	  -1.370691
   9.472656	  -0.903860
   9.482422	  -0.316725
   9.492188	   0.162089
   9.501953	   0.388357
   9.511719	   0.343919
   9.521484	   0.134541
   9.531250	  -0.056034
   9.541016	  -0.040639
   9.550781	   0.293812
   9.560547	   0.933342
   9.570312	   1.728283
   9.580078	   2.433946
   9.589844	   2.788471
   9.599609	   2.602344
   9.609375	   1.829054
   9.619141	   0.591794
   9.628906	  -0.844724
   9.638672	  -2.149935
   9.648438	  -3.026937
   9.658203	  -3.303596
   9.667969	  -2.985135
   9.677734	  -2.250359
   9.687500	  -1.392112
   9.697266	  -0.720977
   9.707031	  -0.463474
   9.716797	  -0.687919
   9.726562	  -1.282045
   9.736328	  -1.989488
   9.746094	  -2.492954
   9.755859	  -2.516823
   9.765625	  -1.915925
   9.775391	  -0.722306
   9.785156	   0.864072
   9.794922	   2.536255
   9.804688	   3.971841
   9.814453	   4.924961
   9.824219	   5.289494
   9.833984	   5.114883
   9.843750	   4.572252
   9.853516	   3.884940
   9.863281	   3.248645
   9.873047	   2.768519
   9.882812	   2.433486
   9.892578	   2.134405
   9.902344	   1.717439
   9.912109	   1.052271
   9.921875	   0.090504
   9.931641	  -1.106153
   9.941406	  -2.377294
   9.951172	  -3.510388
   9.960938	  -4.306298
   9.970703	  -4.641649
   9.980469	  -4.507662
   9.990234	  -4.013472
  10.000000	  -3.353835
  10.009766	  -2.752468
  10.019531	  -2.399222
  10.029297	  -2.399971
  10.039062	  -2.752755
  10.048828	  -3.354540
  10.058594	  -4.033413
  10.068359	  -4.594253
  10.078125	  -4.863801
  10.087891	  -4.723780
  10.097656	  -4.126543
  10.107422	  -3.094260
  10.117188	  -1.707262
  10.126953	  -0.088517
  10.136719	   1.610696
  10.146484	   3.222644
  10.156250	   4.574767
  10.166016	   5.504847
  10.175781	   5.882058
  10.185547	   5.632531
  10.195312	   4.763650
  10.205078	   3.378499
  10.214844	   1.672135
  10.224609	  -0.094571
  10.234375	  -1.641203
  10.244141	  -2.724718
  10.253906	  -3.192724
  10.263672	  -3.018134
  10.273438	  -2.304463
  10.283203	  -1.259066
  10.292969	  -0.140988
  10.302734	   0.802262
  10.312500	   1.391438
  10.322266	   1.550358
  10.332031	   1.310422
  10.341797	   0.785965
  10.351562	   0.130450
  10.361328	  -0.511292
  10.371094	  -1.039507
  10.380859	  -1.414494
  10.390625	  -1.648115
  10.400391	  -1.778250
  10.410156	  -1.838202
  10.419922	  -1.833980
  10.429688	  -1.738496
  10.439453	  -1.504564
  10.449219	  -1.090892
  10.458984	  -0.489946
  10.468750	   0.254423
  10.478516	   1.048024
  10.488281	   1.767439
  10.498047	   2.294885
  10.507812	   2.554911
  10.517578	   2.539700
  10.527344	   2.313220
  10.537109	   1.991630
  10.546875	   1.705602
  10.556641	   1.556752
  10.566406	   1.582736
  10.576172	   1.743013
  10.585938	   1.930535
  10.595703	   2.006085
  10.605469	   1.844481
  10.615234	   1.377974
  10.625000	   0.623079
  10.634766	  -0.317505
  10.644531	  -1.278351
  10.654297	  -2.072740
  10.664062	  -2.539587
  10.673828	  -2.582352
  10.683594	  -2.189744
  10.693359	  -1.434113
  10.703125	  -0.450254
  10.712891	   0.597484
  10.722656	   1.549844
  10.732422	   2.280392
  10.742188	   2.711473
  10.751953	   2.818045
  10.761719	   2.622583
  10.771484	   2.185592
  10.781250	   1.595396
  10.791016	   0.958494
  10.800781	   0.389435
  10.810547	  -0.001919
  10.820312	  -0.126920
  10.830078	   0.062859
  10.839844	   0.558543
  10.849609	   1.285062
  10.859375	   2.106328
  10.869141	   2.847181
  10.878906	   3.329685
  10.888672	   3.415912
  10.898438	   3.045762
  10.908203	   2.258117
  10.917969	   1.187388
  10.927734	   0.034322
  10.937500	  -0.982196
  10.947266	  -1.679341
  10.957031	  -1.955061
  10.966797	  -1.810196
  10.976562	  -1.341579
  10.986328	  -0.708625
  10.996094	  -0.084158
  11.005859	   0.394893
  11.015625	   0.661572
  11.025391	   0.727638
  11.035156	   0.665507
  11.044922	   0.570929
  11.054688	   0.520329
  11.064453	   0.538299
  11.074219	   0.586929
  11.083984	   0.580847
  11.093750	   0.422594
  11.103516	   0.045638
  11.113281	  -0.550679
  11.123047	  -1.287504
  11.132812	  -2.020281
  11.142578	  -2.576816
  11.152344	  -2.808013
  11.162109	  -2.635074
  11.171875	  -2.077741
  11.181641	  -1.253991
  11.191406	  -0.350639
  11.201172	   0.426482
  11.210938	   0.907790
  11.220703	   1.004187
  11.230469	   0.727513
  11.240234	   0.182154
  11.250000	  -0.468385
  11.259766	  -1.048770
  11.269531	  -1.418398
  11.279297	  -1.503931
  11.289062	  -1.309856
  11.298828	  -0.906481
  11.308594	  -0.401687
  11.318359	   0.093094
  11.328125	   0.491785
  11.337891	   0.749774
  11.347656	   0.864805
  11.357422	   0.865603
  11.367188	   0.794755
  11.376953	   0.693076
  11.386719	   0.590655
  11.396484	   0.506044
  11.406250	   0.451297
  11.416016	   0.438291
  11.425781	   0.481742
  11.435547	   0.596457
  11.445312	   0.789583
  11.455078	   1.051509
  11.464844	   1.350323
  11.474609	   1.633812
  11.484375	   1.840117
  11.494141	   1.914592
  11.503906	   1.827438
  11.513672	   1.585730
  11.523438	   1.234843
  11.533203	   0.847773
  11.542969	   0.505092
  11.552734	   0.271748
  11.562500	   0.178321
  11.572266	   0.213044
  11.582031	   0.327327
  11.591797	   0.452906
  11.601562	   0.524749
  11.611328	   0.501904
  11.621094	   0.379278
  11.630859	   0.186658
  11.640625	  -0.024196
  11.650391	  -0.199315
  11.660156	  -0.301777
  11.669922	  -0.323489
  11.679688	  -0.285448
  11.689453	  -0.226794
  11.699219	  -0.187165
  11.708984	  -0.189318
  11.718750	  -0.228816
  11.728516	  -0.274875
  11.738281	  -0.282194
  11.748047	  -0.209414
  11.757812	  -0.037239
  11.767578	   0.220757
  11.777344	   0.519004
  11.787109	   0.792622
  11.796875	   0.977707
  11.806641	   1.032127
  11.816406	   0.949468
  11.826172	   0.761142
  11.835938	   0.525844
  11.845703	   0.310082
  11.855469	   0.166618
  11.865234	   0.118379
  11.875000	   0.153353
  11.884766	   0.231966
  11.894531	   0.303963
  11.904297	   0.328424
  11.914062	   0.289499
  11.923828	   0.202171
  11.933594	   0.106053
  11.943359	   0.049683
  11.953125	   0.071259
  11.962891	   0.183021
  11.972656	   0.365119
  11.982422	   0.571262
  11.992188	   0.744090
  12.001953	   0.834675
  12.011719	   0.819018
  12.021484	   0.705593
  12.031250	   0.531289
  12.041016	   0.347394
  12.050781	   0.200904
  12.060547	   0.118112
  12.070312	   0.096529
  12.080078	   0.108026
  12.089844	   0.111857
  12.099609	   0.072534
  12.109375	  -0.024339
  12.119141	  -0.164403
  12.128906	  -0.308170
  12.138672	  -0.404791
  12.148438	  -0.411003
  12.158203	  -0.308243
  12.167969	  -0.111433
  12.177734	   0.134076
  12.187500	   0.366655
  12.197266	   0.528798
  12.207031	   0.586569
  12.216797	   0.541141
  12.226562	   0.428182
  12.236328	   0.305207
  12.246094	   0.231284
  12.255859	   0.246249
  12.265625	   0.356789
  12.275391	   0.534316
  12.285156	   0.725338
  12.294922	   0.870600
  12.304688	   0.926146
  12.314453	   0.878776
  12.324219	   0.750410
  12.333984	   0.589847
  12.343750	   0.454891
  12.353516	   0.391257
  12.363281	   0.415763
  12.373047	   0.509765
  12.382812	   0.625161
  12.392578	   0.700810
  12.402344	   0.683629
  12.412109	   0.547025
  12.421875	   0.300409
  12.431641	  -0.013313
  12.441406	  -0.331095
  12.451172	  -0.589162
  12.460938	  -0.741709
  12.470703	  -0.772739
  12.480469	  -0.697502
  12.490234	  -0.553825
  12.500000	  -0.387135
  12.509766	  -0.234940
  12.519531	  -0.116317
  12.529297	  -0.029711
  12.539062	   0.040972
  12.548828	   0.115177
  12.558594	   0.204388
  12.568359	   0.305436
  12.578125	   0.401115
  12.587891	   0.467703
  12.597656	   0.486101
  12.607422	   0.451795
  12.617188	   0.379265
  12.626953	   0.298625
  12.636719	   0.245428
  12.646484	   0.247368
  12.656250	   0.313039
  12.666016	   0.427327
  12.675781	   0.555606
  12.685547	   0.655585
  12.695312	   0.692662
  12.705078	   0.653108
  12.714844	   0.550015
  12.724609	   0.419498
  12.734375	   0.308198
  12.744141	   0.256437
  12.753906	   0.283153
  12.763672	   0.378227
  12.773438	   0.505283
  12.783203	   0.614202
  12.792969	   0.659004
  12.802734	   0.614644
  12.812500	   0.486506
  12.822266	   0.308921
  12.832031	   0.132999
  12.841797	   0.007991
  12.851562	  -0.037086
  12.861328	  -0.004764
  12.871094	   0.071015
  12.880859	   0.136798
  12.890625	   0.139296
  12.900391	   0.045878
  12.910156	  -0.141574
  12.919922	  -0.384730
  12.929688	  -0.619976
  12.939453	  -0.779140
  12.949219	  -0.812808
  12.958984	  -0.708086
  12.968750	  -0.494456
  12.978516	  -0.235384
  12.988281	  -0.008250
  12.998047	   0.120754
  13.007812	   0.118270
  13.017578	  -0.005380
  13.027344	  -0.199874
  13.037109	  -0.391851
  13.046875	  -0.509405
  13.056641	  -0.505813
  13.066406	  -0.374559
  13.076172	  -0.150723
  13.085938	   0.101472
  13.095703	   0.310495
  13.105469	   0.421145
  13.115234	   0.412024
  13.125000	   0.301149
  13.134766	   0.138224
  13.144531	  -0.013325
  13.154297	  -0.098065
  13.164062	  -0.086525
  13.173828	   0.016512
  13.183594	   0.175704
  13.193359	   0.338944
  13.203125	   0.455919
  13.212891	   0.494763
  13.222656	   0.451148
  13.232422	   0.347155
  13.242188	   0.221042
  13.251953	   0.112240
  13.261719	   0.047342
  13.271484	   0.032149
  13.281250	   0.052290
  13.291016	   0.081547
  13.300781	   0.094169
  13.310547	   0.076076
  13.320312	   0.030517
  13.330078	  -0.023905
  13.339844	  -0.061839
  13.349609	  -0.062779
  13.359375	  -0.020819
  13.369141	   0.051511
  13.378906	   0.127067
  13.388672	   0.174261
  13.398438	   0.169702
  13.408203	   0.108352
  13.417969	   0.007072
  13.427734	  -0.100115
  13.437500	  -0.173576
  13.447266	  -0.182296
  13.457031	  -0.115521
  13.466797	   0.012631
  13.476562	   0.167482
  13.486328	   0.305641
  13.496094	   0.390155
  13.505859	   0.403431
  13.515625	   0.353135
  13.525391	   0.268805
  13.535156	   0.190381
  13.544922	   0.152823
  13.554688	   0.172585
  13.564453	   0.241032
  13.574219	   0.327437
  13.583984	   0.390595
  13.593750	   0.394861
  13.603516	   0.324649
  13.613281	   0.191850
  13.623047	   0.033106
  13.632812	  -0.102406
  13.642578	  -0.170521
  13.652344	  -0.148660
  13.662109	  -0.045304
  13.671875	   0.101378
  13.681641	   0.235675
  13.691406	   0.303284
  13.701172	   0.270545
  13.710938	   0.137156
  13.720703	  -0.062325
  13.730469	  -0.269007
  13.740234	  -0.418887
  13.750000	  -0.464305
  13.759766	  -0.390348
  13.769531	  -0.220533
  13.779297	  -0.009775
  13.789062	   0.173061
  13.798828	   0.267158
  13.808594	   0.238943
  13.818359	   0.092165
  13.828125	  -0.134316
  13.837891	  -0.379953
  13.847656	  -0.582365
  13.857422	  -0.696766
  13.867188	  -0.708557
  13.876953	  -0.635196
  13.886719	  -0.517337
  13.896484	  -0.402898
  13.906250	  -0.329993
  13.916016	  -0.314749
  13.925781	  -0.348002
  13.935547	  -0.401459
  13.945312	  -0.440491
  13.955078	  -0.438445
  13.964844	  -0.387037
  13.974609	  -0.299084
  13.984375	  -0.202865
  13.994141	  -0.130557
  14.003906	  -0.105376
  14.013672	  -0.132431
  14.023438	  -0.196738
  14.033203	  -0.269078
  14.042969	  -0.317338
  14.052734	  -0.318915
  14.062500	  -0.269389
  14.072266	  -0.184155
  14.082031	  -0.092392
  14.091797	  -0.025719
  14.101562	  -0.005910
  14.111328	  -0.036399
  14.121094	  -0.100875
  14.130859	  -0.169552
  14.140625	  -0.210756
  14.150391	  -0.203406
  14.160156	  -0.145584
  14.169922	  -0.055826
  14.179688	   0.033493
  14.189453	   0.088269
  14.199219	   0.085741
  14.208984	   0.023520
  14.218750	  -0.078994
  14.228516	  -0.187517
  14.238281	  -0.265714
  14.248047	  -0.289184
  14.257812	  -0.255312
  14.267578	  -0.185055
  14.277344	  -0.115697
  14.287109	  -0.086958
  14.296875	  -0.125437
  14.306641	  -0.233156
  14.316406	  -0.384687
  14.326172	  -0.534325
  14.335938	  -0.631135
  14.345703	  -0.636776
  14.355469	  -0.539790
  14.365234	  -0.361136
  14.375000	  -0.148684
  14.384766	   0.037741
  14.394531	   0.145843
  14.404297	   0.148223
  14.414062	   0.051655
  14.423828	  -0.105021
  14.433594	  -0.263734
  14.443359	  -0.366428
  14.453125	  -0.374182
  14.462891	  -0.279733
  14.472656	  -0.109255
  14.482422	   0.087038
  14.492188	   0.252035
  14.501953	   0.340621
  14.511719	   0.333809
  14.521484	   0.243454
  14.531250	   0.106257
  14.541016	  -0.030446
  14.550781	  -0.125788
  14.560547	  -0.159227
  14.570312	  -0.136323
  14.580078	  -0.084665
  14.589844	  -0.041795
  14.599609	  -0.039791
  14.609375	  -0.092330
  14.619141	  -0.188984
  14.628906	  -0.298782
  14.638672	  -0.381612
  14.648438	  -0.403194
  14.658203	  -0.348053
  14.667969	  -0.225720
  14.677734	  -0.067905
  14.687500	   0.082317
  14.697266	   0.185348
  14.707031	   0.218559
  14.716797	   0.183608
  14.726562	   0.105036
  14.736328	   0.020798
  14.746094	  -0.031714
  14.755859	  -0.029018
  14.765625	   0.030528
  14.775391	   0.126983
  14.785156	   0.226932
  14.794922	   0.296291
  14.804688	   0.312959
  14.814453	   0.274639
  14.824219	   0.199016
  14.833984	   0.116397
  14.843750	   0.057712
  14.853516	   0.042511
  14.863281	   0.071518
  14.873047	   0.126535
  14.882812	   0.177721
  14.892578	   0.195410
  14.902344	   0.161956
  14.912109	   0.079043
  14.921875	  -0.032421
  14.931641	  -0.139845
  14.941406	  -0.211203
  14.951172	  -0.227358
  14.960938	  -0.189788
  14.970703	  -0.120662
  14.980469	  -0.055074
  14.990234	  -0.028163
  15.000000	  -0.061824
  15.009766	  -0.155983
  15.019531	  -0.287789
  15.029297	  -0.419213
  15.039062	  -0.510472
  15.048828	  -0.534464
  15.058594	  -0.486973
  15.068359	  -0.388814
  15.078125	  -0.279008
  15.087891	  -0.201254
  15.097656	  -0.188494
  15.107422	  -0.251052
  15.117188	  -0.372651
  15.126953	  -0.515791
  15.136719	  -0.634648
  15.146484	  -0.690941
  15.156250	  -0.667135
  15.166016	  -0.572298
  15.175781	  -0.438548
  15.185547	  -0.309378
  15.195312	  -0.224089
  15.205078	  -0.203877
  15.214844	  -0.244575
  15.224609	  -0.318586
  15.234375	  -0.385258
  15.244141	  -0.405911
  15.253906	  -0.358072
  15.263672	  -0.243787
  15.273438	  -0.089057
  15.283203	   0.065378
  15.292969	   0.178505
  15.302734	   0.223531
  15.312500	   0.197161
  15.322266	   0.120364
  15.332031	   0.030393
  15.341797	  -0.032981
  15.351562	  -0.042005
  15.361328	   0.009007
  15.371094	   0.101740
  15.380859	   0.200702
  15.390625	   0.266288
  15.400391	   0.269330
  15.410156	   0.201857
  15.419922	   0.080205
  15.429688	  -0.060596
  15.439453	  -0.179086
  15.449219	  -0.241821
  15.458984	  -0.234800
  15.468750	  -0.167815
  15.478516	  -0.070258
  15.488281	   0.019972
  15.498047	   0.070344
  15.507812	   0.065292
  15.517578	   0.011377
  15.527344	  -0.065768
  15.537109	  -0.131428
  15.546875	  -0.154972
  15.556641	  -0.121309
  15.566406	  -0.036436
  15.576172	   0.074890
  15.585938	   0.178391
  15.595703	   0.242937
  15.605469	   0.251894
  15.615234	   0.208975
  15.625000	   0.136443
  15.634766	   0.066418
  15.644531	   0.028559
  15.654297	   0.038764
  15.664062	   0.093117
  15.673828	   0.169350
  15.683594	   0.235306
  15.693359	   0.261237
  15.703125	   0.231354
  15.712891	   0.150300
  15.722656	   0.042045
  15.732422	  -0.058449
  15.742188	  -0.117811
  15.751953	  -0.116497
  15.761719	  -0.056163
  15.771484	   0.040553
  15.781250	   0.137846
  15.791016	   0.199343
  15.800781	   0.200939
  15.810547	   0.139238
  15.820312	   0.032522
  15.830078	  -0.086057
  15.839844	  -0.180562
  15.849609	  -0.225201
  15.859375	  -0.213376
  15.869141	  -0.159562
  15.878906	  -0.093361
  15.888672	  -0.047981
  15.898438	  -0.047419
  15.908203	  -0.097138
  15.917969	  -0.181729
  15.927734	  -0.270478
  15.937500	  -0.328849
  15.947266	  -0.331657
  15.957031	  -0.273061
  15.966797	  -0.169611
  15.976562	  -0.055097
  15.986328	   0.031059
  15.996094	   0.057768
  16.005859	   0.013567
  16.015625	  -0.088848
  16.025391	  -0.216547
  16.035156	  -0.327421
  16.044922	  -0.384467
  16.054688	  -0.368272
  16.064453	  -0.283301
  16.074219	  -0.155834
  16.083984	  -0.024392
  16.093750	   0.073828
  16.103516	   0.115615
  16.113281	   0.098996
  16.123047	   0.042595
  16.132812	  -0.022473
  16.142578	  -0.065021
  16.152344	  -0.065840
  16.162109	  -0.024868
  16.171875	   0.039166
  16.181641	   0.096441
  16.191406	   0.118167
  16.201172	   0.088517
  16.210938	   0.011812
  16.220703	  -0.087889
  16.230469	  -0.174805
  16.240234	  -0.214274
  16.250000	  -0.185736
  16.259766	  -0.091090
  16.269531	   0.044791
  16.279297	   0.181774
  16.289062	   0.277829
  16.298828	   0.303390
  16.308594	   0.251626
  16.318359	   0.140964
  16.328125	   0.008895
  16.337891	  -0.100796
  16.347656	  -0.152917
  16.357422	  -0.132674
  16.367188	  -0.050290
  16.376953	   0.063104
  16.386719	   0.166760
  16.396484	   0.224729
  16.406250	   0.218283
  16.416016	   0.151997
  16.425781	   0.051468
  16.435547	  -0.046357
  16.445312	  -0.106665
  16.455078	  -0.109179
  16.464844	  -0.055079
  16.474609	   0.033919
  16.484375	   0.123840
  16.494141	   0.180932
  16.503906	   0.183774
  16.513672	   0.130641
  16.523438	   0.039569
  16.533203	  -0.058742
  16.542969	  -0.132423
  16.552734	  -0.160033
  16.562500	  -0.137975
  16.572266	  -0.081082
  16.582031	  -0.016268
  16.591797	   0.028256
  16.601562	   0.034123
  16.611328	   0.000079
  16.621094	  -0.057341
  16.630859	  -0.110006
  16.640625	  -0.128953
  16.650391	  -0.095720
  16.660156	  -0.010017
  16.669922	   0.109154
  16.679688	   0.229433
  16.689453	   0.315990
  16.699219	   0.343468
  16.708984	   0.304687
  16.718750	   0.212984
  16.728516	   0.097395
  16.738281	  -0.007544
  16.748047	  -0.073679
  16.757812	  -0.088516
  16.767578	  -0.058658
  16.777344	  -0.006279
  16.787109	   0.039880
  16.796875	   0.055569
  16.806641	   0.030002
  16.816406	  -0.030536
  16.826172	  -0.105696
  16.835938	  -0.169416
  16.845703	  -0.200370
  16.855469	  -0.190484
  16.865234	  -0.148246
  16.875000	  -0.095499
  16.884766	  -0.058904
  16.894531	  -0.059291
  16.904297	  -0.102960
  16.914062	  -0.178326
  16.923828	  -0.259336
  16.933594	  -0.314564
  16.943359	  -0.318748
  16.953125	  -0.262538
  16.962891	  -0.156810
  16.972656	  -0.029828
  16.982422	   0.081903
  16.992188	   0.145917
  17.001953	   0.144864
  17.011719	   0.082429
  17.021484	  -0.018020
  17.031250	  -0.121586
  17.041016	  -0.193885
  17.050781	  -0.212659
  17.060547	  -0.174856
  17.070312	  -0.096693
  17.080078	  -0.006804
  17.089844	   0.064911
  17.099609	   0.098589
  17.109375	   0.091667
  17.119141	   0.059428
  17.128906	   0.028654
  17.138672	   0.026772
  17.148438	   0.070560
  17.158203	   0.158701
  17.167969	   0.271053
  17.177734	   0.375084
  17.187500	   0.437250
  17.197266	   0.435240
  17.207031	   0.366634
  17.216797	   0.250724
  17.226562	   0.122692
  17.236328	   0.022063
  17.246094	  -0.020576
  17.255859	   0.006057
  17.265625	   0.090117
  17.275391	   0.200703
  17.285156	   0.298382
  17.294922	   0.348451
  17.304688	   0.332335
  17.314453	   0.253186
  17.324219	   0.133870
  17.333984	   0.008273
  17.343750	  -0.090859
  17.353516	  -0.143095
  17.363281	  -0.146581
  17.373047	  -0.117281
  17.382812	  -0.081707
  17.392578	  -0.066003
  17.402344	  -0.085535
  17.412109	  -0.138865
  17.421875	  -0.208322
  17.431641	  -0.266886
  17.441406	  -0.288752
  17.451172	  -0.259583
  17.460938	  -0.182563
  17.470703	  -0.077947
  17.480469	   0.023789
  17.490234	   0.092733
  17.500000	   0.110294
  17.509766	   0.075979
  17.519531	   0.007681
  17.529297	  -0.064680
  17.539062	  -0.109865
  17.548828	  -0.106506
  17.558594	  -0.050725
  17.568359	   0.042572
  17.578125	   0.145156
  17.587891	   0.225684
  17.597656	   0.260902
  17.607422	   0.243766
  17.617188	   0.185550
  17.626953	   0.111205
  17.636719	   0.049760
  17.646484	   0.023319
  17.656250	   0.038757
  17.666016	   0.085174
  17.675781	   0.138082
  17.685547	   0.168741
  17.695312	   0.155234
  17.705078	   0.091128
  17.714844	  -0.011491
  17.724609	  -0.125796
  17.734375	  -0.219507
  17.744141	  -0.266314
  17.753906	  -0.255281
  17.763672	  -0.194793
  17.773438	  -0.109556
  17.783203	  -0.031714
  17.792969	   0.010737
  17.802734	   0.004025
  17.812500	  -0.046476
  17.822266	  -0.118276
  17.832031	  -0.180034
  17.841797	  -0.203073
  17.851562	  -0.171980
  17.861328	  -0.090453
  17.871094	   0.019717
  17.880859	   0.126173
  17.890625	   0.197308
  17.900391	   0.213313
  17.910156	   0.172969
  17.919922	   0.093805
  17.929688	   0.005581
  17.939453	  -0.060482
  17.949219	  -0.082830
  17.958984	  -0.057044
  17.968750	   0.003000
  17.978516	   0.070621
  17.988281	   0.116411
  17.998047	   0.119180
  18.007812	   0.073780
  18.017578	  -0.007018
  18.027344	  -0.097216
  18.037109	  -0.167090
  18.046875	  -0.193982
  18.056641	  -0.170428
  18.066406	  -0.106692
  18.076172	  -0.026804
  18.085938	   0.040363
  18.095703	   0.071682
  18.105469	   0.058122
  18.115234	   0.007798
  18.125000	  -0.057342
  18.134766	  -0.109939
  18.144531	  -0.127609
  18.154297	  -0.101442
  18.164062	  -0.039458
  18.173828	   0.036239
  18.183594	   0.097568
  18.193359	   0.120847
  18.203125	   0.095622
  18.212891	   0.028681
  18.222656	  -0.058210
  18.232422	  -0.136042
  18.242188	  -0.178936
  18.251953	  -0.173365
  18.261719	  -0.122869
  18.271484	  -0.046564
  18.281250	   0.027974
  18.291016	   0.074819
  18.300781	   0.079085
  18.310547	   0.042149
  18.320312	  -0.019164
  18.330078	  -0.079095
  18.339844	  -0.112724
  18.349609	  -0.105357
  18.359375	  -0.058056
  18.369141	   0.012735
  18.378906	   0.081324
  18.388672	   0.122386
  18.398438	   0.120480
  18.408203	   0.075952
  18.417969	   0.005003
  18.427734	  -0.066117
  18.437500	  -0.110655
  18.447266	  -0.111139
  18.457031	  -0.065787
  18.466797	   0.010832
  18.476562	   0.093137
  18.486328	   0.153904
  18.496094	   0.174208
  18.505859	   0.150266
  18.515625	   0.094653
  18.525391	   0.031414
  18.535156	  -0.013091
  18.544922	  -0.020224
  18.554688	   0.013777
  18.564453	   0.076216
  18.574219	   0.142594
  18.583984	   0.185809
  18.593750	   0.186537
  18.603516	   0.140899
  18.613281	   0.062504
  18.623047	  -0.022017
  18.632812	  -0.082469
  18.642578	  -0.096159
  18.652344	  -0.056534
  18.662109	   0.023848
  18.671875	   0.117221
  18.681641	   0.190115
  18.691406	   0.215160
  18.701172	   0.180967
  18.710938	   0.096523
  18.720703	  -0.011552
  18.730469	  -0.108010
  18.740234	  -0.161098
  18.750000	  -0.153565
  18.759766	  -0.088643
  18.769531	   0.011093
  18.779297	   0.111612
  18.789062	   0.179246
  18.798828	   0.192304
  18.808594	   0.148375
  18.818359	   0.064815
  18.828125	  -0.027700
  18.837891	  -0.096197
  18.847656	  -0.117069
  18.857422	  -0.084251
  18.867188	  -0.011081
  18.876953	   0.074695
  18.886719	   0.140895
  18.896484	   0.162219
  18.906250	   0.128874
  18.916016	   0.049521
  18.925781	  -0.052366
  18.935547	  -0.147231
  18.945312	  -0.210000
  18.955078	  -0.228602
  18.964844	  -0.207427
  18.974609	  -0.164623
  18.984375	  -0.124397
  18.994141	  -0.107306
  19.003906	  -0.122226
  19.013672	  -0.162975
  19.023438	  -0.210799
  19.033203	  -0.241724
  19.042969	  -0.235975
  19.052734	  -0.185866
  19.062500	  -0.099208
  19.072266	   0.003086
  19.082031	   0.094315
  19.091797	   0.151523
  19.101562	   0.163715
  19.111328	   0.135702
  19.121094	   0.086145
  19.130859	   0.040516
  19.140625	   0.021583
  19.150391	   0.040927
  19.160156	   0.094648
  19.169922	   0.164833
  19.179688	   0.226247
  19.189453	   0.255770
  19.199219	   0.241063
  19.208984	   0.185259
  19.218750	   0.105910
  19.228516	   0.028578
  19.238281	  -0.022563
  19.248047	  -0.033628
  19.257812	  -0.006099
  19.267578	   0.043837
  19.277344	   0.091468
  19.287109	   0.113018
  19.296875	   0.094851
  19.306641	   0.038996
  19.316406	  -0.037144
  19.326172	  -0.106875
  19.335938	  -0.143932
  19.345703	  -0.132316
  19.355469	  -0.072604
  19.365234	   0.017626
  19.375000	   0.109528
  19.384766	   0.172883
  19.394531	   0.186640
  19.404297	   0.146316
  19.414062	   0.065565
  19.423828	  -0.028664
  19.433594	  -0.105671
  19.443359	  -0.141821
  19.453125	  -0.128751
  19.462891	  -0.076010
  19.472656	  -0.007220
  19.482422	   0.048853
  19.492188	   0.069030
  19.501953	   0.044358
  19.511719	  -0.016518
  19.521484	  -0.090479
  19.531250	  -0.148436
  19.541016	  -0.166128
  19.550781	  -0.133272
  19.560547	  -0.057721
  19.570312	   0.036934
  19.580078	   0.119507
  19.589844	   0.162206
  19.599609	   0.150546
  19.609375	   0.088630
  19.619141	  -0.002115
  19.628906	  -0.090298
  19.638672	  -0.145421
  19.648438	  -0.148384
  19.658203	  -0.097934
  19.667969	  -0.010844
  19.677734	   0.084177
  19.687500	   0.156579
  19.697266	   0.184448
  19.707031	   0.161654
  19.716797	   0.099220
  19.726562	   0.020585
  19.736328	  -0.047363
  19.746094	  -0.084122
  19.755859	  -0.082682
  19.765625	  -0.051374
  19.775391	  -0.009929
  19.785156	   0.018658
  19.794922	   0.017312
  19.804688	  -0.018369
  19.814453	  -0.078321
  19.824219	  -0.141832
  19.833984	  -0.185510
  19.843750	  -0.192375
  19.853516	  -0.158627
  19.863281	  -0.095506
  19.873047	  -0.025486
  19.882812	   0.025836
  19.892578	   0.039181
  19.902344	   0.008866
  19.912109	  -0.054823
  19.921875	  -0.129066
  19.931641	  -0.186580
  19.941406	  -0.205379
  19.951172	  -0.176684
  19.960938	  -0.108081
  19.970703	  -0.020761
  19.980469	   0.058151
  19.990234	   0.105392
  20.000000	   0.109880
  20.009766	   0.076543
  20.019531	   0.024233
  20.029297	  -0.021470
  20.039062	  -0.037921
  20.048828	  -0.013957
  20.058594	   0.045824
  20.068359	   0.122669
  20.078125	   0.190564
  20.087891	   0.225912
  20.097656	   0.216393
  20.107422	   0.165738
  20.117188	   0.092583
  20.126953	   0.023779
  20.136719	  -0.015441
  20.146484	  -0.010837
  20.156250	   0.035376
  20.166016	   0.105036
  20.175781	   0.170414
  20.185547	   0.204213
  20.195312	   0.189566
  20.205078	   0.126423
  20.214844	   0.031937
  20.224609	  -0.065337
  20.234375	  -0.135414
  20.244141	  -0.157466
  20.253906	  -0.127229
  20.263672	  -0.058557
  20.273438	   0.021460
  20.283203	   0.082079
  20.292969	   0.099798
  20.302734	   0.066654
  20.312500	  -0.007010
  20.322266	  -0.096276
  20.332031	  -0.170540
  20.341797	  -0.204345
  20.351562	  -0.186320
  20.361328	  -0.123049
  20.371094	  -0.036555
  20.380859	   0.043627
  20.390625	   0.090890
  20.400391	   0.090762
  20.410156	   0.045613
  20.419922	  -0.026739
  20.429688	  -0.099877
  20.439453	  -0.148531
  20.449219	  -0.157608
  20.458984	  -0.127261
  20.468750	  -0.072217
  20.478516	  -0.015730
  20.488281	   0.019502
  20.498047	   0.020049
  20.507812	  -0.013156
  20.517578	  -0.065206
  20.527344	  -0.112923
  20.537109	  -0.133695
  20.546875	  -0.114171
  20.556641	  -0.055535
  20.566406	   0.026591
  20.576172	   0.107612
  20.585938	   0.162771
  20.595703	   0.176076
  20.605469	   0.146032
  20.615234	   0.086097
  20.625000	   0.019666
  20.634766	  -0.028532
  20.644531	  -0.041467
  20.654297	  -0.015942
  20.664062	   0.036446
  20.673828	   0.093824
  20.683594	   0.132387
  20.693359	   0.135420
  20.703125	   0.099672
  20.712891	   0.036663
  20.722656	  -0.031560
  20.732422	  -0.080678
  20.742188	  -0.093299
  20.751953	  -0.065659
  20.761719	  -0.009312
  20.771484	   0.052918
  20.781250	   0.095275
  20.791016	   0.098685
  20.800781	   0.058090
  20.810547	  -0.015232
  20.820312	  -0.097308
  20.830078	  -0.159841
  20.839844	  -0.180313
  20.849609	  -0.150196
  20.859375	  -0.078256
  20.869141	   0.012295
  20.878906	   0.091829
  20.888672	   0.134664
  20.898438	   0.128071
  20.908203	   0.076671
  20.917969	   0.000675
  20.927734	  -0.071429
  20.937500	  -0.113085
  20.947266	  -0.109118
  20.957031	  -0.061029
  20.966797	   0.013744
  20.976562	   0.088299
  20.986328	   0.136094
  20.996094	   0.140562
  21.005859	   0.101016
  21.015625	   0.032744
  21.025391	  -0.038733
  21.035156	  -0.087098
  21.044922	  -0.094922
  21.054688	  -0.060060
  21.064453	   0.003584
  21.074219	   0.071182
  21.083984	   0.116141
  21.093750	   0.119931
  21.103516	   0.079004
  21.113281	   0.006265
  21.123047	  -0.073452
  21.132812	  -0.132281
  21.142578	  -0.149375
  21.152344	  -0.118476
  21.162109	  -0.050266
  21.171875	   0.031362
  21.181641	   0.097752
  21.191406	   0.125639
  21.201172	   0.105340
  21.210938	   0.044087
  21.220703	  -0.036672
  21.230469	  -0.108980
  21.240234	  -0.148281
  21.250000	  -0.141961
  21.259766	  -0.093504
  21.269531	  -0.020827
  21.279297	   0.050488
  21.289062	   0.096531
  21.298828	   0.103561
  21.308594	   0.072576
  21.318359	   0.018397
  21.328125	  -0.036297
  21.337891	  -0.069688
  21.347656	  -0.069017
  21.357422	  -0.035221
  21.367188	   0.017652
  21.376953	   0.067995
  21.386719	   0.095011
  21.396484	   0.086746
  21.406250	   0.044759
  21.416016	  -0.016327
  21.425781	  -0.074231
  21.435547	  -0.107362
  21.445312	  -0.102981
  21.455078	  -0.062111
  21.464844	   0.000657
  21.474609	   0.062449
  21.484375	   0.100539
  21.494141	   0.100822
  21.503906	   0.063165
  21.513672	   0.001630
  21.523438	  -0.060574
  21.533203	  -0.099579
  21.542969	  -0.099695
  21.552734	  -0.059307
  21.562500	   0.008347
  21.572266	   0.079873
  21.582031	   0.130200
  21.591797	   0.141761
  21.601562	   0.111003
  21.611328	   0.049809
  21.621094	  -0.018744
  21.630859	  -0.068780
  21.640625	  -0.081136
  21.650391	  -0.050516
  21.660156	   0.012359
  21.669922	   0.084439
  21.679688	   0.138585
  21.689453	   0.153416
  21.699219	   0.121175
  21.708984	   0.050771
  21.718750	  -0.035163
  21.728516	  -0.108177
  21.738281	  -0.144055
  21.748047	  -0.131401
  21.757812	  -0.075683
  21.767578	   0.002731
  21.777344	   0.075852
  21.787109	   0.118033
  21.796875	   0.115057
  21.806641	   0.069088
  21.816406	  -0.002280
  21.826172	  -0.072492
  21.835938	  -0.115681
  21.845703	  -0.115995
  21.855469	  -0.073254
  21.865234	  -0.002925
  21.875000	   0.069545
  21.884766	   0.117947
  21.894531	   0.124723
  21.904297	   0.087201
  21.914062	   0.018393
  21.923828	  -0.057849
  21.933594	  -0.115532
  21.943359	  -0.135881
  21.953125	  -0.113956
  21.962891	  -0.060160
  21.972656	   0.003867
  21.982422	   0.053404
  21.992188	   0.069841
  22.001953	   0.047541
  22.011719	  -0.004145
  22.021484	  -0.064387
  22.031250	  -0.108622
  22.041016	  -0.117644
  22.050781	  -0.084721
  22.060547	  -0.018126
  22.070312	   0.061823
  22.080078	   0.130100
  22.089844	   0.165989
  22.099609	   0.160467
  22.109375	   0.119277
  22.119141	   0.060575
  22.128906	   0.008081
  22.138672	  -0.017744
  22.148438	  -0.007220
  22.158203	   0.035083
  22.167969	   0.092191
  22.177734	   0.141176
  22.187500	   0.161796
  22.197266	   0.144125
  22.207031	   0.092338
  22.216797	   0.023255
  22.226562	  -0.039824
  22.236328	  -0.075704
  22.246094	  -0.073123
  22.255859	  -0.034921
  22.265625	   0.022999
  22.275391	   0.077548
  22.285156	   0.107000
  22.294922	   0.099045
  22.304688	   0.055376
  22.314453	  -0.008928
  22.324219	  -0.070992
  22.333984	  -0.108676
  22.343750	  -0.108881
  22.353516	  -0.072552
  22.363281	  -0.014470
  22.373047	   0.042120
  22.382812	   0.074131
  22.392578	   0.067336
  22.402344	   0.021934
  22.412109	  -0.047133
  22.421875	  -0.115306
  22.431641	  -0.157188
  22.441406	  -0.155825
  22.451172	  -0.109123
  22.460938	  -0.031014
  22.470703	   0.053100
  22.480469	   0.115081
  22.490234	   0.133853
  22.500000	   0.102805
  22.509766	   0.032125
  22.519531	  -0.054743
  22.529297	  -0.129276
  22.539062	  -0.167767
  22.548828	  -0.159401
  22.558594	  -0.109696
  22.568359	  -0.038112
  22.578125	   0.029234
  22.587891	   0.069060
  22.597656	   0.069199
  22.607422	   0.032681
  22.617188	  -0.023784
  22.626953	  -0.076299
  22.636719	  -0.102815
  22.646484	  -0.091374
  22.656250	  -0.044538
  22.666016	   0.021577
  22.675781	   0.083300
  22.685547	   0.118183
  22.695312	   0.113327
  22.705078	   0.070211
  22.714844	   0.004224
  22.724609	  -0.060883
  22.734375	  -0.101619
  22.744141	  -0.103275
  22.753906	  -0.065231
  22.763672	  -0.001134
  22.773438	   0.066120
  22.783203	   0.112737
  22.792969	   0.122656
  22.802734	   0.093311
  22.812500	   0.036428
  22.822266	  -0.026394
  22.832031	  -0.071686
  22.841797	  -0.082738
  22.851562	  -0.055701
  22.861328	  -0.000920
  22.871094	   0.060942
  22.880859	   0.106560
  22.890625	   0.118545
  22.900391	   0.091814
  22.910156	   0.035409
  22.919922	  -0.030900
  22.929688	  -0.083947
  22.939453	  -0.105729
  22.949219	  -0.090027
  22.958984	  -0.044648
  22.968750	   0.011530
  22.978516	   0.055622
  22.988281	   0.069274
  22.998047	   0.045535
  23.007812	  -0.008499
  23.017578	  -0.074245
  23.027344	  -0.128474
  23.037109	  -0.151905
  23.046875	  -0.136371
  23.056641	  -0.087916
  23.066406	  -0.024642
  23.076172	   0.029917
  23.085938	   0.055467
  23.095703	   0.042487
  23.105469	  -0.004182
  23.115234	  -0.067029
  23.125000	  -0.122260
  23.134766	  -0.148565
  23.144531	  -0.135043
  23.154297	  -0.085356
  23.164062	  -0.016553
  23.173828	   0.047055
  23.183594	   0.082764
  23.193359	   0.077864
  23.203125	   0.034458
  23.212891	  -0.031076
  23.222656	  -0.093852
  23.232422	  -0.129408
  23.242188	  -0.122598
  23.251953	  -0.073208
  23.261719	   0.003758
  23.271484	   0.083263
  23.281250	   0.139060
  23.291016	   0.153000
  23.300781	   0.121469
  23.310547	   0.056660
  23.320312	  -0.017788
  23.330078	  -0.075216
  23.339844	  -0.095399
  23.349609	  -0.071642
  23.359375	  -0.012998
  23.369141	   0.059166
  23.378906	   0.118977
  23.388672	   0.145387
  23.398438	   0.129661
  23.408203	   0.078344
  23.417969	   0.010669
  23.427734	  -0.048586
  23.437500	  -0.078178
  23.447266	  -0.068079
  23.457031	  -0.023002
  23.466797	   0.039490
  23.476562	   0.095543
  23.486328	   0.123818
  23.496094	   0.113290
  23.505859	   0.067222
  23.515625	   0.001869
  23.525391	  -0.059568
  23.535156	  -0.095490
  23.544922	  -0.093805
  23.554688	  -0.056287
  23.564453	   0.002186
  23.574219	   0.059217
  23.583984	   0.093208
  23.593750	   0.091361
  23.603516	   0.054401
  23.613281	  -0.003705
  23.623047	  -0.060908
  23.632812	  -0.095218
  23.642578	  -0.092824
  23.652344	  -0.053204
  23.662109	   0.010643
  23.671875	   0.076926
  23.681641	   0.122999
  23.691406	   0.133596
  23.701172	   0.106328
  23.710938	   0.052441
  23.720703	  -0.007431
  23.730469	  -0.050936
  23.740234	  -0.062276
  23.750000	  -0.038004
  23.759766	   0.011762
  23.769531	   0.067167
  23.779297	   0.106058
  23.789062	   0.112270
  23.798828	   0.081706
  23.808594	   0.023927
  23.818359	  -0.041334
  23.828125	  -0.091470
  23.837891	  -0.109400
  23.847656	  -0.089982
  23.857422	  -0.042020
  23.867188	   0.014897
  23.876953	   0.057606
  23.886719	   0.067992
  23.896484	   0.039850
  23.906250	  -0.018572
  23.916016	  -0.087326
  23.925781	  -0.141871
  23.935547	  -0.161963
  23.945312	  -0.139112
  23.955078	  -0.079841
  23.964844	  -0.003555
  23.974609	   0.064281
  23.984375	   0.101191
  23.994141	   0.095709
  24.003906	   0.051467
  24.013672	  -0.014155
  24.023438	  -0.076323
  24.033203	  -0.111734
  24.042969	  -0.107033
  24.052734	  -0.063617
  24.062500	   0.002910
  24.072266	   0.068443
  24.082031	   0.109154
  24.091797	   0.110178
  24.101562	   0.071041
  24.111328	   0.005870
  24.121094	  -0.061699
  24.130859	  -0.107052
  24.140625	  -0.113489
  24.150391	  -0.078242
  24.160156	  -0.013449
  24.169922	   0.058247
  24.179688	   0.111900
  24.189453	   0.129248
  24.199219	   0.105266
  24.208984	   0.049904
  24.218750	  -0.015596
  24.228516	  -0.066430
  24.238281	  -0.083210
  24.248047	  -0.058929
  24.257812	  -0.001404
  24.267578	   0.069652
  24.277344	   0.129822
  24.287109	   0.158802
  24.296875	   0.147626
  24.306641	   0.101698
  24.316406	   0.038558
  24.326172	  -0.018732
  24.335938	  -0.050140
  24.345703	  -0.045982
  24.355469	  -0.010352
  24.365234	   0.040580
  24.375000	   0.084731
  24.384766	   0.102429
  24.394531	   0.083810
  24.404297	   0.032557
  24.414062	  -0.035386
  24.423828	  -0.097653
  24.433594	  -0.133662
  24.443359	  -0.132183
  24.453125	  -0.095446
  24.462891	  -0.038284
  24.472656	   0.017359
  24.482422	   0.050552
  24.492188	   0.049106
  24.501953	   0.014066
  24.511719	  -0.040705
  24.521484	  -0.093698
  24.531250	  -0.123792
  24.541016	  -0.118174
  24.550781	  -0.077215
  24.560547	  -0.014485
  24.570312	   0.048126
  24.580078	   0.088411
  24.589844	   0.092029
  24.599609	   0.057865
  24.609375	  -0.001437
  24.619141	  -0.063988
  24.628906	  -0.106590
  24.638672	  -0.113193
  24.648438	  -0.080784
  24.658203	  -0.020533
  24.667969	   0.046249
  24.677734	   0.095884
  24.687500	   0.110983
  24.697266	   0.086843
  24.707031	   0.033200
  24.716797	  -0.029302
  24.726562	  -0.076672
  24.736328	  -0.090402
  24.746094	  -0.064343
  24.755859	  -0.007084
  24.765625	   0.061056
  24.775391	   0.115370
  24.785156	   0.135775
  24.794922	   0.114224
  24.804688	   0.057795
  24.814453	  -0.013693
  24.824219	  -0.074714
  24.833984	  -0.103195
  24.843750	  -0.088489
  24.853516	  -0.035286
  24.863281	   0.037988
  24.873047	   0.105713
  24.882812	   0.144213
  24.892578	   0.140213
  24.902344	   0.095566
  24.912109	   0.026546
  24.921875	  -0.042014
  24.931641	  -0.085643
  24.941406	  -0.088983
  24.951172	  -0.051239
  24.960938	   0.013629
  24.970703	   0.081992
  24.980469	   0.129078
  24.990234	   0.137834
  25.000000	   0.104949
  25.009766	   0.041893
  25.019531	  -0.029351
  25.029297	  -0.084264
  25.039062	  -0.104578
  25.048828	  -0.084677
  25.058594	  -0.033344
  25.068359	   0.029711
  25.078125	   0.081220
  25.087891	   0.102879
  25.097656	   0.087906
  25.107422	   0.043276
  25.117188	  -0.013132
  25.126953	  -0.059353
  25.136719	  -0.077562
  25.146484	  -0.060662
  25.156250	  -0.014804
  25.166016	   0.043033
  25.175781	   0.091481
  25.185547	   0.112797
  25.195312	   0.099484
  25.205078	   0.057024
  25.214844	   0.001755
  25.224609	  -0.045332
  25.234375	  -0.066540
  25.244141	  -0.054177
  25.253906	  -0.013527
  25.263672	   0.039047
  25.273438	   0.082192
  25.283203	   0.097572
  25.292969	   0.076837
  25.302734	   0.024923
  25.312500	  -0.041574
  25.322266	  -0.100376
  25.332031	  -0.131698
  25.341797	  -0.125580
  25.351562	  -0.085656
  25.361328	  -0.027930
  25.371094	   0.025047
  25.380859	   0.052491
  25.390625	   0.043149
  25.400391	  -0.000363
  25.410156	  -0.062288
  25.419922	  -0.119305
  25.429688	  -0.148971
  25.439453	  -0.137958
  25.449219	  -0.087071
  25.458984	  -0.011177
  25.468750	   0.065973
  25.478516	   0.120194
  25.488281	   0.135538
  25.498047	   0.110030
  25.507812	   0.056364
  25.517578	  -0.002711
  25.527344	  -0.042687
  25.537109	  -0.046268
  25.546875	  -0.009763
  25.556641	   0.055439
  25.566406	   0.126873
  25.576172	   0.179055
  25.585938	   0.192700
  25.595703	   0.161761
  25.605469	   0.095745
  25.615234	   0.016430
  25.625000	  -0.049818
  25.634766	  -0.081405
  25.644531	  -0.069151
  25.654297	  -0.019475
  25.664062	   0.048013
  25.673828	   0.107650
  25.683594	   0.136995
  25.693359	   0.124898
  25.703125	   0.075457
  25.712891	   0.006459
  25.722656	  -0.057123
  25.732422	  -0.092186
  25.742188	  -0.085843
  25.751953	  -0.040030
  25.761719	   0.029268
  25.771484	   0.097859
  25.781250	   0.142109
  25.791016	   0.147433
  25.800781	   0.113426
  25.810547	   0.053777
  25.820312	  -0.008970
  25.830078	  -0.051902
  25.839844	  -0.060344
  25.849609	  -0.033457
  25.859375	   0.015224
  25.869141	   0.062518
  25.878906	   0.083890
  25.888672	   0.062310
  25.898438	  -0.005501
  25.908203	  -0.107703
  25.917969	  -0.221303
  25.927734	  -0.320035
  25.937500	  -0.383314
  25.947266	  -0.403064
  25.957031	  -0.386020
  25.966797	  -0.350747
  25.976562	  -0.320529
  25.986328	  -0.314741
  25.996094	  -0.341831
  26.005859	  -0.396408
  26.015625	  -0.461402
  26.025391	  -0.514425
  26.035156	  -0.535939
  26.044922	  -0.516237
  26.054688	  -0.458727
  26.064453	  -0.378398
  26.074219	  -0.296138
  26.083984	  -0.231080
  26.093750	  -0.193823
  26.103516	  -0.183017
  26.113281	  -0.186482
  26.123047	  -0.186351
  26.132812	  -0.166209
  26.142578	  -0.117508
  26.152344	  -0.042832
  26.162109	   0.045172
  26.171875	   0.128736
  26.181641	   0.191829
  26.191406	   0.226273
  26.201172	   0.234713
  26.210938	   0.229280
  26.220703	   0.226412
  26.230469	   0.239827
  26.240234	   0.274379
  26.250000	   0.323261
  26.259766	   0.369777
  26.269531	   0.393223
  26.279297	   0.376773
  26.289062	   0.314493
  26.298828	   0.214770
  26.308594	   0.098731
  26.318359	  -0.006000
  26.328125	  -0.074130
  26.337891	  -0.091028
  26.347656	  -0.057584
  26.357422	   0.010183
  26.367188	   0.086691
  26.376953	   0.145633
  26.386719	   0.168945
  26.396484	   0.152745
  26.406250	   0.108125
  26.416016	   0.056534
  26.425781	   0.021436
  26.435547	   0.019282
  26.445312	   0.053092
  26.455078	   0.111006
  26.464844	   0.170378
  26.474609	   0.205947
  26.484375	   0.199163
  26.494141	   0.145256
  26.503906	   0.055474
  26.513672	  -0.046413
  26.523438	  -0.132128
  26.533203	  -0.178608
  26.542969	  -0.175968
  26.552734	  -0.130845
  26.562500	  -0.063929
  26.572266	  -0.002527
  26.582031	   0.029202
  26.591797	   0.018857
  26.601562	  -0.029789
  26.611328	  -0.098141
  26.621094	  -0.159395
  26.630859	  -0.188046
  26.640625	  -0.168923
  26.650391	  -0.102536
  26.660156	  -0.004907
  26.669922	   0.098000
  26.679688	   0.179204
  26.689453	   0.219781
  26.699219	   0.214858
  26.708984	   0.174493
  26.718750	   0.119229
  26.728516	   0.072059
  26.738281	   0.049806
  26.748047	   0.057057
  26.757812	   0.084836
  26.767578	   0.114411
  26.777344	   0.124760
  26.787109	   0.100882
  26.796875	   0.039854
  26.806641	  -0.047602
  26.816406	  -0.140620
  26.826172	  -0.215471
  26.835938	  -0.253949
  26.845703	  -0.249783
  26.855469	  -0.210757
  26.865234	  -0.155771
  26.875000	  -0.107944
  26.884766	  -0.086288
  26.894531	  -0.098977
  26.904297	  -0.140633
  26.914062	  -0.194548
  26.923828	  -0.238966
  26.933594	  -0.255038
  26.943359	  -0.233543
  26.953125	  -0.177898
  26.962891	  -0.102448
  26.972656	  -0.026761
  26.982422	   0.031851
  26.992188	   0.064710
  27.001953	   0.074640
  27.011719	   0.074223
  27.021484	   0.080151
  27.031250	   0.105841
  27.041016	   0.155204
  27.050781	   0.220047
  27.060547	   0.282252
  27.070312	   0.320072
  27.080078	   0.316314
  27.089844	   0.265377
  27.099609	   0.176468
  27.109375	   0.071624
  27.119141	  -0.020944
  27.128906	  -0.075965
  27.138672	  -0.079509
  27.148438	  -0.033708
  27.158203	   0.043921
  27.167969	   0.126372
  27.177734	   0.186219
  27.187500	   0.204729
  27.197266	   0.177820
  27.207031	   0.116850
  27.216797	   0.044016
  27.226562	  -0.015903
  27.236328	  -0.044468
  27.246094	  -0.035967
  27.255859	   0.000982
  27.265625	   0.047120
  27.275391	   0.080079
  27.285156	   0.082967
  27.294922	   0.050830
  27.304688	  -0.007372
  27.314453	  -0.071983
  27.324219	  -0.119871
  27.333984	  -0.132975
  27.343750	  -0.105049
  27.353516	  -0.044121
  27.363281	   0.030233
  27.373047	   0.093819
  27.382812	   0.126414
  27.392578	   0.118906
  27.402344	   0.076377
  27.412109	   0.016028
  27.421875	  -0.039273
  27.431641	  -0.069465
  27.441406	  -0.064669
  27.451172	  -0.028784
  27.460938	   0.021999
  27.470703	   0.065228
  27.480469	   0.080535
  27.490234	   0.057264
  27.500000	  -0.001400
  27.509766	  -0.079309
  27.519531	  -0.152898
  27.529297	  -0.199386
  27.539062	  -0.204666
  27.548828	  -0.168049
  27.558594	  -0.102191
  27.568359	  -0.028319
  27.578125	   0.031465
  27.587891	   0.061934
  27.597656	   0.059741
  27.607422	   0.033906
  27.617188	   0.001718
  27.626953	  -0.018326
  27.636719	  -0.013819
  27.646484	   0.016772
  27.656250	   0.063656
  27.666016	   0.109714
  27.675781	   0.137418
  27.685547	   0.135987
  27.695312	   0.106006
  27.705078	   0.059663
  27.714844	   0.016420
  27.724609	  -0.004344
  27.734375	   0.009023
  27.744141	   0.055421
  27.753906	   0.120590
  27.763672	   0.181630
  27.773438	   0.214957
  27.783203	   0.204851
  27.792969	   0.149500
  27.802734	   0.062263
  27.812500	  -0.032429
  27.822266	  -0.107176
  27.832031	  -0.140907
  27.841797	  -0.126072
  27.851562	  -0.071167
  27.861328	   0.002341
  27.871094	   0.067604
  27.880859	   0.101808
  27.890625	   0.094066
  27.900391	   0.048964
  27.910156	  -0.015478
  27.919922	  -0.074667
  27.929688	  -0.106625
  27.939453	  -0.100156
  27.949219	  -0.059027
  27.958984	  -0.000634
  27.968750	   0.050378
  27.978516	   0.071229
  27.988281	   0.049549
  27.998047	  -0.011751
  28.007812	  -0.095094
  28.017578	  -0.174145
  28.027344	  -0.222946
  28.037109	  -0.225017
  28.046875	  -0.179193
  28.056641	  -0.100108
  28.066406	  -0.013170
  28.076172	   0.054191
  28.085938	   0.081895
  28.095703	   0.063897
  28.105469	   0.009885
  28.115234	  -0.058536
  28.125000	  -0.115722
  28.134766	  -0.141052
  28.144531	  -0.125939
  28.154297	  -0.076350
  28.164062	  -0.010044
  28.173828	   0.050324
  28.183594	   0.085636
  28.193359	   0.087155
  28.203125	   0.059339
  28.212891	   0.017664
  28.222656	  -0.017594
  28.232422	  -0.029255
  28.242188	  -0.009789
  28.251953	   0.035876
  28.261719	   0.092335
  28.271484	   0.139661
  28.281250	   0.161075
  28.291016	   0.149401
  28.300781	   0.109876
  28.310547	   0.058234
  28.320312	   0.014775
  28.330078	  -0.003358
  28.339844	   0.011212
  28.349609	   0.053118
  28.359375	   0.106064
  28.369141	   0.148803
  28.378906	   0.163099
  28.388672	   0.140703
  28.398438	   0.086725
  28.408203	   0.018068
  28.417969	  -0.042548
  28.427734	  -0.074855
  28.437500	  -0.068547
  28.447266	  -0.027260
  28.457031	   0.032507
  28.466797	   0.087208
  28.476562	   0.114746
  28.486328	   0.102560
  28.496094	   0.052371
  28.505859	  -0.020210
  28.515625	  -0.091109
  28.525391	  -0.136343
  28.535156	  -0.140613
  28.544922	  -0.102851
  28.554688	  -0.036665
  28.564453	   0.034485
  28.574219	   0.085673
  28.583984	   0.099427
  28.593750	   0.071981
  28.603516	   0.014566
  28.613281	  -0.050709
  28.623047	  -0.098922
  28.632812	  -0.111426
  28.642578	  -0.082671
  28.652344	  -0.022289
  28.662109	   0.048313
  28.671875	   0.103644
  28.681641	   0.123299
  28.691406	   0.099317
  28.701172	   0.039060
  28.710938	  -0.037427
  28.720703	  -0.104601
  28.730469	  -0.140569
  28.740234	  -0.134872
  28.750000	  -0.092120
  28.759766	  -0.030171
  28.769531	   0.026450
  28.779297	   0.055507
  28.789062	   0.045108
  28.798828	  -0.002031
  28.808594	  -0.069651
  28.818359	  -0.133927
  28.828125	  -0.172155
  28.837891	  -0.170995
  28.847656	  -0.131271
  28.857422	  -0.067612
  28.867188	  -0.003088
  28.876953	   0.039168
  28.886719	   0.044307
  28.896484	   0.011029
  28.906250	  -0.048115
  28.916016	  -0.111464
  28.925781	  -0.156274
  28.935547	  -0.167061
  28.945312	  -0.141239
  28.955078	  -0.089983
  28.964844	  -0.034040
  28.974609	   0.003952
  28.984375	   0.007832
  28.994141	  -0.026111
  29.003906	  -0.087712
  29.013672	  -0.156551
  29.023438	  -0.209282
  29.033203	  -0.227969
  29.042969	  -0.206392
  29.052734	  -0.152061
  29.062500	  -0.083237
  29.072266	  -0.022122
  29.082031	   0.013253
  29.091797	   0.015438
  29.101562	  -0.010041
  29.111328	  -0.047149
  29.121094	  -0.075678
  29.130859	  -0.079050
  29.140625	  -0.050646
  29.150391	   0.003702
  29.160156	   0.067973
  29.169922	   0.122106
  29.179688	   0.149707
  29.189453	   0.144379
  29.199219	   0.112277
  29.208984	   0.069867
  29.218750	   0.037697
  29.228516	   0.032489
  29.238281	   0.060531
  29.248047	   0.114897
  29.257812	   0.177627
  29.267578	   0.226151
  29.277344	   0.241660
  29.287109	   0.216315
  29.296875	   0.156603
  29.306641	   0.081478
  29.316406	   0.015860
  29.326172	  -0.018242
  29.335938	  -0.009777
  29.345703	   0.037065
  29.355469	   0.103989
  29.365234	   0.164821
  29.375000	   0.194676
  29.384766	   0.178832
  29.394531	   0.118113
  29.404297	   0.028845
  29.414062	  -0.062657
  29.423828	  -0.129139
  29.433594	  -0.151786
  29.443359	  -0.126614
  29.453125	  -0.065621
  29.462891	   0.007700
  29.472656	   0.066839
  29.482422	   0.091676
  29.492188	   0.075461
  29.501953	   0.026865
  29.511719	  -0.033577
  29.521484	  -0.081289
  29.531250	  -0.096879
  29.541016	  -0.073380
  29.550781	  -0.018882
  29.560547	   0.046405
  29.570312	   0.097574
  29.580078	   0.114213
  29.589844	   0.088032
  29.599609	   0.026115
  29.609375	  -0.051375
  29.619141	  -0.118246
  29.628906	  -0.151531
  29.638672	  -0.139620
  29.648438	  -0.086352
  29.658203	  -0.009607
  29.667969	   0.065077
  29.677734	   0.113549
  29.687500	   0.121492
  29.697266	   0.089267
  29.707031	   0.031452
  29.716797	  -0.028681
  29.726562	  -0.067708
  29.736328	  -0.070480
  29.746094	  -0.035409
  29.755859	   0.025248
  29.765625	   0.090128
  29.775391	   0.136717
  29.785156	   0.149557
  29.794922	   0.125702
  29.804688	   0.075461
  29.814453	   0.018227
  29.824219	  -0.024990
  29.833984	  -0.039521
  29.843750	  -0.022501
  29.853516	   0.016172
  29.863281	   0.057732
  29.873047	   0.081802
  29.882812	   0.074300
  29.892578	   0.033014
  29.902344	  -0.031255
  29.912109	  -0.098425
  29.921875	  -0.146407
  29.931641	  -0.159207
  29.941406	  -0.132884
  29.951172	  -0.077117
  29.960938	  -0.011794
  29.970703	   0.040158
  29.980469	   0.061066
  29.990234	   0.044888
  30.000000	  -0.000688
  30.009766	  -0.057207
  30.019531	  -0.102361
  30.029297	  -0.118333
  30.039062	  -0.098446
  30.048828	  -0.049663
  30.058594	   0.010023
  30.068359	   0.058369
  30.078125	   0.077323
  30.087891	   0.059986
  30.097656	   0.013481
  30.107422	  -0.043426
  30.117188	  -0.087154
  30.126953	  -0.098112
  30.136719	  -0.068286
  30.146484	  -0.004759
  30.156250	   0.072225
  30.166016	   0.136052
  30.175781	   0.163036
  30.185547	   0.140920
  30.195312	   0.073520
  30.205078	  -0.020201
  30.214844	  -0.112354
  30.224609	  -0.175482
  30.234375	  -0.191776
  30.244141	  -0.158906
  30.253906	  -0.090461
  30.263672	  -0.010869
  30.273438	   0.053318
  30.283203	   0.082659
  30.292969	   0.071281
  30.302734	   0.028334
  30.312500	  -0.025997
  30.322266	  -0.068349
  30.332031	  -0.080992
  30.341797	  -0.058352
  30.351562	  -0.008878
  30.361328	   0.048357
  30.371094	   0.091025
  30.380859	   0.102107
  30.390625	   0.076463
  30.400391	   0.022960
  30.410156	  -0.038638
  30.419922	  -0.084876
  30.429688	  -0.097264
  30.439453	  -0.069193
  30.449219	  -0.008560
  30.458984	   0.064902
  30.468750	   0.126612
  30.478516	   0.155932
  30.488281	   0.143555
  30.498047	   0.094814
  30.507812	   0.027690
  30.517578	  -0.033719
  30.527344	  -0.067911
  30.537109	  -0.063696
  30.546875	  -0.024125
  30.556641	   0.034774
  30.566406	   0.089958
  30.576172	   0.119818
  30.585938	   0.112035
  30.595703	   0.067971
  30.605469	   0.002037
  30.615234	  -0.063689
  30.625000	  -0.107564
  30.634766	  -0.116207
  30.644531	  -0.089174
  30.654297	  -0.038789
  30.664062	   0.014758
  30.673828	   0.051161
  30.683594	   0.057683
  30.693359	   0.033885
  30.703125	  -0.008375
  30.712891	  -0.049676
  30.722656	  -0.070712
  30.732422	  -0.060012
  30.742188	  -0.018761
  30.751953	   0.039166
  30.761719	   0.092060
  30.771484	   0.118395
  30.781250	   0.105057
  30.791016	   0.052695
  30.800781	  -0.023871
  30.810547	  -0.100471
  30.820312	  -0.152011
  30.830078	  -0.161472
  30.839844	  -0.126254
  30.849609	  -0.059479
  30.859375	   0.014296
  30.869141	   0.067514
  30.878906	   0.079242
  30.888672	   0.042567
  30.898438	  -0.032886
  30.908203	  -0.124230
  30.917969	  -0.203233
  30.927734	  -0.246070
  30.937500	  -0.241455
  30.947266	  -0.194268
  30.957031	  -0.123443
  30.966797	  -0.054915
  30.976562	  -0.012218
  30.986328	  -0.008131
  30.996094	  -0.040369
  31.005859	  -0.092832
  31.015625	  -0.141887
  31.025391	  -0.165341
  31.035156	  -0.150801
  31.044922	  -0.100337
  31.054688	  -0.029762
  31.064453	   0.037195
  31.074219	   0.077692
  31.083984	   0.078299
  31.093750	   0.040125
  31.103516	  -0.021355
  31.113281	  -0.081723
  31.123047	  -0.116342
  31.132812	  -0.109224
  31.142578	  -0.058826
  31.152344	   0.021303
  31.162109	   0.107263
  31.171875	   0.173188
  31.181641	   0.200248
  31.191406	   0.183033
  31.201172	   0.131040
  31.210938	   0.064825
  31.220703	   0.008270
  31.230469	  -0.020145
  31.240234	  -0.013857
  31.250000	   0.019819
  31.259766	   0.062957
  31.269531	   0.094215
  31.279297	   0.097237
  31.289062	   0.067092
  31.298828	   0.012333
  31.308594	  -0.048111
  31.318359	  -0.092052
  31.328125	  -0.102520
  31.337891	  -0.074416
  31.347656	  -0.016822
  31.357422	   0.049962
  31.367188	   0.101629
  31.376953	   0.118703
  31.386719	   0.093778
  31.396484	   0.034451
  31.406250	  -0.039155
  31.416016	  -0.101461
  31.425781	  -0.130530
  31.435547	  -0.115931
  31.445312	  -0.062488
  31.455078	   0.011464
  31.464844	   0.080681
  31.474609	   0.122097
  31.484375	   0.123086
  31.494141	   0.085896
  31.503906	   0.026655
  31.513672	  -0.030689
  31.523438	  -0.063270
  31.533203	  -0.057773
  31.542969	  -0.015371
  31.552734	   0.048692
  31.562500	   0.110728
  31.572266	   0.147388
  31.582031	   0.144367
  31.591797	   0.101840
  31.601562	   0.034590
  31.611328	  -0.033247
  31.621094	  -0.076925
  31.630859	  -0.080156
  31.640625	  -0.041163
  31.650391	   0.026496
  31.660156	   0.098698
  31.669922	   0.149393
  31.679688	   0.160016
  31.689453	   0.126251
  31.699219	   0.059673
  31.708984	  -0.016343
  31.718750	  -0.074992
  31.728516	  -0.095681
  31.738281	  -0.071458
  31.748047	  -0.011555
  31.757812	   0.061883
  31.767578	   0.121703
  31.777344	   0.145420
  31.787109	   0.123208
  31.796875	   0.061308
  31.806641	  -0.020313
  31.816406	  -0.095197
  31.826172	  -0.139872
  31.835938	  -0.142140
  31.845703	  -0.105207
  31.855469	  -0.046199
  31.865234	   0.010333
  31.875000	   0.041510
  31.884766	   0.034477
  31.894531	  -0.008996
  31.904297	  -0.073325
  31.914062	  -0.134970
  31.923828	  -0.171137
  31.933594	  -0.168112
  31.943359	  -0.126169
  31.953125	  -0.059289
  31.962891	   0.010155
  31.972656	   0.059737
  31.982422	   0.075204
  31.992188	   0.055538
  32.001953	   0.012996
  32.011719	  -0.031882
  32.021484	  -0.058384
  32.031250	  -0.053809
  32.041016	  -0.018606
  32.050781	   0.033479
  32.060547	   0.080395
  32.070312	   0.100075
  32.080078	   0.078986
  32.089844	   0.017717
  32.099609	  -0.068528
  32.109375	  -0.154818
  32.119141	  -0.215073
  32.128906	  -0.231242
  32.138672	  -0.199745
  32.148438	  -0.132803
  32.158203	  -0.054110
  32.167969	   0.009629
  32.177734	   0.038264
  32.187500	   0.025414
  32.197266	  -0.019296
  32.207031	  -0.073797
  32.216797	  -0.111670
  32.226562	  -0.111857
  32.236328	  -0.066473
  32.246094	   0.016101
  32.255859	   0.113977
  32.265625	   0.199362
  32.275391	   0.248269
  32.285156	   0.248825
  32.294922	   0.205196
  32.304688	   0.135745
  32.314453	   0.066138
  32.324219	   0.019945
  32.333984	   0.010181
  32.343750	   0.034852
  32.353516	   0.078116
  32.363281	   0.116557
  32.373047	   0.128240
  32.382812	   0.101151
  32.392578	   0.037908
  32.402344	  -0.045022
  32.412109	  -0.123300
  32.421875	  -0.173668
  32.431641	  -0.182558
  32.441406	  -0.151129
  32.451172	  -0.094836
  32.460938	  -0.037646
  32.470703	  -0.003013
  32.480469	  -0.004948
  32.490234	  -0.042519
  32.500000	  -0.099900
  32.509766	  -0.152024
  32.519531	  -0.173856
  32.529297	  -0.149923
  32.539062	  -0.080560
  32.548828	   0.017468
  32.558594	   0.116343
  32.568359	   0.186725
  32.578125	   0.208080
  32.587891	   0.176085
  32.597656	   0.104417
  32.607422	   0.020210
  32.617188	  -0.045276
  32.626953	  -0.067509
  32.636719	  -0.037219
  32.646484	   0.036395
  32.656250	   0.128934
  32.666016	   0.209356
  32.675781	   0.250807
  32.685547	   0.239876
  32.695312	   0.181036
  32.705078	   0.094760
  32.714844	   0.010064
  32.724609	  -0.045794
  32.734375	  -0.056757
  32.744141	  -0.023198
  32.753906	   0.038841
  32.763672	   0.104005
  32.773438	   0.147173
  32.783203	   0.152657
  32.792969	   0.119703
  32.802734	   0.062353
  32.812500	   0.003775
  32.822266	  -0.032749
  32.832031	  -0.032830
  32.841797	   0.003390
  32.851562	   0.061035
  32.861328	   0.115815
  32.871094	   0.142887
  32.880859	   0.126008
  32.890625	   0.063617
  32.900391	  -0.030390
  32.910156	  -0.131469
  32.919922	  -0.213041
  32.929688	  -0.255787
  32.939453	  -0.254214
  32.949219	  -0.218146
  32.958984	  -0.168642
  32.968750	  -0.129888
  32.978516	  -0.120093
  32.988281	  -0.144756
  32.998047	  -0.194762
  33.007812	  -0.249997
  33.017578	  -0.287094
  33.027344	  -0.288415
  33.037109	  -0.248912
  33.046875	  -0.178305
  33.056641	  -0.097749
  33.066406	  -0.032208
  33.076172	  -0.001362
  33.085938	  -0.012385
  33.095703	  -0.057304
  33.105469	  -0.115893
  33.115234	  -0.163072
  33.125000	  -0.178053
  33.134766	  -0.151879
  33.144531	  -0.090555
  33.154297	  -0.012619
  33.164062	   0.057926
  33.173828	   0.100684
  33.183594	   0.106535
  33.193359	   0.081013
  33.203125	   0.042081
  33.212891	   0.013103
  33.222656	   0.013611
  33.232422	   0.051347
  33.242188	   0.118621
  33.251953	   0.194491
  33.261719	   0.252093
  33.271484	   0.268540
  33.281250	   0.233766
  33.291016	   0.155021
  33.300781	   0.055211
  33.310547	  -0.034484
  33.320312	  -0.085216
  33.330078	  -0.080563
  33.339844	  -0.022501
  33.349609	   0.068949
  33.359375	   0.162357
  33.369141	   0.225542
  33.378906	   0.236534
  33.388672	   0.191005
  33.398438	   0.103564
  33.408203	   0.002489
  33.417969	  -0.080195
  33.427734	  -0.119781
  33.437500	  -0.107153
  33.447266	  -0.051399
  33.457031	   0.024073
  33.466797	   0.090426
  33.476562	   0.123993
  33.486328	   0.114752
  33.496094	   0.069619
  33.505859	   0.009434
  33.515625	  -0.039179
  33.525391	  -0.054036
  33.535156	  -0.025927
  33.544922	   0.037697
  33.554688	   0.115242
  33.564453	   0.178769
  33.574219	   0.204225
  33.583984	   0.180362
  33.593750	   0.113075
  33.603516	   0.023561
  33.613281	  -0.059059
  33.623047	  -0.107985
  33.632812	  -0.108168
  33.642578	  -0.061515
  33.652344	   0.013967
  33.662109	   0.090763
  33.671875	   0.141738
  33.681641	   0.149739
  33.691406	   0.113449
  33.701172	   0.047411
  33.710938	  -0.023706
  33.720703	  -0.074440
  33.730469	  -0.088011
  33.740234	  -0.062462
  33.750000	  -0.011230
  33.759766	   0.042001
  33.769531	   0.072258
  33.779297	   0.062684
  33.789062	   0.010932
  33.798828	  -0.069819
  33.808594	  -0.155592
  33.818359	  -0.220331
  33.828125	  -0.245386
  33.837891	  -0.226271
  33.847656	  -0.174199
  33.857422	  -0.111836
  33.867188	  -0.064850
  33.876953	  -0.052381
  33.886719	  -0.079943
  33.896484	  -0.137397
  33.906250	  -0.202721
  33.916016	  -0.250211
  33.925781	  -0.260046
  33.935547	  -0.225705
  33.945312	  -0.156456
  33.955078	  -0.074006
  33.964844	  -0.004520
  33.974609	   0.031028
  33.984375	   0.024594
  33.994141	  -0.015988
  34.003906	  -0.069994
  34.013672	  -0.111646
  34.023438	  -0.119931
  34.033203	  -0.086755
  34.042969	  -0.020377
  34.052734	   0.057229
  34.062500	   0.118183
  34.072266	   0.138891
  34.082031	   0.108877
  34.091797	   0.035005
  34.101562	  -0.060538
  34.111328	  -0.147843
  34.121094	  -0.199780
  34.130859	  -0.201606
  34.140625	  -0.156207
  34.150391	  -0.083030
  34.160156	  -0.011055
  34.169922	   0.031691
  34.179688	   0.028293
  34.189453	  -0.020892
  34.199219	  -0.098312
  34.208984	  -0.175561
  34.218750	  -0.223676
  34.228516	  -0.223721
  34.238281	  -0.173803
  34.248047	  -0.089997
  34.257812	  -0.000803
  34.267578	   0.062870
  34.277344	   0.078624
  34.287109	   0.040484
  34.296875	  -0.039012
  34.306641	  -0.133262
  34.316406	  -0.210958
  34.326172	  -0.246964
  34.335938	  -0.230821
  34.345703	  -0.169871
  34.355469	  -0.085982
  34.365234	  -0.007157
  34.375000	   0.042810
  34.384766	   0.052831
  34.394531	   0.028086
  34.404297	  -0.012598
  34.414062	  -0.044471
  34.423828	  -0.046758
  34.433594	  -0.010964
  34.443359	   0.055542
  34.453125	   0.132064
  34.462891	   0.192313
  34.472656	   0.214490
  34.482422	   0.189934
  34.492188	   0.127047
  34.501953	   0.048924
  34.511719	  -0.014603
  34.521484	  -0.037687
  34.531250	  -0.008086
  34.541016	   0.067833
  34.550781	   0.166651
  34.560547	   0.255555
  34.570312	   0.303500
  34.580078	   0.291938
  34.589844	   0.221365
  34.599609	   0.111353
  34.609375	  -0.005925
  34.619141	  -0.096391
  34.628906	  -0.135220
  34.638672	  -0.114563
  34.648438	  -0.045241
  34.658203	   0.048057
  34.667969	   0.136154
  34.677734	   0.195894
  34.687500	   0.217955
  34.697266	   0.209233
  34.707031	   0.189086
  34.716797	   0.181004
  34.726562	   0.202926
  34.736328	   0.259861
  34.746094	   0.341599
  34.755859	   0.426322
  34.765625	   0.488745
  34.775391	   0.509692
  34.785156	   0.483500
  34.794922	   0.420429
  34.804688	   0.343141
  34.814453	   0.278506
  34.824219	   0.247763
  34.833984	   0.258687
  34.843750	   0.302689
  34.853516	   0.357966
  34.863281	   0.397573
  34.873047	   0.399449
  34.882812	   0.354699
  34.892578	   0.271022
  34.902344	   0.169977
  34.912109	   0.079050
  34.921875	   0.021391
  34.931641	   0.007019
  34.941406	   0.028770
  34.951172	   0.064537
  34.960938	   0.085081
  34.970703	   0.064607
  34.980469	  -0.009732
  34.990234	  -0.132887
  35.000000	  -0.283352
  35.009766	  -0.430541
  35.019531	  -0.545432
  35.029297	  -0.610643
  35.039062	  -0.626259
  35.048828	  -0.609280
  35.058594	  -0.586877
  35.068359	  -0.585895
  35.078125	  -0.622456
  35.087891	  -0.695469
  35.097656	  -0.786483
  35.107422	  -0.865987
  35.117188	  -0.903920
  35.126953	  -0.880585
  35.136719	  -0.793993
  35.146484	  -0.660912
  35.156250	  -0.511186
  35.166016	  -0.377311
  35.175781	  -0.283004
  35.185547	  -0.234890
  35.195312	  -0.220338
  35.205078	  -0.212277
  35.214844	  -0.179298
  35.224609	  -0.097462
  35.234375	   0.040422
  35.244141	   0.221369
  35.253906	   0.415902
  35.263672	   0.587535
  35.273438	   0.704714
  35.283203	   0.750996
  35.292969	   0.729893
  35.302734	   0.662765
  35.312500	   0.580620
  35.322266	   0.512851
  35.332031	   0.477019
  35.341797	   0.473324
  35.351562	   0.485699
  35.361328	   0.488988
  35.371094	   0.459494
  35.380859	   0.384931
  35.390625	   0.270102
  35.400391	   0.136167
  35.410156	   0.013758
  35.419922	  -0.067572
  35.429688	  -0.089712
  35.439453	  -0.052407
  35.449219	   0.026609
  35.458984	   0.117831
  35.468750	   0.190270
  35.478516	   0.222130
  35.488281	   0.208017
  35.498047	   0.160144
  35.507812	   0.103174
  35.517578	   0.064652
  35.527344	   0.064561
  35.537109	   0.107831
  35.546875	   0.182496
  35.556641	   0.264124
  35.566406	   0.324840
  35.576172	   0.343582
  35.585938	   0.313837
  35.595703	   0.246010
  35.605469	   0.163618
  35.615234	   0.094741
  35.625000	   0.061896
  35.634766	   0.074074
  35.644531	   0.123826
  35.654297	   0.190436
  35.664062	   0.247930
  35.673828	   0.274936
  35.683594	   0.262698
  35.693359	   0.218301
  35.703125	   0.161908
  35.712891	   0.119080
  35.722656	   0.111027
  35.732422	   0.146442
  35.742188	   0.217922
  35.751953	   0.304309
  35.761719	   0.378049
  35.771484	   0.414835
  35.781250	   0.401926
  35.791016	   0.342101
  35.800781	   0.251802
  35.810547	   0.154268
  35.820312	   0.070318
  35.830078	   0.010366
  35.839844	  -0.029226
  35.849609	  -0.063988
  35.859375	  -0.114139
  35.869141	  -0.195076
  35.878906	  -0.309280
  35.888672	  -0.442925
  35.898438	  -0.568820
  35.908203	  -0.654943
  35.917969	  -0.675704
  35.927734	  -0.621880
  35.937500	  -0.505517
  35.947266	  -0.357716
  35.957031	  -0.219728
  35.966797	  -0.130182
  35.976562	  -0.112698
  35.986328	  -0.168133
  35.996094	  -0.274156
  36.005859	  -0.392374
  36.015625	  -0.480604
  36.025391	  -0.506171
  36.035156	  -0.455751
  36.044922	  -0.338551
  36.054688	  -0.181954
  36.064453	  -0.021409
  36.074219	   0.111725
  36.083984	   0.200026
  36.093750	   0.244191
  36.103516	   0.260293
  36.113281	   0.271456
  36.123047	   0.297276
  36.132812	   0.345102
  36.142578	   0.406543
  36.152344	   0.460535
  36.162109	   0.481825
  36.171875	   0.451666
  36.181641	   0.366604
  36.191406	   0.241900
  36.201172	   0.108066
  36.210938	   0.001492
  36.220703	  -0.047636
  36.230469	  -0.025867
  36.240234	   0.058309
  36.250000	   0.176555
  36.259766	   0.289467
  36.269531	   0.359123
  36.279297	   0.361110
  36.289062	   0.291987
  36.298828	   0.169731
  36.308594	   0.027183
  36.318359	  -0.099051
  36.328125	  -0.180312
  36.337891	  -0.204170
  36.347656	  -0.176593
  36.357422	  -0.117632
  36.367188	  -0.052533
  36.376953	  -0.001837
  36.386719	   0.025801
  36.396484	   0.035468
  36.406250	   0.042054
  36.416016	   0.062286
  36.425781	   0.106047
  36.435547	   0.170549
  36.445312	   0.239840
  36.455078	   0.290006
  36.464844	   0.298243
  36.474609	   0.252344
  36.484375	   0.156908
  36.494141	   0.033670
  36.503906	  -0.084516
  36.513672	  -0.164142
  36.523438	  -0.182335
  36.533203	  -0.134947
  36.542969	  -0.038430
  36.552734	   0.075317
  36.562500	   0.169466
  36.572266	   0.214523
  36.582031	   0.198057
  36.591797	   0.128489
  36.601562	   0.031620
  36.611328	  -0.058848
  36.621094	  -0.113386
  36.630859	  -0.117012
  36.640625	  -0.074263
  36.650391	  -0.007041
  36.660156	   0.053829
  36.669922	   0.080222
  36.679688	   0.057270
  36.689453	  -0.011010
  36.699219	  -0.103077
  36.708984	  -0.187756
  36.718750	  -0.235816
  36.728516	  -0.231067
  36.738281	  -0.176939
  36.748047	  -0.096133
  36.757812	  -0.023397
  36.767578	   0.006097
  36.777344	  -0.031295
  36.787109	  -0.139529
  36.796875	  -0.301313
  36.806641	  -0.483579
  36.816406	  -0.647986
  36.826172	  -0.762752
  36.835938	  -0.811731
  36.845703	  -0.797783
  36.855469	  -0.739551
  36.865234	  -0.663171
  36.875000	  -0.592149
  36.884766	  -0.539166
  36.894531	  -0.502694
  36.904297	  -0.469413
  36.914062	  -0.421206
  36.923828	  -0.343819
  36.933594	  -0.233744
  36.943359	  -0.100631
  36.953125	   0.035659
  36.962891	   0.152185
  36.972656	   0.231418
  36.982422	   0.267772
  36.992188	   0.269601
  37.001953	   0.255841
  37.011719	   0.248568
  37.021484	   0.264303
  37.031250	   0.307457
  37.041016	   0.368492
  37.050781	   0.427611
  37.060547	   0.462636
  37.070312	   0.458120
  37.080078	   0.412161
  37.089844	   0.338183
  37.099609	   0.260810
  37.109375	   0.207186
  37.119141	   0.196857
  37.128906	   0.234006
  37.138672	   0.305045
  37.148438	   0.382669
  37.158203	   0.435123
  37.167969	   0.437440
  37.177734	   0.380616
  37.187500	   0.275331
  37.197266	   0.148732
  37.207031	   0.035307
  37.216797	  -0.034978
  37.226562	  -0.047044
  37.236328	  -0.005830
  37.246094	   0.065711
  37.255859	   0.135063
  37.265625	   0.172025
  37.275391	   0.159692
  37.285156	   0.100516
  37.294922	   0.015173
  37.304688	  -0.065437
  37.314453	  -0.112192
  37.324219	  -0.109373
  37.333984	  -0.061579
  37.343750	   0.006766
  37.353516	   0.059376
  37.363281	   0.060902
  37.373047	  -0.009902
  37.382812	  -0.151322
  37.392578	  -0.337407
  37.402344	  -0.524945
  37.412109	  -0.666473
  37.421875	  -0.725013
  37.431641	  -0.685599
  37.441406	  -0.559732
  37.451172	  -0.381372
  37.460938	  -0.195920
  37.470703	  -0.046007
  37.480469	   0.041085
  37.490234	   0.060289
  37.500000	   0.027888
  37.509766	  -0.026341
  37.519531	  -0.070851
  37.529297	  -0.083597
  37.539062	  -0.058897
  37.548828	  -0.007737
  37.558594	   0.048158
  37.568359	   0.085884
  37.578125	   0.090678
  37.587891	   0.061419
  37.597656	   0.010279
  37.607422	  -0.043157
  37.617188	  -0.080850
  37.626953	  -0.094658
  37.636719	  -0.090681
  37.646484	  -0.087703
  37.656250	  -0.110160
  37.666016	  -0.178201
  37.675781	  -0.298610
  37.685547	  -0.460149
  37.695312	  -0.635303
  37.705078	  -0.788060
  37.714844	  -0.885110
  37.724609	  -0.906527
  37.734375	  -0.852110
  37.744141	  -0.741091
  37.753906	  -0.605291
  37.763672	  -0.478198
  37.773438	  -0.383874
  37.783203	  -0.329677
  37.792969	  -0.305349
  37.802734	  -0.288643
  37.812500	  -0.255266
  37.822266	  -0.189307
  37.832031	  -0.090143
  37.841797	   0.026825
  37.851562	   0.135925
  37.861328	   0.211271
  37.871094	   0.237285
  37.880859	   0.215527
  37.890625	   0.165034
  37.900391	   0.115757
  37.910156	   0.097279
  37.919922	   0.126929
  37.929688	   0.201752
  37.939453	   0.297586
  37.949219	   0.375996
  37.958984	   0.396958
  37.968750	   0.333040
  37.978516	   0.180104
  37.988281	  -0.039366
  37.998047	  -0.281742
  38.007812	  -0.494920
  38.017578	  -0.634063
  38.027344	  -0.675174
  38.037109	  -0.621980
  38.046875	  -0.503858
  38.056641	  -0.365607
  38.066406	  -0.252628
  38.076172	  -0.196565
  38.085938	  -0.206209
  38.095703	  -0.266522
  38.105469	  -0.345762
  38.115234	  -0.407890
  38.125000	  -0.425674
  38.134766	  -0.389837
  38.144531	  -0.311172
  38.154297	  -0.215180
  38.164062	  -0.131484
  38.173828	  -0.082143
  38.183594	  -0.073238
  38.193359	  -0.092803
  38.203125	  -0.115754
  38.212891	  -0.113851
  38.222656	  -0.066885
  38.232422	   0.029117
  38.242188	   0.159723
  38.251953	   0.296746
  38.261719	   0.407964
  38.271484	   0.468287
  38.281250	   0.468286
  38.291016	   0.416971
  38.300781	   0.337930
  38.310547	   0.260350
  38.320312	   0.208348
  38.330078	   0.192593
  38.339844	   0.207282
  38.349609	   0.233469
  38.359375	   0.247347
  38.369141	   0.230217
  38.378906	   0.176296
  38.388672	   0.095358
  38.398438	   0.009246
  38.408203	  -0.056368
  38.417969	  -0.081758
  38.427734	  -0.060621
  38.437500	  -0.002333
  38.447266	   0.071933
  38.457031	   0.137727
  38.466797	   0.177148
  38.476562	   0.186051
  38.486328	   0.175647
  38.496094	   0.167666
  38.505859	   0.184755
  38.515625	   0.239789
  38.525391	   0.328339
  38.535156	   0.427578
  38.544922	   0.502571
  38.554688	   0.518092
  38.564453	   0.451886
  38.574219	   0.304510
  38.583984	   0.101815
  38.593750	  -0.111344
  38.603516	  -0.284501
  38.613281	  -0.377728
  38.623047	  -0.375044
  38.632812	  -0.290274
  38.642578	  -0.163064
  38.652344	  -0.046090
  38.662109	   0.012378
  38.671875	  -0.015277
  38.681641	  -0.126507
  38.691406	  -0.289156
  38.701172	  -0.451944
  38.710938	  -0.561391
  38.720703	  -0.579429
  38.730469	  -0.495768
  38.740234	  -0.330868
  38.750000	  -0.128662
  38.759766	   0.058328
  38.769531	   0.186231
  38.779297	   0.233488
  38.789062	   0.206335
  38.798828	   0.134478
  38.808594	   0.058796
  38.818359	   0.015665
  38.828125	   0.023577
  38.837891	   0.076779
  38.847656	   0.148016
  38.857422	   0.199166
  38.867188	   0.195722
  38.876953	   0.119778
  38.886719	  -0.023161
  38.896484	  -0.205918
  38.906250	  -0.389110
  38.916016	  -0.534752
  38.925781	  -0.618935
  38.935547	  -0.638984
  38.945312	  -0.612573
  38.955078	  -0.569343
  38.964844	  -0.538313
  38.974609	  -0.535902
  38.984375	  -0.559126
  38.994141	  -0.586530
  39.003906	  -0.586499
  39.013672	  -0.529817
  39.023438	  -0.401735
  39.033203	  -0.208960
  39.042969	   0.021117
  39.052734	   0.248790
  39.062500	   0.434973
  39.072266	   0.553983
  39.082031	   0.601478
  39.091797	   0.594648
  39.101562	   0.564610
  39.111328	   0.543867
  39.121094	   0.553524
  39.130859	   0.595070
  39.140625	   0.649830
  39.150391	   0.686338
  39.160156	   0.672931
  39.169922	   0.590834
  39.179688	   0.442789
  39.189453	   0.253861
  39.199219	   0.063932
  39.208984	  -0.085537
  39.218750	  -0.165702
  39.228516	  -0.170289
  39.238281	  -0.117596
  39.248047	  -0.043663
  39.257812	   0.010989
  39.267578	   0.016310
  39.277344	  -0.036082
  39.287109	  -0.129598
  39.296875	  -0.228558
  39.306641	  -0.291235
  39.316406	  -0.285395
  39.326172	  -0.200707
  39.335938	  -0.053501
  39.345703	   0.117936
  39.355469	   0.265939
  39.365234	   0.349452
  39.375000	   0.347755
  39.384766	   0.267042
  39.394531	   0.137540
  39.404297	   0.002297
  39.414062	  -0.098266
  39.423828	  -0.140419
  39.433594	  -0.124710
  39.443359	  -0.074406
  39.453125	  -0.025478
  39.462891	  -0.011915
  39.472656	  -0.051921
  39.482422	  -0.140174
  39.492188	  -0.249155
  39.501953	  -0.339135
  39.511719	  -0.373254
  39.521484	  -0.332106
  39.531250	  -0.222407
  39.541016	  -0.076345
  39.550781	   0.058383
  39.560547	   0.134518
  39.570312	   0.121577
  39.580078	   0.016807
  39.589844	  -0.153148
  39.599609	  -0.340530
  39.609375	  -0.491827
  39.619141	  -0.564867
  39.628906	  -0.541776
  39.638672	  -0.433428
  39.648438	  -0.274150
  39.658203	  -0.108881
  39.667969	   0.022361
  39.677734	   0.097054
  39.687500	   0.115389
  39.697266	   0.096608
  39.707031	   0.068294
  39.716797	   0.053080
  39.726562	   0.058162
  39.736328	   0.071840
  39.746094	   0.068557
  39.755859	   0.020522
  39.765625	  -0.088610
  39.775391	  -0.253549
  39.785156	  -0.445024
  39.794922	  -0.616806
  39.804688	  -0.720100
  39.814453	  -0.720397
  39.824219	  -0.610712
  39.833984	  -0.416177
  39.843750	  -0.187873
  39.853516	   0.012445
  39.863281	   0.131777
  39.873047	   0.142924
  39.882812	   0.053288
  39.892578	  -0.097637
  39.902344	  -0.251291
  39.912109	  -0.349167
  39.921875	  -0.351514
  39.931641	  -0.249335
  39.941406	  -0.065778
  39.951172	   0.153215
  39.960938	   0.355404
  39.970703	   0.499905
  39.980469	   0.569752
  39.990234	   0.575155
