# Time	Amplitude (cm/s/s)
   0.000000	   0.209243
   0.009766	   0.077413
   0.019531	  -0.022058
   0.029297	  -0.093466
   0.039062	  -0.152849
   0.048828	  -0.220571
   0.058594	  -0.312036
   0.068359	  -0.430046
   0.078125	  -0.561781
   0.087891	  -0.681738
   0.097656	  -0.759752
   0.107422	  -0.771292
   0.117188	  -0.706307
   0.126953	  -0.573345
   0.136719	  -0.397339
   0.146484	  -0.211771
   0.156250	  -0.048029
   0.166016	   0.074165
   0.175781	   0.151721
   0.185547	   0.196661
   0.195312	   0.228697
   0.205078	   0.264681
   0.214844	   0.309017
   0.224609	   0.348823
   0.234375	   0.355981
   0.244141	   0.295651
   0.253906	   0.138359
   0.263672	  -0.128675
   0.273438	  -0.495253
   0.283203	  -0.929476
   0.292969	  -1.386483
   0.302734	  -1.821744
   0.312500	  -2.204267
   0.322266	  -2.524916
   0.332031	  -2.796692
   0.341797	  -3.046633
   0.351562	  -3.302086
   0.361328	  -3.576257
   0.371094	  -3.858435
   0.380859	  -4.112841
   0.390625	  -4.287113
   0.400391	  -4.328024
   0.410156	  -4.199360
   0.419922	  -3.895834
   0.429688	  -3.448019
   0.439453	  -2.916132
   0.449219	  -2.374188
   0.458984	  -1.889306
   0.468750	  -1.502721
   0.478516	  -1.218599
   0.488281	  -1.004361
   0.498047	  -0.802497
   0.507812	  -0.550197
   0.517578	  -0.200644
   0.527344	   0.260673
   0.537109	   0.809577
   0.546875	   1.388491
   0.556641	   1.921479
   0.566406	   2.334159
   0.576172	   2.572410
   0.585938	   2.614485
   0.595703	   2.473591
   0.605469	   2.191125
   0.615234	   1.823620
   0.625000	   1.428027
   0.634766	   1.049921
   0.644531	   0.717600
   0.654297	   0.442693
   0.664062	   0.225542
   0.673828	   0.062244
   0.683594	  -0.049834
   0.693359	  -0.110115
   0.703125	  -0.116662
   0.712891	  -0.070297
   0.722656	   0.021486
   0.732422	   0.143085
   0.742188	   0.272972
   0.751953	   0.388931
   0.761719	   0.474367
   0.771484	   0.523085
   0.781250	   0.540436
   0.791016	   0.540081
   0.800781	   0.537435
   0.810547	   0.542237
   0.820312	   0.553213
   0.830078	   0.557105
   0.839844	   0.532779
   0.849609	   0.459156
   0.859375	   0.324167
   0.869141	   0.131404
   0.878906	  -0.098164
   0.888672	  -0.330317
   0.898438	  -0.526367
   0.908203	  -0.653675
   0.917969	  -0.694330
   0.927734	  -0.649029
   0.937500	  -0.534904
   0.947266	  -0.378261
   0.957031	  -0.204958
   0.966797	  -0.031993
   0.976562	   0.136673
   0.986328	   0.308704
   0.996094	   0.497182
   1.005859	   0.712214
   1.015625	   0.953802
   1.025391	   1.208860
   1.035156	   1.453615
   1.044922	   1.660434
   1.054688	   1.806333
   1.064453	   1.879652
   1.074219	   1.882078
   1.083984	   1.825015
   1.093750	   1.721640
   1.103516	   1.577902
   1.113281	   1.386418
   1.123047	   1.126355
   1.132812	   0.770226
   1.142578	   0.295775
   1.152344	  -0.301111
   1.162109	  -0.997460
   1.171875	  -1.742246
   1.181641	  -2.464945
   1.191406	  -3.091793
   1.201172	  -3.565036
   1.210938	  -3.858997
   1.220703	  -3.987406
   1.230469	  -3.999035
   1.240234	  -3.962443
   1.250000	  -3.944320
   1.259766	  -3.988204
   1.269531	  -4.100421
   1.279297	  -4.247913
   1.289062	  -4.368761
   1.298828	  -4.392060
   1.308594	  -4.260722
   1.318359	  -3.949813
   1.328125	  -3.474558
   1.337891	  -2.885616
   1.347656	  -2.253493
   1.357422	  -1.647507
   1.367188	  -1.116451
   1.376953	  -0.677286
   1.386719	  -0.315296
   1.396484	   0.004900
   1.406250	   0.321837
   1.416016	   0.659691
   1.425781	   1.017072
   1.435547	   1.366038
   1.445312	   1.661496
   1.455078	   1.857411
   1.464844	   1.923840
   1.474609	   1.858558
   1.484375	   1.689041
   1.494141	   1.464054
   1.503906	   1.237830
   1.513672	   1.052444
   1.523438	   0.924635
   1.533203	   0.841694
   1.542969	   0.767806
   1.552734	   0.658546
   1.562500	   0.478364
   1.572266	   0.214893
   1.582031	  -0.114876
   1.591797	  -0.468646
   1.601562	  -0.791549
   1.611328	  -1.033062
   1.621094	  -1.162273
   1.630859	  -1.176369
   1.640625	  -1.099733
   1.650391	  -0.974394
   1.660156	  -0.845497
   1.669922	  -0.747036
   1.679688	  -0.692726
   1.689453	  -0.674803
   1.699219	  -0.670545
   1.708984	  -0.653576
   1.718750	  -0.605388
   1.728516	  -0.522775
   1.738281	  -0.418585
   1.748047	  -0.315936
   1.757812	  -0.238499
   1.767578	  -0.200907
   1.777344	  -0.203145
   1.787109	  -0.231059
   1.796875	  -0.262652
   1.806641	  -0.277446
   1.816406	  -0.265004
   1.826172	  -0.228967
   1.835938	  -0.184798
   1.845703	  -0.151945
   1.855469	  -0.143482
   1.865234	  -0.157448
   1.875000	  -0.173714
   1.884766	  -0.158199
   1.894531	  -0.073540
   1.904297	   0.107218
   1.914062	   0.388700
   1.923828	   0.747477
   1.933594	   1.134943
   1.943359	   1.488301
   1.953125	   1.746338
   1.962891	   1.865001
   1.972656	   1.827890
   1.982422	   1.648510
   1.992188	   1.364059
   2.001953	   1.023311
   2.011719	   0.673063
   2.021484	   0.347758
   2.031250	   0.065366
   2.041016	  -0.169964
   2.050781	  -0.360690
   2.060547	  -0.507969
   2.070312	  -0.607005
   2.080078	  -0.648049
   2.089844	  -0.622805
   2.099609	  -0.533416
   2.109375	  -0.399689
   2.119141	  -0.260451
   2.128906	  -0.166895
   2.138672	  -0.168878
   2.148438	  -0.298123
   2.158203	  -0.554062
   2.167969	  -0.897835
   2.177734	  -1.257655
   2.187500	  -1.545107
   2.197266	  -1.678157
   2.207031	  -1.604106
   2.216797	  -1.315344
   2.226562	  -0.852798
   2.236328	  -0.295759
   2.246094	   0.258891
   2.255859	   0.721686
   2.265625	   1.032180
   2.275391	   1.170809
   2.285156	   1.158022
   2.294922	   1.041998
   2.304688	   0.879897
   2.314453	   0.719497
   2.324219	   0.587381
   2.333984	   0.487115
   2.343750	   0.406918
   2.353516	   0.332803
   2.363281	   0.261204
   2.373047	   0.205555
   2.382812	   0.193789
   2.392578	   0.257459
   2.402344	   0.416692
   2.412109	   0.667030
   2.421875	   0.973866
   2.431641	   1.277502
   2.441406	   1.508011
   2.451172	   1.605303
   2.460938	   1.537668
   2.470703	   1.312247
   2.480469	   0.973543
   2.490234	   0.590131
   2.500000	   0.233898
   2.509766	  -0.041238
   2.519531	  -0.213906
   2.529297	  -0.298309
   2.539062	  -0.334882
   2.548828	  -0.372144
   2.558594	  -0.446392
   2.568359	  -0.566619
   2.578125	  -0.710083
   2.587891	  -0.830094
   2.597656	  -0.873172
   2.607422	  -0.799310
   2.617188	  -0.598004
   2.626953	  -0.294216
   2.636719	   0.057891
   2.646484	   0.391206
   2.656250	   0.646107
   2.666016	   0.787812
   2.675781	   0.814635
   2.685547	   0.754488
   2.695312	   0.651355
   2.705078	   0.547109
   2.714844	   0.465680
   2.724609	   0.405602
   2.734375	   0.343674
   2.744141	   0.248175
   2.753906	   0.096294
   2.763672	  -0.111314
   2.773438	  -0.345044
   2.783203	  -0.552766
   2.792969	  -0.676519
   2.802734	  -0.673747
   2.812500	  -0.535275
   2.822266	  -0.292980
   2.832031	  -0.013516
   2.841797	   0.220710
   2.851562	   0.337444
   2.861328	   0.298802
   2.871094	   0.115446
   2.880859	  -0.154494
   2.890625	  -0.421907
   2.900391	  -0.593570
   2.910156	  -0.600816
   2.919922	  -0.420747
   2.929688	  -0.083202
   2.939453	   0.338581
   2.949219	   0.750297
   2.958984	   1.064421
   2.968750	   1.224507
   2.978516	   1.218430
   2.988281	   1.077014
   2.998047	   0.859564
   3.007812	   0.632058
   3.017578	   0.445891
   3.027344	   0.324274
   3.037109	   0.260212
   3.046875	   0.225610
   3.056641	   0.187059
   3.066406	   0.121777
   3.076172	   0.027561
   3.085938	  -0.076694
   3.095703	  -0.159536
   3.105469	  -0.190668
   3.115234	  -0.154080
   3.125000	  -0.055308
   3.134766	   0.079993
   3.144531	   0.215386
   3.154297	   0.317018
   3.164062	   0.365546
   3.173828	   0.361845
   3.183594	   0.324307
   3.193359	   0.279016
   3.203125	   0.247069
   3.212891	   0.234532
   3.222656	   0.229529
   3.232422	   0.208047
   3.242188	   0.146334
   3.251953	   0.034839
   3.261719	  -0.112462
   3.271484	  -0.258017
   3.281250	  -0.351178
   3.291016	  -0.346217
   3.300781	  -0.221510
   3.310547	   0.007585
   3.320312	   0.287937
   3.330078	   0.541664
   3.339844	   0.689631
   3.349609	   0.677925
   3.359375	   0.498115
   3.369141	   0.193657
   3.378906	  -0.150766
   3.388672	  -0.434360
   3.398438	  -0.571958
   3.408203	  -0.521894
   3.417969	  -0.300424
   3.427734	   0.022593
   3.437500	   0.345753
   3.447266	   0.568796
   3.457031	   0.625051
   3.466797	   0.502670
   3.476562	   0.247445
   3.486328	  -0.053735
   3.496094	  -0.303052
   3.505859	  -0.425117
   3.515625	  -0.391976
   3.525391	  -0.231204
   3.535156	  -0.014440
   3.544922	   0.169389
   3.554688	   0.246530
   3.564453	   0.185013
   3.574219	   0.005958
   3.583984	  -0.224325
   3.593750	  -0.418522
   3.603516	  -0.500057
   3.613281	  -0.430980
   3.623047	  -0.226045
   3.632812	   0.052033
   3.642578	   0.314373
   3.652344	   0.476913
   3.662109	   0.489505
   3.671875	   0.352752
   3.681641	   0.116716
   3.691406	  -0.137842
   3.701172	  -0.328732
   3.710938	  -0.401477
   3.720703	  -0.347796
   3.730469	  -0.206923
   3.740234	  -0.049485
   3.750000	   0.049906
   3.759766	   0.041207
   3.769531	  -0.081897
   3.779297	  -0.279226
   3.789062	  -0.478653
   3.798828	  -0.602560
   3.808594	  -0.596410
   3.818359	  -0.448911
   3.828125	  -0.196398
   3.837891	   0.090125
   3.847656	   0.330447
   3.857422	   0.463700
   3.867188	   0.469493
   3.876953	   0.373954
   3.886719	   0.238592
   3.896484	   0.136343
   3.906250	   0.123841
   3.916016	   0.220382
   3.925781	   0.401410
   3.935547	   0.608917
   3.945312	   0.774679
   3.955078	   0.847402
   3.964844	   0.813259
   3.974609	   0.701807
   3.984375	   0.574740
   3.994141	   0.501525
   4.003906	   0.531108
   4.013672	   0.670583
   4.023438	   0.879375
   4.033203	   1.081775
   4.042969	   1.193780
   4.052734	   1.154641
   4.062500	   0.951393
   4.072266	   0.626895
   4.082031	   0.267726
   4.091797	  -0.024372
   4.101562	  -0.167648
   4.111328	  -0.129533
   4.121094	   0.060804
   4.130859	   0.321437
   4.140625	   0.545365
   4.150391	   0.637272
   4.160156	   0.546359
   4.169922	   0.283526
   4.179688	  -0.083224
   4.189453	  -0.453425
   4.199219	  -0.729814
   4.208984	  -0.851996
   4.218750	  -0.815818
   4.228516	  -0.671474
   4.238281	  -0.501245
   4.248047	  -0.385446
   4.257812	  -0.369592
   4.267578	  -0.445485
   4.277344	  -0.553753
   4.287109	  -0.607340
   4.296875	  -0.527365
   4.306641	  -0.277846
   4.316406	   0.114248
   4.326172	   0.562031
   4.335938	   0.944820
   4.345703	   1.148656
   4.355469	   1.106889
   4.365234	   0.825902
   4.375000	   0.386062
   4.384766	  -0.083285
   4.394531	  -0.446509
   4.404297	  -0.607214
   4.414062	  -0.540368
   4.423828	  -0.299402
   4.433594	   0.004487
   4.443359	   0.243512
   4.453125	   0.320157
   4.462891	   0.202659
   4.472656	  -0.063877
   4.482422	  -0.374894
   4.492188	  -0.605991
   4.501953	  -0.660094
   4.511719	  -0.504578
   4.521484	  -0.184308
   4.531250	   0.194601
   4.541016	   0.504545
   4.550781	   0.644949
   4.560547	   0.581158
   4.570312	   0.358567
   4.580078	   0.085874
   4.589844	  -0.106982
   4.599609	  -0.120827
   4.609375	   0.070590
   4.619141	   0.405019
   4.628906	   0.750030
   4.638672	   0.949874
   4.648438	   0.884449
   4.658203	   0.518471
   4.667969	  -0.078387
   4.677734	  -0.749712
   4.687500	  -1.304267
   4.697266	  -1.584105
   4.707031	  -1.524386
   4.716797	  -1.182203
   4.726562	  -0.722013
   4.736328	  -0.360672
   4.746094	  -0.290112
   4.755859	  -0.604865
   4.765625	  -1.261222
   4.775391	  -2.084637
   4.785156	  -2.825137
   4.794922	  -3.243045
   4.804688	  -3.195388
   4.814453	  -2.691711
   4.824219	  -1.897637
   4.833984	  -1.082468
   4.843750	  -0.527281
   4.853516	  -0.425083
   4.863281	  -0.808981
   4.873047	  -1.535780
   4.882812	  -2.333497
   4.892578	  -2.898179
   4.902344	  -3.006390
   4.912109	  -2.601840
   4.921875	  -1.821451
   4.931641	  -0.946051
   4.941406	  -0.287699
   4.951172	  -0.050051
   4.960938	  -0.211518
   4.970703	  -0.477601
   4.980469	  -0.328783
   4.990234	   0.840561
   5.000000	   3.528742
   5.009766	   7.937515
   5.019531	  13.849983
   5.029297	  20.622306
   5.039062	  27.303120
   5.048828	  32.855089
   5.058594	  36.419108
   5.068359	  37.544680
   5.078125	  36.315953
   5.087891	  33.331119
   5.097656	  29.535264
   5.107422	  25.950806
   5.117188	  23.381744
   5.126953	  22.177933
   5.136719	  22.129989
   5.146484	  22.528349
   5.156250	  22.372310
   5.166016	  20.670696
   5.175781	  16.748206
   5.185547	  10.468821
   5.195312	   2.310630
   5.205078	  -6.731538
   5.214844	 -15.390565
   5.224609	 -22.451914
   5.234375	 -27.069734
   5.244141	 -28.987522
   5.253906	 -28.603028
   5.263672	 -26.859616
   5.273438	 -24.992862
   5.283203	 -24.199179
   5.292969	 -25.312772
   5.302734	 -28.573867
   5.312500	 -33.546545
   5.322266	 -39.205941
   5.332031	 -44.172356
   5.341797	 -47.034509
   5.351562	 -46.684151
   5.361328	 -42.583447
   5.371094	 -34.904170
   5.380859	 -24.508851
   5.390625	 -12.780704
   5.400391	  -1.343097
   5.410156	   8.267062
   5.419922	  14.899005
   5.429688	  17.995719
   5.439453	  17.666509
   5.449219	  14.612993
   5.458984	   9.930660
   5.468750	   4.836424
   5.478516	   0.389054
   5.488281	  -2.730176
   5.498047	  -4.325190
   5.507812	  -4.658720
   5.517578	  -4.304408
   5.527344	  -3.922341
   5.537109	  -4.023828
   5.546875	  -4.794435
   5.556641	  -6.028125
   5.566406	  -7.193417
   5.576172	  -7.613265
   5.585938	  -6.704931
   5.595703	  -4.205426
   5.605469	  -0.309083
   5.615234	   4.332437
   5.625000	   8.756859
   5.634766	  11.948190
   5.644531	  13.130257
   5.654297	  12.007259
   5.664062	   8.872857
   5.673828	   4.545843
   5.683594	   0.142386
   5.693359	  -3.253342
   5.703125	  -4.922977
   5.712891	  -4.748338
   5.722656	  -3.268072
   5.732422	  -1.529893
   5.742188	  -0.774385
   5.751953	  -2.040885
   5.761719	  -5.814671
   5.771484	 -11.827467
   5.781250	 -19.080548
   5.791016	 -26.093501
   5.800781	 -31.311696
   5.810547	 -33.553482
   5.820312	 -32.361126
   5.830078	 -28.144152
   5.839844	 -22.063805
   5.849609	 -15.685484
   5.859375	 -10.498441
   5.869141	  -7.446212
   5.878906	  -6.612667
   5.888672	  -7.165538
   5.898438	  -7.583791
   5.908203	  -6.109566
   5.917969	  -1.295462
   5.927734	   7.514696
   5.937500	  19.918149
   5.947266	  34.485504
   5.957031	  49.093235
   5.966797	  61.468115
   5.976562	  69.791329
   5.986328	  73.189752
   5.996094	  71.971497
   6.005859	  67.534217
   6.015625	  61.967133
   6.025391	  57.454868
   6.035156	  55.647997
   6.044922	  57.175721
   6.054688	  61.437634
   6.064453	  66.735239
   6.074219	  70.711286
   6.083984	  70.981698
   6.093750	  65.793291
   6.103516	  54.533971
   6.113281	  37.961168
   6.123047	  18.087756
   6.132812	  -2.247626
   6.142578	 -20.019828
   6.152344	 -32.709235
   6.162109	 -38.879030
   6.171875	 -38.500384
   6.181641	 -32.950719
   6.191406	 -24.688556
   6.201172	 -16.683597
   6.210938	 -11.735460
   6.220703	 -11.837015
   6.230469	 -17.724972
   6.240234	 -28.715428
   6.250000	 -42.856596
   6.259766	 -57.359918
   6.269531	 -69.209855
   6.279297	 -75.814913
   6.289062	 -75.555825
   6.298828	 -68.112245
   6.308594	 -54.501093
   6.318359	 -36.826018
   6.328125	 -17.803283
   6.337891	  -0.179383
   6.347656	  13.821909
   6.357422	  22.896372
   6.367188	  26.815204
   6.376953	  26.317620
   6.386719	  22.785300
   6.396484	  17.798420
   6.406250	  12.700225
   6.416016	   8.289231
   6.425781	   4.717135
   6.435547	   1.607692
   6.445312	  -1.654824
   6.455078	  -5.569871
   6.464844	 -10.219660
   6.474609	 -15.127036
   6.484375	 -19.325445
   6.494141	 -21.625468
   6.503906	 -20.996780
   6.513672	 -16.942828
   6.523438	  -9.741888
   6.533203	  -0.465153
   6.542969	   9.250207
   6.552734	  17.617499
   6.562500	  23.187506
   6.572266	  25.258359
   6.582031	  24.077284
   6.591797	  20.761913
   6.601562	  16.952849
   6.611328	  14.293127
   6.621094	  13.887998
   6.630859	  15.911050
   6.640625	  19.484615
   6.650391	  22.883792
   6.660156	  24.017037
   6.669922	  21.051145
   6.679688	  13.000689
   6.689453	   0.106912
   6.699219	 -16.111840
   6.708984	 -33.163017
   6.718750	 -48.159335
   6.728516	 -58.517908
   6.738281	 -62.587150
   6.748047	 -60.030129
   6.757812	 -51.862722
   6.767578	 -40.143005
   6.777344	 -27.405716
   6.787109	 -16.004180
   6.796875	  -7.542400
   6.806641	  -2.547734
   6.816406	  -0.460466
   6.826172	   0.076177
   6.835938	   0.726003
   6.845703	   2.921447
   6.855469	   7.433474
   6.865234	  14.166252
   6.875000	  22.221493
   6.884766	  30.196937
   6.894531	  36.617919
   6.904297	  40.368491
   6.914062	  40.996467
   6.923828	  38.810307
   6.933594	  34.750193
   6.943359	  30.081191
   6.953125	  26.004403
   6.962891	  23.300260
   6.972656	  22.103524
   6.982422	  21.868738
   6.992188	  21.530720
   7.001953	  19.812852
   7.011719	  15.599585
   7.021484	   8.276815
   7.031250	  -2.044480
   7.041016	 -14.474857
   7.050781	 -27.475414
   7.060547	 -39.140157
   7.070312	 -47.570373
   7.080078	 -51.262045
   7.089844	 -49.426433
   7.099609	 -42.178367
   7.109375	 -30.553048
   7.119141	 -16.345032
   7.128906	  -1.797097
   7.138672	  10.803879
   7.148438	  19.547262
   7.158203	  23.252562
   7.167969	  21.684501
   7.177734	  15.582443
   7.187500	   6.494671
   7.197266	  -3.550415
   7.207031	 -12.467073
   7.216797	 -18.536915
   7.226562	 -20.741137
   7.236328	 -18.926398
   7.246094	 -13.769906
   7.255859	  -6.558344
   7.265625	   1.158603
   7.275391	   7.948783
   7.285156	  12.814542
   7.294922	  15.368575
   7.304688	  15.832364
   7.314453	  14.871380
   7.324219	  13.326465
   7.333984	  11.927552
   7.343750	  11.076329
   7.353516	  10.758998
   7.363281	  10.606980
   7.373047	  10.076158
   7.382812	   8.678716
   7.392578	   6.187262
   7.402344	   2.742851
   7.412109	  -1.167594
   7.421875	  -4.854448
   7.431641	  -7.638728
   7.441406	  -9.062202
   7.451172	  -9.022671
   7.460938	  -7.788744
   7.470703	  -5.889642
   7.480469	  -3.918386
   7.490234	  -2.316704
   7.500000	  -1.217137
   7.509766	  -0.399513
   7.519531	   0.618964
   7.529297	   2.385951
   7.539062	   5.272134
   7.548828	   9.266600
   7.558594	  13.882305
   7.568359	  18.212329
   7.578125	  21.131468
   7.587891	  21.591934
   7.597656	  18.930730
   7.607422	  13.099260
   7.617188	   4.745217
   7.626953	  -4.883127
   7.636719	 -14.191254
   7.646484	 -21.588944
   7.656250	 -25.848844
   7.666016	 -26.383446
   7.675781	 -23.373239
   7.685547	 -17.717931
   7.695312	 -10.827082
   7.705078	  -4.304378
   7.714844	   0.398217
   7.724609	   2.278223
   7.734375	   0.970715
   7.744141	  -3.205773
   7.753906	  -9.344619
   7.763672	 -16.157628
   7.773438	 -22.243089
   7.783203	 -26.358943
   7.792969	 -27.649432
   7.802734	 -25.787320
   7.812500	 -21.012263
   7.822266	 -14.065380
   7.832031	  -6.037638
   7.841797	   1.836938
   7.851562	   8.404104
   7.861328	  12.787406
   7.871094	  14.525511
   7.880859	  13.624586
   7.890625	  10.518246
   7.900391	   5.946834
   7.910156	   0.785459
   7.919922	  -4.138162
   7.929688	  -8.193005
   7.939453	 -11.027308
   7.949219	 -12.569136
   7.958984	 -12.953180
   7.968750	 -12.403556
   7.978516	 -11.115319
   7.988281	  -9.177040
   7.998047	  -6.562492
   8.007812	  -3.195085
   8.017578	   0.938236
   8.027344	   5.667526
   8.037109	  10.565304
   8.046875	  14.956850
   8.056641	  18.029522
   8.066406	  19.022002
   8.076172	  17.444087
   8.085938	  13.260787
   8.095703	   6.977730
   8.105469	  -0.411180
   8.115234	  -7.614447
   8.125000	 -13.330844
   8.134766	 -16.561213
   8.144531	 -16.859072
   8.154297	 -14.447951
   8.164062	 -10.168368
   8.173828	  -5.264509
   8.183594	  -1.066080
   8.193359	   1.349115
   8.203125	   1.420732
   8.212891	  -0.770853
   8.222656	  -4.553337
   8.232422	  -8.864506
   8.242188	 -12.546664
   8.251953	 -14.649516
   8.261719	 -14.659328
   8.271484	 -12.597495
   8.281250	  -8.971813
   8.291016	  -4.606183
   8.300781	  -0.406349
   8.310547	   2.868170
   8.320312	   4.764886
   8.330078	   5.197022
   8.339844	   4.399019
   8.349609	   2.808038
   8.359375	   0.918131
   8.369141	  -0.845605
   8.378906	  -2.200242
   8.388672	  -3.016169
   8.398438	  -3.279693
   8.408203	  -3.035339
   8.417969	  -2.338064
   8.427734	  -1.235623
   8.437500	   0.215881
   8.447266	   1.917178
   8.457031	   3.695651
   8.466797	   5.302797
   8.476562	   6.451087
   8.486328	   6.884870
   8.496094	   6.463862
   8.505859	   5.229030
   8.515625	   3.423241
   8.525391	   1.452313
   8.535156	  -0.208166
   8.544922	  -1.135789
   8.554688	  -1.077828
   8.564453	  -0.025139
   8.574219	   1.780484
   8.583984	   3.909048
   8.593750	   5.856880
   8.603516	   7.178608
   8.613281	   7.597391
   8.623047	   7.062001
   8.632812	   5.736938
   8.642578	   3.933256
   8.652344	   2.005829
   8.662109	   0.251629
   8.671875	  -1.159351
   8.681641	  -2.202134
   8.691406	  -2.963904
   8.701172	  -3.577697
   8.710938	  -4.150200
   8.720703	  -4.711098
   8.730469	  -5.201498
   8.740234	  -5.503304
   8.750000	  -5.495840
   8.759766	  -5.116119
   8.769531	  -4.398338
   8.779297	  -3.476472
   8.789062	  -2.547957
   8.798828	  -1.811167
   8.808594	  -1.399256
   8.818359	  -1.334521
   8.828125	  -1.520147
   8.837891	  -1.772888
   8.847656	  -1.885638
   8.857422	  -1.698262
   8.867188	  -1.152228
   8.876953	  -0.310352
   8.886719	   0.664690
   8.896484	   1.565095
   8.906250	   2.206531
   8.916016	   2.486845
   8.925781	   2.415053
   8.935547	   2.101561
   8.945312	   1.714194
   8.955078	   1.416327
   8.964844	   1.309124
   8.974609	   1.397775
   8.984375	   1.592678
   8.994141	   1.744005
   9.003906	   1.696578
   9.013672	   1.345375
   9.023438	   0.672523
   9.033203	  -0.246221
   9.042969	  -1.266437
   9.052734	  -2.221502
   9.062500	  -2.973647
   9.072266	  -3.452045
   9.082031	  -3.665886
   9.091797	  -3.689897
   9.101562	  -3.629557
   9.111328	  -3.579954
   9.121094	  -3.593433
   9.130859	  -3.666789
   9.140625	  -3.750706
   9.150391	  -3.775556
   9.160156	  -3.681856
   9.169922	  -3.442759
   9.179688	  -3.070026
   9.189453	  -2.602315
   9.199219	  -2.082274
   9.208984	  -1.533745
   9.218750	  -0.950460
   9.228516	  -0.302793
   9.238281	   0.438707
   9.248047	   1.272099
   9.257812	   2.138812
   9.267578	   2.917417
   9.277344	   3.443422
   9.287109	   3.552688
   9.296875	   3.136556
   9.306641	   2.190768
   9.316406	   0.840119
   9.326172	  -0.672879
   9.335938	  -2.036201
   9.345703	  -2.942250
   9.355469	  -3.167328
   9.365234	  -2.633417
   9.375000	  -1.433374
   9.384766	   0.189010
   9.394531	   1.899284
   9.404297	   3.356186
   9.414062	   4.295403
   9.423828	   4.589901
   9.433594	   4.270887
   9.443359	   3.505447
   9.453125	   2.539678
   9.462891	   1.625681
   9.472656	   0.954369
   9.482422	   0.612750
   9.492188	   0.575691
   9.501953	   0.731047
   9.511719	   0.927179
   9.521484	   1.026163
   9.531250	   0.945950
   9.541016	   0.679840
   9.550781	   0.289864
   9.560547	  -0.120868
   9.570312	  -0.445854
   9.580078	  -0.610078
   9.589844	  -0.591624
   9.599609	  -0.425014
   9.609375	  -0.187537
   9.619141	   0.025148
   9.628906	   0.125514
   9.638672	   0.054934
   9.648438	  -0.206003
   9.658203	  -0.638342
   9.667969	  -1.194038
   9.677734	  -1.809171
   9.687500	  -2.416755
   9.697266	  -2.956382
   9.707031	  -3.379959
   9.716797	  -3.654364
   9.726562	  -3.762311
   9.736328	  -3.702241
   9.746094	  -3.487107
   9.755859	  -3.141233
   9.765625	  -2.694636
   9.775391	  -2.175250
   9.785156	  -1.600957
   9.794922	  -0.974458
   9.804688	  -0.283921
   9.814453	   0.489150
   9.824219	   1.356093
   9.833984	   2.305419
   9.843750	   3.291276
   9.853516	   4.231837
   9.863281	   5.020868
   9.873047	   5.551424
   9.882812	   5.745903
   9.892578	   5.583302
   9.902344	   5.113969
   9.912109	   4.454936
   9.921875	   3.764593
   9.931641	   3.202213
   9.941406	   2.883515
   9.951172	   2.845877
   9.960938	   3.034941
   9.970703	   3.318375
   9.980469	   3.524257
   9.990234	   3.493471
  10.000000	   3.130460
  10.009766	   2.436376
  10.019531	   1.513606
  10.029297	   0.539288
  10.039062	  -0.284807
  10.048828	  -0.790972
  10.058594	  -0.894755
  10.068359	  -0.619241
  10.078125	  -0.086695
  10.087891	   0.519884
  10.097656	   1.013221
  10.107422	   1.258423
  10.117188	   1.211995
  10.126953	   0.931043
  10.136719	   0.550114
  10.146484	   0.233488
  10.156250	   0.118561
  10.166016	   0.268712
  10.175781	   0.650842
  10.185547	   1.144782
  10.195312	   1.581481
  10.205078	   1.797757
  10.214844	   1.690230
  10.224609	   1.251474
  10.234375	   0.577154
  10.244141	  -0.157942
  10.253906	  -0.747540
  10.263672	  -1.010711
  10.273438	  -0.841126
  10.283203	  -0.234743
  10.292969	   0.711111
  10.302734	   1.825675
  10.312500	   2.910419
  10.322266	   3.788729
  10.332031	   4.345818
  10.341797	   4.549009
  10.351562	   4.444990
  10.361328	   4.137382
  10.371094	   3.753013
  10.380859	   3.407325
  10.390625	   3.178025
  10.400391	   3.092513
  10.410156	   3.129874
  10.419922	   3.234244
  10.429688	   3.333942
  10.439453	   3.360564
  10.449219	   3.263631
  10.458984	   3.018762
  10.468750	   2.629479
  10.478516	   2.124158
  10.488281	   1.549950
  10.498047	   0.965097
  10.507812	   0.430402
  10.517578	   0.000289
  10.527344	  -0.285899
  10.537109	  -0.411121
  10.546875	  -0.384589
  10.556641	  -0.240647
  10.566406	  -0.031675
  10.576172	   0.184231
  10.585938	   0.358149
  10.595703	   0.463673
  10.605469	   0.504392
  10.615234	   0.512436
  10.625000	   0.537635
  10.634766	   0.629919
  10.644531	   0.820197
  10.654297	   1.105962
  10.664062	   1.446896
  10.673828	   1.772798
  10.683594	   2.002261
  10.693359	   2.066770
  10.703125	   1.932802
  10.712891	   1.614678
  10.722656	   1.173606
  10.732422	   0.702599
  10.742188	   0.301529
  10.751953	   0.049850
  10.761719	  -0.014575
  10.771484	   0.096060
  10.781250	   0.326290
  10.791016	   0.597087
  10.800781	   0.831984
  10.810547	   0.981090
  10.820312	   1.035269
  10.830078	   1.026063
  10.839844	   1.011707
  10.849609	   1.054184
  10.859375	   1.195173
  10.869141	   1.439019
  10.878906	   1.748464
  10.888672	   2.054559
  10.898438	   2.277555
  10.908203	   2.351965
  10.917969	   2.247730
  10.927734	   1.980792
  10.937500	   1.609827
  10.947266	   1.220334
  10.957031	   0.901133
  10.966797	   0.720496
  10.976562	   0.708920
  10.986328	   0.853218
  10.996094	   1.102921
  11.005859	   1.386325
  11.015625	   1.630881
  11.025391	   1.781855
  11.035156	   1.814269
  11.044922	   1.735639
  11.054688	   1.579881
  11.064453	   1.395221
  11.074219	   1.230139
  11.083984	   1.121275
  11.093750	   1.085968
  11.103516	   1.120399
  11.113281	   1.202675
  11.123047	   1.299233
  11.132812	   1.372658
  11.142578	   1.389350
  11.152344	   1.326001
  11.162109	   1.174305
  11.171875	   0.943435
  11.181641	   0.659813
  11.191406	   0.363665
  11.201172	   0.102180
  11.210938	  -0.080172
  11.220703	  -0.152537
  11.230469	  -0.107202
  11.240234	   0.035257
  11.250000	   0.227664
  11.259766	   0.405652
  11.269531	   0.503398
  11.279297	   0.472005
  11.289062	   0.295379
  11.298828	  -0.001579
  11.308594	  -0.355891
  11.318359	  -0.680902
  11.328125	  -0.888979
  11.337891	  -0.916365
  11.347656	  -0.742870
  11.357422	  -0.400076
  11.367188	   0.035131
  11.376953	   0.460546
  11.386719	   0.776762
  11.396484	   0.915283
  11.406250	   0.858195
  11.416016	   0.643325
  11.425781	   0.353107
  11.435547	   0.090376
  11.445312	  -0.051641
  11.455078	  -0.016077
  11.464844	   0.202153
  11.474609	   0.556735
  11.484375	   0.965680
  11.494141	   1.337168
  11.503906	   1.597222
  11.513672	   1.710546
  11.523438	   1.688275
  11.533203	   1.580664
  11.542969	   1.457657
  11.552734	   1.383987
  11.562500	   1.397059
  11.572266	   1.494655
  11.582031	   1.636134
  11.591797	   1.756332
  11.601562	   1.787324
  11.611328	   1.680878
  11.621094	   1.424462
  11.630859	   1.046023
  11.640625	   0.606471
  11.650391	   0.182692
  11.660156	  -0.153330
  11.669922	  -0.352856
  11.679688	  -0.401036
  11.689453	  -0.317424
  11.699219	  -0.147265
  11.708984	   0.052918
  11.718750	   0.230552
  11.728516	   0.348611
  11.738281	   0.390876
  11.748047	   0.360552
  11.757812	   0.274087
  11.767578	   0.153215
  11.777344	   0.018219
  11.787109	  -0.115711
  11.796875	  -0.238734
  11.806641	  -0.344347
  11.816406	  -0.426949
  11.826172	  -0.480608
  11.835938	  -0.499743
  11.845703	  -0.481259
  11.855469	  -0.426804
  11.865234	  -0.343640
  11.875000	  -0.243169
  11.884766	  -0.137294
  11.894531	  -0.033857
  11.904297	   0.066945
  11.914062	   0.173423
  11.923828	   0.299753
  11.933594	   0.460397
  11.943359	   0.663449
  11.953125	   0.905382
  11.962891	   1.169370
  11.972656	   1.428198
  11.982422	   1.651090
  11.992188	   1.812284
  12.001953	   1.898381
  12.011719	   1.911798
  12.021484	   1.868917
  12.031250	   1.793398
  12.041016	   1.706918
  12.050781	   1.620595
  12.060547	   1.530227
  12.070312	   1.417239
  12.080078	   1.255180
  12.089844	   1.019680
  12.099609	   0.698438
  12.109375	   0.297734
  12.119141	  -0.156880
  12.128906	  -0.626092
  12.138672	  -1.066741
  12.148438	  -1.442798
  12.158203	  -1.733751
  12.167969	  -1.937628
  12.177734	  -2.067831
  12.187500	  -2.145144
  12.197266	  -2.187971
  12.207031	  -2.204451
  12.216797	  -2.189367
  12.226562	  -2.126976
  12.236328	  -1.998691
  12.246094	  -1.792720
  12.255859	  -1.512042
  12.265625	  -1.177585
  12.275391	  -0.825205
  12.285156	  -0.497244
  12.294922	  -0.231401
  12.304688	  -0.050636
  12.314453	   0.042474
  12.324219	   0.065033
  12.333984	   0.047031
  12.343750	   0.020801
  12.353516	   0.010275
  12.363281	   0.023619
  12.373047	   0.051573
  12.382812	   0.071851
  12.392578	   0.057888
  12.402344	  -0.011161
  12.412109	  -0.142578
  12.421875	  -0.326884
  12.431641	  -0.540125
  12.441406	  -0.750556
  12.451172	  -0.927290
  12.460938	  -1.047977
  12.470703	  -1.103220
  12.480469	  -1.096746
  12.490234	  -1.041942
  12.500000	  -0.956553
  12.509766	  -0.857732
  12.519531	  -0.759156
  12.529297	  -0.670798
  12.539062	  -0.600689
  12.548828	  -0.557140
  12.558594	  -0.549754
  12.568359	  -0.588223
  12.578125	  -0.679037
  12.587891	  -0.821387
  12.597656	  -1.004198
  12.607422	  -1.206049
  12.617188	  -1.398753
  12.626953	  -1.553997
  12.636719	  -1.651049
  12.646484	  -1.682931
  12.656250	  -1.658678
  12.666016	  -1.600560
  12.675781	  -1.536864
  12.685547	  -1.492487
  12.695312	  -1.480523
  12.705078	  -1.497815
  12.714844	  -1.526204
  12.724609	  -1.539217
  12.734375	  -1.511971
  12.744141	  -1.430845
  12.753906	  -1.299394
  12.763672	  -1.138224
  12.773438	  -0.978598
  12.783203	  -0.851785
  12.792969	  -0.777786
  12.802734	  -0.757400
  12.812500	  -0.770599
  12.822266	  -0.782088
  12.832031	  -0.752445
  12.841797	  -0.651300
  12.851562	  -0.468203
  12.861328	  -0.217525
  12.871094	   0.064336
  12.880859	   0.328646
  12.890625	   0.527835
  12.900391	   0.628529
  12.910156	   0.620031
  12.919922	   0.515757
  12.929688	   0.347496
  12.939453	   0.154753
  12.949219	  -0.027120
  12.958984	  -0.176035
  12.968750	  -0.286779
  12.978516	  -0.368421
  12.988281	  -0.437046
  12.998047	  -0.506901
  13.007812	  -0.583469
  13.017578	  -0.661050
  13.027344	  -0.725643
  13.037109	  -0.761825
  13.046875	  -0.760813
  13.056641	  -0.726394
  13.066406	  -0.676222
  13.076172	  -0.637665
  13.085938	  -0.639426
  13.095703	  -0.701767
  13.105469	  -0.828747
  13.115234	  -1.005263
  13.125000	  -1.200078
  13.134766	  -1.373979
  13.144531	  -1.490511
  13.154297	  -1.525898
  13.164062	  -1.475100
  13.173828	  -1.352346
  13.183594	  -1.186285
  13.193359	  -1.011663
  13.203125	  -0.860343
  13.212891	  -0.754472
  13.222656	  -0.703542
  13.232422	  -0.705589
  13.242188	  -0.751311
  13.251953	  -0.829040
  13.261719	  -0.928483
  13.271484	  -1.042015
  13.281250	  -1.163529
  13.291016	  -1.285963
  13.300781	  -1.399249
  13.310547	  -1.490140
  13.320312	  -1.544506
  13.330078	  -1.551443
  13.339844	  -1.507593
  13.349609	  -1.419705
  13.359375	  -1.303987
  13.369141	  -1.181990
  13.378906	  -1.074142
  13.388672	  -0.993145
  13.398438	  -0.939730
  13.408203	  -0.902565
  13.417969	  -0.862707
  13.427734	  -0.801253
  13.437500	  -0.707558
  13.447266	  -0.584940
  13.457031	  -0.451523
  13.466797	  -0.335480
  13.476562	  -0.265939
  13.486328	  -0.262516
  13.496094	  -0.327085
  13.505859	  -0.440902
  13.515625	  -0.568471
  13.525391	  -0.667288
  13.535156	  -0.700559
  13.544922	  -0.648835
  13.554688	  -0.516717
  13.564453	  -0.332337
  13.574219	  -0.139613
  13.583984	   0.014318
  13.593750	   0.092546
  13.603516	   0.078490
  13.613281	  -0.020428
  13.623047	  -0.176436
  13.632812	  -0.350902
  13.642578	  -0.506300
  13.652344	  -0.616636
  13.662109	  -0.673038
  13.671875	  -0.683050
  13.681641	  -0.664441
  13.691406	  -0.636222
  13.701172	  -0.610431
  13.710938	  -0.587793
  13.720703	  -0.558761
  13.730469	  -0.509383
  13.740234	  -0.429540
  13.750000	  -0.320217
  13.759766	  -0.196759
  13.769531	  -0.086551
  13.779297	  -0.021597
  13.789062	  -0.028394
  13.798828	  -0.118543
  13.808594	  -0.283390
  13.818359	  -0.494673
  13.828125	  -0.711132
  13.837891	  -0.889049
  13.847656	  -0.993419
  13.857422	  -1.006319
  13.867188	  -0.930096
  13.876953	  -0.784775
  13.886719	  -0.601014
  13.896484	  -0.411268
  13.906250	  -0.242150
  13.916016	  -0.110237
  13.925781	  -0.022058
  13.935547	   0.022630
  13.945312	   0.026344
  13.955078	  -0.009496
  13.964844	  -0.085206
  13.974609	  -0.200477
  13.984375	  -0.350251
  13.994141	  -0.521003
  14.003906	  -0.689673
  14.013672	  -0.826555
  14.023438	  -0.901916
  14.033203	  -0.894500
  14.042969	  -0.799058
  14.052734	  -0.630057
  14.062500	  -0.419771
  14.072266	  -0.210791
  14.082031	  -0.044917
  14.091797	   0.048258
  14.101562	   0.059474
  14.111328	   0.002008
  14.121094	  -0.092818
  14.130859	  -0.185464
  14.140625	  -0.240202
  14.150391	  -0.235597
  14.160156	  -0.170199
  14.169922	  -0.061871
  14.179688	   0.058720
  14.189453	   0.158060
  14.199219	   0.209803
  14.208984	   0.201647
  14.218750	   0.137137
  14.228516	   0.032327
  14.238281	  -0.091020
  14.248047	  -0.212945
  14.257812	  -0.320764
  14.267578	  -0.410774
  14.277344	  -0.486020
  14.287109	  -0.551530
  14.296875	  -0.609333
  14.306641	  -0.655566
  14.316406	  -0.680990
  14.326172	  -0.674767
  14.335938	  -0.629899
  14.345703	  -0.547960
  14.355469	  -0.440877
  14.365234	  -0.328625
  14.375000	  -0.233287
  14.384766	  -0.171433
  14.394531	  -0.147607
  14.404297	  -0.151520
  14.414062	  -0.160334
  14.423828	  -0.145651
  14.433594	  -0.083091
  14.443359	   0.038730
  14.453125	   0.212936
  14.462891	   0.414829
  14.472656	   0.608107
  14.482422	   0.754998
  14.492188	   0.827089
  14.501953	   0.813374
  14.511719	   0.722952
  14.521484	   0.581628
  14.531250	   0.423677
  14.541016	   0.281588
  14.550781	   0.177209
  14.560547	   0.117045
  14.570312	   0.092972
  14.580078	   0.087662
  14.589844	   0.082468
  14.599609	   0.064777
  14.609375	   0.032220
  14.619141	  -0.007533
  14.628906	  -0.040980
  14.638672	  -0.055065
  14.648438	  -0.042906
  14.658203	  -0.006671
  14.667969	   0.043493
  14.677734	   0.093967
  14.687500	   0.133698
  14.697266	   0.159232
  14.707031	   0.176557
  14.716797	   0.198850
  14.726562	   0.240802
  14.736328	   0.311650
  14.746094	   0.409659
  14.755859	   0.520357
  14.765625	   0.619561
  14.775391	   0.680417
  14.785156	   0.682157
  14.794922	   0.617525
  14.804688	   0.496166
  14.814453	   0.342617
  14.824219	   0.189430
  14.833984	   0.067666
  14.843750	  -0.002028
  14.853516	  -0.014742
  14.863281	   0.018744
  14.873047	   0.077237
  14.882812	   0.137641
  14.892578	   0.183579
  14.902344	   0.210988
  14.912109	   0.228681
  14.921875	   0.253756
  14.931641	   0.303610
  14.941406	   0.387638
  14.951172	   0.501813
  14.960938	   0.628318
  14.970703	   0.740571
  14.980469	   0.811951
  14.990234	   0.825152
  15.000000	   0.778751
  15.009766	   0.688515
  15.019531	   0.582795
  15.029297	   0.493484
  15.039062	   0.445581
  15.048828	   0.448984
  15.058594	   0.495347
  15.068359	   0.561107
  15.078125	   0.615600
  15.087891	   0.631429
  15.097656	   0.593464
  15.107422	   0.503374
  15.117188	   0.378212
  15.126953	   0.243713
  15.136719	   0.124856
  15.146484	   0.037172
  15.156250	  -0.017988
  15.166016	  -0.052538
  15.175781	  -0.085484
  15.185547	  -0.133832
  15.195312	  -0.204065
  15.205078	  -0.287492
  15.214844	  -0.361444
  15.224609	  -0.396146
  15.234375	  -0.365049
  15.244141	  -0.255047
  15.253906	  -0.072931
  15.263672	   0.154368
  15.273438	   0.386108
  15.283203	   0.578762
  15.292969	   0.698276
  15.302734	   0.729620
  15.312500	   0.680610
  15.322266	   0.578864
  15.332031	   0.462995
  15.341797	   0.370990
  15.351562	   0.329494
  15.361328	   0.347274
  15.371094	   0.414616
  15.380859	   0.508344
  15.390625	   0.600368
  15.400391	   0.666661
  15.410156	   0.693712
  15.419922	   0.680623
  15.429688	   0.636746
  15.439453	   0.576294
  15.449219	   0.512366
  15.458984	   0.452717
  15.468750	   0.398744
  15.478516	   0.347693
  15.488281	   0.296757
  15.498047	   0.247018
  15.507812	   0.205257
  15.517578	   0.182658
  15.527344	   0.190731
  15.537109	   0.236042
  15.546875	   0.315958
  15.556641	   0.417339
  15.566406	   0.519065
  15.576172	   0.597840
  15.585938	   0.635394
  15.595703	   0.624575
  15.605469	   0.572075
  15.615234	   0.496671
  15.625000	   0.423422
  15.634766	   0.375726
  15.644531	   0.367903
  15.654297	   0.400867
  15.664062	   0.462326
  15.673828	   0.531401
  15.683594	   0.585983
  15.693359	   0.610217
  15.703125	   0.599495
  15.712891	   0.561300
  15.722656	   0.511743
  15.732422	   0.469208
  15.742188	   0.447535
  15.751953	   0.451253
  15.761719	   0.474569
  15.771484	   0.504356
  15.781250	   0.525865
  15.791016	   0.528869
  15.800781	   0.511805
  15.810547	   0.482283
  15.820312	   0.453729
  15.830078	   0.439478
  15.839844	   0.446641
  15.849609	   0.472234
  15.859375	   0.503220
  15.869141	   0.520686
  15.878906	   0.506754
  15.888672	   0.451710
  15.898438	   0.358669
  15.908203	   0.243844
  15.917969	   0.132103
  15.927734	   0.049141
  15.937500	   0.012946
  15.947266	   0.027527
  15.957031	   0.081184
  15.966797	   0.150036
  15.976562	   0.205672
  15.986328	   0.224357
  15.996094	   0.194640
  16.005859	   0.120789
  16.015625	   0.020932
  16.025391	  -0.079342
  16.035156	  -0.155584
  16.044922	  -0.192229
  16.054688	  -0.186785
  16.064453	  -0.149106
  16.074219	  -0.096230
  16.083984	  -0.044874
  16.093750	  -0.004532
  16.103516	   0.026159
  16.113281	   0.058352
  16.123047	   0.107616
  16.132812	   0.186321
  16.142578	   0.296759
  16.152344	   0.427798
  16.162109	   0.556628
  16.171875	   0.655276
  16.181641	   0.699784
  16.191406	   0.678849
  16.201172	   0.598764
  16.210938	   0.482720
  16.220703	   0.364421
  16.230469	   0.277990
  16.240234	   0.247451
  16.250000	   0.279311
  16.259766	   0.360723
  16.269531	   0.463864
  16.279297	   0.555028
  16.289062	   0.605376
  16.298828	   0.599745
  16.308594	   0.540662
  16.318359	   0.446380
  16.328125	   0.343854
  16.337891	   0.259258
  16.347656	   0.209410
  16.357422	   0.197036
  16.367188	   0.211328
  16.376953	   0.233324
  16.386719	   0.243914
  16.396484	   0.231421
  16.406250	   0.195931
  16.416016	   0.148873
  16.425781	   0.108104
  16.435547	   0.090477
  16.445312	   0.104753
  16.455078	   0.147601
  16.464844	   0.204212
  16.474609	   0.253362
  16.484375	   0.275047
  16.494141	   0.257866
  16.503906	   0.203384
  16.513672	   0.125821
  16.523438	   0.047106
  16.533203	  -0.010932
  16.542969	  -0.034411
  16.552734	  -0.022410
  16.562500	   0.012702
  16.572266	   0.049794
  16.582031	   0.066762
  16.591797	   0.048786
  16.601562	  -0.005916
  16.611328	  -0.084934
  16.621094	  -0.165573
  16.630859	  -0.222465
  16.640625	  -0.236254
  16.650391	  -0.200298
  16.660156	  -0.123103
  16.669922	  -0.025678
  16.679688	   0.065201
  16.689453	   0.125418
  16.699219	   0.140724
  16.708984	   0.110333
  16.718750	   0.045833
  16.728516	  -0.033910
  16.738281	  -0.109850
  16.748047	  -0.169168
  16.757812	  -0.208738
  16.767578	  -0.234539
  16.777344	  -0.257518
  16.787109	  -0.287712
  16.796875	  -0.329063
  16.806641	  -0.377019
  16.816406	  -0.419888
  16.826172	  -0.443410
  16.835938	  -0.436712
  16.845703	  -0.397244
  16.855469	  -0.332647
  16.865234	  -0.258645
  16.875000	  -0.193608
  16.884766	  -0.151747
  16.894531	  -0.137517
  16.904297	  -0.143437
  16.914062	  -0.152353
  16.923828	  -0.143512
  16.933594	  -0.100385
  16.943359	  -0.017446
  16.953125	   0.096625
  16.962891	   0.220624
  16.972656	   0.326995
  16.982422	   0.390468
  16.992188	   0.396251
  17.001953	   0.344928
  17.011719	   0.252362
  17.021484	   0.144607
  17.031250	   0.049573
  17.041016	  -0.011703
  17.050781	  -0.031196
  17.060547	  -0.015421
  17.070312	   0.018038
  17.080078	   0.047629
  17.089844	   0.055939
  17.099609	   0.035887
  17.109375	  -0.007165
  17.119141	  -0.058002
  17.128906	  -0.097791
  17.138672	  -0.111534
  17.148438	  -0.093959
  17.158203	  -0.051641
  17.167969	  -0.000600
  17.177734	   0.039689
  17.187500	   0.053634
  17.197266	   0.035418
  17.207031	  -0.008769
  17.216797	  -0.063023
  17.226562	  -0.107756
  17.236328	  -0.127212
  17.246094	  -0.115712
  17.255859	  -0.080240
  17.265625	  -0.038345
  17.275391	  -0.012035
  17.285156	  -0.019797
  17.294922	  -0.069620
  17.304688	  -0.155558
  17.314453	  -0.259144
  17.324219	  -0.355203
  17.333984	  -0.420100
  17.343750	  -0.439513
  17.353516	  -0.413043
  17.363281	  -0.354050
  17.373047	  -0.284821
  17.382812	  -0.228788
  17.392578	  -0.202574
  17.402344	  -0.210623
  17.412109	  -0.244252
  17.421875	  -0.285348
  17.431641	  -0.313294
  17.441406	  -0.312582
  17.451172	  -0.278397
  17.460938	  -0.218238
  17.470703	  -0.149098
  17.480469	  -0.091350
  17.490234	  -0.061619
  17.500000	  -0.067235
  17.509766	  -0.104203
  17.519531	  -0.159297
  17.529297	  -0.215346
  17.539062	  -0.257640
  17.548828	  -0.279035
  17.558594	  -0.281887
  17.568359	  -0.276192
  17.578125	  -0.274789
  17.587891	  -0.287562
  17.597656	  -0.316970
  17.607422	  -0.356692
  17.617188	  -0.393933
  17.626953	  -0.414541
  17.636719	  -0.408936
  17.646484	  -0.376500
  17.656250	  -0.326647
  17.666016	  -0.275971
  17.675781	  -0.242439
  17.685547	  -0.238687
  17.695312	  -0.266946
  17.705078	  -0.317572
  17.714844	  -0.371863
  17.724609	  -0.408323
  17.734375	  -0.410167
  17.744141	  -0.371421
  17.753906	  -0.299335
  17.763672	  -0.212191
  17.773438	  -0.133153
  17.783203	  -0.082304
  17.792969	  -0.069665
  17.802734	  -0.091681
  17.812500	  -0.132450
  17.822266	  -0.169305
  17.832031	  -0.180776
  17.841797	  -0.154140
  17.851562	  -0.089894
  17.861328	  -0.001571
  17.871094	   0.088986
  17.880859	   0.159204
  17.890625	   0.193485
  17.900391	   0.188309
  17.910156	   0.152943
  17.919922	   0.105578
  17.929688	   0.066360
  17.939453	   0.049866
  17.949219	   0.059801
  17.958984	   0.087798
  17.968750	   0.116760
  17.978516	   0.127453
  17.988281	   0.105937
  17.998047	   0.049083
  18.007812	  -0.033856
  18.017578	  -0.124207
  18.027344	  -0.200289
  18.037109	  -0.244966
  18.046875	  -0.251569
  18.056641	  -0.226062
  18.066406	  -0.184657
  18.076172	  -0.147779
  18.085938	  -0.132572
  18.095703	  -0.146698
  18.105469	  -0.185686
  18.115234	  -0.234782
  18.125000	  -0.274623
  18.134766	  -0.288632
  18.144531	  -0.269434
  18.154297	  -0.221911
  18.164062	  -0.161767
  18.173828	  -0.110102
  18.183594	  -0.085929
  18.193359	  -0.099355
  18.203125	  -0.147880
  18.212891	  -0.217153
  18.222656	  -0.285914
  18.232422	  -0.333339
  18.242188	  -0.346156
  18.251953	  -0.322983
  18.261719	  -0.274380
  18.271484	  -0.218646
  18.281250	  -0.174957
  18.291016	  -0.156356
  18.300781	  -0.165161
  18.310547	  -0.192428
  18.320312	  -0.221624
  18.330078	  -0.235096
  18.339844	  -0.220931
  18.349609	  -0.177653
  18.359375	  -0.115024
  18.369141	  -0.050647
  18.378906	  -0.003643
  18.388672	   0.012291
  18.398438	  -0.006143
  18.408203	  -0.050648
  18.417969	  -0.104362
  18.427734	  -0.148002
  18.437500	  -0.166856
  18.447266	  -0.156059
  18.457031	  -0.122207
  18.466797	  -0.080731
  18.476562	  -0.050006
  18.486328	  -0.044371
  18.496094	  -0.068666
  18.505859	  -0.116300
  18.515625	  -0.171611
  18.525391	  -0.215632
  18.535156	  -0.233174
  18.544922	  -0.218574
  18.554688	  -0.177964
  18.564453	  -0.127157
  18.574219	  -0.085884
  18.583984	  -0.070435
  18.593750	  -0.087423
  18.603516	  -0.130984
  18.613281	  -0.184533
  18.623047	  -0.226540
  18.632812	  -0.238325
  18.642578	  -0.211111
  18.652344	  -0.149773
  18.662109	  -0.071886
  18.671875	  -0.002294
  18.681641	   0.034976
  18.691406	   0.024716
  18.701172	  -0.034318
  18.710938	  -0.128835
  18.720703	  -0.235210
  18.730469	  -0.326980
  18.740234	  -0.383064
  18.750000	  -0.393939
  18.759766	  -0.363776
  18.769531	  -0.307979
  18.779297	  -0.247171
  18.789062	  -0.199864
  18.798828	  -0.176391
  18.808594	  -0.176164
  18.818359	  -0.189003
  18.828125	  -0.199846
  18.837891	  -0.194942
  18.847656	  -0.167195
  18.857422	  -0.118744
  18.867188	  -0.059956
  18.876953	  -0.005375
  18.886719	   0.031718
  18.896484	   0.044041
  18.906250	   0.032589
  18.916016	   0.005688
  18.925781	  -0.024663
  18.935547	  -0.047640
  18.945312	  -0.057690
  18.955078	  -0.056264
  18.964844	  -0.050567
  18.974609	  -0.049878
  18.984375	  -0.060981
  18.994141	  -0.084612
  19.003906	  -0.114431
  19.013672	  -0.139036
  19.023438	  -0.146324
  19.033203	  -0.128526
  19.042969	  -0.085910
  19.052734	  -0.027586
  19.062500	   0.031078
  19.072266	   0.073641
  19.082031	   0.088511
  19.091797	   0.073400
  19.101562	   0.036547
  19.111328	  -0.005912
  19.121094	  -0.035625
  19.130859	  -0.038779
  19.140625	  -0.011493
  19.150391	   0.038211
  19.160156	   0.092702
  19.169922	   0.130643
  19.179688	   0.134487
  19.189453	   0.096942
  19.199219	   0.024048
  19.208984	  -0.066318
  19.218750	  -0.150075
  19.228516	  -0.204821
  19.238281	  -0.217202
  19.248047	  -0.187201
  19.257812	  -0.127787
  19.267578	  -0.060050
  19.277344	  -0.005530
  19.287109	   0.021533
  19.296875	   0.019261
  19.306641	  -0.001317
  19.316406	  -0.020448
  19.326172	  -0.017090
  19.335938	   0.023079
  19.345703	   0.101945
  19.355469	   0.207640
  19.365234	   0.318140
  19.375000	   0.408564
  19.384766	   0.459600
  19.394531	   0.464085
  19.404297	   0.429384
  19.414062	   0.374697
  19.423828	   0.324205
  19.433594	   0.298455
  19.443359	   0.307010
  19.453125	   0.344933
  19.462891	   0.394379
  19.472656	   0.430726
  19.482422	   0.431140
  19.492188	   0.382604
  19.501953	   0.286651
  19.511719	   0.159212
  19.521484	   0.025676
  19.531250	  -0.087081
  19.541016	  -0.158951
  19.550781	  -0.182361
  19.560547	  -0.163701
  19.570312	  -0.120119
  19.580078	  -0.073012
  19.589844	  -0.040600
  19.599609	  -0.032198
  19.609375	  -0.046071
  19.619141	  -0.071395
  19.628906	  -0.093346
  19.638672	  -0.099265
  19.648438	  -0.083549
  19.658203	  -0.049510
  19.667969	  -0.007643
  19.677734	   0.028864
  19.687500	   0.049546
  19.697266	   0.050847
  19.707031	   0.037464
  19.716797	   0.020366
  19.726562	   0.012293
  19.736328	   0.022519
  19.746094	   0.052950
  19.755859	   0.097088
  19.765625	   0.142297
  19.775391	   0.174527
  19.785156	   0.183681
  19.794922	   0.167553
  19.804688	   0.132790
  19.814453	   0.092450
  19.824219	   0.061055
  19.833984	   0.048984
  19.843750	   0.058381
  19.853516	   0.082191
  19.863281	   0.106779
  19.873047	   0.117228
  19.882812	   0.103361
  19.892578	   0.064195
  19.902344	   0.009050
  19.912109	  -0.045247
  19.921875	  -0.080165
  19.931641	  -0.082245
  19.941406	  -0.048342
  19.951172	   0.012667
  19.960938	   0.082492
  19.970703	   0.139583
  19.980469	   0.166720
  19.990234	   0.157370
  20.000000	   0.118473
  20.009766	   0.068542
  20.019531	   0.031608
  20.029297	   0.029005
  20.039062	   0.071812
  20.048828	   0.156582
  20.058594	   0.265889
  20.068359	   0.373568
  20.078125	   0.452911
  20.087891	   0.485064
  20.097656	   0.464805
  20.107422	   0.401796
  20.117188	   0.316980
  20.126953	   0.235442
  20.136719	   0.178243
  20.146484	   0.156011
  20.156250	   0.166393
  20.166016	   0.196062
  20.175781	   0.226353
  20.185547	   0.240386
  20.195312	   0.229065
  20.205078	   0.193867
  20.214844	   0.145570
  20.224609	   0.099563
  20.234375	   0.069635
  20.244141	   0.062615
  20.253906	   0.075870
  20.263672	   0.098543
  20.273438	   0.115968
  20.283203	   0.115542
  20.292969	   0.091769
  20.302734	   0.048536
  20.312500	  -0.002255
  20.322266	  -0.045205
  20.332031	  -0.067376
  20.341797	  -0.063448
  20.351562	  -0.038102
  20.361328	  -0.004685
  20.371094	   0.019404
  20.380859	   0.018953
  20.390625	  -0.013490
  20.400391	  -0.074735
  20.410156	  -0.151832
  20.419922	  -0.226416
  20.429688	  -0.280910
  20.439453	  -0.304358
  20.449219	  -0.295768
  20.458984	  -0.263779
  20.468750	  -0.222859
  20.478516	  -0.187484
  20.488281	  -0.166517
  20.498047	  -0.159910
  20.507812	  -0.158978
  20.517578	  -0.150127
  20.527344	  -0.120628
  20.537109	  -0.064225
  20.546875	   0.015600
  20.556641	   0.106016
  20.566406	   0.188850
  20.576172	   0.246793
  20.585938	   0.269531
  20.595703	   0.257504
  20.605469	   0.221827
  20.615234	   0.180281
  20.625000	   0.150776
  20.634766	   0.144629
  20.644531	   0.162128
  20.654297	   0.192105
  20.664062	   0.215780
  20.673828	   0.213612
  20.683594	   0.172763
  20.693359	   0.092490
  20.703125	  -0.014520
  20.712891	  -0.125470
  20.722656	  -0.214390
  20.732422	  -0.260337
  20.742188	  -0.254078
  20.751953	  -0.200930
  20.761719	  -0.118811
  20.771484	  -0.032169
  20.781250	   0.036086
  20.791016	   0.071870
  20.800781	   0.073951
  20.810547	   0.053402
  20.820312	   0.028808
  20.830078	   0.019003
  20.839844	   0.035964
  20.849609	   0.080392
  20.859375	   0.141467
  20.869141	   0.200788
  20.878906	   0.239009
  20.888672	   0.242733
  20.898438	   0.209232
  20.908203	   0.147330
  20.917969	   0.074254
  20.927734	   0.009657
  20.937500	  -0.030995
  20.947266	  -0.041294
  20.957031	  -0.025383
  20.966797	   0.004338
  20.976562	   0.032284
  20.986328	   0.045569
  20.996094	   0.038528
  21.005859	   0.014251
  21.015625	  -0.017272
  21.025391	  -0.043534
  21.035156	  -0.054620
  21.044922	  -0.047002
  21.054688	  -0.024565
  21.064453	   0.003494
  21.074219	   0.026977
  21.083984	   0.039428
  21.093750	   0.041307
  21.103516	   0.040215
  21.113281	   0.047947
  21.123047	   0.075394
  21.132812	   0.127286
  21.142578	   0.198871
  21.152344	   0.276044
  21.162109	   0.339158
  21.171875	   0.369348
  21.181641	   0.355213
  21.191406	   0.297406
  21.201172	   0.209346
  21.210938	   0.113588
  21.220703	   0.034910
  21.230469	  -0.007595
  21.240234	  -0.006714
  21.250000	   0.030564
  21.259766	   0.085479
  21.269531	   0.133892
  21.279297	   0.154467
  21.289062	   0.135827
  21.298828	   0.080231
  21.308594	   0.002510
  21.318359	  -0.075327
  21.328125	  -0.131883
  21.337891	  -0.153800
  21.347656	  -0.140216
  21.357422	  -0.102705
  21.367188	  -0.060777
  21.376953	  -0.034595
  21.386719	  -0.037540
  21.396484	  -0.071304
  21.406250	  -0.125249
  21.416016	  -0.180241
  21.425781	  -0.215551
  21.435547	  -0.216326
  21.445312	  -0.178933
  21.455078	  -0.112272
  21.464844	  -0.034595
  21.474609	   0.032993
  21.484375	   0.073989
  21.494141	   0.082228
  21.503906	   0.063833
  21.513672	   0.034698
  21.523438	   0.014444
  21.533203	   0.019047
  21.542969	   0.054805
  21.552734	   0.115831
  21.562500	   0.185955
  21.572266	   0.244359
  21.582031	   0.272908
  21.591797	   0.262536
  21.601562	   0.216424
  21.611328	   0.148846
  21.621094	   0.080113
  21.630859	   0.029467
  21.640625	   0.008444
  21.650391	   0.017068
  21.660156	   0.044182
  21.669922	   0.071736
  21.679688	   0.081444
  21.689453	   0.061399
  21.699219	   0.010306
  21.708984	  -0.062131
  21.718750	  -0.138715
  21.728516	  -0.200825
  21.738281	  -0.234820
  21.748047	  -0.236511
  21.757812	  -0.212168
  21.767578	  -0.175837
  21.777344	  -0.144080
  21.787109	  -0.130129
  21.796875	  -0.139609
  21.806641	  -0.169300
  21.816406	  -0.209247
  21.826172	  -0.247233
  21.835938	  -0.273788
  21.845703	  -0.285740
  21.855469	  -0.286935
  21.865234	  -0.285892
  21.875000	  -0.291389
  21.884766	  -0.307794
  21.894531	  -0.332107
  21.904297	  -0.354028
  21.914062	  -0.359205
  21.923828	  -0.334570
  21.933594	  -0.273785
  21.943359	  -0.180703
  21.953125	  -0.069386
  21.962891	   0.039548
  21.972656	   0.125124
  21.982422	   0.172645
  21.992188	   0.178453
  22.001953	   0.151066
  22.011719	   0.108243
  22.021484	   0.070927
  22.031250	   0.056152
  22.041016	   0.071388
  22.050781	   0.112280
  22.060547	   0.164543
  22.070312	   0.209312
  22.080078	   0.229999
  22.089844	   0.218208
  22.099609	   0.176586
  22.109375	   0.117639
  22.119141	   0.058986
  22.128906	   0.016814
  22.138672	  -0.000056
  22.148438	   0.006689
  22.158203	   0.025634
  22.167969	   0.040073
  22.177734	   0.034457
  22.187500	   0.000508
  22.197266	  -0.059256
  22.207031	  -0.131890
  22.216797	  -0.198191
  22.226562	  -0.239185
  22.236328	  -0.242645
  22.246094	  -0.207315
  22.255859	  -0.143378
  22.265625	  -0.069026
  22.275391	  -0.004415
  22.285156	   0.034838
  22.294922	   0.042315
  22.304688	   0.022039
  22.314453	  -0.014008
  22.324219	  -0.051027
  22.333984	  -0.077200
  22.343750	  -0.087958
  22.353516	  -0.087139
  22.363281	  -0.084702
  22.373047	  -0.091953
  22.382812	  -0.116213
  22.392578	  -0.157075
  22.402344	  -0.205768
  22.412109	  -0.247980
  22.421875	  -0.269130
  22.431641	  -0.260120
  22.441406	  -0.221326
  22.451172	  -0.163218
  22.460938	  -0.103210
  22.470703	  -0.059744
  22.480469	  -0.045710
  22.490234	  -0.063593
  22.500000	  -0.104201
  22.509766	  -0.149571
  22.519531	  -0.179132
  22.529297	  -0.177015
  22.539062	  -0.137916
  22.548828	  -0.069392
  22.558594	   0.010302
  22.568359	   0.078171
  22.578125	   0.114182
  22.587891	   0.108066
  22.597656	   0.062822
  22.607422	  -0.006284
  22.617188	  -0.076887
  22.626953	  -0.127033
  22.636719	  -0.142422
  22.646484	  -0.120851
  22.656250	  -0.072392
  22.666016	  -0.015302
  22.675781	   0.030774
  22.685547	   0.051830
  22.695312	   0.044245
  22.705078	   0.015575
  22.714844	  -0.018791
  22.724609	  -0.041830
  22.734375	  -0.041580
  22.744141	  -0.015852
  22.753906	   0.026795
  22.763672	   0.070177
  22.773438	   0.096549
  22.783203	   0.093367
  22.792969	   0.058233
  22.802734	   0.000162
  22.812500	  -0.063350
  22.822266	  -0.112443
  22.832031	  -0.132009
  22.841797	  -0.117224
  22.851562	  -0.075474
  22.861328	  -0.023922
  22.871094	   0.016472
  22.880859	   0.028381
  22.890625	   0.004378
  22.900391	  -0.050180
  22.910156	  -0.118686
  22.919922	  -0.178692
  22.929688	  -0.209319
  22.939453	  -0.198091
  22.949219	  -0.144853
  22.958984	  -0.061486
  22.968750	   0.032384
  22.978516	   0.116067
  22.988281	   0.174518
  22.998047	   0.202710
  23.007812	   0.206265
  23.017578	   0.198277
  23.027344	   0.193653
  23.037109	   0.203137
  23.046875	   0.229223
  23.056641	   0.265419
  23.066406	   0.299006
  23.076172	   0.316182
  23.085938	   0.307558
  23.095703	   0.271925
  23.105469	   0.216867
  23.115234	   0.156013
  23.125000	   0.103992
  23.134766	   0.071011
  23.144531	   0.059120
  23.154297	   0.061575
  23.164062	   0.065556
  23.173828	   0.057210
  23.183594	   0.027128
  23.193359	  -0.025808
  23.203125	  -0.093676
  23.212891	  -0.162163
  23.222656	  -0.215660
  23.232422	  -0.242889
  23.242188	  -0.240995
  23.251953	  -0.216528
  23.261719	  -0.182950
  23.271484	  -0.155554
  23.281250	  -0.145684
  23.291016	  -0.156395
  23.300781	  -0.181217
  23.310547	  -0.206496
  23.320312	  -0.216516
  23.330078	  -0.199520
  23.339844	  -0.152420
  23.349609	  -0.082432
  23.359375	  -0.004976
  23.369141	   0.061437
  23.378906	   0.101519
  23.388672	   0.108451
  23.398438	   0.086148
  23.408203	   0.047732
  23.417969	   0.010757
  23.427734	  -0.009080
  23.437500	  -0.003465
  23.447266	   0.025768
  23.457031	   0.067623
  23.466797	   0.106284
  23.476562	   0.127190
  23.486328	   0.122584
  23.496094	   0.094488
  23.505859	   0.053975
  23.515625	   0.017018
  23.525391	  -0.001551
  23.535156	   0.006270
  23.544922	   0.038463
  23.554688	   0.083517
  23.564453	   0.124534
  23.574219	   0.145440
  23.583984	   0.137019
  23.593750	   0.100547
  23.603516	   0.047611
  23.613281	  -0.003866
  23.623047	  -0.036024
  23.632812	  -0.037583
  23.642578	  -0.008100
  23.652344	   0.041611
  23.662109	   0.093125
  23.671875	   0.126850
  23.681641	   0.128992
  23.691406	   0.096550
  23.701172	   0.038522
  23.710938	  -0.027132
  23.720703	  -0.079728
  23.730469	  -0.103085
  23.740234	  -0.091172
  23.750000	  -0.050180
  23.759766	   0.003730
  23.769531	   0.050177
  23.779297	   0.071777
  23.789062	   0.060223
  23.798828	   0.019106
  23.808594	  -0.037521
  23.818359	  -0.090276
  23.828125	  -0.121415
  23.837891	  -0.121107
  23.847656	  -0.090793
  23.857422	  -0.042435
  23.867188	   0.006005
  23.876953	   0.037208
  23.886719	   0.040808
  23.896484	   0.017102
  23.906250	  -0.023177
  23.916016	  -0.062918
  23.925781	  -0.085014
  23.935547	  -0.078747
  23.945312	  -0.043855
  23.955078	   0.009194
  23.964844	   0.062781
  23.974609	   0.098283
  23.984375	   0.102545
  23.994141	   0.072366
  24.003906	   0.015410
  24.013672	  -0.052710
  24.023438	  -0.114065
  24.033203	  -0.154661
  24.042969	  -0.169030
  24.052734	  -0.161515
  24.062500	  -0.143871
  24.072266	  -0.130138
  24.082031	  -0.130777
  24.091797	  -0.148304
  24.101562	  -0.176080
  24.111328	  -0.200741
  24.121094	  -0.207358
  24.130859	  -0.185399
  24.140625	  -0.133244
  24.150391	  -0.059490
  24.160156	   0.019506
  24.169922	   0.085037
  24.179688	   0.122488
  24.189453	   0.126486
  24.199219	   0.102847
  24.208984	   0.066589
  24.218750	   0.036657
  24.228516	   0.029214
  24.238281	   0.051888
  24.248047	   0.101003
  24.257812	   0.162796
  24.267578	   0.218171
  24.277344	   0.249301
  24.287109	   0.245736
  24.296875	   0.207866
  24.306641	   0.146573
  24.316406	   0.079250
  24.326172	   0.023695
  24.335938	  -0.007914
  24.345703	  -0.012798
  24.355469	   0.002180
  24.365234	   0.023790
  24.375000	   0.037929
  24.384766	   0.035243
  24.394531	   0.014769
  24.404297	  -0.015746
  24.414062	  -0.042920
  24.423828	  -0.053032
  24.433594	  -0.037513
  24.443359	   0.003443
  24.453125	   0.060534
  24.462891	   0.118417
  24.472656	   0.161073
  24.482422	   0.177480
  24.492188	   0.165478
  24.501953	   0.132386
  24.511719	   0.092114
  24.521484	   0.059834
  24.531250	   0.046181
  24.541016	   0.053162
  24.550781	   0.073318
  24.560547	   0.092502
  24.570312	   0.095301
  24.580078	   0.071105
  24.589844	   0.018596
  24.599609	  -0.053067
  24.609375	  -0.126879
  24.619141	  -0.183569
  24.628906	  -0.208183
  24.638672	  -0.195311
  24.648438	  -0.151077
  24.658203	  -0.091140
  24.667969	  -0.035376
  24.677734	  -0.001083
  24.687500	   0.002887
  24.697266	  -0.020963
  24.707031	  -0.059844
  24.716797	  -0.095308
  24.726562	  -0.109773
  24.736328	  -0.092642
  24.746094	  -0.043873
  24.755859	   0.026191
  24.765625	   0.100574
  24.775391	   0.161576
  24.785156	   0.196690
  24.794922	   0.202402
  24.804688	   0.184624
  24.814453	   0.155718
  24.824219	   0.129358
  24.833984	   0.115222
  24.843750	   0.115523
  24.853516	   0.124644
  24.863281	   0.131943
  24.873047	   0.126591
  24.882812	   0.102495
  24.892578	   0.061393
  24.902344	   0.012824
  24.912109	  -0.029050
  24.921875	  -0.050637
  24.931641	  -0.044157
  24.941406	  -0.010932
  24.951172	   0.038600
  24.960938	   0.088258
  24.970703	   0.121704
  24.980469	   0.128247
  24.990234	   0.106702
  25.000000	   0.065858
  25.009766	   0.021310
  25.019531	  -0.010246
  25.029297	  -0.017206
  25.039062	   0.002533
  25.048828	   0.040580
  25.058594	   0.080916
  25.068359	   0.105599
  25.078125	   0.101306
  25.087891	   0.064319
  25.097656	   0.002127
  25.107422	  -0.068971
  25.117188	  -0.129459
  25.126953	  -0.163376
  25.136719	  -0.163864
  25.146484	  -0.135443
  25.156250	  -0.092205
  25.166016	  -0.052535
  25.175781	  -0.032284
  25.185547	  -0.038861
  25.195312	  -0.068426
  25.205078	  -0.107243
  25.214844	  -0.136755
  25.224609	  -0.140576
  25.234375	  -0.110884
  25.244141	  -0.051863
  25.253906	   0.021129
  25.263672	   0.086447
  25.273438	   0.123478
  25.283203	   0.119824
  25.292969	   0.075828
  25.302734	   0.004839
  25.312500	  -0.070956
  25.322266	  -0.127704
  25.332031	  -0.147629
  25.341797	  -0.124713
  25.351562	  -0.066410
  25.361328	   0.009137
  25.371094	   0.079317
  25.380859	   0.124533
  25.390625	   0.134359
  25.400391	   0.110305
  25.410156	   0.064403
  25.419922	   0.014266
  25.429688	  -0.023484
  25.439453	  -0.039024
  25.449219	  -0.032335
  25.458984	  -0.012438
  25.468750	   0.006704
  25.478516	   0.011988
  25.488281	  -0.003510
  25.498047	  -0.037688
  25.507812	  -0.080038
  25.517578	  -0.115454
  25.527344	  -0.129761
  25.537109	  -0.114919
  25.546875	  -0.071975
  25.556641	  -0.010727
  25.566406	   0.053719
  25.576172	   0.106194
  25.585938	   0.136549
  25.595703	   0.142748
  25.605469	   0.130885
  25.615234	   0.112247
  25.625000	   0.098603
  25.634766	   0.097559
  25.644531	   0.109748
  25.654297	   0.128880
  25.664062	   0.144578
  25.673828	   0.146841
  25.683594	   0.130357
  25.693359	   0.096968
  25.703125	   0.055270
  25.712891	   0.017494
  25.722656	  -0.005174
  25.732422	  -0.007010
  25.742188	   0.009835
  25.751953	   0.035922
  25.761719	   0.058001
  25.771484	   0.064111
  25.781250	   0.048412
  25.791016	   0.013885
  25.800781	  -0.028229
  25.810547	  -0.062153
  25.820312	  -0.073223
  25.830078	  -0.053425
  25.839844	  -0.004790
  25.849609	   0.060653
  25.859375	   0.124467
  25.869141	   0.167725
  25.878906	   0.177211
  25.888672	   0.149698
  25.898438	   0.092782
  25.908203	   0.021971
  25.917969	  -0.044945
  25.927734	  -0.094202
  25.937500	  -0.120801
  25.947266	  -0.129955
  25.957031	  -0.134748
  25.966797	  -0.150859
  25.976562	  -0.190296
  25.986328	  -0.256440
  25.996094	  -0.342229
  26.005859	  -0.432185
  26.015625	  -0.507570
  26.025391	  -0.552811
  26.035156	  -0.560887
  26.044922	  -0.535687
  26.054688	  -0.490491
  26.064453	  -0.443086
  26.074219	  -0.409289
  26.083984	  -0.397205
  26.093750	  -0.404312
  26.103516	  -0.418430
  26.113281	  -0.422230
  26.123047	  -0.399657
  26.132812	  -0.341946
  26.142578	  -0.251053
  26.152344	  -0.139256
  26.162109	  -0.025098
  26.171875	   0.072870
  26.181641	   0.142251
  26.191406	   0.180650
  26.201172	   0.195804
  26.210938	   0.201997
  26.220703	   0.214095
  26.230469	   0.241439
  26.240234	   0.283886
  26.250000	   0.331516
  26.259766	   0.368177
  26.269531	   0.377619
  26.279297	   0.350006
  26.289062	   0.286396
  26.298828	   0.199491
  26.308594	   0.110270
  26.318359	   0.041585
  26.328125	   0.010915
  26.337891	   0.024767
  26.347656	   0.076689
  26.357422	   0.149558
  26.367188	   0.221351
  26.376953	   0.272378
  26.386719	   0.291472
  26.396484	   0.279038
  26.406250	   0.245998
  26.416016	   0.209135
  26.425781	   0.184578
  26.435547	   0.181810
  26.445312	   0.200315
  26.455078	   0.229992
  26.464844	   0.255075
  26.474609	   0.260047
  26.484375	   0.235338
  26.494141	   0.180752
  26.503906	   0.105426
  26.513672	   0.024438
  26.523438	  -0.046598
  26.533203	  -0.096889
  26.542969	  -0.123794
  26.552734	  -0.132929
  26.562500	  -0.135098
  26.572266	  -0.141315
  26.582031	  -0.157865
  26.591797	  -0.183378
  26.601562	  -0.209050
  26.611328	  -0.222011
  26.621094	  -0.210542
  26.630859	  -0.169176
  26.640625	  -0.101676
  26.650391	  -0.020656
  26.660156	   0.056149
  26.669922	   0.111699
  26.679688	   0.135468
  26.689453	   0.127139
  26.699219	   0.096743
  26.708984	   0.061126
  26.718750	   0.037906
  26.728516	   0.039063
  26.738281	   0.066441
  26.748047	   0.110801
  26.757812	   0.154817
  26.767578	   0.179016
  26.777344	   0.168578
  26.787109	   0.118653
  26.796875	   0.036319
  26.806641	  -0.061476
  26.816406	  -0.153258
  26.826172	  -0.219772
  26.835938	  -0.249803
  26.845703	  -0.243104
  26.855469	  -0.209544
  26.865234	  -0.164931
  26.875000	  -0.125129
  26.884766	  -0.100642
  26.894531	  -0.093583
  26.904297	  -0.097972
  26.914062	  -0.103093
  26.923828	  -0.098443
  26.933594	  -0.078296
  26.943359	  -0.044085
  26.953125	  -0.003698
  26.962891	   0.031986
  26.972656	   0.053905
  26.982422	   0.058993
  26.992188	   0.051985
  27.001953	   0.043977
  27.011719	   0.048166
  27.021484	   0.074299
  27.031250	   0.123950
  27.041016	   0.188543
  27.050781	   0.251076
  27.060547	   0.291190
  27.070312	   0.291917
  27.080078	   0.245816
  27.089844	   0.158254
  27.099609	   0.046578
  27.109375	  -0.064701
  27.119141	  -0.151174
  27.128906	  -0.195857
  27.138672	  -0.194098
  27.148438	  -0.154459
  27.158203	  -0.095300
  27.167969	  -0.038331
  27.177734	  -0.001368
  27.187500	   0.007184
  27.197266	  -0.009707
  27.207031	  -0.039847
  27.216797	  -0.067151
  27.226562	  -0.078114
  27.236328	  -0.067020
  27.246094	  -0.037999
  27.255859	  -0.003213
  27.265625	   0.022064
  27.275391	   0.025616
  27.285156	   0.003341
  27.294922	  -0.038714
  27.304688	  -0.086145
  27.314453	  -0.121186
  27.324219	  -0.129103
  27.333984	  -0.103643
  27.343750	  -0.049528
  27.353516	   0.018940
  27.363281	   0.082712
  27.373047	   0.124518
  27.382812	   0.134767
  27.392578	   0.114697
  27.402344	   0.075659
  27.412109	   0.034810
  27.421875	   0.008798
  27.431641	   0.007720
  27.441406	   0.031549
  27.451172	   0.070281
  27.460938	   0.107721
  27.470703	   0.127498
  27.480469	   0.119096
  27.490234	   0.081701
  27.500000	   0.024495
  27.509766	  -0.036684
  27.519531	  -0.085042
  27.529297	  -0.108777
  27.539062	  -0.105093
  27.548828	  -0.080821
  27.558594	  -0.049474
  27.568359	  -0.025890
  27.578125	  -0.020491
  27.587891	  -0.035345
  27.597656	  -0.063530
  27.607422	  -0.092031
  27.617188	  -0.107083
  27.626953	  -0.099924
  27.636719	  -0.070735
  27.646484	  -0.029189
  27.656250	   0.008711
  27.666016	   0.026439
  27.675781	   0.013290
  27.685547	  -0.031074
  27.695312	  -0.095656
  27.705078	  -0.161220
  27.714844	  -0.206484
  27.724609	  -0.215288
  27.734375	  -0.182225
  27.744141	  -0.114715
  27.753906	  -0.030745
  27.763672	   0.046998
  27.773438	   0.098577
  27.783203	   0.113270
  27.792969	   0.092806
  27.802734	   0.050296
  27.812500	   0.005283
  27.822266	  -0.023297
  27.832031	  -0.023734
  27.841797	   0.004591
  27.851562	   0.051386
  27.861328	   0.099540
  27.871094	   0.131557
  27.880859	   0.135964
  27.890625	   0.111356
  27.900391	   0.066651
  27.910156	   0.017507
  27.919922	  -0.019728
  27.929688	  -0.034272
  27.939453	  -0.025051
  27.949219	  -0.001185
  27.958984	   0.021369
  27.968750	   0.025791
  27.978516	   0.000819
  27.988281	  -0.054751
  27.998047	  -0.131123
  28.007812	  -0.210490
  28.017578	  -0.272908
  28.027344	  -0.302952
  28.037109	  -0.294800
  28.046875	  -0.253959
  28.056641	  -0.195070
  28.066406	  -0.136633
  28.076172	  -0.094585
  28.085938	  -0.077029
  28.095703	  -0.081968
  28.105469	  -0.098753
  28.115234	  -0.112608
  28.125000	  -0.110463
  28.134766	  -0.085932
  28.144531	  -0.041581
  28.154297	   0.012261
  28.164062	   0.061630
  28.173828	   0.094370
  28.183594	   0.104770
  28.193359	   0.095643
  28.203125	   0.077054
  28.212891	   0.062213
  28.222656	   0.062114
  28.232422	   0.081035
  28.242188	   0.114641
  28.251953	   0.151505
  28.261719	   0.177522
  28.271484	   0.181584
  28.281250	   0.160342
  28.291016	   0.120198
  28.300781	   0.075645
  28.310547	   0.044431
  28.320312	   0.041244
  28.330078	   0.072197
  28.339844	   0.132175
  28.349609	   0.206095
  28.359375	   0.273739
  28.369141	   0.316500
  28.378906	   0.323656
  28.388672	   0.295930
  28.398438	   0.245026
  28.408203	   0.189292
  28.417969	   0.147046
  28.427734	   0.129961
  28.437500	   0.138909
  28.447266	   0.163783
  28.457031	   0.187385
  28.466797	   0.191993
  28.476562	   0.166233
  28.486328	   0.109746
  28.496094	   0.033918
  28.505859	  -0.041657
  28.515625	  -0.095762
  28.525391	  -0.112877
  28.535156	  -0.088633
  28.544922	  -0.031445
  28.554688	   0.040271
  28.564453	   0.104308
  28.574219	   0.142129
  28.583984	   0.144929
  28.593750	   0.116184
  28.603516	   0.069831
  28.613281	   0.024805
  28.623047	  -0.002061
  28.632812	  -0.002191
  28.642578	   0.021765
  28.652344	   0.057153
  28.662109	   0.086259
  28.671875	   0.093118
  28.681641	   0.069649
  28.691406	   0.018861
  28.701172	  -0.046068
  28.710938	  -0.106518
  28.720703	  -0.145230
  28.730469	  -0.152694
  28.740234	  -0.130762
  28.750000	  -0.092132
  28.759766	  -0.055845
  28.769531	  -0.040385
  28.779297	  -0.056859
  28.789062	  -0.104725
  28.798828	  -0.171626
  28.808594	  -0.237433
  28.818359	  -0.281085
  28.828125	  -0.287825
  28.837891	  -0.254289
  28.847656	  -0.189671
  28.857422	  -0.112587
  28.867188	  -0.044774
  28.876953	  -0.003872
  28.886719	   0.002195
  28.896484	  -0.022680
  28.906250	  -0.064835
  28.916016	  -0.106163
  28.925781	  -0.130739
  28.935547	  -0.130312
  28.945312	  -0.106770
  28.955078	  -0.070775
  28.964844	  -0.037240
  28.974609	  -0.019411
  28.984375	  -0.023814
  28.994141	  -0.047921
  29.003906	  -0.081336
  29.013672	  -0.109968
  29.023438	  -0.121520
  29.033203	  -0.110192
  29.042969	  -0.078788
  29.052734	  -0.037463
  29.062500	   0.000373
  29.072266	   0.023375
  29.082031	   0.026728
  29.091797	   0.014000
  29.101562	  -0.004357
  29.111328	  -0.015314
  29.121094	  -0.008709
  29.130859	   0.018309
  29.140625	   0.059610
  29.150391	   0.101960
  29.160156	   0.129835
  29.169922	   0.131400
  29.179688	   0.103384
  29.189453	   0.052896
  29.199219	  -0.004666
  29.208984	  -0.050999
  29.218750	  -0.071706
  29.228516	  -0.062006
  29.238281	  -0.029147
  29.248047	   0.009579
  29.257812	   0.032716
  29.267578	   0.022488
  29.277344	  -0.028154
  29.287109	  -0.111859
  29.296875	  -0.208069
  29.306641	  -0.288882
  29.316406	  -0.327760
  29.326172	  -0.308179
  29.335938	  -0.229289
  29.345703	  -0.106588
  29.355469	   0.032690
  29.365234	   0.157971
  29.375000	   0.244748
  29.384766	   0.281841
  29.394531	   0.274124
  29.404297	   0.239878
  29.414062	   0.203780
  29.423828	   0.188020
  29.433594	   0.204618
  29.443359	   0.251587
  29.453125	   0.314153
  29.462891	   0.370493
  29.472656	   0.399855
  29.482422	   0.390153
  29.492188	   0.342326
  29.501953	   0.269972
  29.511719	   0.194444
  29.521484	   0.137181
  29.531250	   0.112027
  29.541016	   0.120247
  29.550781	   0.149958
  29.560547	   0.180136
  29.570312	   0.187780
  29.580078	   0.155713
  29.589844	   0.078374
  29.599609	  -0.036298
  29.609375	  -0.169403
  29.619141	  -0.296994
  29.628906	  -0.397261
  29.638672	  -0.456518
  29.648438	  -0.472110
  29.658203	  -0.451522
  29.667969	  -0.408368
  29.677734	  -0.356973
  29.687500	  -0.307628
  29.697266	  -0.264175
  29.707031	  -0.224584
  29.716797	  -0.183939
  29.726562	  -0.138386
  29.736328	  -0.088248
  29.746094	  -0.038961
  29.755859	   0.000578
  29.765625	   0.021554
  29.775391	   0.019177
  29.785156	  -0.004693
  29.794922	  -0.041424
  29.804688	  -0.078217
  29.814453	  -0.102538
  29.824219	  -0.106700
  29.833984	  -0.090798
  29.843750	  -0.062753
  29.853516	  -0.035319
  29.863281	  -0.021090
  29.873047	  -0.027356
  29.882812	  -0.052810
  29.892578	  -0.087457
  29.902344	  -0.115916
  29.912109	  -0.123017
  29.921875	  -0.099645
  29.931641	  -0.046633
  29.941406	   0.024877
  29.951172	   0.096903
  29.960938	   0.150817
  29.970703	   0.174057
  29.980469	   0.164899
  29.990234	   0.133433
  30.000000	   0.098198
  30.009766	   0.079542
  30.019531	   0.091982
  30.029297	   0.138322
  30.039062	   0.207745
  30.048828	   0.278735
  30.058594	   0.326002
  30.068359	   0.329103
  30.078125	   0.279774
  30.087891	   0.185381
  30.097656	   0.067158
  30.107422	  -0.046280
  30.117188	  -0.128003
  30.126953	  -0.161355
  30.136719	  -0.145104
  30.146484	  -0.093383
  30.156250	  -0.030434
  30.166016	   0.018034
  30.175781	   0.033871
  30.185547	   0.012764
  30.195312	  -0.034400
  30.205078	  -0.085547
  30.214844	  -0.115389
  30.224609	  -0.104550
  30.234375	  -0.046671
  30.244141	   0.048985
  30.253906	   0.160320
  30.263672	   0.259586
  30.273438	   0.322477
  30.283203	   0.335969
  30.292969	   0.302266
  30.302734	   0.237544
  30.312500	   0.166043
  30.322266	   0.111618
  30.332031	   0.089702
  30.341797	   0.102407
  30.351562	   0.138325
  30.361328	   0.176930
  30.371094	   0.195882
  30.380859	   0.178613
  30.390625	   0.119587
  30.400391	   0.025553
  30.410156	  -0.087365
  30.419922	  -0.199464
  30.429688	  -0.293863
  30.439453	  -0.361188
  30.449219	  -0.400973
  30.458984	  -0.419559
  30.468750	  -0.425597
  30.478516	  -0.425169
  30.488281	  -0.418598
  30.498047	  -0.400277
  30.507812	  -0.361584
  30.517578	  -0.295690
  30.527344	  -0.202202
  30.537109	  -0.089641
  30.546875	   0.025520
  30.556641	   0.123165
  30.566406	   0.185807
  30.576172	   0.204556
  30.585938	   0.182548
  30.595703	   0.134382
  30.605469	   0.081575
  30.615234	   0.045472
  30.625000	   0.040034
  30.634766	   0.067058
  30.644531	   0.115569
  30.654297	   0.165693
  30.664062	   0.195705
  30.673828	   0.189828
  30.683594	   0.144036
  30.693359	   0.067810
  30.703125	  -0.018788
  30.712891	  -0.091728
  30.722656	  -0.130983
  30.732422	  -0.127082
  30.742188	  -0.083973
  30.751953	  -0.017234
  30.761719	   0.051646
  30.771484	   0.102837
  30.781250	   0.124847
  30.791016	   0.117951
  30.800781	   0.093203
  30.810547	   0.067490
  30.820312	   0.056532
  30.830078	   0.068475
  30.839844	   0.100479
  30.849609	   0.139598
  30.859375	   0.167657
  30.869141	   0.168323
  30.878906	   0.133747
  30.888672	   0.068266
  30.898438	  -0.012314
  30.908203	  -0.085712
  30.917969	  -0.130760
  30.927734	  -0.134913
  30.937500	  -0.098973
  30.947266	  -0.037298
  30.957031	   0.026718
  30.966797	   0.068388
  30.976562	   0.070089
  30.986328	   0.027388
  30.996094	  -0.049173
  31.005859	  -0.137213
  31.015625	  -0.209518
  31.025391	  -0.242529
  31.035156	  -0.223509
  31.044922	  -0.154083
  31.054688	  -0.049144
  31.064453	   0.068273
  31.074219	   0.174249
  31.083984	   0.250831
  31.093750	   0.290260
  31.103516	   0.295420
  31.113281	   0.276754
  31.123047	   0.247130
  31.132812	   0.216772
  31.142578	   0.190136
  31.152344	   0.165738
  31.162109	   0.138682
  31.171875	   0.104569
  31.181641	   0.062925
  31.191406	   0.018578
  31.201172	  -0.019731
  31.210938	  -0.042998
  31.220703	  -0.046368
  31.230469	  -0.032405
  31.240234	  -0.011648
  31.250000	   0.000100
  31.259766	  -0.012988
  31.269531	  -0.060765
  31.279297	  -0.142595
  31.289062	  -0.246134
  31.298828	  -0.350118
  31.308594	  -0.430447
  31.318359	  -0.467602
  31.328125	  -0.452895
  31.337891	  -0.391333
  31.347656	  -0.300052
  31.357422	  -0.202764
  31.367188	  -0.122099
  31.376953	  -0.072460
  31.386719	  -0.055856
  31.396484	  -0.062128
  31.406250	  -0.073441
  31.416016	  -0.071374
  31.425781	  -0.044047
  31.435547	   0.009299
  31.445312	   0.077930
  31.455078	   0.143585
  31.464844	   0.187329
  31.474609	   0.196802
  31.484375	   0.171181
  31.494141	   0.122026
  31.503906	   0.069610
  31.513672	   0.035990
  31.523438	   0.037267
  31.533203	   0.077768
  31.542969	   0.148238
  31.552734	   0.228730
  31.562500	   0.295172
  31.572266	   0.327363
  31.582031	   0.315594
  31.591797	   0.263634
  31.601562	   0.187108
  31.611328	   0.107926
  31.621094	   0.046792
  31.630859	   0.016468
  31.640625	   0.018116
  31.650391	   0.041893
  31.660156	   0.071410
  31.669922	   0.090281
  31.679688	   0.088287
  31.689453	   0.064862
  31.699219	   0.028701
  31.708984	  -0.006274
  31.718750	  -0.026953
  31.728516	  -0.026717
  31.738281	  -0.008537
  31.748047	   0.015730
  31.757812	   0.029654
  31.767578	   0.018525
  31.777344	  -0.024718
  31.787109	  -0.096215
  31.796875	  -0.181870
  31.806641	  -0.261844
  31.816406	  -0.317275
  31.826172	  -0.336788
  31.835938	  -0.320390
  31.845703	  -0.279277
  31.855469	  -0.231562
  31.865234	  -0.195441
  31.875000	  -0.182283
  31.884766	  -0.192187
  31.894531	  -0.213711
  31.904297	  -0.227930
  31.914062	  -0.215444
  31.923828	  -0.163821
  31.933594	  -0.072765
  31.943359	   0.044919
  31.953125	   0.167020
  31.962891	   0.269042
  31.972656	   0.332288
  31.982422	   0.350066
  31.992188	   0.329797
  32.001953	   0.290263
  32.011719	   0.254920
  32.021484	   0.243619
  32.031250	   0.265619
  32.041016	   0.316336
  32.050781	   0.378936
  32.060547	   0.430193
  32.070312	   0.448520
  32.080078	   0.421349
  32.089844	   0.349321
  32.099609	   0.245873
  32.109375	   0.132495
  32.119141	   0.031428
  32.128906	  -0.041544
  32.138672	  -0.081648
  32.148438	  -0.095494
  32.158203	  -0.097277
  32.167969	  -0.102329
  32.177734	  -0.120522
  32.187500	  -0.152003
  32.197266	  -0.186884
  32.207031	  -0.208996
  32.216797	  -0.202328
  32.226562	  -0.157741
  32.236328	  -0.077443
  32.246094	   0.024503
  32.255859	   0.125929
  32.265625	   0.203321
  32.275391	   0.239238
  32.285156	   0.227805
  32.294922	   0.176346
  32.304688	   0.102625
  32.314453	   0.028661
  32.324219	  -0.026681
  32.333984	  -0.053747
  32.343750	  -0.054749
  32.353516	  -0.042191
  32.363281	  -0.033747
  32.373047	  -0.045508
  32.382812	  -0.086036
  32.392578	  -0.153283
  32.402344	  -0.235371
  32.412109	  -0.314781
  32.421875	  -0.374334
  32.431641	  -0.402731
  32.441406	  -0.397702
  32.451172	  -0.365758
  32.460938	  -0.318835
  32.470703	  -0.269280
  32.480469	  -0.225179
  32.490234	  -0.187833
  32.500000	  -0.152282
  32.509766	  -0.110569
  32.519531	  -0.056354
  32.529297	   0.011060
  32.539062	   0.084980
  32.548828	   0.152665
  32.558594	   0.199361
  32.568359	   0.213558
  32.578125	   0.191459
  32.587891	   0.138924
  32.597656	   0.070033
  32.607422	   0.002698
  32.617188	  -0.047150
  32.626953	  -0.070712
  32.636719	  -0.068914
  32.646484	  -0.051507
  32.656250	  -0.033008
  32.666016	  -0.026984
  32.675781	  -0.040833
  32.685547	  -0.073013
  32.695312	  -0.113764
  32.705078	  -0.149053
  32.714844	  -0.166228
  32.724609	  -0.159199
  32.734375	  -0.131105
  32.744141	  -0.093333
  32.753906	  -0.061157
  32.763672	  -0.047568
  32.773438	  -0.057608
  32.783203	  -0.085465
  32.792969	  -0.115614
  32.802734	  -0.127833
  32.812500	  -0.104474
  32.822266	  -0.037455
  32.832031	   0.067598
  32.841797	   0.191696
  32.851562	   0.307445
  32.861328	   0.387105
  32.871094	   0.411122
  32.880859	   0.374269
  32.890625	   0.287307
  32.900391	   0.173581
  32.910156	   0.061698
  32.919922	  -0.023253
  32.929688	  -0.066975
  32.939453	  -0.069370
  32.949219	  -0.043050
  32.958984	  -0.007673
  32.968750	   0.017742
  32.978516	   0.021731
  32.988281	   0.004061
  32.998047	  -0.025040
  33.007812	  -0.049689
  33.017578	  -0.055282
  33.027344	  -0.034900
  33.037109	   0.007258
  33.046875	   0.056765
  33.056641	   0.093893
  33.066406	   0.100812
  33.076172	   0.068438
  33.085938	   0.000370
  33.095703	  -0.087578
  33.105469	  -0.172199
  33.115234	  -0.230443
  33.125000	  -0.247078
  33.134766	  -0.219795
  33.144531	  -0.159981
  33.154297	  -0.088911
  33.164062	  -0.030701
  33.173828	  -0.004483
  33.183594	  -0.018495
  33.193359	  -0.068040
  33.203125	  -0.137881
  33.212891	  -0.208060
  33.222656	  -0.260945
  33.232422	  -0.286976
  33.242188	  -0.287113
  33.251953	  -0.271282
  33.261719	  -0.253588
  33.271484	  -0.246243
  33.281250	  -0.254569
  33.291016	  -0.274965
  33.300781	  -0.296558
  33.310547	  -0.305842
  33.320312	  -0.292446
  33.330078	  -0.253754
  33.339844	  -0.196549
  33.349609	  -0.134957
  33.359375	  -0.085417
  33.369141	  -0.060535
  33.378906	  -0.064156
  33.388672	  -0.089556
  33.398438	  -0.121539
  33.408203	  -0.141752
  33.417969	  -0.135338
  33.427734	  -0.096486
  33.437500	  -0.030821
  33.447266	   0.046313
  33.457031	   0.115120
  33.466797	   0.158313
  33.476562	   0.167265
  33.486328	   0.145117
  33.496094	   0.105685
  33.505859	   0.068523
  33.515625	   0.051908
  33.525391	   0.066251
  33.535156	   0.110328
  33.544922	   0.171684
  33.554688	   0.231092
  33.564453	   0.269455
  33.574219	   0.274669
  33.583984	   0.245970
  33.593750	   0.194205
  33.603516	   0.137910
  33.613281	   0.096628
  33.623047	   0.083864
  33.632812	   0.102219
  33.642578	   0.142443
  33.652344	   0.186748
  33.662109	   0.215163
  33.671875	   0.212661
  33.681641	   0.174484
  33.691406	   0.107793
  33.701172	   0.029083
  33.710938	  -0.041683
  33.720703	  -0.088062
  33.730469	  -0.102764
  33.740234	  -0.089921
  33.750000	  -0.063254
  33.759766	  -0.040878
  33.769531	  -0.038670
  33.779297	  -0.064601
  33.789062	  -0.116049
  33.798828	  -0.180951
  33.808594	  -0.242273
  33.818359	  -0.284052
  33.828125	  -0.296789
  33.837891	  -0.280235
  33.847656	  -0.242693
  33.857422	  -0.197265
  33.867188	  -0.156621
  33.876953	  -0.128383
  33.886719	  -0.112908
  33.896484	  -0.104280
  33.906250	  -0.093998
  33.916016	  -0.075775
  33.925781	  -0.049373
  33.935547	  -0.021771
  33.945312	  -0.004986
  33.955078	  -0.011231
  33.964844	  -0.047219
  33.974609	  -0.109906
  33.984375	  -0.185530
  33.994141	  -0.252698
  34.003906	  -0.288722
  34.013672	  -0.277172
  34.023438	  -0.213969
  34.033203	  -0.109764
  34.042969	   0.012510
  34.052734	   0.124300
  34.062500	   0.200233
  34.072266	   0.226142
  34.082031	   0.203579
  34.091797	   0.149236
  34.101562	   0.089403
  34.111328	   0.051296
  34.121094	   0.054160
  34.130859	   0.103121
  34.140625	   0.187809
  34.150391	   0.286104
  34.160156	   0.371606
  34.169922	   0.422162
  34.179688	   0.426486
  34.189453	   0.386663
  34.199219	   0.315840
  34.208984	   0.232156
  34.218750	   0.151308
  34.228516	   0.080566
  34.238281	   0.016500
  34.248047	  -0.052775
  34.257812	  -0.141717
  34.267578	  -0.260105
  34.277344	  -0.407232
  34.287109	  -0.569865
  34.296875	  -0.724916
  34.306641	  -0.846055
  34.316406	  -0.912001
  34.326172	  -0.913581
  34.335938	  -0.856964
  34.345703	  -0.761850
  34.355469	  -0.655103
  34.365234	  -0.561969
  34.375000	  -0.497861
  34.384766	  -0.463557
  34.394531	  -0.445449
  34.404297	  -0.420779
  34.414062	  -0.366061
  34.423828	  -0.265811
  34.433594	  -0.118637
  34.443359	   0.061344
  34.453125	   0.248150
  34.462891	   0.411376
  34.472656	   0.524866
  34.482422	   0.573805
  34.492188	   0.558033
  34.501953	   0.490764
  34.511719	   0.393484
  34.521484	   0.289008
  34.531250	   0.195161
  34.541016	   0.121062
  34.550781	   0.066942
  34.560547	   0.027023
  34.570312	  -0.006063
  34.580078	  -0.037246
  34.589844	  -0.066969
  34.599609	  -0.091731
  34.609375	  -0.106689
  34.619141	  -0.108926
  34.628906	  -0.099729
  34.638672	  -0.084709
  34.648438	  -0.071553
  34.658203	  -0.066303
  34.667969	  -0.069792
  34.677734	  -0.075945
  34.687500	  -0.072998
  34.697266	  -0.047535
  34.707031	   0.009954
  34.716797	   0.100054
  34.726562	   0.212028
  34.736328	   0.325289
  34.746094	   0.414644
  34.755859	   0.457770
  34.765625	   0.442449
  34.775391	   0.370993
  34.785156	   0.260139
  34.794922	   0.136237
  34.804688	   0.027201
  34.814453	  -0.046115
  34.824219	  -0.076120
  34.833984	  -0.070111
  34.843750	  -0.046676
  34.853516	  -0.028113
  34.863281	  -0.031539
  34.873047	  -0.061880
  34.882812	  -0.109347
  34.892578	  -0.152414
  34.902344	  -0.165377
  34.912109	  -0.127893
  34.921875	  -0.033113
  34.931641	   0.108559
  34.941406	   0.271567
  34.951172	   0.422627
  34.960938	   0.531022
  34.970703	   0.578293
  34.980469	   0.563964
  34.990234	   0.505299
  35.000000	   0.431114
  35.009766	   0.371734
  35.019531	   0.348515
  35.029297	   0.366536
  35.039062	   0.412930
  35.048828	   0.461429
  35.058594	   0.481500
  35.068359	   0.448933
  35.078125	   0.354223
  35.087891	   0.205933
  35.097656	   0.027958
  35.107422	  -0.148243
  35.117188	  -0.293690
  35.126953	  -0.390695
  35.136719	  -0.437479
  35.146484	  -0.447146
  35.156250	  -0.441585
  35.166016	  -0.442638
  35.175781	  -0.463770
  35.185547	  -0.505191
  35.195312	  -0.554087
  35.205078	  -0.589727
  35.214844	  -0.591478
  35.224609	  -0.546760
  35.234375	  -0.456063
  35.244141	  -0.333253
  35.253906	  -0.201168
  35.263672	  -0.084126
  35.273438	  -0.000113
  35.283203	   0.044609
  35.292969	   0.056632
  35.302734	   0.052035
  35.312500	   0.049892
  35.322266	   0.065110
  35.332031	   0.103175
  35.341797	   0.158609
  35.351562	   0.217482
  35.361328	   0.262830
  35.371094	   0.280803
  35.380859	   0.265225
  35.390625	   0.218944
  35.400391	   0.151699
  35.410156	   0.075607
  35.419922	   0.000285
  35.429688	  -0.070287
  35.439453	  -0.137841
  35.449219	  -0.206818
  35.458984	  -0.279615
  35.468750	  -0.352274
  35.478516	  -0.412705
  35.488281	  -0.442676
  35.498047	  -0.423273
  35.507812	  -0.342098
  35.517578	  -0.199564
  35.527344	  -0.011718
  35.537109	   0.191923
  35.546875	   0.375299
  35.556641	   0.505580
  35.566406	   0.562667
  35.576172	   0.545238
  35.585938	   0.471167
  35.595703	   0.371993
  35.605469	   0.283101
  35.615234	   0.232799
  35.625000	   0.233862
  35.634766	   0.280315
  35.644531	   0.350466
  35.654297	   0.415065
  35.664062	   0.447717
  35.673828	   0.433956
  35.683594	   0.375878
  35.693359	   0.290844
  35.703125	   0.204837
  35.712891	   0.142935
  35.722656	   0.120359
  35.732422	   0.137248
  35.742188	   0.179009
  35.751953	   0.222001
  35.761719	   0.242461
  35.771484	   0.225390
  35.781250	   0.170202
  35.791016	   0.091086
  35.800781	   0.011976
  35.810547	  -0.042051
  35.820312	  -0.053883
  35.830078	  -0.020716
  35.839844	   0.044569
  35.849609	   0.117480
  35.859375	   0.169936
  35.869141	   0.179408
  35.878906	   0.135999
  35.888672	   0.045091
  35.898438	  -0.075195
  35.908203	  -0.200627
  35.917969	  -0.309064
  35.927734	  -0.387305
  35.937500	  -0.434225
  35.947266	  -0.459342
  35.957031	  -0.477639
  35.966797	  -0.502826
  35.976562	  -0.541679
  35.986328	  -0.591587
  35.996094	  -0.642058
  36.005859	  -0.679382
  36.015625	  -0.692400
  36.025391	  -0.676932
  36.035156	  -0.637006
  36.044922	  -0.582369
  36.054688	  -0.523335
  36.064453	  -0.465180
  36.074219	  -0.404590
  36.083984	  -0.329955
  36.093750	  -0.225781
  36.103516	  -0.079824
  36.113281	   0.109726
  36.123047	   0.329951
  36.132812	   0.553894
  36.142578	   0.746609
  36.152344	   0.874963
  36.162109	   0.918057
  36.171875	   0.874661
  36.181641	   0.764867
  36.191406	   0.625016
  36.201172	   0.497248
  36.210938	   0.416910
  36.220703	   0.401935
  36.230469	   0.447717
  36.240234	   0.529246
  36.250000	   0.609829
  36.259766	   0.653487
  36.269531	   0.636871
  36.279297	   0.556703
  36.289062	   0.430299
  36.298828	   0.289110
  36.308594	   0.167632
  36.318359	   0.091585
  36.328125	   0.069480
  36.337891	   0.090437
  36.347656	   0.128875
  36.357422	   0.154286
  36.367188	   0.142486
  36.376953	   0.084304
  36.386719	  -0.011388
  36.396484	  -0.121334
  36.406250	  -0.216840
  36.416016	  -0.274695
  36.425781	  -0.286060
  36.435547	  -0.260052
  36.445312	  -0.220646
  36.455078	  -0.197976
  36.464844	  -0.217096
  36.474609	  -0.288235
  36.484375	  -0.402070
  36.494141	  -0.531769
  36.503906	  -0.641185
  36.513672	  -0.696416
  36.523438	  -0.676753
  36.533203	  -0.581274
  36.542969	  -0.428855
  36.552734	  -0.251670
  36.562500	  -0.084515
  36.572266	   0.046353
  36.582031	   0.131027
  36.591797	   0.177857
  36.601562	   0.208995
  36.611328	   0.251312
  36.621094	   0.325996
  36.630859	   0.440466
  36.640625	   0.585298
  36.650391	   0.737028
  36.660156	   0.865608
  36.669922	   0.943744
  36.679688	   0.954833
  36.689453	   0.896916
  36.699219	   0.781624
  36.708984	   0.628960
  36.718750	   0.460209
  36.728516	   0.291745
  36.738281	   0.131953
  36.748047	  -0.017915
  36.757812	  -0.159789
  36.767578	  -0.293805
  36.777344	  -0.414747
  36.787109	  -0.511707
  36.796875	  -0.571319
  36.806641	  -0.583385
  36.816406	  -0.546538
  36.826172	  -0.471371
  36.835938	  -0.379331
  36.845703	  -0.297219
  36.855469	  -0.248922
  36.865234	  -0.247213
  36.875000	  -0.288668
  36.884766	  -0.353827
  36.894531	  -0.412923
  36.904297	  -0.435496
  36.914062	  -0.400730
  36.923828	  -0.304936
  36.933594	  -0.163471
  36.943359	  -0.006269
  36.953125	   0.131647
  36.962891	   0.221489
  36.972656	   0.250004
  36.982422	   0.223526
  36.992188	   0.165384
  37.001953	   0.107554
  37.011719	   0.079490
  37.021484	   0.098033
  37.031250	   0.161921
  37.041016	   0.252787
  37.050781	   0.342219
  37.060547	   0.402295
  37.070312	   0.415816
  37.080078	   0.382557
  37.089844	   0.319336
  37.099609	   0.253916
  37.109375	   0.214990
  37.119141	   0.221894
  37.128906	   0.277753
  37.138672	   0.368512
  37.148438	   0.468156
  37.158203	   0.548139
  37.167969	   0.587545
  37.177734	   0.580231
  37.187500	   0.536332
  37.197266	   0.477580
  37.207031	   0.428185
  37.216797	   0.404685
  37.226562	   0.408584
  37.236328	   0.424619
  37.246094	   0.425453
  37.255859	   0.381265
  37.265625	   0.270852
  37.275391	   0.090297
  37.285156	  -0.143987
  37.294922	  -0.399035
  37.304688	  -0.634729
  37.314453	  -0.815638
  37.324219	  -0.921242
  37.333984	  -0.951088
  37.343750	  -0.923195
  37.353516	  -0.866432
  37.363281	  -0.809697
  37.373047	  -0.771795
  37.382812	  -0.755581
  37.392578	  -0.748343
  37.402344	  -0.728091
  37.412109	  -0.673274
  37.421875	  -0.572242
  37.431641	  -0.428896
  37.441406	  -0.262394
  37.451172	  -0.101023
  37.460938	   0.027535
  37.470703	   0.105959
  37.480469	   0.133458
  37.490234	   0.126079
  37.500000	   0.110961
  37.509766	   0.116603
  37.519531	   0.162605
  37.529297	   0.252574
  37.539062	   0.372711
  37.548828	   0.496560
  37.558594	   0.594158
  37.568359	   0.642301
  37.578125	   0.632229
  37.587891	   0.572070
  37.597656	   0.483272
  37.607422	   0.392483
  37.617188	   0.321948
  37.626953	   0.282014
  37.636719	   0.268456
  37.646484	   0.265549
  37.656250	   0.253607
  37.666016	   0.218069
  37.675781	   0.156606
  37.685547	   0.081455
  37.695312	   0.015995
  37.705078	  -0.013304
  37.714844	   0.013349
  37.724609	   0.101183
  37.734375	   0.237797
  37.744141	   0.396163
  37.753906	   0.542728
  37.763672	   0.647806
  37.773438	   0.694615
  37.783203	   0.683806
  37.792969	   0.631958
  37.802734	   0.564690
  37.812500	   0.506981
  37.822266	   0.474241
  37.832031	   0.467368
  37.841797	   0.473464
  37.851562	   0.471817
  37.861328	   0.442746
  37.871094	   0.375901
  37.880859	   0.274823
  37.890625	   0.156020
  37.900391	   0.042919
  37.910156	  -0.042971
  37.919922	  -0.090265
  37.929688	  -0.102012
  37.939453	  -0.094324
  37.949219	  -0.089670
  37.958984	  -0.107252
  37.968750	  -0.154119
  37.978516	  -0.220513
  37.988281	  -0.281517
  37.998047	  -0.304789
  38.007812	  -0.261872
  38.017578	  -0.139172
  38.027344	   0.055401
  38.037109	   0.292716
  38.046875	   0.529864
  38.056641	   0.722475
  38.066406	   0.837881
  38.076172	   0.864699
  38.085938	   0.815612
  38.095703	   0.722392
  38.105469	   0.624911
  38.115234	   0.557889
  38.125000	   0.539905
  38.134766	   0.568327
  38.144531	   0.621726
  38.154297	   0.668686
  38.164062	   0.679732
  38.173828	   0.638045
  38.183594	   0.545203
  38.193359	   0.420025
  38.203125	   0.291132
  38.212891	   0.186120
  38.222656	   0.121409
  38.232422	   0.096548
  38.242188	   0.095063
  38.251953	   0.091502
  38.261719	   0.062036
  38.271484	  -0.005362
  38.281250	  -0.105021
  38.291016	  -0.214250
  38.300781	  -0.300536
  38.310547	  -0.332799
  38.320312	  -0.292735
  38.330078	  -0.182211
  38.339844	  -0.024001
  38.349609	   0.144496
  38.359375	   0.282498
  38.369141	   0.358216
  38.378906	   0.358237
  38.388672	   0.290802
  38.398438	   0.182076
  38.408203	   0.066869
  38.417969	  -0.022833
  38.427734	  -0.067593
  38.437500	  -0.065325
  38.447266	  -0.029895
  38.457031	   0.015544
  38.466797	   0.047673
  38.476562	   0.051123
  38.486328	   0.022682
  38.496094	  -0.029672
  38.505859	  -0.092077
  38.515625	  -0.151984
  38.525391	  -0.204098
  38.535156	  -0.252543
  38.544922	  -0.308305
  38.554688	  -0.383000
  38.564453	  -0.481598
  38.574219	  -0.597266
  38.583984	  -0.710815
  38.593750	  -0.795483
  38.603516	  -0.825694
  38.613281	  -0.786732
  38.623047	  -0.681691
  38.632812	  -0.532800
  38.642578	  -0.376132
  38.652344	  -0.251058
  38.662109	  -0.187780
  38.671875	  -0.197178
  38.681641	  -0.266538
  38.691406	  -0.362896
  38.701172	  -0.443106
  38.710938	  -0.467486
  38.720703	  -0.412564
  38.730469	  -0.278739
  38.740234	  -0.090323
  38.750000	   0.112003
  38.759766	   0.283767
  38.769531	   0.390134
  38.779297	   0.415787
  38.789062	   0.368201
  38.798828	   0.273520
  38.808594	   0.166806
  38.818359	   0.080203
  38.828125	   0.033127
  38.837891	   0.027649
  38.847656	   0.050258
  38.857422	   0.078892
  38.867188	   0.092307
  38.876953	   0.078222
  38.886719	   0.037325
  38.896484	  -0.018030
  38.906250	  -0.069559
  38.916016	  -0.100675
  38.925781	  -0.102837
  38.935547	  -0.078113
  38.945312	  -0.037005
  38.955078	   0.007415
  38.964844	   0.046542
  38.974609	   0.081372
  38.984375	   0.123405
  38.994141	   0.190628
  39.003906	   0.299899
  39.013672	   0.458570
  39.023438	   0.658699
  39.033203	   0.876379
  39.042969	   1.076936
  39.052734	   1.224558
  39.062500	   1.293221
  39.072266	   1.275106
  39.082031	   1.183491
  39.091797	   1.048907
  39.101562	   0.909726
  39.111328	   0.800284
  39.121094	   0.740562
  39.130859	   0.730898
  39.140625	   0.753450
  39.150391	   0.779763
  39.160156	   0.781642
  39.169922	   0.741433
  39.179688	   0.658093
  39.189453	   0.547006
  39.199219	   0.433823
  39.208984	   0.344778
  39.218750	   0.297152
  39.228516	   0.293476
  39.238281	   0.321555
  39.248047	   0.360200
  39.257812	   0.388351
  39.267578	   0.393984
  39.277344	   0.379243
  39.287109	   0.359677
  39.296875	   0.357708
  39.306641	   0.392716
  39.316406	   0.471535
  39.326172	   0.583139
  39.335938	   0.699855
  39.345703	   0.785090
  39.355469	   0.805083
  39.365234	   0.740574
  39.375000	   0.594159
  39.384766	   0.390438
  39.394531	   0.168604
  39.404297	  -0.030207
  39.414062	  -0.176513
  39.423828	  -0.262283
  39.433594	  -0.303380
  39.443359	  -0.333611
  39.453125	  -0.392249
  39.462891	  -0.509235
  39.472656	  -0.693148
  39.482422	  -0.926170
  39.492188	  -1.167923
  39.501953	  -1.367039
  39.511719	  -1.476685
  39.521484	  -1.468909
  39.531250	  -1.343088
  39.541016	  -1.125774
  39.550781	  -0.862150
  39.560547	  -0.602108
  39.570312	  -0.385683
  39.580078	  -0.232638
  39.589844	  -0.139419
  39.599609	  -0.084047
  39.609375	  -0.036778
  39.619141	   0.027540
  39.628906	   0.119877
  39.638672	   0.233486
  39.648438	   0.347368
  39.658203	   0.435120
  39.667969	   0.475642
  39.677734	   0.461601
  39.687500	   0.402505
  39.697266	   0.321311
  39.707031	   0.245923
  39.716797	   0.198805
  39.726562	   0.188624
  39.736328	   0.207017
  39.746094	   0.231688
  39.755859	   0.234712
  39.765625	   0.193003
  39.775391	   0.097198
  39.785156	  -0.044230
  39.794922	  -0.207022
  39.804688	  -0.358519
  39.814453	  -0.467689
  39.824219	  -0.514242
  39.833984	  -0.493709
  39.843750	  -0.416993
  39.853516	  -0.304887
  39.863281	  -0.179932
  39.873047	  -0.058793
  39.882812	   0.052019
  39.892578	   0.155667
  39.902344	   0.260284
  39.912109	   0.372225
  39.921875	   0.490235
  39.931641	   0.603086
  39.941406	   0.691827
  39.951172	   0.735883
  39.960938	   0.720689
  39.970703	   0.643804
  39.980469	   0.516981
  39.990234	   0.363151
