# Time	Amplitude (cm/s/s)
   0.000000	   0.188532
   0.009766	   0.230959
   0.019531	   0.174285
   0.029297	   0.067754
   0.039062	  -0.022324
   0.048828	  -0.039373
   0.058594	   0.040399
   0.068359	   0.197456
   0.078125	   0.375004
   0.087891	   0.499601
   0.097656	   0.508791
   0.107422	   0.375557
   0.117188	   0.120418
   0.126953	  -0.193540
   0.136719	  -0.481221
   0.146484	  -0.664432
   0.156250	  -0.698841
   0.166016	  -0.589243
   0.175781	  -0.387586
   0.185547	  -0.174409
   0.195312	  -0.030302
   0.205078	  -0.007625
   0.214844	  -0.112564
   0.224609	  -0.303891
   0.234375	  -0.508678
   0.244141	  -0.649124
   0.253906	  -0.670659
   0.263672	  -0.561114
   0.273438	  -0.354123
   0.283203	  -0.115720
   0.292969	   0.080672
   0.302734	   0.181462
   0.312500	   0.172167
   0.322266	   0.081572
   0.332031	  -0.030664
   0.341797	  -0.098250
   0.351562	  -0.075126
   0.361328	   0.045309
   0.371094	   0.226048
   0.380859	   0.399298
   0.390625	   0.491759
   0.400391	   0.453087
   0.410156	   0.276902
   0.419922	   0.006223
   0.429688	  -0.279164
   0.439453	  -0.489286
   0.449219	  -0.555178
   0.458984	  -0.453483
   0.468750	  -0.215411
   0.478516	   0.083437
   0.488281	   0.349046
   0.498047	   0.501679
   0.507812	   0.503677
   0.517578	   0.372423
   0.527344	   0.173752
   0.537109	  -0.001913
   0.546875	  -0.072245
   0.556641	   0.007138
   0.566406	   0.226304
   0.576172	   0.523975
   0.585938	   0.808724
   0.595703	   0.990844
   0.605469	   1.013476
   0.615234	   0.871947
   0.625000	   0.614539
   0.634766	   0.324599
   0.644531	   0.090605
   0.654297	  -0.024939
   0.664062	  -0.006623
   0.673828	   0.110197
   0.683594	   0.254199
   0.693359	   0.345710
   0.703125	   0.326846
   0.712891	   0.183106
   0.722656	  -0.051423
   0.732422	  -0.307004
   0.742188	  -0.504387
   0.751953	  -0.584365
   0.761719	  -0.529754
   0.771484	  -0.371651
   0.781250	  -0.177663
   0.791016	  -0.026487
   0.800781	   0.021696
   0.810547	  -0.051983
   0.820312	  -0.217650
   0.830078	  -0.407458
   0.839844	  -0.540701
   0.849609	  -0.554074
   0.859375	  -0.425896
   0.869141	  -0.185303
   0.878906	   0.097151
   0.888672	   0.334194
   0.898438	   0.452933
   0.908203	   0.421040
   0.917969	   0.258432
   0.927734	   0.030143
   0.937500	  -0.177109
   0.947266	  -0.286157
   0.957031	  -0.257090
   0.966797	  -0.101344
   0.976562	   0.122933
   0.986328	   0.332542
   0.996094	   0.449978
   1.005859	   0.432022
   1.015625	   0.285720
   1.025391	   0.065906
   1.035156	  -0.144810
   1.044922	  -0.266269
   1.054688	  -0.250112
   1.064453	  -0.097520
   1.074219	   0.141150
   1.083984	   0.384700
   1.093750	   0.550650
   1.103516	   0.585184
   1.113281	   0.482512
   1.123047	   0.286556
   1.132812	   0.074390
   1.142578	  -0.072446
   1.152344	  -0.098155
   1.162109	   0.006703
   1.171875	   0.201827
   1.181641	   0.412237
   1.191406	   0.556228
   1.201172	   0.575852
   1.210938	   0.458640
   1.220703	   0.242445
   1.230469	   0.001559
   1.240234	  -0.180835
   1.250000	  -0.243708
   1.259766	  -0.171194
   1.269531	   0.001078
   1.279297	   0.198829
   1.289062	   0.336618
   1.298828	   0.349914
   1.308594	   0.219937
   1.318359	  -0.018026
   1.328125	  -0.286141
   1.337891	  -0.491432
   1.347656	  -0.559256
   1.357422	  -0.460723
   1.367188	  -0.224006
   1.376953	   0.074695
   1.386719	   0.337446
   1.396484	   0.478748
   1.406250	   0.455333
   1.416016	   0.280899
   1.425781	   0.020535
   1.435547	  -0.233022
   1.445312	  -0.392636
   1.455078	  -0.407446
   1.464844	  -0.279899
   1.474609	  -0.063153
   1.484375	   0.159910
   1.494141	   0.308116
   1.503906	   0.332117
   1.513672	   0.232040
   1.523438	   0.056213
   1.533203	  -0.118384
   1.542969	  -0.216464
   1.552734	  -0.194017
   1.562500	  -0.055870
   1.572266	   0.145563
   1.582031	   0.330049
   1.591797	   0.420485
   1.601562	   0.373368
   1.611328	   0.197094
   1.621094	  -0.049219
   1.630859	  -0.276457
   1.640625	  -0.398518
   1.650391	  -0.365487
   1.660156	  -0.184502
   1.669922	   0.079941
   1.679688	   0.327089
   1.689453	   0.455386
   1.699219	   0.399771
   1.708984	   0.157278
   1.718750	  -0.208711
   1.728516	  -0.587707
   1.738281	  -0.858601
   1.748047	  -0.930882
   1.757812	  -0.776127
   1.767578	  -0.438617
   1.777344	  -0.021159
   1.787109	   0.349084
   1.796875	   0.562887
   1.806641	   0.564718
   1.816406	   0.369603
   1.826172	   0.055536
   1.835938	  -0.265488
   1.845703	  -0.487205
   1.855469	  -0.545373
   1.865234	  -0.437861
   1.875000	  -0.221859
   1.884766	   0.010083
   1.894531	   0.165883
   1.904297	   0.188140
   1.914062	   0.074172
   1.923828	  -0.125253
   1.933594	  -0.327534
   1.943359	  -0.451651
   1.953125	  -0.450450
   1.962891	  -0.329379
   1.972656	  -0.144435
   1.982422	   0.020011
   1.992188	   0.085132
   2.001953	   0.010352
   2.011719	  -0.187872
   2.021484	  -0.438822
   2.031250	  -0.641451
   2.041016	  -0.701092
   2.050781	  -0.565503
   2.060547	  -0.246746
   2.070312	   0.179665
   2.080078	   0.598734
   2.089844	   0.894881
   2.099609	   0.991993
   2.109375	   0.880113
   2.119141	   0.618912
   2.128906	   0.316375
   2.138672	   0.090138
   2.148438	   0.025277
   2.158203	   0.143812
   2.167969	   0.397030
   2.177734	   0.683539
   2.187500	   0.886607
   2.197266	   0.917257
   2.207031	   0.747392
   2.216797	   0.420761
   2.226562	   0.037585
   2.236328	  -0.281705
   2.246094	  -0.440472
   2.255859	  -0.401513
   2.265625	  -0.201117
   2.275391	   0.063867
   2.285156	   0.271525
   2.294922	   0.320202
   2.304688	   0.167116
   2.314453	  -0.153991
   2.324219	  -0.542962
   2.333984	  -0.867850
   2.343750	  -1.011815
   2.353516	  -0.915468
   2.363281	  -0.599256
   2.373047	  -0.157581
   2.382812	   0.273537
   2.392578	   0.563822
   2.402344	   0.634207
   2.412109	   0.484033
   2.421875	   0.190123
   2.431641	  -0.122006
   2.441406	  -0.324436
   2.451172	  -0.333896
   2.460938	  -0.142456
   2.470703	   0.179397
   2.480469	   0.508575
   2.490234	   0.714851
   2.500000	   0.709523
   2.509766	   0.479492
   2.519531	   0.094131
   2.529297	  -0.317907
   2.539062	  -0.613926
   2.548828	  -0.688345
   2.558594	  -0.511364
   2.568359	  -0.141027
   2.578125	   0.296019
   2.587891	   0.648519
   2.597656	   0.793928
   2.607422	   0.682149
   2.617188	   0.354058
   2.626953	  -0.071900
   2.636719	  -0.440503
   2.646484	  -0.613660
   2.656250	  -0.518565
   2.666016	  -0.173276
   2.675781	   0.319067
   2.685547	   0.805122
   2.695312	   1.132876
   2.705078	   1.201744
   2.714844	   0.993949
   2.724609	   0.576839
   2.734375	   0.076246
   2.744141	  -0.368809
   2.753906	  -0.653451
   2.763672	  -0.739542
   2.773438	  -0.662585
   2.783203	  -0.511683
   2.792969	  -0.391146
   2.802734	  -0.378786
   2.812500	  -0.496703
   2.822266	  -0.705143
   2.832031	  -0.921044
   2.841797	  -1.053351
   2.851562	  -1.040926
   2.861328	  -0.877981
   2.871094	  -0.616998
   2.880859	  -0.347865
   2.890625	  -0.161397
   2.900391	  -0.111610
   2.910156	  -0.191947
   2.919922	  -0.335470
   2.929688	  -0.439947
   2.939453	  -0.408950
   2.949219	  -0.193492
   2.958984	   0.182207
   2.968750	   0.621895
   2.978516	   0.986708
   2.988281	   1.143512
   2.998047	   1.015234
   3.007812	   0.614650
   3.017578	   0.048247
   3.027344	  -0.512942
   3.037109	  -0.886891
   3.046875	  -0.940834
   3.056641	  -0.637523
   3.066406	  -0.051092
   3.076172	   0.653718
   3.085938	   1.272665
   3.095703	   1.626597
   3.105469	   1.617917
   3.115234	   1.260051
   3.125000	   0.670292
   3.134766	   0.029003
   3.144531	  -0.480407
   3.154297	  -0.729959
   3.164062	  -0.684325
   3.173828	  -0.404926
   3.183594	  -0.020957
   3.193359	   0.320989
   3.203125	   0.509889
   3.212891	   0.506731
   3.222656	   0.351995
   3.232422	   0.142738
   3.242188	  -0.010868
   3.251953	  -0.032252
   3.261719	   0.089734
   3.271484	   0.296106
   3.281250	   0.481850
   3.291016	   0.539466
   3.300781	   0.404996
   3.310547	   0.088454
   3.320312	  -0.323759
   3.330078	  -0.696372
   3.339844	  -0.893248
   3.349609	  -0.828422
   3.359375	  -0.501082
   3.369141	  -0.000847
   3.378906	   0.519637
   3.388672	   0.895822
   3.398438	   1.008250
   3.408203	   0.825008
   3.417969	   0.414153
   3.427734	  -0.078855
   3.437500	  -0.481123
   3.447266	  -0.652248
   3.457031	  -0.532994
   3.466797	  -0.165470
   3.476562	   0.322353
   3.486328	   0.762202
   3.496094	   1.004821
   3.505859	   0.971878
   3.515625	   0.682049
   3.525391	   0.242258
   3.535156	  -0.192322
   3.544922	  -0.474685
   3.554688	  -0.518205
   3.564453	  -0.325763
   3.574219	   0.014453
   3.583984	   0.364435
   3.593750	   0.589556
   3.603516	   0.609516
   3.613281	   0.427992
   3.623047	   0.129993
   3.632812	  -0.152007
   3.642578	  -0.290351
   3.652344	  -0.213127
   3.662109	   0.065657
   3.671875	   0.448436
   3.681641	   0.788688
   3.691406	   0.945330
   3.701172	   0.836876
   3.710938	   0.475029
   3.720703	  -0.035368
   3.730469	  -0.530839
   3.740234	  -0.846369
   3.750000	  -0.874676
   3.759766	  -0.606092
   3.769531	  -0.134192
   3.779297	   0.375407
   3.789062	   0.742369
   3.798828	   0.834759
   3.808594	   0.615404
   3.818359	   0.154789
   3.828125	  -0.394176
   3.837891	  -0.850473
   3.847656	  -1.068797
   3.857422	  -0.989908
   3.867188	  -0.659434
   3.876953	  -0.208606
   3.886719	   0.195732
   3.896484	   0.413238
   3.906250	   0.381350
   3.916016	   0.136801
   3.925781	  -0.200518
   3.935547	  -0.475220
   3.945312	  -0.557735
   3.955078	  -0.396151
   3.964844	  -0.038834
   3.974609	   0.381193
   3.984375	   0.694913
   3.994141	   0.761325
   4.003906	   0.523045
   4.013672	   0.032371
   4.023438	  -0.562747
   4.033203	  -1.068774
   4.042969	  -1.315201
   4.052734	  -1.216959
   4.062500	  -0.807625
   4.072266	  -0.230575
   4.082031	   0.309680
   4.091797	   0.619256
   4.101562	   0.584318
   4.111328	   0.213152
   4.121094	  -0.364653
   4.130859	  -0.942267
   4.140625	  -1.307739
   4.150391	  -1.318755
   4.160156	  -0.953456
   4.169922	  -0.319067
   4.179688	   0.384929
   4.189453	   0.936122
   4.199219	   1.166398
   4.208984	   1.019624
   4.218750	   0.569307
   4.228516	  -0.009848
   4.238281	  -0.506041
   4.248047	  -0.746917
   4.257812	  -0.660903
   4.267578	  -0.301347
   4.277344	   0.175052
   4.287109	   0.567371
   4.296875	   0.705434
   4.306641	   0.513169
   4.316406	   0.037223
   4.326172	  -0.569592
   4.335938	  -1.103904
   4.345703	  -1.386050
   4.355469	  -1.325763
   4.365234	  -0.955157
   4.375000	  -0.416855
   4.384766	   0.088468
   4.394531	   0.375950
   4.404297	   0.344693
   4.414062	   0.015122
   4.423828	  -0.478357
   4.433594	  -0.936901
   4.443359	  -1.170981
   4.453125	  -1.071333
   4.462891	  -0.650962
   4.472656	  -0.042535
   4.482422	   0.548267
   4.492188	   0.916698
   4.501953	   0.933348
   4.511719	   0.591844
   4.521484	   0.012255
   4.531250	  -0.601246
   4.541016	  -1.033269
   4.550781	  -1.134198
   4.560547	  -0.873291
   4.570312	  -0.348541
   4.580078	   0.250253
   4.589844	   0.711649
   4.599609	   0.880188
   4.609375	   0.712938
   4.619141	   0.294144
   4.628906	  -0.197417
   4.638672	  -0.556318
   4.648438	  -0.628419
   4.658203	  -0.369849
   4.667969	   0.135129
   4.677734	   0.704380
   4.687500	   1.125446
   4.697266	   1.235491
   4.707031	   0.983869
   4.716797	   0.453572
   4.726562	  -0.167165
   4.736328	  -0.653412
   4.746094	  -0.827432
   4.755859	  -0.626913
   4.765625	  -0.131782
   4.775391	   0.461354
   4.785156	   0.908936
   4.794922	   1.009650
   4.804688	   0.680707
   4.814453	  -0.007165
   4.824219	  -0.849880
   4.833984	  -1.579295
   4.843750	  -1.957641
   4.853516	  -1.863434
   4.863281	  -1.337668
   4.873047	  -0.572858
   4.882812	   0.152190
   4.892578	   0.569457
   4.902344	   0.516450
   4.912109	  -0.005193
   4.921875	  -0.828487
   4.931641	  -1.678294
   4.941406	  -2.267135
   4.951172	  -2.395965
   4.960938	  -2.024330
   4.970703	  -1.285082
   4.980469	  -0.438452
   4.990234	   0.218219
   5.000000	   0.453122
   5.009766	   0.178794
   5.019531	  -0.520409
   5.029297	  -1.421228
   5.039062	  -2.242307
   5.048828	  -2.743451
   5.058594	  -2.807752
   5.068359	  -2.477613
   5.078125	  -1.932760
   5.087891	  -1.419421
   5.097656	  -1.157386
   5.107422	  -1.259241
   5.117188	  -1.691055
   5.126953	  -2.288121
   5.136719	  -2.818875
   5.146484	  -3.072418
   5.156250	  -2.936641
   5.166016	  -2.437875
   5.175781	  -1.727713
   5.185547	  -1.022653
   5.195312	  -0.519987
   5.205078	  -0.322289
   5.214844	  -0.399536
   5.224609	  -0.603588
   5.234375	  -0.729819
   5.244141	  -0.602520
   5.253906	  -0.151309
   5.263672	   0.551354
   5.273438	   1.307177
   5.283203	   1.858783
   5.292969	   1.982493
   5.302734	   1.573095
   5.312500	   0.688822
   5.322266	  -0.461053
   5.332031	  -1.582636
   5.341797	  -2.394485
   5.351562	  -2.720469
   5.361328	  -2.544852
   5.371094	  -2.009875
   5.380859	  -1.357354
   5.390625	  -0.836584
   5.400391	  -0.613337
   5.410156	  -0.714108
   5.419922	  -1.026200
   5.429688	  -1.352682
   5.439453	  -1.499922
   5.449219	  -1.362457
   5.458984	  -0.970609
   5.468750	  -0.480521
   5.478516	  -0.108998
   5.488281	  -0.038108
   5.498047	  -0.327998
   5.507812	  -0.875251
   5.517578	  -1.438012
   5.527344	  -1.723635
   5.537109	  -1.509095
   5.546875	  -0.748833
   5.556641	   0.374364
   5.566406	   1.481737
   5.576172	   2.110872
   5.585938	   1.874093
   5.595703	   0.608874
   5.605469	  -1.535381
   5.615234	  -4.111114
   5.625000	  -6.490426
   5.634766	  -8.053541
   5.644531	  -8.387402
   5.654297	  -7.426763
   5.664062	  -5.486565
   5.673828	  -3.169642
   5.683594	  -1.176279
   5.693359	  -0.076990
   5.703125	  -0.124738
   5.712891	  -1.171498
   5.722656	  -2.719889
   5.732422	  -4.094703
   5.742188	  -4.677386
   5.751953	  -4.123549
   5.761719	  -2.488023
   5.771484	  -0.212765
   5.781250	   2.020032
   5.791016	   3.520288
   5.800781	   3.827975
   5.810547	   2.873876
   5.820312	   1.006466
   5.830078	  -1.125333
   5.839844	  -2.793116
   5.849609	  -3.436302
   5.859375	  -2.848356
   5.869141	  -1.235515
   5.878906	   0.873430
   5.888672	   2.834451
   5.898438	   4.138118
   5.908203	   4.610797
   5.917969	   4.492050
   5.927734	   4.356609
   5.937500	   4.905311
   5.947266	   6.698020
   5.957031	   9.925062
   5.966797	  14.302965
   5.976562	  19.138176
   5.986328	  23.543091
   5.996094	  26.732982
   6.005859	  28.300277
   6.015625	  28.366410
   6.025391	  27.550971
   6.035156	  26.760330
   6.044922	  26.861911
   6.054688	  28.353407
   6.064453	  31.142527
   6.074219	  34.519083
   6.083984	  37.337831
   6.093750	  38.358803
   6.103516	  36.636430
   6.113281	  31.829297
   6.123047	  24.326395
   6.132812	  15.145969
   6.142578	   5.639395
   6.152344	  -2.901058
   6.162109	  -9.598435
   6.171875	 -14.191114
   6.181641	 -17.010415
   6.191406	 -18.747522
   6.201172	 -20.096668
   6.210938	 -21.407661
   6.220703	 -22.480868
   6.230469	 -22.590436
   6.240234	 -20.741740
   6.250000	 -16.083603
   6.259766	  -8.334237
   6.269531	   1.935600
   6.279297	  13.280645
   6.289062	  23.657748
   6.298828	  30.939937
   6.308594	  33.522824
   6.318359	  30.837346
   6.328125	  23.600083
   6.337891	  13.704498
   6.347656	   3.762362
   6.357422	  -3.588023
   6.367188	  -6.414877
   6.376953	  -4.055973
   6.386719	   2.656139
   6.396484	  11.580538
   6.406250	  19.823124
   6.416016	  24.512790
   6.425781	  23.588252
   6.435547	  16.382590
   6.445312	   3.849455
   6.455078	 -11.626294
   6.464844	 -26.779293
   6.474609	 -38.228664
   6.484375	 -43.260621
   6.494141	 -40.436539
   6.503906	 -29.888145
   6.513672	 -13.246591
   6.523438	   6.756191
   6.533203	  26.901391
   6.542969	  44.160178
   6.552734	  56.281289
   6.562500	  62.171779
   6.572266	  62.009547
   6.582031	  57.087946
   6.591797	  49.445956
   6.601562	  41.372940
   6.611328	  34.891908
   6.621094	  31.321042
   6.630859	  30.994178
   6.640625	  33.191583
   6.650391	  36.296419
   6.660156	  38.153186
   6.669922	  36.565997
   6.679688	  29.842220
   6.689453	  17.267808
   6.699219	  -0.598230
   6.708984	 -21.896668
   6.718750	 -43.744040
   6.728516	 -62.780249
   6.738281	 -75.886533
   6.748047	 -80.918560
   6.757812	 -77.278416
   6.767578	 -66.171439
   6.777344	 -50.458629
   6.787109	 -34.109799
   6.796875	 -21.363655
   6.806641	 -15.781675
   6.816406	 -19.419544
   6.826172	 -32.320315
   6.835938	 -52.459947
   6.845703	 -76.166306
   6.855469	 -98.915463
   6.865234	-116.315662
   6.875000	-125.044562
   6.884766	-123.521178
   6.894531	-112.165102
   6.904297	 -93.201884
   6.914062	 -70.085556
   6.923828	 -46.697295
   6.933594	 -26.521334
   6.943359	 -11.987517
   6.953125	  -4.111541
   6.962891	  -2.478737
   6.972656	  -5.530158
   6.982422	 -11.044231
   6.992188	 -16.677657
   7.001953	 -20.438522
   7.011719	 -21.003947
   7.021484	 -17.848312
   7.031250	 -11.198614
   7.041016	  -1.867663
   7.050781	   8.972194
   7.060547	  20.019857
   7.070312	  30.044953
   7.080078	  38.040720
   7.089844	  43.328952
   7.099609	  45.620090
   7.109375	  45.028624
   7.119141	  42.039426
   7.128906	  37.420408
   7.138672	  32.084263
   7.148438	  26.915925
   7.158203	  22.597504
   7.167969	  19.471782
   7.177734	  17.482904
   7.187500	  16.216814
   7.197266	  15.037688
   7.207031	  13.287835
   7.216797	  10.497222
   7.226562	   6.542725
   7.236328	   1.709800
   7.246094	  -3.362777
   7.255859	  -7.839509
   7.265625	 -10.900120
   7.275391	 -11.944795
   7.285156	 -10.734471
   7.294922	  -7.430012
   7.304688	  -2.526953
   7.314453	   3.285240
   7.324219	   9.289511
   7.333984	  14.880479
   7.343750	  19.639312
   7.353516	  23.334205
   7.363281	  25.865156
   7.373047	  27.191204
   7.382812	  27.281342
   7.392578	  26.116237
   7.402344	  23.742333
   7.412109	  20.353007
   7.421875	  16.354092
   7.431641	  12.370600
   7.441406	   9.169106
   7.451172	   7.500436
   7.460938	   7.899306
   7.470703	  10.499764
   7.480469	  14.928765
   7.490234	  20.322505
   7.500000	  25.476044
   7.509766	  29.096822
   7.519531	  30.099796
   7.529297	  27.866983
   7.539062	  22.402025
   7.548828	  14.338863
   7.558594	   4.803579
   7.568359	  -4.832347
   7.578125	 -13.242440
   7.587891	 -19.407535
   7.597656	 -22.791622
   7.607422	 -23.400872
   7.617188	 -21.728047
   7.626953	 -18.611400
   7.636719	 -15.051222
   7.646484	 -12.026469
   7.656250	 -10.341879
   7.666016	 -10.519533
   7.675781	 -12.735295
   7.685547	 -16.794592
   7.695312	 -22.144022
   7.705078	 -27.921449
   7.714844	 -33.051551
   7.724609	 -36.390991
   7.734375	 -36.915645
   7.744141	 -33.924528
   7.753906	 -27.218187
   7.763672	 -17.201585
   7.773438	  -4.869350
   7.783203	   8.344219
   7.792969	  20.831909
   7.802734	  31.141546
   7.812500	  38.284096
   7.822266	  41.937365
   7.832031	  42.483142
   7.841797	  40.859579
   7.851562	  38.263913
   7.861328	  35.787024
   7.871094	  34.085433
   7.880859	  33.189125
   7.890625	  32.505599
   7.900391	  31.022410
   7.910156	  27.649643
   7.919922	  21.599493
   7.929688	  12.686729
   7.939453	   1.456267
   7.949219	 -10.903970
   7.958984	 -22.841292
   7.968750	 -32.825392
   7.978516	 -39.729040
   7.988281	 -43.089574
   7.998047	 -43.175996
   8.007812	 -40.847035
   8.017578	 -37.249697
   8.027344	 -33.455616
   8.037109	 -30.148887
   8.046875	 -27.459632
   8.056641	 -24.989065
   8.066406	 -22.010289
   8.076172	 -17.774212
   8.085938	 -11.818966
   8.095703	  -4.183152
   8.105469	   4.543526
   8.115234	  13.345650
   8.125000	  21.041471
   8.134766	  26.594033
   8.144531	  29.378678
   8.154297	  29.328686
   8.164062	  26.921324
   8.173828	  23.016764
   8.183594	  18.606002
   8.193359	  14.547862
   8.203125	  11.373041
   8.212891	   9.207199
   8.222656	   7.824892
   8.232422	   6.805076
   8.242188	   5.729752
   8.251953	   4.358279
   8.261719	   2.722282
   8.271484	   1.114565
   8.281250	  -0.019806
   8.291016	  -0.252106
   8.300781	   0.656648
   8.310547	   2.631905
   8.320312	   5.249670
   8.330078	   7.800862
   8.339844	   9.440487
   8.349609	   9.384126
   8.359375	   7.102898
   8.369141	   2.469333
   8.378906	  -4.181243
   8.388672	 -12.089686
   8.398438	 -20.206223
   8.408203	 -27.391493
   8.417969	 -32.644307
   8.427734	 -35.308082
   8.437500	 -35.210101
   8.447266	 -32.699247
   8.457031	 -28.567497
   8.466797	 -23.865367
   8.476562	 -19.647209
   8.486328	 -16.702944
   8.496094	 -15.342430
   8.505859	 -15.292716
   8.515625	 -15.745728
   8.525391	 -15.557912
   8.535156	 -13.561934
   8.544922	  -8.914903
   8.554688	  -1.388962
   8.564453	   8.483679
   8.574219	  19.466654
   8.583984	  29.879283
   8.593750	  38.004547
   8.603516	  42.541147
   8.613281	  42.973578
   8.623047	  39.747464
   8.632812	  34.185384
   8.642578	  28.149403
   8.652344	  23.531047
   8.662109	  21.705383
   8.671875	  23.104973
   8.681641	  27.043866
   8.691406	  31.856260
   8.701172	  35.326556
   8.710938	  35.302113
   8.720703	  30.322557
   8.730469	  20.088058
   8.740234	   5.628520
   8.750000	 -10.883891
   8.759766	 -26.637519
   8.769531	 -38.868774
   8.779297	 -45.550682
   8.789062	 -45.896688
   8.798828	 -40.544281
   8.808594	 -31.370976
   8.818359	 -20.995632
   8.828125	 -12.102318
   8.837891	  -6.768592
   8.847656	  -5.973578
   8.857422	  -9.407067
   8.867188	 -15.615888
   8.876953	 -22.433028
   8.886719	 -27.563738
   8.896484	 -29.169636
   8.906250	 -26.303240
   8.916016	 -19.094913
   8.925781	  -8.665435
   8.935547	   3.191011
   8.945312	  14.455928
   8.955078	  23.348293
   8.964844	  28.690657
   8.974609	  30.107720
   8.984375	  28.034141
   8.994141	  23.554606
   9.003906	  18.131439
   9.013672	  13.288362
   9.023438	  10.314321
   9.033203	  10.034864
   9.042969	  12.677945
   9.052734	  17.842707
   9.062500	  24.566762
   9.072266	  31.479303
   9.082031	  37.021236
   9.091797	  39.706699
   9.101562	  38.391902
   9.111328	  32.509182
   9.121094	  22.220725
   9.130859	   8.452066
   9.140625	  -7.217136
   9.150391	 -22.799809
   9.160156	 -36.247948
   9.169922	 -45.832637
   9.179688	 -50.476099
   9.189453	 -49.958546
   9.199219	 -44.947677
   9.208984	 -36.839414
   9.218750	 -27.444441
   9.228516	 -18.593857
   9.238281	 -11.757494
   9.248047	  -7.764200
   9.257812	  -6.685580
   9.267578	  -7.901127
   9.277344	 -10.315824
   9.287109	 -12.664317
   9.296875	 -13.818686
   9.306641	 -13.023500
   9.316406	 -10.009011
   9.326172	  -4.971760
   9.335938	   1.550353
   9.345703	   8.855608
   9.355469	  16.248278
   9.365234	  23.152300
   9.375000	  29.146094
   9.384766	  33.926196
   9.394531	  37.232176
   9.404297	  38.776904
   9.414062	  38.221665
   9.423828	  35.217078
   9.433594	  29.505070
   9.443359	  21.052703
   9.453125	  10.173537
   9.462891	  -2.409117
   9.472656	 -15.589615
   9.482422	 -28.007194
   9.492188	 -38.254883
   9.501953	 -45.128604
   9.511719	 -47.861531
   9.521484	 -46.288828
   9.531250	 -40.901217
   9.541016	 -32.769376
   9.550781	 -23.349241
   9.560547	 -14.204909
   9.570312	  -6.704920
   9.580078	  -1.755432
   9.589844	   0.371910
   9.599609	   0.077792
   9.609375	  -1.673372
   9.619141	  -3.589088
   9.628906	  -4.363069
   9.638672	  -2.999679
   9.648438	   0.925763
   9.658203	   7.134303
   9.667969	  14.675193
   9.677734	  22.121929
   9.687500	  27.892456
   9.697266	  30.620975
   9.707031	  29.492398
   9.716797	  24.455653
   9.726562	  16.258930
   9.736328	   6.293032
   9.746094	  -3.722428
   9.755859	 -12.133800
   9.765625	 -17.730338
   9.775391	 -20.007575
   9.785156	 -19.250275
   9.794922	 -16.415484
   9.804688	 -12.849292
   9.814453	  -9.915105
   9.824219	  -8.633825
   9.833984	  -9.431149
   9.843750	 -12.055576
   9.853516	 -15.682067
   9.863281	 -19.164698
   9.873047	 -21.362053
   9.882812	 -21.442572
   9.892578	 -19.087735
   9.902344	 -14.544544
   9.912109	  -8.524546
   9.921875	  -1.990309
   9.931641	   4.100951
   9.941406	   9.020865
   9.951172	  12.401780
   9.960938	  14.251516
   9.970703	  14.863528
   9.980469	  14.665393
   9.990234	  14.062339
  10.000000	  13.326588
  10.009766	  12.561233
  10.019531	  11.737913
  10.029297	  10.781328
  10.039062	   9.659485
  10.048828	   8.440559
  10.058594	   7.293620
  10.068359	   6.434392
  10.078125	   6.039511
  10.087891	   6.165278
  10.097656	   6.705260
  10.107422	   7.406365
  10.117188	   7.940791
  10.126953	   8.010035
  10.136719	   7.444591
  10.146484	   6.263786
  10.156250	   4.673904
  10.166016	   3.004395
  10.175781	   1.603637
  10.185547	   0.729752
  10.195312	   0.473364
  10.205078	   0.737599
  10.214844	   1.280416
  10.224609	   1.802711
  10.234375	   2.050364
  10.244141	   1.894639
  10.253906	   1.364300
  10.263672	   0.620867
  10.273438	  -0.111067
  10.283203	  -0.630953
  10.292969	  -0.834245
  10.302734	  -0.743529
  10.312500	  -0.489225
  10.322266	  -0.249499
  10.332031	  -0.174087
  10.341797	  -0.322307
  10.351562	  -0.639512
  10.361328	  -0.981160
  10.371094	  -1.175104
  10.380859	  -1.097744
  10.390625	  -0.733923
  10.400391	  -0.196056
  10.410156	   0.306979
  10.419922	   0.541734
  10.429688	   0.337589
  10.439453	  -0.342393
  10.449219	  -1.374366
  10.458984	  -2.502524
  10.468750	  -3.416246
  10.478516	  -3.850367
  10.488281	  -3.674473
  10.498047	  -2.940088
  10.507812	  -1.868645
  10.517578	  -0.783299
  10.527344	  -0.006915
  10.537109	   0.239805
  10.546875	  -0.093793
  10.556641	  -0.876528
  10.566406	  -1.842561
  10.576172	  -2.680441
  10.585938	  -3.133165
  10.595703	  -3.075559
  10.605469	  -2.544106
  10.615234	  -1.711574
  10.625000	  -0.818081
  10.634766	  -0.084915
  10.644531	   0.357788
  10.654297	   0.504720
  10.664062	   0.460685
  10.673828	   0.385767
  10.683594	   0.423134
  10.693359	   0.637915
  10.703125	   0.990606
  10.712891	   1.354829
  10.722656	   1.572102
  10.732422	   1.522024
  10.742188	   1.180154
  10.751953	   0.640171
  10.761719	   0.090090
  10.771484	  -0.250560
  10.781250	  -0.210742
  10.791016	   0.263833
  10.800781	   1.079784
  10.810547	   2.015371
  10.820312	   2.785289
  10.830078	   3.130024
  10.839844	   2.899788
  10.849609	   2.104497
  10.859375	   0.912601
  10.869141	  -0.400983
  10.878906	  -1.540338
  10.888672	  -2.278699
  10.898438	  -2.523403
  10.908203	  -2.334792
  10.917969	  -1.894290
  10.927734	  -1.434213
  10.937500	  -1.154517
  10.947266	  -1.155252
  10.957031	  -1.407096
  10.966797	  -1.768344
  10.976562	  -2.040362
  10.986328	  -2.040459
  10.996094	  -1.665994
  11.005859	  -0.927732
  11.015625	   0.057705
  11.025391	   1.111511
  11.035156	   2.055088
  11.044922	   2.767859
  11.054688	   3.220000
  11.064453	   3.469619
  11.074219	   3.627463
  11.083984	   3.804083
  11.093750	   4.060346
  11.103516	   4.380191
  11.113281	   4.675548
  11.123047	   4.820860
  11.132812	   4.703458
  11.142578	   4.270194
  11.152344	   3.552391
  11.162109	   2.659562
  11.171875	   1.744221
  11.181641	   0.951000
  11.191406	   0.369118
  11.201172	   0.005870
  11.210938	  -0.209190
  11.220703	  -0.391236
  11.230469	  -0.651017
  11.240234	  -1.048243
  11.250000	  -1.565123
  11.259766	  -2.110106
  11.269531	  -2.550449
  11.279297	  -2.761463
  11.289062	  -2.674027
  11.298828	  -2.302575
  11.308594	  -1.743085
  11.318359	  -1.141736
  11.328125	  -0.645814
  11.337891	  -0.355001
  11.347656	  -0.290893
  11.357422	  -0.395674
  11.367188	  -0.559822
  11.376953	  -0.667802
  11.386719	  -0.643903
  11.396484	  -0.480474
  11.406250	  -0.237573
  11.416016	  -0.014224
  11.425781	   0.097418
  11.435547	   0.056632
  11.445312	  -0.100931
  11.455078	  -0.269252
  11.464844	  -0.308501
  11.474609	  -0.099742
  11.484375	   0.402361
  11.494141	   1.139493
  11.503906	   1.955604
  11.513672	   2.639517
  11.523438	   2.991401
  11.533203	   2.890860
  11.542969	   2.342570
  11.552734	   1.482180
  11.562500	   0.538420
  11.572266	  -0.237478
  11.582031	  -0.652175
  11.591797	  -0.633443
  11.601562	  -0.254345
  11.611328	   0.290653
  11.621094	   0.750435
  11.630859	   0.901653
  11.640625	   0.624627
  11.650391	  -0.054893
  11.660156	  -0.972416
  11.669922	  -1.877906
  11.679688	  -2.517918
  11.689453	  -2.719340
  11.699219	  -2.446875
  11.708984	  -1.815239
  11.718750	  -1.052167
  11.728516	  -0.424639
  11.738281	  -0.152740
  11.748047	  -0.339253
  11.757812	  -0.937466
  11.767578	  -1.766761
  11.777344	  -2.569825
  11.787109	  -3.092125
  11.796875	  -3.157889
  11.806641	  -2.719019
  11.816406	  -1.863213
  11.826172	  -0.781227
  11.835938	   0.293811
  11.845703	   1.154256
  11.855469	   1.671617
  11.865234	   1.821170
  11.875000	   1.673352
  11.884766	   1.358914
  11.894531	   1.022412
  11.904297	   0.780447
  11.914062	   0.697060
  11.923828	   0.780816
  11.933594	   0.999684
  11.943359	   1.303960
  11.953125	   1.646228
  11.962891	   1.990658
  11.972656	   2.310145
  11.982422	   2.576016
  11.992188	   2.748659
  12.001953	   2.776897
  12.011719	   2.609595
  12.021484	   2.216641
  12.031250	   1.610956
  12.041016	   0.860931
  12.050781	   0.084981
  12.060547	  -0.573875
  12.070312	  -0.987697
  12.080078	  -1.085283
  12.089844	  -0.881113
  12.099609	  -0.479759
  12.109375	  -0.051468
  12.119141	   0.215656
  12.128906	   0.172941
  12.138672	  -0.240126
  12.148438	  -0.971925
  12.158203	  -1.868151
  12.167969	  -2.712729
  12.177734	  -3.287958
  12.187500	  -3.435366
  12.197266	  -3.098545
  12.207031	  -2.335209
  12.216797	  -1.295871
  12.226562	  -0.177246
  12.236328	   0.833724
  12.246094	   1.607178
  12.255859	   2.094911
  12.265625	   2.326653
  12.275391	   2.382474
  12.285156	   2.353526
  12.294922	   2.306376
  12.304688	   2.263534
  12.314453	   2.205712
  12.324219	   2.092562
  12.333984	   1.891610
  12.343750	   1.602282
  12.353516	   1.264341
  12.363281	   0.946679
  12.373047	   0.720594
  12.382812	   0.628225
  12.392578	   0.659264
  12.402344	   0.746285
  12.412109	   0.782201
  12.421875	   0.654893
  12.431641	   0.287245
  12.441406	  -0.331749
  12.451172	  -1.136427
  12.460938	  -1.998971
  12.470703	  -2.764636
  12.480469	  -3.295865
  12.490234	  -3.510261
  12.500000	  -3.399602
  12.509766	  -3.023950
  12.519531	  -2.483949
  12.529297	  -1.882259
  12.539062	  -1.288821
  12.548828	  -0.722941
  12.558594	  -0.158534
  12.568359	   0.450152
  12.578125	   1.133140
  12.587891	   1.874509
  12.597656	   2.600640
  12.607422	   3.193445
  12.617188	   3.525544
  12.626953	   3.505581
  12.636719	   3.117095
  12.646484	   2.435626
  12.656250	   1.615720
  12.666016	   0.849887
  12.675781	   0.311756
  12.685547	   0.101926
  12.695312	   0.214993
  12.705078	   0.539764
  12.714844	   0.893809
  12.724609	   1.081938
  12.734375	   0.959934
  12.744141	   0.482780
  12.753906	  -0.278469
  12.763672	  -1.156791
  12.773438	  -1.939714
  12.783203	  -2.433781
  12.792969	  -2.522114
  12.802734	  -2.196841
  12.812500	  -1.556787
  12.822266	  -0.772432
  12.832031	  -0.030762
  12.841797	   0.521285
  12.851562	   0.816451
  12.861328	   0.878106
  12.871094	   0.800879
  12.880859	   0.709686
  12.890625	   0.712556
  12.900391	   0.863866
  12.910156	   1.149857
  12.919922	   1.499765
  12.929688	   1.816623
  12.939453	   2.015161
  12.949219	   2.052434
  12.958984	   1.940374
  12.968750	   1.736691
  12.978516	   1.518870
  12.988281	   1.352088
  12.998047	   1.263732
  13.007812	   1.234200
  13.017578	   1.207096
  13.027344	   1.114366
  13.037109	   0.906229
  13.046875	   0.574082
  13.056641	   0.157337
  13.066406	  -0.268525
  13.076172	  -0.618215
  13.085938	  -0.827207
  13.095703	  -0.874977
  13.105469	  -0.792039
  13.115234	  -0.648024
  13.125000	  -0.525259
  13.134766	  -0.487785
  13.144531	  -0.557517
  13.154297	  -0.706603
  13.164062	  -0.868925
  13.173828	  -0.966484
  13.183594	  -0.940722
  13.193359	  -0.776870
  13.203125	  -0.511927
  13.212891	  -0.222909
  13.222656	   0.000589
  13.232422	   0.089520
  13.242188	   0.021888
  13.251953	  -0.167431
  13.261719	  -0.397617
  13.271484	  -0.570051
  13.281250	  -0.603729
  13.291016	  -0.465200
  13.300781	  -0.182058
  13.310547	   0.165165
  13.320312	   0.470087
  13.330078	   0.637094
  13.339844	   0.614531
  13.349609	   0.412659
  13.359375	   0.100026
  13.369141	  -0.220459
  13.378906	  -0.447180
  13.388672	  -0.514540
  13.398438	  -0.414495
  13.408203	  -0.197490
  13.417969	   0.047200
  13.427734	   0.224335
  13.437500	   0.266772
  13.447266	   0.158494
  13.457031	  -0.061443
  13.466797	  -0.315037
  13.476562	  -0.515197
  13.486328	  -0.598080
  13.496094	  -0.545933
  13.505859	  -0.392128
  13.515625	  -0.206800
  13.525391	  -0.068730
  13.535156	  -0.034205
  13.544922	  -0.114691
  13.554688	  -0.271814
  13.564453	  -0.431670
  13.574219	  -0.513227
  13.583984	  -0.460242
  13.593750	  -0.264675
  13.603516	   0.027393
  13.613281	   0.329963
  13.623047	   0.546686
  13.632812	   0.605256
  13.642578	   0.484223
  13.652344	   0.222333
  13.662109	  -0.093245
  13.671875	  -0.355915
  13.681641	  -0.475780
  13.691406	  -0.410169
  13.701172	  -0.177853
  13.710938	   0.148015
  13.720703	   0.465611
  13.730469	   0.679593
  13.740234	   0.733255
  13.750000	   0.626416
  13.759766	   0.413053
  13.769531	   0.179964
  13.779297	   0.014534
  13.789062	  -0.026605
  13.798828	   0.063263
  13.808594	   0.240561
  13.818359	   0.429524
  13.828125	   0.551716
  13.837891	   0.555855
  13.847656	   0.436868
  13.857422	   0.237269
  13.867188	   0.030537
  13.876953	  -0.107111
  13.886719	  -0.125919
  13.896484	  -0.021801
  13.906250	   0.161629
  13.916016	   0.349008
  13.925781	   0.461269
  13.935547	   0.445384
  13.945312	   0.294779
  13.955078	   0.052781
  13.964844	  -0.202273
  13.974609	  -0.384897
  13.984375	  -0.433148
  13.994141	  -0.330906
  14.003906	  -0.113613
  14.013672	   0.144650
  14.023438	   0.358027
  14.033203	   0.459869
  14.042969	   0.426515
  14.052734	   0.285203
  14.062500	   0.103252
  14.072266	  -0.037480
  14.082031	  -0.071460
  14.091797	   0.025683
  14.101562	   0.227483
  14.111328	   0.465706
  14.121094	   0.654888
  14.130859	   0.723365
  14.140625	   0.639476
  14.150391	   0.423311
  14.160156	   0.139697
  14.169922	  -0.125075
  14.179688	  -0.294317
  14.189453	  -0.328510
  14.199219	  -0.239315
  14.208984	  -0.084915
  14.218750	   0.051613
  14.228516	   0.093064
  14.238281	  -0.003195
  14.248047	  -0.229019
  14.257812	  -0.527666
  14.267578	  -0.813622
  14.277344	  -1.002884
  14.287109	  -1.042801
  14.296875	  -0.930718
  14.306641	  -0.714748
  14.316406	  -0.476499
  14.326172	  -0.302023
  14.335938	  -0.251507
  14.345703	  -0.338561
  14.355469	  -0.526389
  14.365234	  -0.742004
  14.375000	  -0.903080
  14.384766	  -0.947591
  14.394531	  -0.855467
  14.404297	  -0.654605
  14.414062	  -0.409331
  14.423828	  -0.195884
  14.433594	  -0.074154
  14.443359	  -0.066165
  14.453125	  -0.149163
  14.462891	  -0.265674
  14.472656	  -0.346579
  14.482422	  -0.338432
  14.492188	  -0.224710
  14.501953	  -0.032991
  14.511719	   0.174686
  14.521484	   0.324739
  14.531250	   0.359718
  14.541016	   0.260431
  14.550781	   0.054181
  14.560547	  -0.194083
  14.570312	  -0.404612
  14.580078	  -0.511410
  14.589844	  -0.486028
  14.599609	  -0.347839
  14.609375	  -0.156928
  14.619141	   0.007895
  14.628906	   0.078003
  14.638672	   0.020241
  14.648438	  -0.150639
  14.658203	  -0.376977
  14.667969	  -0.578851
  14.677734	  -0.682867
  14.687500	  -0.648609
  14.697266	  -0.483112
  14.707031	  -0.238076
  14.716797	   0.009122
  14.726562	   0.183674
  14.736328	   0.240475
  14.746094	   0.180192
  14.755859	   0.048371
  14.765625	  -0.082109
  14.775391	  -0.138800
  14.785156	  -0.077433
  14.794922	   0.100590
  14.804688	   0.347542
  14.814453	   0.585932
  14.824219	   0.736415
  14.833984	   0.746900
  14.843750	   0.612255
  14.853516	   0.377271
  14.863281	   0.121622
  14.873047	  -0.067946
  14.882812	  -0.128307
  14.892578	  -0.042509
  14.902344	   0.153962
  14.912109	   0.385517
  14.921875	   0.563119
  14.931641	   0.615768
  14.941406	   0.515670
  14.951172	   0.288146
  14.960938	   0.002828
  14.970703	  -0.250667
  14.980469	  -0.393889
  14.990234	  -0.386494
  15.000000	  -0.239510
  15.009766	  -0.010458
  15.019531	   0.217686
  15.029297	   0.365945
  15.039062	   0.386649
  15.048828	   0.278941
  15.058594	   0.087271
  15.068359	  -0.116170
  15.078125	  -0.258363
  15.087891	  -0.291786
  15.097656	  -0.210633
  15.107422	  -0.051319
  15.117188	   0.122538
  15.126953	   0.244767
  15.136719	   0.271594
  15.146484	   0.197668
  15.156250	   0.057329
  15.166016	  -0.089125
  15.175781	  -0.178829
  15.185547	  -0.170556
  15.195312	  -0.060611
  15.205078	   0.115500
  15.214844	   0.296228
  15.224609	   0.417005
  15.234375	   0.434517
  15.244141	   0.343113
  15.253906	   0.177204
  15.263672	  -0.001311
  15.273438	  -0.125964
  15.283203	  -0.150493
  15.292969	  -0.066262
  15.302734	   0.094178
  15.312500	   0.268800
  15.322266	   0.388821
  15.332031	   0.404087
  15.341797	   0.301748
  15.351562	   0.111289
  15.361328	  -0.106020
  15.371094	  -0.279436
  15.380859	  -0.354644
  15.390625	  -0.313711
  15.400391	  -0.181696
  15.410156	  -0.017389
  15.419922	   0.108485
  15.429688	   0.139650
  15.439453	   0.055540
  15.449219	  -0.120458
  15.458984	  -0.328946
  15.468750	  -0.495890
  15.478516	  -0.559712
  15.488281	  -0.494246
  15.498047	  -0.319087
  15.507812	  -0.093417
  15.517578	   0.104633
  15.527344	   0.205756
  15.537109	   0.174392
  15.546875	   0.021787
  15.556641	  -0.197623
  15.566406	  -0.405304
  15.576172	  -0.526450
  15.585938	  -0.516618
  15.595703	  -0.377683
  15.605469	  -0.157406
  15.615234	   0.067211
  15.625000	   0.216830
  15.634766	   0.237384
  15.644531	   0.118619
  15.654297	  -0.102887
  15.664062	  -0.357087
  15.673828	  -0.565238
  15.683594	  -0.667115
  15.693359	  -0.640989
  15.703125	  -0.509409
  15.712891	  -0.329128
  15.722656	  -0.169166
  15.732422	  -0.085297
  15.742188	  -0.100299
  15.751953	  -0.197053
  15.761719	  -0.326703
  15.771484	  -0.428486
  15.781250	  -0.453586
  15.791016	  -0.383948
  15.800781	  -0.239001
  15.810547	  -0.067810
  15.820312	   0.070287
  15.830078	   0.129185
  15.839844	   0.094678
  15.849609	  -0.008941
  15.859375	  -0.127049
  15.869141	  -0.194866
  15.878906	  -0.162265
  15.888672	  -0.014023
  15.898438	   0.222167
  15.908203	   0.483222
  15.917969	   0.691387
  15.927734	   0.780938
  15.937500	   0.721377
  15.947266	   0.528771
  15.957031	   0.261043
  15.966797	  -0.001259
  15.976562	  -0.182008
  15.986328	  -0.234874
  15.996094	  -0.158140
  16.005859	   0.006139
  16.015625	   0.188136
  16.025391	   0.315533
  16.035156	   0.338987
  16.044922	   0.248722
  16.054688	   0.076527
  16.064453	  -0.117239
  16.074219	  -0.266613
  16.083984	  -0.324410
  16.093750	  -0.279099
  16.103516	  -0.158101
  16.113281	  -0.016512
  16.123047	   0.084381
  16.132812	   0.100709
  16.142578	   0.022945
  16.152344	  -0.120149
  16.162109	  -0.271994
  16.171875	  -0.369230
  16.181641	  -0.365503
  16.191406	  -0.249230
  16.201172	  -0.048731
  16.210938	   0.177212
  16.220703	   0.359977
  16.230469	   0.445403
  16.240234	   0.412935
  16.250000	   0.282633
  16.259766	   0.107541
  16.269531	  -0.045781
  16.279297	  -0.121428
  16.289062	  -0.094216
  16.298828	   0.021631
  16.308594	   0.178256
  16.318359	   0.312197
  16.328125	   0.367964
  16.337891	   0.318494
  16.347656	   0.174976
  16.357422	  -0.017509
  16.367188	  -0.196841
  16.376953	  -0.306941
  16.386719	  -0.318504
  16.396484	  -0.239719
  16.406250	  -0.112989
  16.416016	   0.001140
  16.425781	   0.046885
  16.435547	  -0.005505
  16.445312	  -0.148041
  16.455078	  -0.337263
  16.464844	  -0.509770
  16.474609	  -0.605354
  16.484375	  -0.589303
  16.494141	  -0.465604
  16.503906	  -0.276117
  16.513672	  -0.085852
  16.523438	   0.040385
  16.533203	   0.061550
  16.542969	  -0.024472
  16.552734	  -0.179684
  16.562500	  -0.339333
  16.572266	  -0.435097
  16.582031	  -0.419795
  16.591797	  -0.284742
  16.601562	  -0.063475
  16.611328	   0.179542
  16.621094	   0.371213
  16.630859	   0.455182
  16.640625	   0.411228
  16.650391	   0.261840
  16.660156	   0.063727
  16.669922	  -0.112569
  16.679688	  -0.207570
  16.689453	  -0.193345
  16.699219	  -0.082326
  16.708984	   0.078481
  16.718750	   0.225557
  16.728516	   0.302460
  16.738281	   0.280284
  16.748047	   0.167613
  16.757812	   0.006508
  16.767578	  -0.143792
  16.777344	  -0.229266
  16.787109	  -0.221277
  16.796875	  -0.127043
  16.806641	   0.013372
  16.816406	   0.142360
  16.826172	   0.206629
  16.835938	   0.177449
  16.845703	   0.061780
  16.855469	  -0.099890
  16.865234	  -0.248231
  16.875000	  -0.326880
  16.884766	  -0.303346
  16.894531	  -0.181303
  16.904297	   0.000308
  16.914062	   0.181087
  16.923828	   0.300880
  16.933594	   0.321470
  16.943359	   0.240321
  16.953125	   0.091349
  16.962891	  -0.067559
  16.972656	  -0.175743
  16.982422	  -0.191920
  16.992188	  -0.109217
  17.001953	   0.042413
  17.011719	   0.207246
  17.021484	   0.324285
  17.031250	   0.349679
  17.041016	   0.272860
  17.050781	   0.120508
  17.060547	  -0.053137
  17.070312	  -0.186078
  17.080078	  -0.231257
  17.089844	  -0.173862
  17.099609	  -0.036927
  17.109375	   0.126839
  17.119141	   0.254030
  17.128906	   0.293452
  17.138672	   0.224655
  17.148438	   0.065379
  17.158203	  -0.134742
  17.167969	  -0.311909
  17.177734	  -0.410857
  17.187500	  -0.404294
  17.197266	  -0.302099
  17.207031	  -0.147022
  17.216797	   0.001398
  17.226562	   0.088753
  17.236328	   0.085476
  17.246094	  -0.002835
  17.255859	  -0.138160
  17.265625	  -0.264740
  17.275391	  -0.330210
  17.285156	  -0.305327
  17.294922	  -0.195031
  17.304688	  -0.036755
  17.314453	   0.113348
  17.324219	   0.201174
  17.333984	   0.194749
  17.343750	   0.096204
  17.353516	  -0.058783
  17.363281	  -0.213913
  17.373047	  -0.312808
  17.382812	  -0.319644
  17.392578	  -0.232280
  17.402344	  -0.083051
  17.412109	   0.073095
  17.421875	   0.178784
  17.431641	   0.195328
  17.441406	   0.117015
  17.451172	  -0.026684
  17.460938	  -0.181852
  17.470703	  -0.289885
  17.480469	  -0.309084
  17.490234	  -0.230147
  17.500000	  -0.079879
  17.509766	   0.088302
  17.519531	   0.213666
  17.529297	   0.250261
  17.539062	   0.183790
  17.548828	   0.037086
  17.558594	  -0.137815
  17.568359	  -0.278196
  17.578125	  -0.333073
  17.587891	  -0.281426
  17.597656	  -0.139669
  17.607422	   0.044316
  17.617188	   0.208403
  17.626953	   0.298445
  17.636719	   0.287478
  17.646484	   0.185016
  17.656250	   0.033159
  17.666016	  -0.108977
  17.675781	  -0.186762
  17.685547	  -0.169670
  17.695312	  -0.061918
  17.705078	   0.099634
  17.714844	   0.259417
  17.724609	   0.363725
  17.734375	   0.380335
  17.744141	   0.310017
  17.753906	   0.185769
  17.763672	   0.060173
  17.773438	  -0.014401
  17.783203	  -0.005407
  17.792969	   0.087674
  17.802734	   0.233022
  17.812500	   0.378131
  17.822266	   0.469121
  17.832031	   0.470578
  17.841797	   0.378630
  17.851562	   0.222445
  17.861328	   0.053638
  17.871094	  -0.072540
  17.880859	  -0.117297
  17.890625	  -0.072315
  17.900391	   0.037432
  17.910156	   0.163071
  17.919922	   0.249939
  17.929688	   0.257743
  17.939453	   0.175358
  17.949219	   0.024830
  17.958984	  -0.146835
  17.968750	  -0.285052
  17.978516	  -0.347762
  17.988281	  -0.320831
  17.998047	  -0.223049
  18.007812	  -0.098884
  18.017578	  -0.001666
  18.027344	   0.026561
  18.037109	  -0.028949
  18.046875	  -0.149762
  18.056641	  -0.290758
  18.066406	  -0.396714
  18.076172	  -0.422904
  18.085938	  -0.352135
  18.095703	  -0.201889
  18.105469	  -0.018795
  18.115234	   0.137678
  18.125000	   0.216484
  18.134766	   0.193501
  18.144531	   0.080516
  18.154297	  -0.078668
  18.164062	  -0.223704
  18.173828	  -0.299242
  18.183594	  -0.274820
  18.193359	  -0.155920
  18.203125	   0.017801
  18.212891	   0.186511
  18.222656	   0.291420
  18.232422	   0.295607
  18.242188	   0.197017
  18.251953	   0.028999
  18.261719	  -0.151736
  18.271484	  -0.285330
  18.281250	  -0.329879
  18.291016	  -0.275838
  18.300781	  -0.148634
  18.310547	   0.001293
  18.320312	   0.117284
  18.330078	   0.157158
  18.339844	   0.108281
  18.349609	  -0.008404
  18.359375	  -0.146740
  18.369141	  -0.252894
  18.378906	  -0.285565
  18.388672	  -0.231373
  18.398438	  -0.109808
  18.408203	   0.034068
  18.417969	   0.146414
  18.427734	   0.184703
  18.437500	   0.133674
  18.447266	   0.011265
  18.457031	  -0.137681
  18.466797	  -0.257669
  18.476562	  -0.302808
  18.486328	  -0.253675
  18.496094	  -0.124603
  18.505859	   0.041299
  18.515625	   0.187583
  18.525391	   0.264776
  18.535156	   0.248176
  18.544922	   0.146684
  18.554688	  -0.000519
  18.564453	  -0.138208
  18.574219	  -0.215085
  18.583984	  -0.202210
  18.593750	  -0.103258
  18.603516	   0.047081
  18.613281	   0.195864
  18.623047	   0.291122
  18.632812	   0.300496
  18.642578	   0.222538
  18.652344	   0.086628
  18.662109	  -0.058317
  18.671875	  -0.162110
  18.681641	  -0.191732
  18.691406	  -0.143189
  18.701172	  -0.042452
  18.710938	   0.064775
  18.720703	   0.130584
  18.730469	   0.123157
  18.740234	   0.039014
  18.750000	  -0.095332
  18.759766	  -0.232948
  18.769531	  -0.323722
  18.779297	  -0.332918
  18.789062	  -0.254151
  18.798828	  -0.111970
  18.808594	   0.046948
  18.818359	   0.170766
  18.828125	   0.221394
  18.837891	   0.188349
  18.847656	   0.092446
  18.857422	  -0.022081
  18.867188	  -0.104144
  18.876953	  -0.114970
  18.886719	  -0.042794
  18.896484	   0.092405
  18.906250	   0.245914
  18.916016	   0.364568
  18.925781	   0.406355
  18.935547	   0.356138
  18.945312	   0.231663
  18.955078	   0.077560
  18.964844	  -0.050613
  18.974609	  -0.106499
  18.984375	  -0.069957
  18.994141	   0.045299
  19.003906	   0.196306
  19.013672	   0.326130
  19.023438	   0.384358
  19.033203	   0.345433
  19.042969	   0.218165
  19.052734	   0.042948
  19.062500	  -0.122398
  19.072266	  -0.223091
  19.082031	  -0.226861
  19.091797	  -0.135418
  19.101562	   0.016165
  19.111328	   0.171928
  19.121094	   0.274873
  19.130859	   0.287058
  19.140625	   0.202777
  19.150391	   0.050167
  19.160156	  -0.119199
  19.169922	  -0.248898
  19.179688	  -0.297654
  19.189453	  -0.253558
  19.199219	  -0.137500
  19.208984	   0.005265
  19.218750	   0.122154
  19.228516	   0.172587
  19.238281	   0.142522
  19.248047	   0.048965
  19.257812	  -0.067060
  19.267578	  -0.156332
  19.277344	  -0.180090
  19.287109	  -0.124606
  19.296875	  -0.006271
  19.306641	   0.134616
  19.316406	   0.249004
  19.326172	   0.297504
  19.335938	   0.265188
  19.345703	   0.167233
  19.355469	   0.043279
  19.365234	  -0.057446
  19.375000	  -0.094748
  19.384766	  -0.052901
  19.394531	   0.052874
  19.404297	   0.181403
  19.414062	   0.280330
  19.423828	   0.305320
  19.433594	   0.236700
  19.443359	   0.087396
  19.453125	  -0.100838
  19.462891	  -0.271675
  19.472656	  -0.373892
  19.482422	  -0.379414
  19.492188	  -0.293237
  19.501953	  -0.151620
  19.511719	  -0.009183
  19.521484	   0.080488
  19.531250	   0.083768
  19.541016	  -0.001285
  19.550781	  -0.144569
  19.560547	  -0.294973
  19.570312	  -0.398759
  19.580078	  -0.418627
  19.589844	  -0.346619
  19.599609	  -0.206328
  19.609375	  -0.043744
  19.619141	   0.089745
  19.628906	   0.155949
  19.638672	   0.143256
  19.648438	   0.070022
  19.658203	  -0.023147
  19.667969	  -0.089205
  19.677734	  -0.092646
  19.687500	  -0.022979
  19.697266	   0.101281
  19.707031	   0.239503
  19.716797	   0.344119
  19.726562	   0.378402
  19.736328	   0.330229
  19.746094	   0.216707
  19.755859	   0.077938
  19.765625	  -0.037783
  19.775391	  -0.091822
  19.785156	  -0.069520
  19.794922	   0.014401
  19.804688	   0.121366
  19.814453	   0.203423
  19.824219	   0.221335
  19.833984	   0.159596
  19.843750	   0.032763
  19.853516	  -0.119329
  19.863281	  -0.245814
  19.873047	  -0.303356
  19.882812	  -0.272228
  19.892578	  -0.163978
  19.902344	  -0.017775
  19.912109	   0.113355
  19.921875	   0.181490
  19.931641	   0.161124
  19.941406	   0.058545
  19.951172	  -0.090174
  19.960938	  -0.231901
  19.970703	  -0.315364
  19.980469	  -0.309447
  19.990234	  -0.214311
  20.000000	  -0.061330
  20.009766	   0.098114
  20.019531	   0.210916
  20.029297	   0.241034
  20.039062	   0.182022
  20.048828	   0.058857
  20.058594	  -0.081506
  20.068359	  -0.187341
  20.078125	  -0.220838
  20.087891	  -0.171498
  20.097656	  -0.059433
  20.107422	   0.072508
  20.117188	   0.174813
  20.126953	   0.209612
  20.136719	   0.164515
  20.146484	   0.056933
  20.156250	  -0.072633
  20.166016	  -0.175783
  20.175781	  -0.214258
  20.185547	  -0.174166
  20.195312	  -0.071143
  20.205078	   0.055419
  20.214844	   0.156940
  20.224609	   0.193650
  20.234375	   0.149359
  20.244141	   0.037584
  20.253906	  -0.103257
  20.263672	  -0.223791
  20.273438	  -0.281687
  20.283203	  -0.257073
  20.292969	  -0.159718
  20.302734	  -0.025341
  20.312500	   0.097593
  20.322266	   0.165733
  20.332031	   0.156781
  20.341797	   0.077635
  20.351562	  -0.038285
  20.361328	  -0.143562
  20.371094	  -0.194572
  20.380859	  -0.167992
  20.390625	  -0.069903
  20.400391	   0.065909
  20.410156	   0.189935
  20.419922	   0.254904
  20.429688	   0.233183
  20.439453	   0.127270
  20.449219	  -0.030514
  20.458984	  -0.189101
  20.468750	  -0.296575
  20.478516	  -0.318472
  20.488281	  -0.249883
  20.498047	  -0.116995
  20.507812	   0.032477
  20.517578	   0.146492
  20.527344	   0.187314
  20.537109	   0.144845
  20.546875	   0.039889
  20.556641	  -0.083784
  20.566406	  -0.175610
  20.576172	  -0.196754
  20.585938	  -0.134231
  20.595703	  -0.005538
  20.605469	   0.147814
  20.615234	   0.275462
  20.625000	   0.336450
  20.634766	   0.313915
  20.644531	   0.220886
  20.654297	   0.095106
  20.664062	  -0.015128
  20.673828	  -0.068877
  20.683594	  -0.047632
  20.693359	   0.037991
  20.703125	   0.152358
  20.712891	   0.248198
  20.722656	   0.284310
  20.732422	   0.241062
  20.742188	   0.127984
  20.751953	  -0.019376
  20.761719	  -0.152190
  20.771484	  -0.226040
  20.781250	  -0.217079
  20.791016	  -0.130760
  20.800781	   0.000098
  20.810547	   0.127194
  20.820312	   0.204272
  20.830078	   0.203881
  20.839844	   0.127268
  20.849609	   0.003797
  20.859375	  -0.119910
  20.869141	  -0.197116
  20.878906	  -0.198163
  20.888672	  -0.121419
  20.898438	   0.005998
  20.908203	   0.138000
  20.917969	   0.226242
  20.927734	   0.237682
  20.937500	   0.166591
  20.947266	   0.036665
  20.957031	  -0.107546
  20.966797	  -0.216729
  20.976562	  -0.254582
  20.986328	  -0.210804
  20.996094	  -0.104611
  21.005859	   0.022465
  21.015625	   0.121821
  21.025391	   0.155492
  21.035156	   0.109874
  21.044922	   0.000494
  21.054688	  -0.133856
  21.064453	  -0.245399
  21.074219	  -0.294823
  21.083984	  -0.265479
  21.093750	  -0.169185
  21.103516	  -0.041563
  21.113281	   0.071315
  21.123047	   0.129988
  21.132812	   0.116091
  21.142578	   0.038926
  21.152344	  -0.068261
  21.162109	  -0.160886
  21.171875	  -0.199826
  21.181641	  -0.166162
  21.191406	  -0.068413
  21.201172	   0.060462
  21.210938	   0.175187
  21.220703	   0.234971
  21.230469	   0.218767
  21.240234	   0.133325
  21.250000	   0.011008
  21.259766	  -0.101903
  21.269531	  -0.162169
  21.279297	  -0.145604
  21.289062	  -0.056246
  21.298828	   0.074759
  21.308594	   0.200231
  21.318359	   0.274018
  21.328125	   0.267864
  21.337891	   0.181922
  21.347656	   0.045026
  21.357422	  -0.095430
  21.367188	  -0.190420
  21.376953	  -0.206905
  21.386719	  -0.139790
  21.396484	  -0.013854
  21.406250	   0.125044
  21.416016	   0.226352
  21.425781	   0.252903
  21.435547	   0.194170
  21.445312	   0.069955
  21.455078	  -0.076797
  21.464844	  -0.195436
  21.474609	  -0.245690
  21.484375	  -0.211908
  21.494141	  -0.108341
  21.503906	   0.026349
  21.513672	   0.143266
  21.523438	   0.200970
  21.533203	   0.180222
  21.542969	   0.090516
  21.552734	  -0.033893
  21.562500	  -0.146881
  21.572266	  -0.207467
  21.582031	  -0.194691
  21.591797	  -0.114943
  21.601562	   0.000858
  21.611328	   0.109087
  21.621094	   0.169786
  21.630859	   0.161502
  21.640625	   0.089098
  21.650391	  -0.018309
  21.660156	  -0.118475
  21.669922	  -0.172059
  21.679688	  -0.157551
  21.689453	  -0.079545
  21.699219	   0.032773
  21.708984	   0.136389
  21.718750	   0.190527
  21.728516	   0.172079
  21.738281	   0.084645
  21.748047	  -0.042233
  21.757812	  -0.163463
  21.767578	  -0.234695
  21.777344	  -0.228577
  21.787109	  -0.145017
  21.796875	  -0.011622
  21.806641	   0.125922
  21.816406	   0.220116
  21.826172	   0.238694
  21.835938	   0.176279
  21.845703	   0.056386
  21.855469	  -0.076965
  21.865234	  -0.175029
  21.875000	  -0.201817
  21.884766	  -0.146973
  21.894531	  -0.029399
  21.904297	   0.109650
  21.914062	   0.221470
  21.923828	   0.267398
  21.933594	   0.232552
  21.943359	   0.130869
  21.953125	  -0.000317
  21.962891	  -0.114127
  21.972656	  -0.171308
  21.982422	  -0.154445
  21.992188	  -0.074049
  22.001953	   0.035674
  22.011719	   0.129754
  22.021484	   0.169325
  22.031250	   0.136204
  22.041016	   0.039835
  22.050781	  -0.085971
  22.060547	  -0.195298
  22.070312	  -0.246905
  22.080078	  -0.219399
  22.089844	  -0.119224
  22.099609	   0.021436
  22.109375	   0.156102
  22.119141	   0.240615
  22.128906	   0.248886
  22.138672	   0.182039
  22.148438	   0.067683
  22.158203	  -0.050417
  22.167969	  -0.128426
  22.177734	  -0.138413
  22.187500	  -0.078358
  22.197266	   0.027421
  22.207031	   0.137534
  22.216797	   0.209029
  22.226562	   0.213415
  22.236328	   0.147294
  22.246094	   0.033683
  22.255859	  -0.086458
  22.265625	  -0.169369
  22.275391	  -0.184733
  22.285156	  -0.127026
  22.294922	  -0.017753
  22.304688	   0.102266
  22.314453	   0.187808
  22.324219	   0.205881
  22.333984	   0.148013
  22.343750	   0.033646
  22.353516	  -0.096639
  22.363281	  -0.195669
  22.373047	  -0.226719
  22.382812	  -0.176884
  22.392578	  -0.061897
  22.402344	   0.079352
  22.412109	   0.198633
  22.421875	   0.255532
  22.431641	   0.231752
  22.441406	   0.137403
  22.451172	   0.007051
  22.460938	  -0.112979
  22.470703	  -0.181406
  22.480469	  -0.176771
  22.490234	  -0.104858
  22.500000	   0.003887
  22.509766	   0.105917
  22.519531	   0.160814
  22.529297	   0.146226
  22.539062	   0.066034
  22.548828	  -0.051209
  22.558594	  -0.162948
  22.568359	  -0.228425
  22.578125	  -0.223784
  22.587891	  -0.150893
  22.597656	  -0.036642
  22.607422	   0.077013
  22.617188	   0.148595
  22.626953	   0.152492
  22.636719	   0.088508
  22.646484	  -0.017964
  22.656250	  -0.125253
  22.666016	  -0.190787
  22.675781	  -0.186909
  22.685547	  -0.111299
  22.695312	   0.011862
  22.705078	   0.140470
  22.714844	   0.229724
  22.724609	   0.248454
  22.734375	   0.190588
  22.744141	   0.077538
  22.753906	  -0.049416
  22.763672	  -0.144012
  22.773438	  -0.171762
  22.783203	  -0.122504
  22.792969	  -0.014166
  22.802734	   0.113639
  22.812500	   0.213886
  22.822266	   0.249106
  22.832031	   0.204905
  22.841797	   0.095143
  22.851562	  -0.043095
  22.861328	  -0.162896
  22.871094	  -0.224408
  22.880859	  -0.209099
  22.890625	  -0.126236
  22.900391	  -0.009273
  22.910156	   0.096491
  22.919922	   0.150450
  22.929688	   0.131396
  22.939453	   0.045058
  22.949219	  -0.078226
  22.958984	  -0.194789
  22.968750	  -0.263688
  22.978516	  -0.261636
  22.988281	  -0.191361
  22.998047	  -0.080354
  23.007812	   0.029476
  23.017578	   0.097397
  23.027344	   0.098946
  23.037109	   0.034950
  23.046875	  -0.068831
  23.056641	  -0.171303
  23.066406	  -0.231353
  23.076172	  -0.223211
  23.085938	  -0.146212
  23.095703	  -0.025341
  23.105469	   0.097692
  23.115234	   0.179588
  23.125000	   0.191285
  23.134766	   0.128685
  23.144531	   0.014320
  23.154297	  -0.110657
  23.164062	  -0.201291
  23.173828	  -0.225049
  23.183594	  -0.173565
  23.193359	  -0.065616
  23.203125	   0.059726
  23.212891	   0.157297
  23.222656	   0.192204
  23.232422	   0.152405
  23.242188	   0.052948
  23.251953	  -0.069641
  23.261719	  -0.170760
  23.271484	  -0.213985
  23.281250	  -0.184266
  23.291016	  -0.093246
  23.300781	   0.025189
  23.310547	   0.127470
  23.320312	   0.176386
  23.330078	   0.154718
  23.339844	   0.071485
  23.349609	  -0.041462
  23.359375	  -0.141228
  23.369141	  -0.189679
  23.378906	  -0.167473
  23.388672	  -0.081148
  23.398438	   0.039297
  23.408203	   0.151450
  23.417969	   0.216058
  23.427734	   0.211417
  23.437500	   0.141261
  23.447266	   0.033269
  23.457031	  -0.071270
  23.466797	  -0.132807
  23.476562	  -0.128260
  23.486328	  -0.059653
  23.496094	   0.046530
  23.505859	   0.149070
  23.515625	   0.207280
  23.525391	   0.196190
  23.535156	   0.116073
  23.544922	  -0.007265
  23.554688	  -0.131579
  23.564453	  -0.213414
  23.574219	  -0.223923
  23.583984	  -0.159503
  23.593750	  -0.043325
  23.603516	   0.082848
  23.613281	   0.173634
  23.623047	   0.196383
  23.632812	   0.142973
  23.642578	   0.032775
  23.652344	  -0.094317
  23.662109	  -0.192271
  23.671875	  -0.225513
  23.681641	  -0.181722
  23.691406	  -0.076205
  23.701172	   0.053717
  23.710938	   0.162260
  23.720703	   0.211725
  23.730469	   0.186043
  23.740234	   0.096421
  23.750000	  -0.022935
  23.759766	  -0.127400
  23.769531	  -0.178221
  23.779297	  -0.156565
  23.789062	  -0.070228
  23.798828	   0.049411
  23.808594	   0.159008
  23.818359	   0.219193
  23.828125	   0.208965
  23.837891	   0.133290
  23.847656	   0.021172
  23.857422	  -0.085090
  23.867188	  -0.145472
  23.876953	  -0.136915
  23.886719	  -0.061745
  23.896484	   0.053232
  23.906250	   0.166614
  23.916016	   0.237620
  23.925781	   0.241043
  23.935547	   0.176445
  23.945312	   0.068248
  23.955078	  -0.043318
  23.964844	  -0.117069
  23.974609	  -0.126049
  23.984375	  -0.067479
  23.994141	   0.036208
  24.003906	   0.145605
  24.013672	   0.218838
  24.023438	   0.227015
  24.033203	   0.164926
  24.042969	   0.053076
  24.052734	  -0.069731
  24.062500	  -0.160536
  24.072266	  -0.187936
  24.082031	  -0.143589
  24.091797	  -0.045297
  24.101562	   0.069489
  24.111328	   0.157378
  24.121094	   0.184958
  24.130859	   0.141097
  24.140625	   0.041113
  24.150391	  -0.078728
  24.160156	  -0.174412
  24.169922	  -0.210246
  24.179688	  -0.171956
  24.189453	  -0.072007
  24.199219	   0.054802
  24.208984	   0.163882
  24.218750	   0.216980
  24.228516	   0.196012
  24.238281	   0.109579
  24.248047	  -0.010221
  24.257812	  -0.119497
  24.267578	  -0.178541
  24.277344	  -0.166229
  24.287109	  -0.087637
  24.296875	   0.027920
  24.306641	   0.137657
  24.316406	   0.200983
  24.326172	   0.194304
  24.335938	   0.119588
  24.345703	   0.003565
  24.355469	  -0.112119
  24.365234	  -0.186179
  24.375000	  -0.192801
  24.384766	  -0.131058
  24.394531	  -0.025193
  24.404297	   0.084321
  24.414062	   0.155665
  24.423828	   0.161046
  24.433594	   0.096928
  24.443359	  -0.014629
  24.453125	  -0.134000
  24.462891	  -0.218471
  24.472656	  -0.237853
  24.482422	  -0.185523
  24.492188	  -0.080854
  24.501953	   0.037866
  24.511719	   0.127420
  24.521484	   0.155461
  24.531250	   0.112328
  24.541016	   0.014570
  24.550781	  -0.101121
  24.560547	  -0.191343
  24.570312	  -0.221881
  24.580078	  -0.180254
  24.589844	  -0.080318
  24.599609	   0.042743
  24.609375	   0.145234
  24.619141	   0.190875
  24.628906	   0.164034
  24.638672	   0.075432
  24.648438	  -0.041763
  24.658203	  -0.144026
  24.667969	  -0.193328
  24.677734	  -0.170982
  24.687500	  -0.084426
  24.697266	   0.035520
  24.707031	   0.145906
  24.716797	   0.207296
  24.726562	   0.198104
  24.736328	   0.122375
  24.746094	   0.008210
  24.755859	  -0.102578
  24.765625	  -0.169774
  24.775391	  -0.169424
  24.785156	  -0.102509
  24.794922	   0.005545
  24.804688	   0.114306
  24.814453	   0.183242
  24.824219	   0.186638
  24.833984	   0.123031
  24.843750	   0.015728
  24.853516	  -0.095783
  24.863281	  -0.170363
  24.873047	  -0.180363
  24.882812	  -0.121815
  24.892578	  -0.015929
  24.902344	   0.098661
  24.912109	   0.180050
  24.921875	   0.198447
  24.931641	   0.147121
  24.941406	   0.044911
  24.951172	  -0.070643
  24.960938	  -0.157053
  24.970703	  -0.182464
  24.980469	  -0.137382
  24.990234	  -0.038222
  25.000000	   0.078633
  25.009766	   0.170100
  25.019531	   0.202157
  25.029297	   0.162336
  25.039062	   0.064354
  25.048828	  -0.056807
  25.058594	  -0.157608
  25.068359	  -0.201817
  25.078125	  -0.173730
  25.087891	  -0.083938
  25.097656	   0.034506
  25.107422	   0.138110
  25.117188	   0.188799
  25.126953	   0.167818
  25.136719	   0.082617
  25.146484	  -0.035801
  25.156250	  -0.144114
  25.166016	  -0.202414
  25.175781	  -0.188708
  25.185547	  -0.106929
  25.195312	   0.014467
  25.205078	   0.132783
  25.214844	   0.206514
  25.224609	   0.210304
  25.234375	   0.144004
  25.244141	   0.032563
  25.253906	  -0.083176
  25.263672	  -0.161387
  25.273438	  -0.174436
  25.283203	  -0.118784
  25.292969	  -0.016043
  25.302734	   0.095154
  25.312500	   0.173456
  25.322266	   0.190008
  25.332031	   0.139000
  25.341797	   0.039704
  25.351562	  -0.070722
  25.361328	  -0.150991
  25.371094	  -0.170943
  25.380859	  -0.122674
  25.390625	  -0.023465
  25.400391	   0.090574
  25.410156	   0.177807
  25.419922	   0.206436
  25.429688	   0.166279
  25.439453	   0.072624
  25.449219	  -0.039268
  25.458984	  -0.127020
  25.468750	  -0.156663
  25.478516	  -0.115153
  25.488281	  -0.015287
  25.498047	   0.108779
  25.507812	   0.213795
  25.517578	   0.263006
  25.527344	   0.239367
  25.537109	   0.151608
  25.546875	   0.030930
  25.556641	  -0.080424
  25.566406	  -0.144539
  25.576172	  -0.141509
  25.585938	  -0.076451
  25.595703	   0.022688
  25.605469	   0.115694
  25.615234	   0.165099
  25.625000	   0.150121
  25.634766	   0.074401
  25.644531	  -0.035316
  25.654297	  -0.139054
  25.664062	  -0.198397
  25.673828	  -0.190755
  25.683594	  -0.117836
  25.693359	  -0.005176
  25.703125	   0.107118
  25.712891	   0.179032
  25.722656	   0.185358
  25.732422	   0.125013
  25.742188	   0.021540
  25.751953	  -0.085462
  25.761719	  -0.154851
  25.771484	  -0.159121
  25.781250	  -0.094678
  25.791016	   0.016587
  25.800781	   0.135034
  25.810547	   0.217559
  25.820312	   0.233232
  25.830078	   0.174600
  25.839844	   0.060524
  25.849609	  -0.070521
  25.859375	  -0.174264
  25.869141	  -0.216578
  25.878906	  -0.185756
  25.888672	  -0.096661
  25.898438	   0.014741
  25.908203	   0.104493
  25.917969	   0.136615
  25.927734	   0.096139
  25.937500	  -0.005522
  25.947266	  -0.134815
  25.957031	  -0.248318
  25.966797	  -0.308564
  25.976562	  -0.297632
  25.986328	  -0.223559
  25.996094	  -0.117250
  26.005859	  -0.021017
  26.015625	   0.027029
  26.025391	   0.007049
  26.035156	  -0.075162
  26.044922	  -0.190191
  26.054688	  -0.295681
  26.064453	  -0.351762
  26.074219	  -0.335602
  26.083984	  -0.249770
  26.093750	  -0.121363
  26.103516	   0.007787
  26.113281	   0.096246
  26.123047	   0.117923
  26.132812	   0.071383
  26.142578	  -0.019878
  26.152344	  -0.116275
  26.162109	  -0.176864
  26.171875	  -0.174561
  26.181641	  -0.106292
  26.191406	   0.005672
  26.201172	   0.121678
  26.210938	   0.199082
  26.220703	   0.207836
  26.230469	   0.141585
  26.240234	   0.020236
  26.250000	  -0.116958
  26.259766	  -0.225304
  26.269531	  -0.270540
  26.279297	  -0.240936
  26.289062	  -0.151273
  26.298828	  -0.037287
  26.308594	   0.057365
  26.318359	   0.096888
  26.328125	   0.066152
  26.337891	  -0.024067
  26.347656	  -0.141250
  26.357422	  -0.243091
  26.367188	  -0.292873
  26.376953	  -0.272625
  26.386719	  -0.189350
  26.396484	  -0.072121
  26.406250	   0.038766
  26.416016	   0.106518
  26.425781	   0.111030
  26.435547	   0.055696
  26.445312	  -0.034554
  26.455078	  -0.123167
  26.464844	  -0.176045
  26.474609	  -0.174518
  26.484375	  -0.122346
  26.494141	  -0.044172
  26.503906	   0.023992
  26.513672	   0.048662
  26.523438	   0.011948
  26.533203	  -0.081126
  26.542969	  -0.203862
  26.552734	  -0.317290
  26.562500	  -0.384314
  26.572266	  -0.383367
  26.582031	  -0.316490
  26.591797	  -0.208770
  26.601562	  -0.099238
  26.611328	  -0.026512
  26.621094	  -0.014434
  26.630859	  -0.063019
  26.640625	  -0.148124
  26.650391	  -0.230096
  26.660156	  -0.268317
  26.669922	  -0.236404
  26.679688	  -0.132486
  26.689453	   0.019279
  26.699219	   0.176634
  26.708984	   0.293868
  26.718750	   0.337974
  26.728516	   0.300537
  26.738281	   0.201034
  26.748047	   0.080317
  26.757812	  -0.013475
  26.767578	  -0.041581
  26.777344	   0.012022
  26.787109	   0.135281
  26.796875	   0.292569
  26.806641	   0.437351
  26.816406	   0.528418
  26.826172	   0.543897
  26.835938	   0.488090
  26.845703	   0.388843
  26.855469	   0.286601
  26.865234	   0.219266
  26.875000	   0.208447
  26.884766	   0.252091
  26.894531	   0.326083
  26.904297	   0.394067
  26.914062	   0.421722
  26.923828	   0.390126
  26.933594	   0.303202
  26.943359	   0.186479
  26.953125	   0.077649
  26.962891	   0.012427
  26.972656	   0.011009
  26.982422	   0.070181
  26.992188	   0.164072
  27.001953	   0.253339
  27.011719	   0.299454
  27.021484	   0.278867
  27.031250	   0.191807
  27.041016	   0.062468
  27.050781	  -0.069557
  27.060547	  -0.163505
  27.070312	  -0.192150
  27.080078	  -0.151631
  27.089844	  -0.062782
  27.099609	   0.036532
  27.109375	   0.105288
  27.119141	   0.114346
  27.128906	   0.057149
  27.138672	  -0.047824
  27.148438	  -0.163754
  27.158203	  -0.248901
  27.167969	  -0.271838
  27.177734	  -0.222965
  27.187500	  -0.118070
  27.197266	   0.007323
  27.207031	   0.110788
  27.216797	   0.158290
  27.226562	   0.136378
  27.236328	   0.056818
  27.246094	  -0.047999
  27.255859	  -0.137172
  27.265625	  -0.176474
  27.275391	  -0.151011
  27.285156	  -0.070715
  27.294922	   0.033357
  27.304688	   0.120560
  27.314453	   0.155797
  27.324219	   0.122677
  27.333984	   0.029854
  27.343750	  -0.091840
  27.353516	  -0.200451
  27.363281	  -0.258131
  27.373047	  -0.244995
  27.382812	  -0.166500
  27.392578	  -0.051645
  27.402344	   0.057420
  27.412109	   0.120605
  27.421875	   0.114413
  27.431641	   0.040485
  27.441406	  -0.074935
  27.451172	  -0.190443
  27.460938	  -0.264393
  27.470703	  -0.269874
  27.480469	  -0.204319
  27.490234	  -0.090259
  27.500000	   0.033007
  27.509766	   0.123782
  27.519531	   0.153097
  27.529297	   0.115103
  27.539062	   0.028937
  27.548828	  -0.068586
  27.558594	  -0.136733
  27.568359	  -0.145999
  27.578125	  -0.089070
  27.587891	   0.016440
  27.597656	   0.134473
  27.607422	   0.223863
  27.617188	   0.253612
  27.626953	   0.214484
  27.636719	   0.122605
  27.646484	   0.013732
  27.656250	  -0.069794
  27.666016	  -0.094631
  27.675781	  -0.048884
  27.685547	   0.053193
  27.695312	   0.175984
  27.705078	   0.275130
  27.714844	   0.313421
  27.724609	   0.274213
  27.734375	   0.167504
  27.744141	   0.026445
  27.753906	  -0.104459
  27.763672	  -0.185200
  27.773438	  -0.194436
  27.783203	  -0.136856
  27.792969	  -0.041112
  27.802734	   0.050910
  27.812500	   0.099554
  27.822266	   0.081963
  27.832031	   0.000461
  27.841797	  -0.118267
  27.851562	  -0.232873
  27.861328	  -0.302372
  27.871094	  -0.300988
  27.880859	  -0.227461
  27.890625	  -0.105431
  27.900391	   0.025189
  27.910156	   0.122651
  27.919922	   0.158354
  27.929688	   0.126880
  27.939453	   0.047484
  27.949219	  -0.043469
  27.958984	  -0.106277
  27.968750	  -0.112803
  27.978516	  -0.057010
  27.988281	   0.042732
  27.998047	   0.150392
  28.007812	   0.225589
  28.017578	   0.238543
  28.027344	   0.181176
  28.037109	   0.070252
  28.046875	  -0.058583
  28.056641	  -0.163701
  28.066406	  -0.212578
  28.076172	  -0.193532
  28.085938	  -0.119808
  28.095703	  -0.024490
  28.105469	   0.051877
  28.115234	   0.076422
  28.125000	   0.036259
  28.134766	  -0.056552
  28.144531	  -0.169262
  28.154297	  -0.260355
  28.164062	  -0.294808
  28.173828	  -0.257084
  28.183594	  -0.157094
  28.193359	  -0.026915
  28.203125	   0.090576
  28.212891	   0.157025
  28.222656	   0.152325
  28.232422	   0.081726
  28.242188	  -0.026230
  28.251953	  -0.130195
  28.261719	  -0.191084
  28.271484	  -0.186208
  28.281250	  -0.117338
  28.291016	  -0.009750
  28.300781	   0.097352
  28.310547	   0.165489
  28.320312	   0.171241
  28.330078	   0.114968
  28.339844	   0.020696
  28.349609	  -0.072808
  28.359375	  -0.126490
  28.369141	  -0.115680
  28.378906	  -0.039558
  28.388672	   0.078133
  28.398438	   0.197435
  28.408203	   0.276602
  28.417969	   0.287353
  28.427734	   0.225364
  28.437500	   0.112130
  28.447266	  -0.012564
  28.457031	  -0.104867
  28.466797	  -0.132664
  28.476562	  -0.087216
  28.486328	   0.013590
  28.496094	   0.131608
  28.505859	   0.222124
  28.515625	   0.249937
  28.525391	   0.202024
  28.535156	   0.092196
  28.544922	  -0.043907
  28.554688	  -0.161682
  28.564453	  -0.223603
  28.574219	  -0.212639
  28.583984	  -0.138180
  28.593750	  -0.032378
  28.603516	   0.061752
  28.613281	   0.106116
  28.623047	   0.081459
  28.632812	  -0.005625
  28.642578	  -0.125115
  28.652344	  -0.234497
  28.662109	  -0.294199
  28.671875	  -0.281907
  28.681641	  -0.200542
  28.691406	  -0.077061
  28.701172	   0.047462
  28.710938	   0.132786
  28.720703	   0.154023
  28.730469	   0.110427
  28.740234	   0.025274
  28.750000	  -0.063047
  28.759766	  -0.115430
  28.769531	  -0.106615
  28.779297	  -0.034553
  28.789062	   0.078835
  28.798828	   0.195770
  28.808594	   0.276572
  28.818359	   0.294309
  28.828125	   0.244722
  28.837891	   0.147765
  28.847656	   0.040184
  28.857422	  -0.038131
  28.867188	  -0.058990
  28.876953	  -0.016457
  28.886719	   0.070804
  28.896484	   0.166302
  28.906250	   0.229151
  28.916016	   0.229260
  28.925781	   0.158690
  28.935547	   0.034983
  28.945312	  -0.104830
  28.955078	  -0.217396
  28.964844	  -0.268626
  28.974609	  -0.246028
  28.984375	  -0.163270
  28.994141	  -0.055288
  29.003906	   0.034333
  29.013672	   0.069128
  29.023438	   0.032983
  29.033203	  -0.063993
  29.042969	  -0.189060
  29.052734	  -0.298612
  29.062500	  -0.353843
  29.072266	  -0.334628
  29.082031	  -0.246626
  29.091797	  -0.119046
  29.101562	   0.006042
  29.111328	   0.088932
  29.121094	   0.106473
  29.130859	   0.060081
  29.140625	  -0.025310
  29.150391	  -0.110901
  29.160156	  -0.158679
  29.169922	  -0.145658
  29.179688	  -0.072459
  29.189453	   0.036916
  29.199219	   0.144012
  29.208984	   0.210245
  29.218750	   0.211321
  29.228516	   0.146414
  29.238281	   0.038683
  29.248047	  -0.073092
  29.257812	  -0.148737
  29.267578	  -0.161542
  29.277344	  -0.108301
  29.287109	  -0.010801
  29.296875	   0.091840
  29.306641	   0.157266
  29.316406	   0.155296
  29.326172	   0.079082
  29.335938	  -0.052063
  29.345703	  -0.199199
  29.355469	  -0.317311
  29.365234	  -0.370996
  29.375000	  -0.346627
  29.384766	  -0.256650
  29.394531	  -0.134549
  29.404297	  -0.022376
  29.414062	   0.044532
  29.423828	   0.050060
  29.433594	   0.002525
  29.443359	  -0.069235
  29.453125	  -0.127351
  29.462891	  -0.139649
  29.472656	  -0.092132
  29.482422	   0.005461
  29.492188	   0.123061
  29.501953	   0.221393
  29.511719	   0.266675
  29.521484	   0.243419
  29.531250	   0.160521
  29.541016	   0.048324
  29.550781	  -0.052349
  29.560547	  -0.105194
  29.570312	  -0.091941
  29.580078	  -0.019340
  29.589844	   0.083021
  29.599609	   0.173404
  29.609375	   0.213267
  29.619141	   0.181692
  29.628906	   0.083602
  29.638672	  -0.051334
  29.648438	  -0.178812
  29.658203	  -0.255457
  29.667969	  -0.254253
  29.677734	  -0.174270
  29.687500	  -0.041138
  29.697266	   0.101949
  29.707031	   0.209497
  29.716797	   0.249771
  29.726562	   0.215893
  29.736328	   0.127982
  29.746094	   0.025601
  29.755859	  -0.046755
  29.765625	  -0.055873
  29.775391	   0.008101
  29.785156	   0.128073
  29.794922	   0.266145
  29.804688	   0.377234
  29.814453	   0.425225
  29.824219	   0.395801
  29.833984	   0.301369
  29.843750	   0.176345
  29.853516	   0.064605
  29.863281	   0.003689
  29.873047	   0.011523
  29.882812	   0.080420
  29.892578	   0.180463
  29.902344	   0.270911
  29.912109	   0.315378
  29.921875	   0.295157
  29.931641	   0.215845
  29.941406	   0.104872
  29.951172	   0.000942
  29.960938	  -0.060640
  29.970703	  -0.061288
  29.980469	  -0.006123
  29.990234	   0.077948
  30.000000	   0.152374
  30.009766	   0.181550
  30.019531	   0.146454
  30.029297	   0.052219
  30.039062	  -0.073213
  30.048828	  -0.188937
  30.058594	  -0.255894
  30.068359	  -0.251214
  30.078125	  -0.176844
  30.087891	  -0.059229
  30.097656	   0.059879
  30.107422	   0.138225
  30.117188	   0.148087
  30.126953	   0.086122
  30.136719	  -0.025569
  30.146484	  -0.147521
  30.156250	  -0.237201
  30.166016	  -0.264304
  30.175781	  -0.221511
  30.185547	  -0.126805
  30.195312	  -0.016570
  30.205078	   0.067976
  30.214844	   0.095999
  30.224609	   0.058344
  30.234375	  -0.029238
  30.244141	  -0.132071
  30.253906	  -0.209543
  30.263672	  -0.230269
  30.273438	  -0.183860
  30.283203	  -0.084922
  30.292969	   0.032197
  30.302734	   0.125989
  30.312500	   0.163093
  30.322266	   0.130674
  30.332031	   0.041302
  30.341797	  -0.071506
  30.351562	  -0.165487
  30.361328	  -0.205130
  30.371094	  -0.174788
  30.380859	  -0.084594
  30.390625	   0.033063
  30.400391	   0.135227
  30.410156	   0.184022
  30.419922	   0.160546
  30.429688	   0.071922
  30.439453	  -0.051083
  30.449219	  -0.165063
  30.458984	  -0.229613
  30.468750	  -0.221936
  30.478516	  -0.145104
  30.488281	  -0.026962
  30.498047	   0.089936
  30.507812	   0.163703
  30.517578	   0.168233
  30.527344	   0.102558
  30.537109	  -0.008935
  30.546875	  -0.125484
  30.556641	  -0.204842
  30.566406	  -0.218636
  30.576172	  -0.162601
  30.585938	  -0.057974
  30.595703	   0.056431
  30.605469	   0.138539
  30.615234	   0.158469
  30.625000	   0.109462
  30.634766	   0.010285
  30.644531	  -0.101763
  30.654297	  -0.184659
  30.664062	  -0.207206
  30.673828	  -0.160611
  30.683594	  -0.061820
  30.693359	   0.052623
  30.703125	   0.139982
  30.712891	   0.167073
  30.722656	   0.122604
  30.732422	   0.021546
  30.742188	  -0.100083
  30.751953	  -0.198170
  30.761719	  -0.236499
  30.771484	  -0.199966
  30.781250	  -0.100201
  30.791016	   0.028460
  30.800781	   0.141207
  30.810547	   0.198775
  30.820312	   0.181443
  30.830078	   0.095957
  30.839844	  -0.027092
  30.849609	  -0.144442
  30.859375	  -0.215804
  30.869141	  -0.218256
  30.878906	  -0.154191
  30.888672	  -0.049971
  30.898438	   0.054130
  30.908203	   0.118956
  30.917969	   0.120928
  30.927734	   0.060613
  30.937500	  -0.037701
  30.947266	  -0.135213
  30.957031	  -0.193183
  30.966797	  -0.187439
  30.976562	  -0.117466
  30.986328	  -0.006702
  30.996094	   0.106067
  31.005859	   0.181029
  31.015625	   0.192111
  31.025391	   0.136687
  31.035156	   0.036648
  31.044922	  -0.069630
  31.054688	  -0.141461
  31.064453	  -0.150981
  31.074219	  -0.093626
  31.083984	   0.009929
  31.093750	   0.121165
  31.103516	   0.197780
  31.113281	   0.209293
  31.123047	   0.148459
  31.132812	   0.034278
  31.142578	  -0.094584
  31.152344	  -0.193631
  31.162109	  -0.228616
  31.171875	  -0.188023
  31.181641	  -0.087388
  31.191406	   0.036174
  31.201172	   0.137273
  31.210938	   0.178591
  31.220703	   0.144347
  31.230469	   0.045997
  31.240234	  -0.081898
  31.250000	  -0.194146
  31.259766	  -0.251209
  31.269531	  -0.233396
  31.279297	  -0.147833
  31.289062	  -0.025699
  31.298828	   0.089215
  31.308594	   0.156437
  31.318359	   0.153412
  31.328125	   0.083461
  31.337891	  -0.025765
  31.347656	  -0.132718
  31.357422	  -0.197391
  31.367188	  -0.196089
  31.376953	  -0.130072
  31.386719	  -0.024934
  31.396484	   0.079060
  31.406250	   0.142086
  31.416016	   0.139724
  31.425781	   0.072246
  31.435547	  -0.035261
  31.445312	  -0.142005
  31.455078	  -0.206534
  31.464844	  -0.202188
  31.474609	  -0.127255
  31.484375	  -0.006036
  31.494141	   0.119639
  31.503906	   0.205433
  31.513672	   0.220604
  31.523438	   0.159310
  31.533203	   0.042966
  31.542969	  -0.087272
  31.552734	  -0.185220
  31.562500	  -0.216261
  31.572266	  -0.169801
  31.582031	  -0.063079
  31.591797	   0.065101
  31.601562	   0.168435
  31.611328	   0.209896
  31.621094	   0.175147
  31.630859	   0.077720
  31.640625	  -0.045915
  31.650391	  -0.149585
  31.660156	  -0.194151
  31.669922	  -0.161669
  31.679688	  -0.061835
  31.689453	   0.071593
  31.699219	   0.193084
  31.708984	   0.261839
  31.718750	   0.256496
  31.728516	   0.182709
  31.738281	   0.070861
  31.748047	  -0.035207
  31.757812	  -0.094315
  31.767578	  -0.083003
  31.777344	  -0.004057
  31.787109	   0.114601
  31.796875	   0.230208
  31.806641	   0.300838
  31.816406	   0.300722
  31.826172	   0.229593
  31.835938	   0.112665
  31.845703	  -0.008704
  31.855469	  -0.092222
  31.865234	  -0.110121
  31.875000	  -0.059202
  31.884766	   0.038219
  31.894531	   0.142780
  31.904297	   0.212822
  31.914062	   0.219925
  31.923828	   0.159527
  31.933594	   0.052639
  31.943359	  -0.061961
  31.953125	  -0.142204
  31.962891	  -0.158535
  31.972656	  -0.105173
  31.982422	  -0.002628
  31.992188	   0.109547
  32.001953	   0.187173
  32.011719	   0.197777
  32.021484	   0.132849
  32.031250	   0.011446
  32.041016	  -0.126245
  32.050781	  -0.233167
  32.060547	  -0.272334
  32.070312	  -0.230316
  32.080078	  -0.122333
  32.089844	   0.012944
  32.099609	   0.127087
  32.109375	   0.179184
  32.119141	   0.150498
  32.128906	   0.051207
  32.138672	  -0.083196
  32.148438	  -0.204547
  32.158203	  -0.269153
  32.167969	  -0.253255
  32.177734	  -0.161275
  32.187500	  -0.023928
  32.197266	   0.113032
  32.207031	   0.205309
  32.216797	   0.225783
  32.226562	   0.173790
  32.236328	   0.074658
  32.246094	  -0.030212
  32.255859	  -0.098992
  32.265625	  -0.105009
  32.275391	  -0.046537
  32.285156	   0.052772
  32.294922	   0.152907
  32.304688	   0.212592
  32.314453	   0.204836
  32.324219	   0.127178
  32.333984	   0.002807
  32.343750	  -0.127847
  32.353516	  -0.221973
  32.363281	  -0.250173
  32.373047	  -0.207366
  32.382812	  -0.114703
  32.392578	  -0.011758
  32.402344	   0.058179
  32.412109	   0.064323
  32.421875	   0.000118
  32.431641	  -0.113888
  32.441406	  -0.237186
  32.451172	  -0.323911
  32.460938	  -0.339649
  32.470703	  -0.274281
  32.480469	  -0.146143
  32.490234	   0.004105
  32.500000	   0.127759
  32.509766	   0.185377
  32.519531	   0.160870
  32.529297	   0.067261
  32.539062	  -0.057987
  32.548828	  -0.166419
  32.558594	  -0.215980
  32.568359	  -0.186070
  32.578125	  -0.084869
  32.587891	   0.053692
  32.597656	   0.182176
  32.607422	   0.256642
  32.617188	   0.252247
  32.626953	   0.171835
  32.636719	   0.044476
  32.646484	  -0.085398
  32.656250	  -0.174237
  32.666016	  -0.195000
  32.675781	  -0.146498
  32.685547	  -0.053076
  32.695312	   0.045111
  32.705078	   0.107566
  32.714844	   0.108867
  32.724609	   0.048303
  32.734375	  -0.049852
  32.744141	  -0.145518
  32.753906	  -0.198027
  32.763672	  -0.181694
  32.773438	  -0.095930
  32.783203	   0.033948
  32.792969	   0.165593
  32.802734	   0.255002
  32.812500	   0.272738
  32.822266	   0.215015
  32.832031	   0.105459
  32.841797	  -0.013205
  32.851562	  -0.094625
  32.861328	  -0.105841
  32.871094	  -0.039641
  32.880859	   0.082332
  32.890625	   0.216968
  32.900391	   0.314999
  32.910156	   0.338763
  32.919922	   0.276004
  32.929688	   0.144684
  32.939453	  -0.013004
  32.949219	  -0.145337
  32.958984	  -0.209257
  32.968750	  -0.185541
  32.978516	  -0.085546
  32.988281	   0.052903
  32.998047	   0.178967
  33.007812	   0.246758
  33.017578	   0.231375
  33.027344	   0.137313
  33.037109	  -0.003685
  33.046875	  -0.144437
  33.056641	  -0.239424
  33.066406	  -0.260971
  33.076172	  -0.208662
  33.085938	  -0.108704
  33.095703	  -0.003609
  33.105469	   0.063894
  33.115234	   0.066744
  33.125000	   0.003405
  33.134766	  -0.101879
  33.144531	  -0.208422
  33.154297	  -0.274500
  33.164062	  -0.273048
  33.173828	  -0.201827
  33.183594	  -0.084289
  33.193359	   0.039164
  33.203125	   0.126271
  33.212891	   0.148721
  33.222656	   0.102809
  33.232422	   0.010925
  33.242188	  -0.086709
  33.251953	  -0.147042
  33.261719	  -0.140401
  33.271484	  -0.061899
  33.281250	   0.066238
  33.291016	   0.202365
  33.300781	   0.300363
  33.310547	   0.326420
  33.320312	   0.271449
  33.330078	   0.154578
  33.339844	   0.016345
  33.349609	  -0.095957
  33.359375	  -0.145463
  33.369141	  -0.119156
  33.378906	  -0.032576
  33.388672	   0.075950
  33.398438	   0.159516
  33.408203	   0.180106
  33.417969	   0.122934
  33.427734	   0.002359
  33.437500	  -0.142866
  33.447266	  -0.263376
  33.457031	  -0.317060
  33.466797	  -0.284532
  33.476562	  -0.176552
  33.486328	  -0.030647
  33.496094	   0.101940
  33.505859	   0.174317
  33.515625	   0.160548
  33.525391	   0.064828
  33.535156	  -0.080077
  33.544922	  -0.224548
  33.554688	  -0.319763
  33.564453	  -0.334924
  33.574219	  -0.267876
  33.583984	  -0.145349
  33.593750	  -0.012831
  33.603516	   0.082194
  33.613281	   0.107492
  33.623047	   0.057561
  33.632812	  -0.044781
  33.642578	  -0.157194
  33.652344	  -0.233696
  33.662109	  -0.241753
  33.671875	  -0.174298
  33.681641	  -0.052277
  33.691406	   0.083167
  33.701172	   0.185972
  33.710938	   0.222234
  33.720703	   0.182778
  33.730469	   0.086590
  33.740234	  -0.026183
  33.750000	  -0.109085
  33.759766	  -0.126595
  33.769531	  -0.067425
  33.779297	   0.051074
  33.789062	   0.189024
  33.798828	   0.298475
  33.808594	   0.340906
  33.818359	   0.301377
  33.828125	   0.194119
  33.837891	   0.057480
  33.847656	  -0.059947
  33.857422	  -0.116977
  33.867188	  -0.094812
  33.876953	  -0.003858
  33.886719	   0.120128
  33.896484	   0.229187
  33.906250	   0.280794
  33.916016	   0.253554
  33.925781	   0.155191
  33.935547	   0.019892
  33.945312	  -0.104070
  33.955078	  -0.171921
  33.964844	  -0.158793
  33.974609	  -0.068934
  33.984375	   0.065647
  33.994141	   0.196649
  34.003906	   0.276902
  34.013672	   0.277419
  34.023438	   0.197859
  34.033203	   0.066594
  34.042969	  -0.069655
  34.052734	  -0.162857
  34.062500	  -0.181174
  34.072266	  -0.120567
  34.082031	  -0.006270
  34.091797	   0.116395
  34.101562	   0.198532
  34.111328	   0.205508
  34.121094	   0.129618
  34.130859	  -0.007005
  34.140625	  -0.160299
  34.150391	  -0.280094
  34.160156	  -0.328116
  34.169922	  -0.291623
  34.179688	  -0.187779
  34.189453	  -0.057210
  34.199219	   0.050831
  34.208984	   0.096252
  34.218750	   0.062384
  34.228516	  -0.038444
  34.238281	  -0.169962
  34.248047	  -0.285667
  34.257812	  -0.346089
  34.267578	  -0.333196
  34.277344	  -0.256663
  34.287109	  -0.149731
  34.296875	  -0.056286
  34.306641	  -0.014005
  34.316406	  -0.039922
  34.326172	  -0.123817
  34.335938	  -0.231966
  34.345703	  -0.319904
  34.355469	  -0.349460
  34.365234	  -0.303719
  34.375000	  -0.194229
  34.384766	  -0.057618
  34.394531	   0.057320
  34.404297	   0.107459
  34.414062	   0.071586
  34.423828	  -0.040971
  34.433594	  -0.192654
  34.443359	  -0.330299
  34.453125	  -0.403689
  34.462891	  -0.383409
  34.472656	  -0.271599
  34.482422	  -0.101653
  34.492188	   0.073119
  34.501953	   0.197892
  34.511719	   0.235272
  34.521484	   0.178066
  34.531250	   0.051364
  34.541016	  -0.096749
  34.550781	  -0.212453
  34.560547	  -0.255211
  34.570312	  -0.211726
  34.580078	  -0.099918
  34.589844	   0.038373
  34.599609	   0.153155
  34.609375	   0.204689
  34.619141	   0.177804
  34.628906	   0.086951
  34.638672	  -0.029732
  34.648438	  -0.125033
  34.658203	  -0.160471
  34.667969	  -0.120659
  34.677734	  -0.018926
  34.687500	   0.107881
  34.697266	   0.213448
  34.707031	   0.259636
  34.716797	   0.231138
  34.726562	   0.141621
  34.736328	   0.028988
  34.746094	  -0.058600
  34.755859	  -0.080820
  34.765625	  -0.020753
  34.775391	   0.107927
  34.785156	   0.264930
  34.794922	   0.397224
  34.804688	   0.457910
  34.814453	   0.423294
  34.824219	   0.301954
  34.833984	   0.132427
  34.843750	  -0.029774
  34.853516	  -0.131261
  34.863281	  -0.139207
  34.873047	  -0.052589
  34.882812	   0.097755
  34.892578	   0.260225
  34.902344	   0.380688
  34.912109	   0.421315
  34.921875	   0.373336
  34.931641	   0.259254
  34.941406	   0.123913
  34.951172	   0.017820
  34.960938	  -0.021148
  34.970703	   0.018988
  34.980469	   0.120761
  34.990234	   0.244520
  35.000000	   0.343618
  35.009766	   0.381795
  35.019531	   0.346271
  35.029297	   0.251780
  35.039062	   0.134170
  35.048828	   0.036117
  35.058594	  -0.009551
  35.068359	   0.007428
  35.078125	   0.070835
  35.087891	   0.144406
  35.097656	   0.186200
  35.107422	   0.165507
  35.117188	   0.075826
  35.126953	  -0.061112
  35.136719	  -0.202050
  35.146484	  -0.297391
  35.156250	  -0.309381
  35.166016	  -0.226613
  35.175781	  -0.069361
  35.185547	   0.116445
  35.195312	   0.274659
  35.205078	   0.358367
  35.214844	   0.346361
  35.224609	   0.250650
  35.234375	   0.112204
  35.244141	  -0.013679
  35.253906	  -0.077179
  35.263672	  -0.051877
  35.273438	   0.055693
  35.283203	   0.208303
  35.292969	   0.351348
  35.302734	   0.432446
  35.312500	   0.420270
  35.322266	   0.315839
  35.332031	   0.152192
  35.341797	  -0.017446
  35.351562	  -0.138719
  35.361328	  -0.175540
  35.371094	  -0.122832
  35.380859	  -0.008020
  35.390625	   0.119254
  35.400391	   0.205422
  35.410156	   0.212663
  35.419922	   0.132802
  35.429688	  -0.009602
  35.439453	  -0.166103
  35.449219	  -0.281934
  35.458984	  -0.315946
  35.468750	  -0.255678
  35.478516	  -0.122135
  35.488281	   0.037461
  35.498047	   0.166310
  35.507812	   0.218034
  35.517578	   0.172853
  35.527344	   0.044136
  35.537109	  -0.126951
  35.546875	  -0.286650
  35.556641	  -0.388082
  35.566406	  -0.407884
  35.576172	  -0.354010
  35.585938	  -0.261946
  35.595703	  -0.180848
  35.605469	  -0.154774
  35.615234	  -0.205953
  35.625000	  -0.326228
  35.634766	  -0.479797
  35.644531	  -0.616198
  35.654297	  -0.688719
  35.664062	  -0.671444
  35.673828	  -0.568654
  35.683594	  -0.413126
  35.693359	  -0.253986
  35.703125	  -0.138606
  35.712891	  -0.095241
  35.722656	  -0.122840
  35.732422	  -0.191800
  35.742188	  -0.255427
  35.751953	  -0.267867
  35.761719	  -0.201887
  35.771484	  -0.059860
  35.781250	   0.126207
  35.791016	   0.305763
  35.800781	   0.427986
  35.810547	   0.460621
  35.820312	   0.402458
  35.830078	   0.284777
  35.839844	   0.161053
  35.849609	   0.088424
  35.859375	   0.107482
  35.869141	   0.227562
  35.878906	   0.422815
  35.888672	   0.640504
  35.898438	   0.818647
  35.908203	   0.906805
  35.917969	   0.882737
  35.927734	   0.759175
  35.937500	   0.578510
  35.947266	   0.397489
  35.957031	   0.267526
  35.966797	   0.217653
  35.976562	   0.246061
  35.986328	   0.322938
  35.996094	   0.403172
  36.005859	   0.443993
  36.015625	   0.420887
  36.025391	   0.336003
  36.035156	   0.216119
  36.044922	   0.101229
  36.054688	   0.028306
  36.064453	   0.016522
  36.074219	   0.059625
  36.083984	   0.128366
  36.093750	   0.182078
  36.103516	   0.184951
  36.113281	   0.120775
  36.123047	   0.000405
  36.132812	  -0.141062
  36.142578	  -0.256583
  36.152344	  -0.304484
  36.162109	  -0.264393
  36.171875	  -0.145758
  36.181641	   0.014411
  36.191406	   0.164015
  36.201172	   0.254180
  36.210938	   0.256804
  36.220703	   0.174903
  36.230469	   0.041838
  36.240234	  -0.090466
  36.250000	  -0.170200
  36.259766	  -0.164572
  36.269531	  -0.072073
  36.279297	   0.076395
  36.289062	   0.228065
  36.298828	   0.326839
  36.308594	   0.333220
  36.318359	   0.238500
  36.328125	   0.068101
  36.337891	  -0.127174
  36.347656	  -0.288886
  36.357422	  -0.371368
  36.367188	  -0.357546
  36.376953	  -0.264540
  36.386719	  -0.137125
  36.396484	  -0.031451
  36.406250	   0.005081
  36.416016	  -0.049414
  36.425781	  -0.183835
  36.435547	  -0.358474
  36.445312	  -0.519486
  36.455078	  -0.618109
  36.464844	  -0.627640
  36.474609	  -0.552091
  36.484375	  -0.423562
  36.494141	  -0.289509
  36.503906	  -0.194780
  36.513672	  -0.165108
  36.523438	  -0.198141
  36.533203	  -0.265239
  36.542969	  -0.323211
  36.552734	  -0.331500
  36.562500	  -0.268315
  36.572266	  -0.139623
  36.582031	   0.022410
  36.591797	   0.170984
  36.601562	   0.261956
  36.611328	   0.270430
  36.621094	   0.200420
  36.630859	   0.083936
  36.640625	  -0.030298
  36.650391	  -0.094392
  36.660156	  -0.078718
  36.669922	   0.017226
  36.679688	   0.164508
  36.689453	   0.315191
  36.699219	   0.419699
  36.708984	   0.444754
  36.718750	   0.385321
  36.728516	   0.266138
  36.738281	   0.132283
  36.748047	   0.032233
  36.757812	  -0.000333
  36.767578	   0.040751
  36.777344	   0.131657
  36.787109	   0.227290
  36.796875	   0.278089
  36.806641	   0.248740
  36.816406	   0.131913
  36.826172	  -0.048116
  36.835938	  -0.243395
  36.845703	  -0.398998
  36.855469	  -0.472457
  36.865234	  -0.448874
  36.875000	  -0.346146
  36.884766	  -0.208346
  36.894531	  -0.089599
  36.904297	  -0.034269
  36.914062	  -0.060660
  36.923828	  -0.154187
  36.933594	  -0.272548
  36.943359	  -0.361091
  36.953125	  -0.372848
  36.962891	  -0.285989
  36.972656	  -0.112393
  36.982422	   0.105810
  36.992188	   0.310485
  37.001953	   0.447432
  37.011719	   0.484850
  37.021484	   0.423736
  37.031250	   0.296563
  37.041016	   0.154835
  37.050781	   0.050128
  37.060547	   0.015554
  37.070312	   0.054349
  37.080078	   0.139648
  37.089844	   0.225366
  37.099609	   0.264061
  37.109375	   0.225114
  37.119141	   0.106497
  37.128906	  -0.064181
  37.138672	  -0.239688
  37.148438	  -0.370476
  37.158203	  -0.422834
  37.167969	  -0.391138
  37.177734	  -0.299640
  37.187500	  -0.193139
  37.197266	  -0.119991
  37.207031	  -0.113789
  37.216797	  -0.180548
  37.226562	  -0.296216
  37.236328	  -0.415520
  37.246094	  -0.488937
  37.255859	  -0.481560
  37.265625	  -0.386844
  37.275391	  -0.230063
  37.285156	  -0.060067
  37.294922	   0.067786
  37.304688	   0.111365
  37.314453	   0.056976
  37.324219	  -0.075539
  37.333984	  -0.239738
  37.343750	  -0.379110
  37.353516	  -0.447210
  37.363281	  -0.424099
  37.373047	  -0.323109
  37.382812	  -0.185463
  37.392578	  -0.064717
  37.402344	  -0.006727
  37.412109	  -0.032483
  37.421875	  -0.130120
  37.431641	  -0.259073
  37.441406	  -0.364892
  37.451172	  -0.399315
  37.460938	  -0.338240
  37.470703	  -0.190981
  37.480469	   0.002651
  37.490234	   0.186451
  37.500000	   0.308023
  37.509766	   0.337726
  37.519531	   0.279432
  37.529297	   0.169108
  37.539062	   0.061666
  37.548828	   0.010785
  37.558594	   0.049010
  37.568359	   0.175361
  37.578125	   0.354977
  37.587891	   0.531017
  37.597656	   0.644568
  37.607422	   0.655455
  37.617188	   0.556489
  37.626953	   0.376095
  37.636719	   0.168435
  37.646484	  -0.005372
  37.656250	  -0.098136
  37.666016	  -0.092145
  37.675781	  -0.003912
  37.685547	   0.123355
  37.695312	   0.236567
  37.705078	   0.292538
  37.714844	   0.273430
  37.724609	   0.192276
  37.734375	   0.086719
  37.744141	   0.003525
  37.753906	  -0.020179
  37.763672	   0.028214
  37.773438	   0.131421
  37.783203	   0.248480
  37.792969	   0.330233
  37.802734	   0.338247
  37.812500	   0.260040
  37.822266	   0.114764
  37.832031	  -0.052948
  37.841797	  -0.188872
  37.851562	  -0.249049
  37.861328	  -0.216283
  37.871094	  -0.107107
  37.880859	   0.033494
  37.890625	   0.147842
  37.900391	   0.186131
  37.910156	   0.124343
  37.919922	  -0.027081
  37.929688	  -0.227015
  37.939453	  -0.418547
  37.949219	  -0.549574
  37.958984	  -0.591538
  37.968750	  -0.549395
  37.978516	  -0.459110
  37.988281	  -0.373560
  37.998047	  -0.342030
  38.007812	  -0.390923
  38.017578	  -0.512924
  38.027344	  -0.668822
  38.037109	  -0.801532
  38.046875	  -0.857359
  38.056641	  -0.806725
  38.066406	  -0.656673
  38.076172	  -0.450293
  38.085938	  -0.252931
  38.095703	  -0.129844
  38.105469	  -0.123150
  38.115234	  -0.236326
  38.125000	  -0.431924
  38.134766	  -0.643520
  38.144531	  -0.797863
  38.154297	  -0.839544
  38.164062	  -0.749569
  38.173828	  -0.551377
  38.183594	  -0.302267
  38.193359	  -0.073357
  38.203125	   0.074780
  38.212891	   0.112212
  38.222656	   0.048501
  38.232422	  -0.072553
  38.242188	  -0.190107
  38.251953	  -0.248959
  38.261719	  -0.219475
  38.271484	  -0.107620
  38.281250	   0.048305
  38.291016	   0.192744
  38.300781	   0.273987
  38.310547	   0.263422
  38.320312	   0.165838
  38.330078	   0.017104
  38.339844	  -0.129730
  38.349609	  -0.224569
  38.359375	  -0.239013
  38.369141	  -0.176651
  38.378906	  -0.071053
  38.388672	   0.027763
  38.398438	   0.073267
  38.408203	   0.041188
  38.417969	  -0.060048
  38.427734	  -0.191315
  38.437500	  -0.296676
  38.447266	  -0.324172
  38.457031	  -0.245808
  38.466797	  -0.069268
  38.476562	   0.163214
  38.486328	   0.388679
  38.496094	   0.545145
  38.505859	   0.593394
  38.515625	   0.530899
  38.525391	   0.392729
  38.535156	   0.238930
  38.544922	   0.132835
  38.554688	   0.118041
  38.564453	   0.202400
  38.574219	   0.354823
  38.583984	   0.516168
  38.593750	   0.620332
  38.603516	   0.618018
  38.613281	   0.494631
  38.623047	   0.275883
  38.632812	   0.019097
  38.642578	  -0.206642
  38.652344	  -0.344318
  38.662109	  -0.368257
  38.671875	  -0.291957
  38.681641	  -0.161787
  38.691406	  -0.038988
  38.701172	   0.023342
  38.710938	  -0.000119
  38.720703	  -0.097831
  38.730469	  -0.226049
  38.740234	  -0.325417
  38.750000	  -0.343305
  38.759766	  -0.253643
  38.769531	  -0.066959
  38.779297	   0.173008
  38.789062	   0.404810
  38.798828	   0.571122
  38.808594	   0.638827
  38.818359	   0.609965
  38.828125	   0.519561
  38.837891	   0.421261
  38.847656	   0.366215
  38.857422	   0.383188
  38.867188	   0.467389
  38.876953	   0.582279
  38.886719	   0.673744
  38.896484	   0.691361
  38.906250	   0.608767
  38.916016	   0.435367
  38.925781	   0.214777
  38.935547	   0.010280
  38.945312	  -0.117567
  38.955078	  -0.133017
  38.964844	  -0.038714
  38.974609	   0.124396
  38.984375	   0.291086
  38.994141	   0.394913
  39.003906	   0.392069
  39.013672	   0.277355
  39.023438	   0.086386
  39.033203	  -0.116950
  39.042969	  -0.263359
  39.052734	  -0.303171
  39.062500	  -0.224478
  39.072266	  -0.057790
  39.082031	   0.134571
  39.091797	   0.280568
  39.101562	   0.324118
  39.111328	   0.245069
  39.121094	   0.066266
  39.130859	  -0.154844
  39.140625	  -0.347049
  39.150391	  -0.451070
  39.160156	  -0.440826
  39.169922	  -0.332527
  39.179688	  -0.178307
  39.189453	  -0.046723
  39.199219	   0.002765
  39.208984	  -0.057956
  39.218750	  -0.214806
  39.228516	  -0.416049
  39.238281	  -0.590586
  39.248047	  -0.673384
  39.257812	  -0.628824
  39.267578	  -0.463522
  39.277344	  -0.223995
  39.287109	   0.019896
  39.296875	   0.199652
  39.306641	   0.271960
  39.316406	   0.232948
  39.326172	   0.117778
  39.335938	  -0.014162
  39.345703	  -0.102844
  39.355469	  -0.111122
  39.365234	  -0.039357
  39.375000	   0.074409
  39.384766	   0.168922
  39.394531	   0.183583
  39.404297	   0.082871
  39.414062	  -0.127841
  39.423828	  -0.401194
  39.433594	  -0.662297
  39.443359	  -0.833835
  39.453125	  -0.863001
  39.462891	  -0.740591
  39.472656	  -0.505314
  39.482422	  -0.231566
  39.492188	  -0.004815
  39.501953	   0.106861
  39.511719	   0.075166
  39.521484	  -0.079830
  39.531250	  -0.297723
  39.541016	  -0.499350
  39.550781	  -0.614082
  39.560547	  -0.603142
  39.570312	  -0.470877
  39.580078	  -0.260423
  39.589844	  -0.035886
  39.599609	   0.141975
  39.609375	   0.237420
  39.619141	   0.250811
  39.628906	   0.215305
  39.638672	   0.180863
  39.648438	   0.192054
  39.658203	   0.268446
  39.667969	   0.395334
  39.677734	   0.528557
  39.687500	   0.611724
  39.697266	   0.599297
  39.707031	   0.476588
  39.716797	   0.268694
  39.726562	   0.034378
  39.736328	  -0.153419
  39.746094	  -0.233662
  39.755859	  -0.180378
  39.765625	  -0.014145
  39.775391	   0.202819
  39.785156	   0.386802
  39.794922	   0.461213
  39.804688	   0.383666
  39.814453	   0.161800
  39.824219	  -0.148022
  39.833984	  -0.459016
  39.843750	  -0.683072
  39.853516	  -0.760542
  39.863281	  -0.680295
  39.873047	  -0.482963
  39.882812	  -0.246263
  39.892578	  -0.057602
  39.902344	   0.016349
  39.912109	  -0.047612
  39.921875	  -0.222111
  39.931641	  -0.440001
  39.941406	  -0.618990
  39.951172	  -0.691113
  39.960938	  -0.626425
  39.970703	  -0.442544
  39.980469	  -0.196890
  39.990234	   0.035249
