# Time	Amplitude (cm/s/s)
   0.000000	  -0.250446
   0.009766	  -0.664406
   0.019531	  -0.902986
   0.029297	  -0.956076
   0.039062	  -0.866997
   0.048828	  -0.713899
   0.058594	  -0.580092
   0.068359	  -0.523959
   0.078125	  -0.559058
   0.087891	  -0.651185
   0.097656	  -0.733020
   0.107422	  -0.730651
   0.117188	  -0.592101
   0.126953	  -0.307439
   0.136719	   0.086689
   0.146484	   0.519502
   0.156250	   0.910606
   0.166016	   1.197370
   0.175781	   1.354985
   0.185547	   1.401883
   0.195312	   1.388733
   0.205078	   1.375423
   0.214844	   1.404941
   0.224609	   1.484271
   0.234375	   1.579779
   0.244141	   1.629152
   0.253906	   1.565617
   0.263672	   1.345466
   0.273438	   0.968386
   0.283203	   0.482560
   0.292969	  -0.028027
   0.302734	  -0.470095
   0.312500	  -0.772188
   0.322266	  -0.909236
   0.332031	  -0.911521
   0.341797	  -0.854400
   0.351562	  -0.832037
   0.361328	  -0.924157
   0.371094	  -1.167476
   0.380859	  -1.541957
   0.390625	  -1.976847
   0.400391	  -2.374457
   0.410156	  -2.643369
   0.419922	  -2.729348
   0.429688	  -2.633096
   0.439453	  -2.408652
   0.449219	  -2.143198
   0.458984	  -1.925666
   0.468750	  -1.815541
   0.478516	  -1.823121
   0.488281	  -1.908339
   0.498047	  -1.998458
   0.507812	  -2.018113
   0.517578	  -1.920605
   0.527344	  -1.708828
   0.537109	  -1.437909
   0.546875	  -1.198168
   0.556641	  -1.084159
   0.566406	  -1.160648
   0.576172	  -1.437645
   0.585938	  -1.863536
   0.595703	  -2.339100
   0.605469	  -2.747864
   0.615234	  -2.992542
   0.625000	  -3.025195
   0.634766	  -2.860935
   0.644531	  -2.570751
   0.654297	  -2.256228
   0.664062	  -2.015080
   0.673828	  -1.909368
   0.683594	  -1.947027
   0.693359	  -2.082446
   0.703125	  -2.235098
   0.712891	  -2.319072
   0.722656	  -2.272889
   0.732422	  -2.079399
   0.742188	  -1.769580
   0.751953	  -1.410003
   0.761719	  -1.079559
   0.771484	  -0.844489
   0.781250	  -0.740743
   0.791016	  -0.769362
   0.800781	  -0.905242
   0.810547	  -1.114467
   0.820312	  -1.372294
   0.830078	  -1.674013
   0.839844	  -2.034173
   0.849609	  -2.474668
   0.859375	  -3.007007
   0.869141	  -3.616741
   0.878906	  -4.257443
   0.888672	  -4.857963
   0.898438	  -5.341382
   0.908203	  -5.649071
   0.917969	  -5.760718
   0.927734	  -5.702033
   0.937500	  -5.536093
   0.947266	  -5.340306
   0.957031	  -5.176651
   0.966797	  -5.065960
   0.976562	  -4.976230
   0.986328	  -4.830417
   0.996094	  -4.532337
   1.005859	  -4.002586
   1.015625	  -3.212237
   1.025391	  -2.202109
   1.035156	  -1.079773
   1.044922	   0.006204
   1.054688	   0.907466
   1.064453	   1.519634
   1.074219	   1.814399
   1.083984	   1.849165
   1.093750	   1.750614
   1.103516	   1.677043
   1.113281	   1.771238
   1.123047	   2.118688
   1.132812	   2.724102
   1.142578	   3.513040
   1.152344	   4.357303
   1.162109	   5.115096
   1.171875	   5.672630
   1.181641	   5.974003
   1.191406	   6.030740
   1.201172	   5.909567
   1.210938	   5.704289
   1.220703	   5.502517
   1.230469	   5.358890
   1.240234	   5.283277
   1.250000	   5.246468
   1.259766	   5.199434
   1.269531	   5.097610
   1.279297	   4.920444
   1.289062	   4.678962
   1.298828	   4.409160
   1.308594	   4.154726
   1.318359	   3.946710
   1.328125	   3.788746
   1.337891	   3.654095
   1.347656	   3.495947
   1.357422	   3.267112
   1.367188	   2.941403
   1.376953	   2.528161
   1.386719	   2.073874
   1.396484	   1.649608
   1.406250	   1.328401
   1.416016	   1.160584
   1.425781	   1.155969
   1.435547	   1.279430
   1.445312	   1.461612
   1.455078	   1.621039
   1.464844	   1.689825
   1.474609	   1.633999
   1.484375	   1.461550
   1.494141	   1.215880
   1.503906	   0.957696
   1.513672	   0.742449
   1.523438	   0.601800
   1.533203	   0.535681
   1.542969	   0.517271
   1.552734	   0.508054
   1.562500	   0.476326
   1.572266	   0.411278
   1.582031	   0.326780
   1.591797	   0.253313
   1.601562	   0.221493
   1.611328	   0.244319
   1.621094	   0.306129
   1.630859	   0.363869
   1.640625	   0.361449
   1.650391	   0.252582
   1.660156	   0.023571
   1.669922	  -0.293244
   1.679688	  -0.621891
   1.689453	  -0.861980
   1.699219	  -0.919442
   1.708984	  -0.738752
   1.718750	  -0.325356
   1.728516	   0.250308
   1.738281	   0.869736
   1.748047	   1.399647
   1.757812	   1.731157
   1.767578	   1.812013
   1.777344	   1.661100
   1.787109	   1.360281
   1.796875	   1.026264
   1.806641	   0.772042
   1.816406	   0.670913
   1.826172	   0.735167
   1.835938	   0.916302
   1.845703	   1.126086
   1.855469	   1.270537
   1.865234	   1.284515
   1.875000	   1.154640
   1.884766	   0.922673
   1.894531	   0.668635
   1.904297	   0.480287
   1.914062	   0.420386
   1.923828	   0.503801
   1.933594	   0.692717
   1.943359	   0.911426
   1.953125	   1.074898
   1.962891	   1.120244
   1.972656	   1.029198
   1.982422	   0.833130
   1.992188	   0.598727
   2.001953	   0.399785
   2.011719	   0.285883
   2.021484	   0.260056
   2.031250	   0.274346
   2.041016	   0.245536
   2.050781	   0.085770
   2.060547	  -0.262986
   2.070312	  -0.803486
   2.080078	  -1.476603
   2.089844	  -2.176812
   2.099609	  -2.784938
   2.109375	  -3.206965
   2.119141	  -3.405164
   2.128906	  -3.410270
   2.138672	  -3.309984
   2.148438	  -3.217423
   2.158203	  -3.230344
   2.167969	  -3.395357
   2.177734	  -3.689734
   2.187500	  -4.027300
   2.197266	  -4.286459
   2.207031	  -4.350615
   2.216797	  -4.146977
   2.226562	  -3.670330
   2.236328	  -2.983816
   2.246094	  -2.196905
   2.255859	  -1.428793
   2.265625	  -0.770440
   2.275391	  -0.258698
   2.285156	   0.128686
   2.294922	   0.456117
   2.304688	   0.798177
   2.314453	   1.204969
   2.324219	   1.677878
   2.333984	   2.164861
   2.343750	   2.576987
   2.353516	   2.820064
   2.363281	   2.829500
   2.373047	   2.595377
   2.382812	   2.168284
   2.392578	   1.643595
   2.402344	   1.129840
   2.412109	   0.712716
   2.421875	   0.427958
   2.431641	   0.253016
   2.441406	   0.120575
   2.451172	  -0.051143
   2.460938	  -0.322604
   2.470703	  -0.705148
   2.480469	  -1.151696
   2.490234	  -1.569815
   2.500000	  -1.852716
   2.509766	  -1.917132
   2.519531	  -1.734348
   2.529297	  -1.343036
   2.539062	  -0.839030
   2.548828	  -0.345512
   2.558594	   0.025908
   2.568359	   0.209473
   2.578125	   0.202985
   2.587891	   0.063107
   2.597656	  -0.119387
   2.607422	  -0.254787
   2.617188	  -0.286817
   2.626953	  -0.210275
   2.636719	  -0.067801
   2.646484	   0.072343
   2.656250	   0.148314
   2.666016	   0.133569
   2.675781	   0.050830
   2.685547	  -0.034896
   2.695312	  -0.042110
   2.705078	   0.092290
   2.714844	   0.382648
   2.724609	   0.781262
   2.734375	   1.188606
   2.744141	   1.484791
   2.753906	   1.571706
   2.763672	   1.410645
   2.773438	   1.041025
   2.783203	   0.572079
   2.792969	   0.148842
   2.802734	  -0.096763
   2.812500	  -0.093093
   2.822266	   0.142615
   2.832031	   0.505115
   2.841797	   0.832462
   2.851562	   0.958112
   2.861328	   0.766692
   2.871094	   0.234580
   2.880859	  -0.558698
   2.890625	  -1.452570
   2.900391	  -2.253976
   2.910156	  -2.796392
   2.919922	  -2.989803
   2.929688	  -2.845244
   2.939453	  -2.466301
   2.949219	  -2.011145
   2.958984	  -1.638570
   2.968750	  -1.456537
   2.978516	  -1.490343
   2.988281	  -1.680272
   2.998047	  -1.908169
   3.007812	  -2.042426
   3.017578	  -1.984959
   3.027344	  -1.703798
   3.037109	  -1.240712
   3.046875	  -0.692640
   3.056641	  -0.175067
   3.066406	   0.218391
   3.076172	   0.445317
   3.085938	   0.522660
   3.095703	   0.512026
   3.105469	   0.489089
   3.115234	   0.509859
   3.125000	   0.587301
   3.134766	   0.687341
   3.144531	   0.745414
   3.154297	   0.696529
   3.164062	   0.506416
   3.173828	   0.190869
   3.183594	  -0.185038
   3.193359	  -0.528206
   3.203125	  -0.751437
   3.212891	  -0.806921
   3.222656	  -0.705928
   3.232422	  -0.516334
   3.242188	  -0.337988
   3.251953	  -0.264613
   3.261719	  -0.346494
   3.271484	  -0.568531
   3.281250	  -0.852895
   3.291016	  -1.086497
   3.300781	  -1.163958
   3.310547	  -1.030428
   3.320312	  -0.707909
   3.330078	  -0.294132
   3.339844	   0.067202
   3.349609	   0.235445
   3.359375	   0.124346
   3.369141	  -0.262811
   3.378906	  -0.827760
   3.388672	  -1.404747
   3.398438	  -1.812610
   3.408203	  -1.913988
   3.417969	  -1.661245
   3.427734	  -1.112853
   3.437500	  -0.414069
   3.447266	   0.251803
   3.457031	   0.724839
   3.466797	   0.921268
   3.476562	   0.859115
   3.486328	   0.647717
   3.496094	   0.444868
   3.505859	   0.396870
   3.515625	   0.582887
   3.525391	   0.983588
   3.535156	   1.485466
   3.544922	   1.919534
   3.554688	   2.120808
   3.564453	   1.987492
   3.574219	   1.518756
   3.583984	   0.817510
   3.593750	   0.056944
   3.603516	  -0.577574
   3.613281	  -0.950924
   3.623047	  -1.023161
   3.632812	  -0.861345
   3.642578	  -0.614368
   3.652344	  -0.459895
   3.662109	  -0.542160
   3.671875	  -0.922306
   3.681641	  -1.558122
   3.691406	  -2.319350
   3.701172	  -3.032084
   3.710938	  -3.535680
   3.720703	  -3.731772
   3.730469	  -3.608560
   3.740234	  -3.233184
   3.750000	  -2.716974
   3.759766	  -2.168263
   3.769531	  -1.651586
   3.779297	  -1.168991
   3.789062	  -0.670141
   3.798828	  -0.086321
   3.808594	   0.626122
   3.818359	   1.451389
   3.828125	   2.304045
   3.837891	   3.048954
   3.847656	   3.545269
   3.857422	   3.698509
   3.867188	   3.500647
   3.876953	   3.041602
   3.886719	   2.485575
   3.896484	   2.018652
   3.906250	   1.785221
   3.916016	   1.835850
   3.925781	   2.106176
   3.935547	   2.435893
   3.945312	   2.622799
   3.955078	   2.494019
   3.964844	   1.969739
   3.974609	   1.096713
   3.984375	   0.038888
   3.994141	  -0.972586
   4.003906	  -1.713333
   4.013672	  -2.038301
   4.023438	  -1.927690
   4.033203	  -1.490116
   4.042969	  -0.921886
   4.052734	  -0.436704
   4.062500	  -0.190670
   4.072266	  -0.229100
   4.082031	  -0.473976
   4.091797	  -0.756252
   4.101562	  -0.881196
   4.111328	  -0.703027
   4.121094	  -0.181753
   4.130859	   0.598517
   4.140625	   1.456592
   4.150391	   2.176912
   4.160156	   2.585373
   4.169922	   2.610751
   4.179688	   2.309375
   4.189453	   1.843936
   4.199219	   1.423955
   4.208984	   1.229453
   4.218750	   1.345573
   4.228516	   1.732055
   4.238281	   2.238839
   4.248047	   2.662270
   4.257812	   2.821414
   4.267578	   2.626502
   4.277344	   2.114129
   4.287109	   1.435884
   4.296875	   0.804065
   4.306641	   0.414047
   4.316406	   0.371732
   4.326172	   0.653058
   4.335938	   1.111142
   4.345703	   1.529293
   4.355469	   1.701207
   4.365234	   1.509246
   4.375000	   0.971823
   4.384766	   0.241653
   4.394531	  -0.445733
   4.404297	  -0.855590
   4.414062	  -0.839944
   4.423828	  -0.394610
   4.433594	   0.334250
   4.443359	   1.097708
   4.453125	   1.629991
   4.462891	   1.742686
   4.472656	   1.393634
   4.482422	   0.705270
   4.492188	  -0.075127
   4.501953	  -0.660189
   4.511719	  -0.822826
   4.521484	  -0.476802
   4.531250	   0.291301
   4.541016	   1.250583
   4.550781	   2.105247
   4.560547	   2.597160
   4.570312	   2.595283
   4.580078	   2.140153
   4.589844	   1.427389
   4.599609	   0.735975
   4.609375	   0.326843
   4.619141	   0.348162
   4.628906	   0.781504
   4.638672	   1.448578
   4.648438	   2.076489
   4.658203	   2.398245
   4.667969	   2.252261
   4.677734	   1.644556
   4.687500	   0.750462
   4.697266	  -0.145658
   4.707031	  -0.751664
   4.716797	  -0.873609
   4.726562	  -0.487850
   4.736328	   0.247665
   4.746094	   1.048287
   4.755859	   1.605156
   4.765625	   1.699018
   4.775391	   1.284146
   4.785156	   0.511005
   4.794922	  -0.322350
   4.804688	  -0.874663
   4.814453	  -0.885648
   4.824219	  -0.275810
   4.833984	   0.814788
   4.843750	   2.064824
   4.853516	   3.076184
   4.863281	   3.510002
   4.873047	   3.207590
   4.882812	   2.253593
   4.892578	   0.957768
   4.902344	  -0.240549
   4.912109	  -0.914402
   4.921875	  -0.790112
   4.931641	   0.160858
   4.941406	   1.710988
   4.951172	   3.451490
   4.960938	   4.928380
   4.970703	   5.794385
   4.980469	   5.925526
   4.990234	   5.462941
   5.000000	   4.765692
   5.009766	   4.290361
   5.019531	   4.438013
   5.029297	   5.419954
   5.039062	   7.187175
   5.048828	   9.446544
   5.058594	  11.757295
   5.068359	  13.674264
   5.078125	  14.888817
   5.087891	  15.319797
   5.097656	  15.124410
   5.107422	  14.626711
   5.117188	  14.189609
   5.126953	  14.075443
   5.136719	  14.343727
   5.146484	  14.821518
   5.156250	  15.156670
   5.166016	  14.935755
   5.175781	  13.826363
   5.185547	  11.695374
   5.195312	   8.663276
   5.205078	   5.076613
   5.214844	   1.408590
   5.224609	  -1.877843
   5.234375	  -4.457776
   5.244141	  -6.220000
   5.253906	  -7.265992
   5.263672	  -7.834426
   5.273438	  -8.179435
   5.283203	  -8.447232
   5.292969	  -8.596851
   5.302734	  -8.396247
   5.312500	  -7.499449
   5.322266	  -5.582351
   5.332031	  -2.493296
   5.341797	   1.633038
   5.351562	   6.341043
   5.361328	  10.918539
   5.371094	  14.549760
   5.380859	  16.518658
   5.390625	  16.406773
   5.400391	  14.228436
   5.410156	  10.461030
   5.419922	   5.955542
   5.429688	   1.744807
   5.439453	  -1.204908
   5.449219	  -2.236856
   5.458984	  -1.178637
   5.468750	   1.598064
   5.478516	   5.252070
   5.488281	   8.667898
   5.498047	  10.727771
   5.507812	  10.596728
   5.517578	   7.952090
   5.527344	   3.099601
   5.537109	  -3.056459
   5.546875	  -9.188586
   5.556641	 -13.831934
   5.566406	 -15.718366
   5.576172	 -14.082249
   5.585938	  -8.864669
   5.595703	  -0.763388
   5.605469	   8.889975
   5.615234	  18.403614
   5.625000	  26.090773
   5.634766	  30.642440
   5.644531	  31.417988
   5.654297	  28.580919
   5.664062	  23.042831
   5.673828	  16.225676
   5.683594	   9.698921
   5.693359	   4.781876
   5.703125	   2.212806
   5.712891	   1.971254
   5.722656	   3.301483
   5.732422	   4.932470
   5.742188	   5.437569
   5.751953	   3.638913
   5.761719	  -1.051138
   5.771484	  -8.442979
   5.781250	 -17.587408
   5.791016	 -26.993398
   5.800781	 -34.988198
   5.810547	 -40.125056
   5.820312	 -41.533236
   5.830078	 -39.123029
   5.839844	 -33.599184
   5.849609	 -26.287511
   5.859375	 -18.826612
   5.869141	 -12.806938
   5.878906	  -9.445639
   5.888672	  -9.368197
   5.898438	 -12.533826
   5.908203	 -18.302488
   5.917969	 -25.608639
   5.927734	 -33.188872
   5.937500	 -39.809939
   5.947266	 -44.456895
   5.957031	 -46.461110
   5.966797	 -45.566150
   5.976562	 -41.940258
   5.986328	 -36.145472
   5.996094	 -29.068356
   6.005859	 -21.811515
   6.015625	 -15.544472
   6.025391	 -11.320176
   6.035156	  -9.877978
   6.044922	 -11.469740
   6.054688	 -15.754900
   6.064453	 -21.806004
   6.074219	 -28.245857
   6.083984	 -33.504403
   6.093750	 -36.146942
   6.103516	 -35.197279
   6.113281	 -30.370962
   6.123047	 -22.150446
   6.132812	 -11.673497
   6.142578	  -0.458156
   6.152344	   9.963664
   6.162109	  18.402105
   6.171875	  24.253266
   6.181641	  27.561493
   6.191406	  28.885643
   6.201172	  29.016445
   6.210938	  28.640418
   6.220703	  28.064418
   6.230469	  27.096649
   6.240234	  25.129251
   6.250000	  21.400029
   6.259766	  15.348031
   6.269531	   6.940736
   6.279297	  -3.147132
   6.289062	 -13.580661
   6.298828	 -22.644554
   6.308594	 -28.685734
   6.318359	 -30.590430
   6.328125	 -28.147295
   6.337891	 -22.174297
   6.347656	 -14.353332
   6.357422	  -6.803401
   6.367188	  -1.504427
   6.376953	   0.265943
   6.386719	  -1.682748
   6.396484	  -6.366000
   6.406250	 -11.869756
   6.416016	 -15.869718
   6.425781	 -16.285801
   6.435547	 -11.892354
   6.445312	  -2.715012
   6.455078	   9.897131
   6.464844	  23.546843
   6.474609	  35.340690
   6.484375	  42.574020
   6.494141	  43.373103
   6.503906	  37.133982
   6.513672	  24.654432
   6.523438	   7.936423
   6.533203	 -10.281095
   6.542969	 -27.136878
   6.552734	 -40.259319
   6.562500	 -48.235845
   6.572266	 -50.842688
   6.582031	 -48.999210
   6.591797	 -44.474512
   6.601562	 -39.425075
   6.611328	 -35.871466
   6.621094	 -35.226495
   6.630859	 -37.969530
   6.640625	 -43.528363
   6.650391	 -50.388695
   6.660156	 -56.409199
   6.669922	 -59.282928
   6.679688	 -57.058019
   6.689453	 -48.615892
   6.699219	 -34.006559
   6.708984	 -14.560155
   6.718750	   7.268838
   6.728516	  28.316959
   6.738281	  45.322031
   6.748047	  55.612854
   6.757812	  57.731516
   6.767578	  51.840646
   6.777344	  39.802592
   6.787109	  24.883959
   6.796875	  11.124080
   6.806641	   2.489972
   6.816406	   2.000901
   6.826172	  11.025008
   6.835938	  28.919996
   6.845703	  53.114434
   6.855469	  79.622861
   6.865234	 103.882541
   6.875000	 121.719841
   6.884766	 130.221422
   6.894531	 128.308966
   6.904297	 116.890365
   6.914062	  98.565441
   6.923828	  76.972740
   6.933594	  55.947270
   6.943359	  38.696336
   6.953125	  27.183967
   6.962891	  21.850796
   6.972656	  21.704959
   6.982422	  24.726300
   6.992188	  28.455544
   7.001953	  30.608646
   7.011719	  29.568985
   7.021484	  24.658533
   7.031250	  16.156786
   7.041016	   5.102701
   7.050781	  -7.037434
   7.060547	 -18.734634
   7.070312	 -28.703634
   7.080078	 -36.093075
   7.089844	 -40.542867
   7.099609	 -42.129215
   7.109375	 -41.240632
   7.119141	 -38.433528
   7.128906	 -34.306030
   7.138672	 -29.410503
   7.148438	 -24.206849
   7.158203	 -19.046264
   7.167969	 -14.171420
   7.177734	  -9.722788
   7.187500	  -5.747921
   7.197266	  -2.216575
   7.207031	   0.953783
   7.216797	   3.860742
   7.226562	   6.572873
   7.236328	   9.089443
   7.246094	  11.316699
   7.255859	  13.070441
   7.265625	  14.107225
   7.275391	  14.177443
   7.285156	  13.086455
   7.294922	  10.747502
   7.304688	   7.213218
   7.314453	   2.679849
   7.324219	  -2.533423
   7.333984	  -8.021551
   7.343750	 -13.336963
   7.353516	 -18.032008
   7.363281	 -21.698758
   7.373047	 -24.009080
   7.382812	 -24.758774
   7.392578	 -23.915471
   7.402344	 -21.662214
   7.412109	 -18.420794
   7.421875	 -14.835417
   7.431641	 -11.701672
   7.441406	  -9.838651
   7.451172	  -9.920676
   7.460938	 -12.303472
   7.470703	 -16.890859
   7.480469	 -23.086394
   7.490234	 -29.858052
   7.500000	 -35.915976
   7.509766	 -39.971102
   7.519531	 -41.015918
   7.529297	 -38.556824
   7.539062	 -32.735522
   7.548828	 -24.303731
   7.558594	 -14.454178
   7.568359	  -4.550066
   7.578125	   4.176725
   7.587891	  10.880463
   7.597656	  15.245789
   7.607422	  17.490589
   7.617188	  18.237600
   7.626953	  18.301125
   7.636719	  18.455701
   7.646484	  19.252631
   7.656250	  20.928990
   7.666016	  23.420148
   7.675781	  26.452485
   7.685547	  29.669562
   7.695312	  32.739778
   7.705078	  35.407531
   7.714844	  37.477060
   7.724609	  38.748122
   7.734375	  38.944050
   7.744141	  37.677557
   7.753906	  34.485860
   7.763672	  28.939233
   7.773438	  20.795924
   7.783203	  10.153138
   7.792969	  -2.462496
   7.802734	 -16.107569
   7.812500	 -29.550028
   7.822266	 -41.488295
   7.832031	 -50.805963
   7.841797	 -56.792186
   7.851562	 -59.265472
   7.861328	 -58.566091
   7.871094	 -55.421202
   7.880859	 -50.724536
   7.890625	 -45.296859
   7.900391	 -39.696816
   7.910156	 -34.133292
   7.919922	 -28.496616
   7.929688	 -22.488124
   7.939453	 -15.798191
   7.949219	  -8.271104
   7.958984	  -0.004198
   7.968750	   8.645568
   7.978516	  17.141373
   7.988281	  24.897794
   7.998047	  31.414129
   8.007812	  36.364188
   8.017578	  39.616979
   8.027344	  41.190923
   8.037109	  41.169964
   8.046875	  39.623589
   8.056641	  36.569451
   8.066406	  31.998250
   8.076172	  25.953086
   8.085938	  18.630098
   8.095703	  10.453635
   8.105469	   2.083468
   8.115234	  -5.667145
   8.125000	 -11.992082
   8.134766	 -16.290193
   8.144531	 -18.339633
   8.154297	 -18.388269
   8.164062	 -17.120627
   8.173828	 -15.497881
   8.183594	 -14.507236
   8.193359	 -14.888133
   8.203125	 -16.914447
   8.212891	 -20.299628
   8.222656	 -24.258489
   8.232422	 -27.714512
   8.242188	 -29.598504
   8.251953	 -29.156173
   8.261719	 -26.177382
   8.271484	 -21.080299
   8.281250	 -14.823492
   8.291016	  -8.666972
   8.300781	  -3.845378
   8.310547	  -1.241145
   8.320312	  -1.145713
   8.330078	  -3.173020
   8.339844	  -6.348441
   8.349609	  -9.349684
   8.359375	 -10.836473
   8.369141	  -9.783661
   8.378906	  -5.733019
   8.388672	   1.098437
   8.398438	   9.877689
   8.408203	  19.363358
   8.417969	  28.205397
   8.427734	  35.258470
   8.437500	  39.829113
   8.447266	  41.795486
   8.457031	  41.572527
   8.466797	  39.935851
   8.476562	  37.754713
   8.486328	  35.708411
   8.496094	  34.065598
   8.505859	  32.590287
   8.515625	  30.605504
   8.525391	  27.203107
   8.535156	  21.547099
   8.544922	  13.188412
   8.554688	   2.300341
   8.564453	 -10.240833
   8.574219	 -22.968205
   8.583984	 -34.117021
   8.593750	 -42.033816
   8.603516	 -45.599779
   8.613281	 -44.553181
   8.623047	 -39.613538
   8.632812	 -32.356573
   8.642578	 -24.853418
   8.652344	 -19.153426
   8.662109	 -16.739044
   8.671875	 -18.098351
   8.681641	 -22.538967
   8.691406	 -28.309368
   8.701172	 -33.013944
   8.710938	 -34.227347
   8.720703	 -30.154234
   8.730469	 -20.160273
   8.740234	  -5.026772
   8.750000	  13.150664
   8.759766	  31.406556
   8.769531	  46.588063
   8.779297	  56.104268
   8.789062	  58.549356
   8.798828	  54.036951
   8.808594	  44.157226
   8.818359	  31.567231
   8.828125	  19.321153
   8.837891	  10.114845
   8.847656	   5.639456
   8.857422	   6.207403
   8.867188	  10.739388
   8.876953	  17.104828
   8.886719	  22.716386
   8.896484	  25.216907
   8.906250	  23.079636
   8.916016	  15.972979
   8.925781	   4.808911
   8.935547	  -8.520631
   8.945312	 -21.636045
   8.955078	 -32.255438
   8.964844	 -38.723731
   8.974609	 -40.361527
   8.984375	 -37.564165
   8.994141	 -31.648035
   9.003906	 -24.501652
   9.013672	 -18.138535
   9.023438	 -14.260201
   9.033203	 -13.921774
   9.042969	 -17.357782
   9.052734	 -23.983531
   9.062500	 -32.549539
   9.072266	 -41.400896
   9.082031	 -48.783176
   9.091797	 -53.139763
   9.101562	 -53.357311
   9.111328	 -48.930960
   9.121094	 -40.034716
   9.130859	 -27.493549
   9.140625	 -12.662823
   9.150391	   2.770455
   9.160156	  17.040395
   9.169922	  28.574561
   9.179688	  36.243477
   9.189453	  39.542497
   9.199219	  38.667986
   9.208984	  34.466453
   9.218750	  28.260047
   9.228516	  21.579158
   9.238281	  15.855856
   9.248047	  12.143433
   9.257812	  10.923403
   9.267578	  12.041662
   9.277344	  14.784859
   9.287109	  18.074234
   9.296875	  20.726498
   9.306641	  21.717208
   9.316406	  20.385378
   9.326172	  16.537200
   9.335938	  10.435974
   9.345703	   2.695841
   9.355469	  -5.880060
   9.365234	 -14.466924
   9.375000	 -22.346999
   9.384766	 -28.973998
   9.394531	 -33.971741
   9.404297	 -37.087587
   9.414062	 -38.134141
   9.423828	 -36.952918
   9.433594	 -33.421704
   9.443359	 -27.507835
   9.453125	 -19.349316
   9.462891	  -9.331573
   9.472656	   1.875614
   9.482422	  13.347484
   9.492188	  24.007913
   9.501953	  32.792708
   9.511719	  38.838252
   9.521484	  41.650256
   9.531250	  41.208630
   9.541016	  37.977969
   9.550781	  32.815384
   9.560547	  26.792609
   9.570312	  20.970978
   9.580078	  16.180339
   9.589844	  12.853088
   9.599609	  10.952233
   9.609375	  10.010586
   9.619141	   9.272117
   9.628906	   7.902354
   9.638672	   5.218172
   9.648438	   0.882304
   9.658203	  -4.984301
   9.667969	 -11.800257
   9.677734	 -18.633852
   9.687500	 -24.401065
   9.697266	 -28.105723
   9.707031	 -29.065335
   9.716797	 -27.068738
   9.726562	 -22.427495
   9.736328	 -15.908240
   9.746094	  -8.562054
   9.755859	  -1.492266
   9.765625	   4.382737
   9.775391	   8.514020
   9.785156	  10.809916
   9.794922	  11.608182
   9.804688	  11.543474
   9.814453	  11.348069
   9.824219	  11.640425
   9.833984	  12.757961
   9.843750	  14.676955
   9.853516	  17.037444
   9.863281	  19.261608
   9.873047	  20.728625
   9.882812	  20.954655
   9.892578	  19.727221
   9.902344	  17.158419
   9.912109	  13.646206
   9.921875	   9.759981
   9.931641	   6.087675
   9.941406	   3.090640
   9.951172	   1.007400
   9.960938	  -0.169930
   9.970703	  -0.646341
   9.980469	  -0.723759
   9.990234	  -0.686179
  10.000000	  -0.708138
  10.009766	  -0.814286
  10.019531	  -0.899111
  10.029297	  -0.795368
  10.039062	  -0.363980
  10.048828	   0.427725
  10.058594	   1.467215
  10.068359	   2.510798
  10.078125	   3.245589
  10.087891	   3.378489
  10.097656	   2.722846
  10.107422	   1.255004
  10.117188	  -0.876442
  10.126953	  -3.390060
  10.136719	  -5.945617
  10.146484	  -8.228611
  10.156250	 -10.019491
  10.166016	 -11.228570
  10.175781	 -11.890031
  10.185547	 -12.121978
  10.195312	 -12.069503
  10.205078	 -11.851190
  10.214844	 -11.525715
  10.224609	 -11.086215
  10.234375	 -10.479479
  10.244141	  -9.638772
  10.253906	  -8.515888
  10.263672	  -7.100657
  10.273438	  -5.422912
  10.283203	  -3.539909
  10.292969	  -1.518050
  10.302734	   0.580819
  10.312500	   2.701602
  10.322266	   4.786212
  10.332031	   6.758198
  10.341797	   8.512017
  10.351562	   9.916464
  10.361328	  10.836417
  10.371094	  11.168960
  10.380859	  10.882492
  10.390625	  10.043738
  10.400391	   8.819558
  10.410156	   7.447991
  10.419922	   6.183541
  10.429688	   5.231639
  10.439453	   4.692705
  10.449219	   4.534852
  10.458984	   4.606000
  10.468750	   4.683609
  10.478516	   4.547402
  10.488281	   4.052069
  10.498047	   3.175980
  10.507812	   2.029211
  10.517578	   0.817419
  10.527344	  -0.227037
  10.537109	  -0.923912
  10.546875	  -1.207114
  10.556641	  -1.148370
  10.566406	  -0.933564
  10.576172	  -0.798827
  10.585938	  -0.947364
  10.595703	  -1.475110
  10.605469	  -2.330945
  10.615234	  -3.326053
  10.625000	  -4.190680
  10.634766	  -4.660491
  10.644531	  -4.564407
  10.654297	  -3.884693
  10.664062	  -2.768723
  10.673828	  -1.487508
  10.683594	  -0.353449
  10.693359	   0.376655
  10.703125	   0.582259
  10.712891	   0.317289
  10.722656	  -0.206689
  10.732422	  -0.687408
  10.742188	  -0.828083
  10.751953	  -0.432769
  10.761719	   0.528758
  10.771484	   1.906540
  10.781250	   3.410544
  10.791016	   4.692680
  10.800781	   5.445643
  10.810547	   5.489014
  10.820312	   4.817754
  10.830078	   3.600189
  10.839844	   2.127896
  10.849609	   0.733709
  10.859375	  -0.297690
  10.869141	  -0.801474
  10.878906	  -0.768218
  10.888672	  -0.336182
  10.898438	   0.254375
  10.908203	   0.729859
  10.917969	   0.855398
  10.927734	   0.491912
  10.937500	  -0.374303
  10.947266	  -1.633680
  10.957031	  -3.083358
  10.966797	  -4.475422
  10.976562	  -5.571314
  10.986328	  -6.190903
  10.996094	  -6.247465
  11.005859	  -5.763491
  11.015625	  -4.865815
  11.025391	  -3.761594
  11.035156	  -2.699197
  11.044922	  -1.920147
  11.054688	  -1.610097
  11.064453	  -1.857953
  11.074219	  -2.632140
  11.083984	  -3.780895
  11.093750	  -5.059210
  11.103516	  -6.179048
  11.113281	  -6.873164
  11.123047	  -6.957987
  11.132812	  -6.379581
  11.142578	  -5.229513
  11.152344	  -3.724552
  11.162109	  -2.153604
  11.171875	  -0.804730
  11.181641	   0.108611
  11.191406	   0.501888
  11.201172	   0.439044
  11.210938	   0.111568
  11.220703	  -0.217079
  11.230469	  -0.285771
  11.240234	   0.092444
  11.250000	   0.981127
  11.259766	   2.306875
  11.269531	   3.883465
  11.279297	   5.464587
  11.289062	   6.808083
  11.298828	   7.732350
  11.308594	   8.149563
  11.318359	   8.068961
  11.328125	   7.573589
  11.337891	   6.782131
  11.347656	   5.810988
  11.357422	   4.749707
  11.367188	   3.656206
  11.376953	   2.569660
  11.386719	   1.531748
  11.396484	   0.603829
  11.406250	  -0.130278
  11.416016	  -0.579817
  11.425781	  -0.676532
  11.435547	  -0.406771
  11.445312	   0.167647
  11.455078	   0.910994
  11.464844	   1.641338
  11.474609	   2.178628
  11.484375	   2.399131
  11.494141	   2.278466
  11.503906	   1.907725
  11.513672	   1.475024
  11.523438	   1.215728
  11.533203	   1.344971
  11.542969	   1.992328
  11.552734	   3.158429
  11.562500	   4.706840
  11.572266	   6.393712
  11.582031	   7.926162
  11.591797	   9.031781
  11.601562	   9.518988
  11.611328	   9.311701
  11.621094	   8.450806
  11.630859	   7.065714
  11.640625	   5.328470
  11.650391	   3.407151
  11.660156	   1.433670
  11.669922	  -0.505740
  11.679688	  -2.358312
  11.689453	  -4.080010
  11.699219	  -5.611734
  11.708984	  -6.868768
  11.718750	  -7.749742
  11.728516	  -8.162914
  11.738281	  -8.059866
  11.748047	  -7.462789
  11.757812	  -6.472923
  11.767578	  -5.254053
  11.777344	  -3.993958
  11.787109	  -2.855142
  11.796875	  -1.930880
  11.806641	  -1.221770
  11.816406	  -0.641727
  11.826172	  -0.052686
  11.835938	   0.682431
  11.845703	   1.645402
  11.855469	   2.824823
  11.865234	   4.107409
  11.875000	   5.301897
  11.884766	   6.188460
  11.894531	   6.578386
  11.904297	   6.365603
  11.914062	   5.554498
  11.923828	   4.256241
  11.933594	   2.655909
  11.943359	   0.961673
  11.953125	  -0.647668
  11.962891	  -2.060984
  11.972656	  -3.248590
  11.982422	  -4.249665
  11.992188	  -5.139964
  12.001953	  -5.992273
  12.011719	  -6.843286
  12.021484	  -7.677273
  12.031250	  -8.430427
  12.041016	  -9.012553
  12.050781	  -9.337330
  12.060547	  -9.350313
  12.070312	  -9.045703
  12.080078	  -8.467516
  12.089844	  -7.696380
  12.099609	  -6.827731
  12.109375	  -5.949129
  12.119141	  -5.123475
  12.128906	  -4.381799
  12.138672	  -3.725379
  12.148438	  -3.133946
  12.158203	  -2.575587
  12.167969	  -2.014878
  12.177734	  -1.418066
  12.187500	  -0.756402
  12.197266	  -0.010003
  12.207031	   0.825991
  12.216797	   1.733209
  12.226562	   2.662590
  12.236328	   3.532179
  12.246094	   4.234405
  12.255859	   4.654555
  12.265625	   4.698044
  12.275391	   4.319860
  12.285156	   3.547003
  12.294922	   2.485132
  12.304688	   1.304382
  12.314453	   0.205394
  12.324219	  -0.626768
  12.333984	  -1.068391
  12.343750	  -1.089008
  12.353516	  -0.759139
  12.363281	  -0.230428
  12.373047	   0.306901
  12.382812	   0.677184
  12.392578	   0.767434
  12.402344	   0.556203
  12.412109	   0.114915
  12.421875	  -0.417980
  12.431641	  -0.881155
  12.441406	  -1.138470
  12.451172	  -1.115803
  12.460938	  -0.815760
  12.470703	  -0.307092
  12.480469	   0.305717
  12.490234	   0.920858
  12.500000	   1.471540
  12.509766	   1.941097
  12.519531	   2.356353
  12.529297	   2.762938
  12.539062	   3.192909
  12.548828	   3.637897
  12.558594	   4.038940
  12.568359	   4.298010
  12.578125	   4.308140
  12.587891	   3.991964
  12.597656	   3.334875
  12.607422	   2.400336
  12.617188	   1.320614
  12.626953	   0.264533
  12.636719	  -0.608238
  12.646484	  -1.191994
  12.656250	  -1.464453
  12.666016	  -1.491224
  12.675781	  -1.403640
  12.685547	  -1.356866
  12.695312	  -1.481440
  12.705078	  -1.843300
  12.714844	  -2.424348
  12.724609	  -3.128814
  12.734375	  -3.812451
  12.744141	  -4.324634
  12.753906	  -4.549977
  12.763672	  -4.437091
  12.773438	  -4.006987
  12.783203	  -3.340527
  12.792969	  -2.550905
  12.802734	  -1.751180
  12.812500	  -1.027275
  12.822266	  -0.423825
  12.832031	   0.054940
  12.841797	   0.432343
  12.851562	   0.741099
  12.861328	   1.007232
  12.871094	   1.241434
  12.880859	   1.439478
  12.890625	   1.589397
  12.900391	   1.680695
  12.910156	   1.710623
  12.919922	   1.684516
  12.929688	   1.610382
  12.939453	   1.490867
  12.949219	   1.317210
  12.958984	   1.069136
  12.968750	   0.722098
  12.978516	   0.259945
  12.988281	  -0.311707
  12.998047	  -0.957082
  13.007812	  -1.611211
  13.017578	  -2.191440
  13.027344	  -2.616689
  13.037109	  -2.828579
  13.046875	  -2.807379
  13.056641	  -2.577206
  13.066406	  -2.198458
  13.076172	  -1.749872
  13.085938	  -1.306218
  13.095703	  -0.919174
  13.105469	  -0.607710
  13.115234	  -0.360785
  13.125000	  -0.150643
  13.134766	   0.048899
  13.144531	   0.246548
  13.154297	   0.426373
  13.164062	   0.552292
  13.173828	   0.582548
  13.183594	   0.488511
  13.193359	   0.270246
  13.203125	  -0.037671
  13.212891	  -0.373109
  13.222656	  -0.664257
  13.232422	  -0.852313
  13.242188	  -0.910753
  13.251953	  -0.853865
  13.261719	  -0.730940
  13.271484	  -0.607686
  13.281250	  -0.541205
  13.291016	  -0.557464
  13.300781	  -0.639572
  13.310547	  -0.731506
  13.320312	  -0.756431
  13.330078	  -0.643484
  13.339844	  -0.353664
  13.349609	   0.104423
  13.359375	   0.674766
  13.369141	   1.270315
  13.378906	   1.799970
  13.388672	   2.196804
  13.398438	   2.437621
  13.408203	   2.546961
  13.417969	   2.584207
  13.427734	   2.618527
  13.437500	   2.700737
  13.447266	   2.842395
  13.457031	   3.009825
  13.466797	   3.135431
  13.476562	   3.142399
  13.486328	   2.973956
  13.496094	   2.616596
  13.505859	   2.108702
  13.515625	   1.531134
  13.525391	   0.982798
  13.535156	   0.549571
  13.544922	   0.277456
  13.554688	   0.159394
  13.564453	   0.140364
  13.574219	   0.138964
  13.583984	   0.077789
  13.593750	  -0.088182
  13.603516	  -0.355261
  13.613281	  -0.672570
  13.623047	  -0.960796
  13.632812	  -1.141432
  13.642578	  -1.166019
  13.652344	  -1.034892
  13.662109	  -0.798690
  13.671875	  -0.542024
  13.681641	  -0.355063
  13.691406	  -0.303063
  13.701172	  -0.404597
  13.710938	  -0.626113
  13.720703	  -0.894646
  13.730469	  -1.124058
  13.740234	  -1.245486
  13.750000	  -1.231219
  13.759766	  -1.103707
  13.769531	  -0.926749
  13.779297	  -0.782248
  13.789062	  -0.741026
  13.798828	  -0.838123
  13.808594	  -1.061286
  13.818359	  -1.356475
  13.828125	  -1.648034
  13.837891	  -1.865971
  13.847656	  -1.970297
  13.857422	  -1.963586
  13.867188	  -1.887336
  13.876953	  -1.803605
  13.886719	  -1.768849
  13.896484	  -1.809691
  13.906250	  -1.909707
  13.916016	  -2.012325
  13.925781	  -2.039161
  13.935547	  -1.917551
  13.945312	  -1.607684
  13.955078	  -1.119842
  13.964844	  -0.515607
  13.974609	   0.107518
  13.984375	   0.643012
  13.994141	   1.004833
  14.003906	   1.149902
  14.013672	   1.086600
  14.023438	   0.867214
  14.033203	   0.567750
  14.042969	   0.262560
  14.052734	   0.002531
  14.062500	  -0.196246
  14.072266	  -0.350515
  14.082031	  -0.496666
  14.091797	  -0.672210
  14.101562	  -0.899215
  14.111328	  -1.175685
  14.121094	  -1.477359
  14.130859	  -1.768210
  14.140625	  -2.014604
  14.150391	  -2.196943
  14.160156	  -2.313958
  14.169922	  -2.378096
  14.179688	  -2.404325
  14.189453	  -2.397521
  14.199219	  -2.344386
  14.208984	  -2.214084
  14.218750	  -1.968324
  14.228516	  -1.577575
  14.238281	  -1.037327
  14.248047	  -0.377690
  14.257812	   0.338267
  14.267578	   1.028115
  14.277344	   1.611800
  14.287109	   2.034461
  14.296875	   2.282453
  14.306641	   2.386723
  14.316406	   2.411919
  14.326172	   2.434534
  14.335938	   2.517269
  14.345703	   2.688233
  14.355469	   2.931974
  14.365234	   3.195284
  14.375000	   3.405584
  14.384766	   3.495399
  14.394531	   3.424389
  14.404297	   3.191453
  14.414062	   2.833094
  14.423828	   2.409188
  14.433594	   1.981784
  14.443359	   1.594910
  14.453125	   1.262735
  14.462891	   0.970157
  14.472656	   0.685105
  14.482422	   0.377403
  14.492188	   0.036574
  14.501953	  -0.318615
  14.511719	  -0.642923
  14.521484	  -0.879026
  14.531250	  -0.978329
  14.541016	  -0.920351
  14.550781	  -0.723141
  14.560547	  -0.440306
  14.570312	  -0.145104
  14.580078	   0.093099
  14.589844	   0.231765
  14.599609	   0.269189
  14.609375	   0.244309
  14.619141	   0.222025
  14.628906	   0.268954
  14.638672	   0.428036
  14.648438	   0.700959
  14.658203	   1.044730
  14.667969	   1.383732
  14.677734	   1.633198
  14.687500	   1.725977
  14.697266	   1.633326
  14.707031	   1.372632
  14.716797	   0.999612
  14.726562	   0.588084
  14.736328	   0.204756
  14.746094	  -0.111836
  14.755859	  -0.360779
  14.765625	  -0.573474
  14.775391	  -0.795910
  14.785156	  -1.065415
  14.794922	  -1.390844
  14.804688	  -1.743899
  14.814453	  -2.065196
  14.824219	  -2.283213
  14.833984	  -2.339438
  14.843750	  -2.210593
  14.853516	  -1.919655
  14.863281	  -1.531288
  14.873047	  -1.132808
  14.882812	  -0.806999
  14.892578	  -0.606090
  14.902344	  -0.535929
  14.912109	  -0.555874
  14.921875	  -0.594503
  14.931641	  -0.575717
  14.941406	  -0.446237
  14.951172	  -0.195024
  14.960938	   0.141949
  14.970703	   0.493063
  14.980469	   0.774419
  14.990234	   0.917065
  15.000000	   0.888752
  15.009766	   0.703030
  15.019531	   0.413057
  15.029297	   0.092837
  15.039062	  -0.187127
  15.048828	  -0.381169
  15.058594	  -0.479606
  15.068359	  -0.506478
  15.078125	  -0.505582
  15.087891	  -0.520649
  15.097656	  -0.577346
  15.107422	  -0.673740
  15.117188	  -0.782429
  15.126953	  -0.862974
  15.136719	  -0.879415
  15.146484	  -0.815802
  15.156250	  -0.683593
  15.166016	  -0.518000
  15.175781	  -0.364674
  15.185547	  -0.261903
  15.195312	  -0.225230
  15.205078	  -0.240564
  15.214844	  -0.268638
  15.224609	  -0.259387
  15.234375	  -0.171009
  15.244141	   0.013356
  15.253906	   0.277623
  15.263672	   0.576548
  15.273438	   0.850069
  15.283203	   1.043061
  15.292969	   1.123311
  15.302734	   1.091173
  15.312500	   0.977452
  15.322266	   0.830419
  15.332031	   0.696940
  15.341797	   0.604914
  15.351562	   0.553703
  15.361328	   0.516278
  15.371094	   0.452311
  15.380859	   0.327251
  15.390625	   0.130008
  15.400391	  -0.117818
  15.410156	  -0.365191
  15.419922	  -0.546841
  15.429688	  -0.605308
  15.439453	  -0.511976
  15.449219	  -0.279306
  15.458984	   0.040625
  15.468750	   0.371342
  15.478516	   0.636105
  15.488281	   0.782768
  15.498047	   0.800726
  15.507812	   0.723919
  15.517578	   0.618653
  15.527344	   0.560294
  15.537109	   0.606773
  15.546875	   0.778019
  15.556641	   1.048345
  15.566406	   1.354316
  15.576172	   1.615263
  15.585938	   1.759222
  15.595703	   1.745347
  15.605469	   1.575219
  15.615234	   1.289539
  15.625000	   0.951897
  15.634766	   0.625848
  15.644531	   0.353712
  15.654297	   0.144675
  15.664062	  -0.023858
  15.673828	  -0.192641
  15.683594	  -0.400225
  15.693359	  -0.663839
  15.703125	  -0.968916
  15.712891	  -1.271433
  15.722656	  -1.512357
  15.732422	  -1.638934
  15.742188	  -1.624878
  15.751953	  -1.481820
  15.761719	  -1.257436
  15.771484	  -1.020524
  15.781250	  -0.838083
  15.791016	  -0.752427
  15.800781	  -0.766556
  15.810547	  -0.843106
  15.820312	  -0.917502
  15.830078	  -0.920838
  15.839844	  -0.804596
  15.849609	  -0.558585
  15.859375	  -0.215861
  15.869141	   0.157089
  15.878906	   0.481459
  15.888672	   0.691241
  15.898438	   0.753731
  15.908203	   0.678564
  15.917969	   0.512504
  15.927734	   0.322204
  15.937500	   0.171259
  15.947266	   0.099624
  15.957031	   0.112375
  15.966797	   0.181232
  15.976562	   0.257619
  15.986328	   0.292014
  15.996094	   0.252292
  16.005859	   0.134491
  16.015625	  -0.037531
  16.025391	  -0.222825
  16.035156	  -0.379900
  16.044922	  -0.482506
  16.054688	  -0.528568
  16.064453	  -0.538984
  16.074219	  -0.546982
  16.083984	  -0.582419
  16.093750	  -0.657331
  16.103516	  -0.758606
  16.113281	  -0.850912
  16.123047	  -0.889047
  16.132812	  -0.835269
  16.142578	  -0.675097
  16.152344	  -0.425537
  16.162109	  -0.132369
  16.171875	   0.142873
  16.181641	   0.341780
  16.191406	   0.427170
  16.201172	   0.393998
  16.210938	   0.269255
  16.220703	   0.101016
  16.230469	  -0.059240
  16.240234	  -0.174542
  16.250000	  -0.234013
  16.259766	  -0.254028
  16.269531	  -0.268740
  16.279297	  -0.313769
  16.289062	  -0.409438
  16.298828	  -0.550095
  16.308594	  -0.703818
  16.318359	  -0.822829
  16.328125	  -0.860914
  16.337891	  -0.791334
  16.347656	  -0.618412
  16.357422	  -0.378142
  16.367188	  -0.127175
  16.376953	   0.076163
  16.386719	   0.192133
  16.396484	   0.213776
  16.406250	   0.169723
  16.416016	   0.114352
  16.425781	   0.108534
  16.435547	   0.197675
  16.445312	   0.394819
  16.455078	   0.674863
  16.464844	   0.982019
  16.474609	   1.247966
  16.484375	   1.414324
  16.494141	   1.451535
  16.503906	   1.367537
  16.513672	   1.203287
  16.523438	   1.016889
  16.533203	   0.862160
  16.542969	   0.769449
  16.552734	   0.735605
  16.562500	   0.726684
  16.572266	   0.692290
  16.582031	   0.586230
  16.591797	   0.385833
  16.601562	   0.102785
  16.611328	  -0.218615
  16.621094	  -0.515293
  16.630859	  -0.726444
  16.640625	  -0.814271
  16.650391	  -0.776956
  16.660156	  -0.649202
  16.669922	  -0.490104
  16.679688	  -0.362659
  16.689453	  -0.312208
  16.699219	  -0.351426
  16.708984	  -0.457121
  16.718750	  -0.579823
  16.728516	  -0.662553
  16.738281	  -0.661946
  16.748047	  -0.564098
  16.757812	  -0.389542
  16.767578	  -0.185719
  16.777344	  -0.009892
  16.787109	   0.091172
  16.796875	   0.097269
  16.806641	   0.020818
  16.816406	  -0.099185
  16.826172	  -0.212881
  16.835938	  -0.278988
  16.845703	  -0.280672
  16.855469	  -0.231913
  16.865234	  -0.171971
  16.875000	  -0.149997
  16.884766	  -0.205489
  16.894531	  -0.351890
  16.904297	  -0.569501
  16.914062	  -0.810508
  16.923828	  -1.014486
  16.933594	  -1.128876
  16.943359	  -1.127064
  16.953125	  -1.017494
  16.962891	  -0.840445
  16.972656	  -0.653542
  16.982422	  -0.511145
  16.992188	  -0.444979
  17.001953	  -0.452961
  17.011719	  -0.500229
  17.021484	  -0.532044
  17.031250	  -0.493957
  17.041016	  -0.352070
  17.050781	  -0.106204
  17.060547	   0.208679
  17.070312	   0.533228
  17.080078	   0.802783
  17.089844	   0.968024
  17.099609	   1.009982
  17.109375	   0.944360
  17.119141	   0.813960
  17.128906	   0.672301
  17.138672	   0.564530
  17.148438	   0.512539
  17.158203	   0.509446
  17.167969	   0.525059
  17.177734	   0.519862
  17.187500	   0.461982
  17.197266	   0.340663
  17.207031	   0.171187
  17.216797	  -0.010447
  17.226562	  -0.160923
  17.236328	  -0.245833
  17.246094	  -0.252497
  17.255859	  -0.194429
  17.265625	  -0.105730
  17.275391	  -0.027534
  17.285156	   0.008309
  17.294922	  -0.007969
  17.304688	  -0.059781
  17.314453	  -0.110290
  17.324219	  -0.116757
  17.333984	  -0.047890
  17.343750	   0.102386
  17.353516	   0.310082
  17.363281	   0.527394
  17.373047	   0.698131
  17.382812	   0.776977
  17.392578	   0.745675
  17.402344	   0.620200
  17.412109	   0.446124
  17.421875	   0.283588
  17.431641	   0.187039
  17.441406	   0.186835
  17.451172	   0.279199
  17.460938	   0.428087
  17.470703	   0.578274
  17.480469	   0.674997
  17.490234	   0.683155
  17.500000	   0.599248
  17.509766	   0.451893
  17.519531	   0.290845
  17.529297	   0.168613
  17.539062	   0.121367
  17.548828	   0.156058
  17.558594	   0.248368
  17.568359	   0.352150
  17.578125	   0.416831
  17.587891	   0.406379
  17.597656	   0.312879
  17.607422	   0.159756
  17.617188	  -0.006555
  17.626953	  -0.133435
  17.636719	  -0.181318
  17.646484	  -0.138299
  17.656250	  -0.024833
  17.666016	   0.113245
  17.675781	   0.220844
  17.685547	   0.253118
  17.695312	   0.191309
  17.705078	   0.049295
  17.714844	  -0.131478
  17.724609	  -0.296788
  17.734375	  -0.398778
  17.744141	  -0.412579
  17.753906	  -0.344509
  17.763672	  -0.229035
  17.773438	  -0.115767
  17.783203	  -0.051339
  17.792969	  -0.062777
  17.802734	  -0.148347
  17.812500	  -0.279033
  17.822266	  -0.409897
  17.832031	  -0.496967
  17.841797	  -0.513342
  17.851562	  -0.458602
  17.861328	  -0.358139
  17.871094	  -0.252847
  17.880859	  -0.183132
  17.890625	  -0.173343
  17.900391	  -0.222474
  17.910156	  -0.304643
  17.919922	  -0.379160
  17.929688	  -0.406396
  17.939453	  -0.363477
  17.949219	  -0.253848
  17.958984	  -0.107030
  17.968750	   0.031497
  17.978516	   0.116632
  17.988281	   0.120224
  17.998047	   0.041733
  18.007812	  -0.091071
  18.017578	  -0.231751
  18.027344	  -0.331804
  18.037109	  -0.358204
  18.046875	  -0.305504
  18.056641	  -0.198013
  18.066406	  -0.081174
  18.076172	  -0.005176
  18.085938	  -0.006695
  18.095703	  -0.095362
  18.105469	  -0.249867
  18.115234	  -0.425151
  18.125000	  -0.568120
  18.134766	  -0.636220
  18.144531	  -0.612212
  18.154297	  -0.509826
  18.164062	  -0.368319
  18.173828	  -0.237963
  18.183594	  -0.161761
  18.193359	  -0.160049
  18.203125	  -0.223534
  18.212891	  -0.317236
  18.222656	  -0.393822
  18.232422	  -0.411371
  18.242188	  -0.349053
  18.251953	  -0.214960
  18.261719	  -0.043257
  18.271484	   0.118287
  18.281250	   0.225756
  18.291016	   0.255110
  18.300781	   0.210844
  18.310547	   0.124099
  18.320312	   0.040888
  18.330078	   0.004761
  18.339844	   0.040291
  18.349609	   0.143484
  18.359375	   0.282712
  18.369141	   0.409904
  18.378906	   0.477994
  18.388672	   0.458284
  18.398438	   0.351387
  18.408203	   0.187708
  18.417969	   0.017214
  18.427734	  -0.107883
  18.437500	  -0.151303
  18.447266	  -0.105195
  18.457031	   0.007544
  18.466797	   0.141978
  18.476562	   0.247694
  18.486328	   0.287250
  18.496094	   0.249834
  18.505859	   0.155228
  18.515625	   0.046652
  18.525391	  -0.024890
  18.535156	  -0.019109
  18.544922	   0.078907
  18.554688	   0.253117
  18.564453	   0.461993
  18.574219	   0.653007
  18.583984	   0.780835
  18.593750	   0.822742
  18.603516	   0.785621
  18.613281	   0.702265
  18.623047	   0.618364
  18.632812	   0.575063
  18.642578	   0.593481
  18.652344	   0.666836
  18.662109	   0.762982
  18.671875	   0.836358
  18.681641	   0.844925
  18.691406	   0.765867
  18.701172	   0.604346
  18.710938	   0.392154
  18.720703	   0.176814
  18.730469	   0.005170
  18.740234	  -0.092550
  18.750000	  -0.112437
  18.759766	  -0.076940
  18.769531	  -0.025402
  18.779297	   0.001282
  18.789062	  -0.023872
  18.798828	  -0.104065
  18.808594	  -0.218043
  18.818359	  -0.328740
  18.828125	  -0.397919
  18.837891	  -0.401233
  18.847656	  -0.337998
  18.857422	  -0.231963
  18.867188	  -0.122723
  18.876953	  -0.050958
  18.886719	  -0.042990
  18.896484	  -0.100503
  18.906250	  -0.199354
  18.916016	  -0.298085
  18.925781	  -0.353122
  18.935547	  -0.335126
  18.945312	  -0.240465
  18.955078	  -0.093468
  18.964844	   0.061503
  18.974609	   0.175451
  18.984375	   0.212088
  18.994141	   0.160868
  19.003906	   0.040938
  19.013672	  -0.105504
  19.023438	  -0.228119
  19.033203	  -0.286272
  19.042969	  -0.263396
  19.052734	  -0.172691
  19.062500	  -0.052094
  19.072266	   0.049683
  19.082031	   0.090988
  19.091797	   0.052507
  19.101562	  -0.055558
  19.111328	  -0.196993
  19.121094	  -0.322512
  19.130859	  -0.387465
  19.140625	  -0.367910
  19.150391	  -0.269273
  19.160156	  -0.124484
  19.169922	   0.017722
  19.179688	   0.110107
  19.189453	   0.123596
  19.199219	   0.057354
  19.208984	  -0.061292
  19.218750	  -0.186967
  19.228516	  -0.272657
  19.238281	  -0.286456
  19.248047	  -0.222622
  19.257812	  -0.103071
  19.267578	   0.031103
  19.277344	   0.134811
  19.287109	   0.175250
  19.296875	   0.143313
  19.306641	   0.056056
  19.316406	  -0.050533
  19.326172	  -0.135610
  19.335938	  -0.169063
  19.345703	  -0.142747
  19.355469	  -0.073180
  19.365234	   0.005270
  19.375000	   0.054123
  19.384766	   0.046233
  19.394531	  -0.022908
  19.404297	  -0.132368
  19.414062	  -0.242685
  19.423828	  -0.310048
  19.433594	  -0.302599
  19.443359	  -0.212805
  19.453125	  -0.061228
  19.462891	   0.109877
  19.472656	   0.250996
  19.482422	   0.322706
  19.492188	   0.309682
  19.501953	   0.226256
  19.511719	   0.111413
  19.521484	   0.014908
  19.531250	  -0.020587
  19.541016	   0.025061
  19.550781	   0.141920
  19.560547	   0.293138
  19.570312	   0.427652
  19.580078	   0.497980
  19.589844	   0.476770
  19.599609	   0.366258
  19.609375	   0.197343
  19.619141	   0.018676
  19.628906	  -0.120253
  19.638672	  -0.185992
  19.648438	  -0.171992
  19.658203	  -0.099717
  19.667969	  -0.009803
  19.677734	   0.053354
  19.687500	   0.057914
  19.697266	  -0.004095
  19.707031	  -0.114458
  19.716797	  -0.236092
  19.726562	  -0.327150
  19.736328	  -0.356592
  19.746094	  -0.315496
  19.755859	  -0.219987
  19.765625	  -0.104842
  19.775391	  -0.010254
  19.785156	   0.033246
  19.794922	   0.016082
  19.804688	  -0.047025
  19.814453	  -0.122856
  19.824219	  -0.172407
  19.833984	  -0.165740
  19.843750	  -0.093415
  19.853516	   0.029767
  19.863281	   0.170089
  19.873047	   0.287315
  19.882812	   0.349540
  19.892578	   0.344937
  19.902344	   0.286016
  19.912109	   0.204792
  19.921875	   0.140650
  19.931641	   0.125426
  19.941406	   0.171285
  19.951172	   0.265960
  19.960938	   0.377176
  19.970703	   0.464704
  19.980469	   0.495562
  19.990234	   0.456735
  20.000000	   0.360583
  20.009766	   0.240814
  20.019531	   0.140381
  20.029297	   0.095652
  20.039062	   0.122678
  20.048828	   0.210678
  20.058594	   0.325258
  20.068359	   0.420376
  20.078125	   0.454795
  20.087891	   0.407115
  20.097656	   0.283897
  20.107422	   0.117851
  20.117188	  -0.043356
  20.126953	  -0.153699
  20.136719	  -0.184885
  20.146484	  -0.136110
  20.156250	  -0.033979
  20.166016	   0.077387
  20.175781	   0.152494
  20.185547	   0.160990
  20.195312	   0.098592
  20.205078	  -0.011568
  20.214844	  -0.127663
  20.224609	  -0.204774
  20.234375	  -0.211697
  20.244141	  -0.142803
  20.253906	  -0.020574
  20.263672	   0.112162
  20.273438	   0.207555
  20.283203	   0.230100
  20.292969	   0.169744
  20.302734	   0.045968
  20.312500	  -0.098719
  20.322266	  -0.213590
  20.332031	  -0.257575
  20.341797	  -0.213804
  20.351562	  -0.095650
  20.361328	   0.057886
  20.371094	   0.195770
  20.380859	   0.272661
  20.390625	   0.264449
  20.400391	   0.176133
  20.410156	   0.039356
  20.419922	  -0.099373
  20.429688	  -0.195418
  20.439453	  -0.221632
  20.449219	  -0.177296
  20.458984	  -0.087274
  20.468750	   0.008082
  20.478516	   0.068432
  20.488281	   0.068562
  20.498047	   0.007572
  20.507812	  -0.091188
  20.517578	  -0.189283
  20.527344	  -0.247970
  20.537109	  -0.243044
  20.546875	  -0.174205
  20.556641	  -0.065457
  20.566406	   0.043618
  20.576172	   0.112487
  20.585938	   0.114782
  20.595703	   0.048284
  20.605469	  -0.063934
  20.615234	  -0.181695
  20.625000	  -0.262275
  20.634766	  -0.276014
  20.644531	  -0.217264
  20.654297	  -0.106646
  20.664062	   0.016253
  20.673828	   0.107101
  20.683594	   0.132813
  20.693359	   0.083495
  20.703125	  -0.023987
  20.712891	  -0.152106
  20.722656	  -0.256199
  20.732422	  -0.300492
  20.742188	  -0.270803
  20.751953	  -0.179331
  20.761719	  -0.059865
  20.771484	   0.044776
  20.781250	   0.098392
  20.791016	   0.084396
  20.800781	   0.011380
  20.810547	  -0.090726
  20.820312	  -0.182429
  20.830078	  -0.229945
  20.839844	  -0.218256
  20.849609	  -0.157048
  20.859375	  -0.077251
  20.869141	  -0.019419
  20.878906	  -0.018198
  20.888672	  -0.088659
  20.898438	  -0.219629
  20.908203	  -0.376640
  20.917969	  -0.513586
  20.927734	  -0.588975
  20.937500	  -0.580905
  20.947266	  -0.495304
  20.957031	  -0.364326
  20.966797	  -0.235340
  20.976562	  -0.154368
  20.986328	  -0.149830
  20.996094	  -0.222406
  21.005859	  -0.344676
  21.015625	  -0.470693
  21.025391	  -0.552117
  21.035156	  -0.555201
  21.044922	  -0.472631
  21.054688	  -0.326046
  21.064453	  -0.158448
  21.074219	  -0.019246
  21.083984	   0.052698
  21.093750	   0.042028
  21.103516	  -0.038618
  21.113281	  -0.154001
  21.123047	  -0.259396
  21.132812	  -0.316561
  21.142578	  -0.306786
  21.152344	  -0.236425
  21.162109	  -0.133148
  21.171875	  -0.034580
  21.181641	   0.026271
  21.191406	   0.033302
  21.201172	  -0.007217
  21.210938	  -0.069896
  21.220703	  -0.120809
  21.230469	  -0.131252
  21.240234	  -0.089386
  21.250000	  -0.005264
  21.259766	   0.092713
  21.269531	   0.168627
  21.279297	   0.193071
  21.289062	   0.155055
  21.298828	   0.067167
  21.308594	  -0.038115
  21.318359	  -0.119801
  21.328125	  -0.143366
  21.337891	  -0.093817
  21.347656	   0.018060
  21.357422	   0.158744
  21.367188	   0.283427
  21.376953	   0.351849
  21.386719	   0.342854
  21.396484	   0.262366
  21.406250	   0.141782
  21.416016	   0.027246
  21.425781	  -0.036488
  21.435547	  -0.021865
  21.445312	   0.071614
  21.455078	   0.217035
  21.464844	   0.369368
  21.474609	   0.481113
  21.484375	   0.518749
  21.494141	   0.474145
  21.503906	   0.366919
  21.513672	   0.237006
  21.523438	   0.130170
  21.533203	   0.081728
  21.542969	   0.104318
  21.552734	   0.184046
  21.562500	   0.286259
  21.572266	   0.368726
  21.582031	   0.397324
  21.591797	   0.358498
  21.601562	   0.263992
  21.611328	   0.146209
  21.621094	   0.046014
  21.630859	  -0.002472
  21.640625	   0.015544
  21.650391	   0.090175
  21.660156	   0.190673
  21.669922	   0.276952
  21.679688	   0.314547
  21.689453	   0.287447
  21.699219	   0.204088
  21.708984	   0.094292
  21.718750	  -0.001726
  21.728516	  -0.048202
  21.738281	  -0.027076
  21.748047	   0.055244
  21.757812	   0.170086
  21.767578	   0.276880
  21.777344	   0.337875
  21.787109	   0.331786
  21.796875	   0.261379
  21.806641	   0.152204
  21.816406	   0.042972
  21.826172	  -0.028860
  21.835938	  -0.040960
  21.845703	   0.005694
  21.855469	   0.087346
  21.865234	   0.166542
  21.875000	   0.206406
  21.884766	   0.184823
  21.894531	   0.103249
  21.904297	  -0.013190
  21.914062	  -0.124442
  21.923828	  -0.190002
  21.933594	  -0.183834
  21.943359	  -0.104264
  21.953125	   0.024842
  21.962891	   0.162157
  21.972656	   0.263383
  21.982422	   0.296945
  21.992188	   0.255207
  22.001953	   0.157117
  22.011719	   0.041275
  22.021484	  -0.048112
  22.031250	  -0.077346
  22.041016	  -0.035585
  22.050781	   0.061049
  22.060547	   0.175113
  22.070312	   0.261248
  22.080078	   0.282524
  22.089844	   0.223857
  22.099609	   0.097669
  22.109375	  -0.060256
  22.119141	  -0.203213
  22.128906	  -0.289881
  22.138672	  -0.298648
  22.148438	  -0.234882
  22.158203	  -0.128610
  22.167969	  -0.023548
  22.177734	   0.038516
  22.187500	   0.032340
  22.197266	  -0.042342
  22.207031	  -0.161490
  22.216797	  -0.286102
  22.226562	  -0.376672
  22.236328	  -0.407426
  22.246094	  -0.375145
  22.255859	  -0.299469
  22.265625	  -0.214741
  22.275391	  -0.156573
  22.285156	  -0.148216
  22.294922	  -0.191850
  22.304688	  -0.268018
  22.314453	  -0.343368
  22.324219	  -0.383747
  22.333984	  -0.367705
  22.343750	  -0.295285
  22.353516	  -0.188732
  22.363281	  -0.084760
  22.373047	  -0.021175
  22.382812	  -0.022767
  22.392578	  -0.091723
  22.402344	  -0.206171
  22.412109	  -0.327515
  22.421875	  -0.413962
  22.431641	  -0.435363
  22.441406	  -0.383969
  22.451172	  -0.277138
  22.460938	  -0.150986
  22.470703	  -0.047257
  22.480469	   0.001827
  22.490234	  -0.014797
  22.500000	  -0.083154
  22.509766	  -0.169547
  22.519531	  -0.233135
  22.529297	  -0.241188
  22.539062	  -0.181418
  22.548828	  -0.066872
  22.558594	   0.068468
  22.568359	   0.181797
  22.578125	   0.236949
  22.587891	   0.217563
  22.597656	   0.133167
  22.607422	   0.015921
  22.617188	  -0.090837
  22.626953	  -0.148086
  22.636719	  -0.135082
  22.646484	  -0.056700
  22.656250	   0.058489
  22.666016	   0.168691
  22.675781	   0.234121
  22.685547	   0.231438
  22.695312	   0.162157
  22.705078	   0.051988
  22.714844	  -0.058620
  22.724609	  -0.129271
  22.734375	  -0.134340
  22.744141	  -0.072246
  22.753906	   0.034097
  22.763672	   0.145792
  22.773438	   0.222332
  22.783203	   0.236544
  22.792969	   0.184654
  22.802734	   0.087776
  22.812500	  -0.015745
  22.822266	  -0.084339
  22.832031	  -0.088485
  22.841797	  -0.021661
  22.851562	   0.097005
  22.861328	   0.229394
  22.871094	   0.331953
  22.880859	   0.371251
  22.890625	   0.335914
  22.900391	   0.240621
  22.910156	   0.120754
  22.919922	   0.019651
  22.929688	  -0.026891
  22.939453	  -0.003258
  22.949219	   0.080734
  22.958984	   0.193822
  22.968750	   0.294980
  22.978516	   0.348477
  22.988281	   0.336806
  22.998047	   0.266774
  23.007812	   0.166601
  23.017578	   0.075157
  23.027344	   0.027380
  23.037109	   0.041246
  23.046875	   0.111127
  23.056641	   0.209939
  23.066406	   0.299282
  23.076172	   0.343796
  23.085938	   0.324406
  23.095703	   0.245549
  23.105469	   0.133675
  23.115234	   0.027562
  23.125000	  -0.036019
  23.134766	  -0.035998
  23.144531	   0.025021
  23.154297	   0.121494
  23.164062	   0.214183
  23.173828	   0.264578
  23.183594	   0.249242
  23.193359	   0.168788
  23.203125	   0.048152
  23.212891	  -0.072051
  23.222656	  -0.150027
  23.232422	  -0.157953
  23.242188	  -0.092303
  23.251953	   0.024422
  23.261719	   0.151244
  23.271484	   0.242888
  23.281250	   0.265547
  23.291016	   0.208623
  23.300781	   0.088289
  23.310547	  -0.058350
  23.320312	  -0.186373
  23.330078	  -0.258682
  23.339844	  -0.258626
  23.349609	  -0.195140
  23.359375	  -0.098742
  23.369141	  -0.009965
  23.378906	   0.035436
  23.388672	   0.019145
  23.398438	  -0.053733
  23.408203	  -0.157367
  23.417969	  -0.255368
  23.427734	  -0.314527
  23.437500	  -0.316970
  23.447266	  -0.266217
  23.457031	  -0.185035
  23.466797	  -0.105993
  23.476562	  -0.058422
  23.486328	  -0.056772
  23.496094	  -0.094836
  23.505859	  -0.148068
  23.515625	  -0.183172
  23.525391	  -0.171355
  23.535156	  -0.100216
  23.544922	   0.020312
  23.554688	   0.160387
  23.564453	   0.280350
  23.574219	   0.344901
  23.583984	   0.336187
  23.593750	   0.260912
  23.603516	   0.148698
  23.613281	   0.042089
  23.623047	  -0.018354
  23.632812	  -0.008564
  23.642578	   0.070149
  23.652344	   0.191113
  23.662109	   0.311312
  23.671875	   0.386266
  23.681641	   0.385525
  23.691406	   0.303290
  23.701172	   0.160380
  23.710938	  -0.003110
  23.720703	  -0.141805
  23.730469	  -0.220708
  23.740234	  -0.226912
  23.750000	  -0.173286
  23.759766	  -0.092915
  23.769531	  -0.026468
  23.779297	  -0.007146
  23.789062	  -0.048718
  23.798828	  -0.140940
  23.808594	  -0.253926
  23.818359	  -0.349716
  23.828125	  -0.396709
  23.837891	  -0.381545
  23.847656	  -0.314060
  23.857422	  -0.223483
  23.867188	  -0.147316
  23.876953	  -0.117060
  23.886719	  -0.146126
  23.896484	  -0.224456
  23.906250	  -0.321956
  23.916016	  -0.399512
  23.925781	  -0.423608
  23.935547	  -0.379141
  23.945312	  -0.275676
  23.955078	  -0.144721
  23.964844	  -0.028912
  23.974609	   0.033076
  23.984375	   0.020437
  23.994141	  -0.062079
  24.003906	  -0.185540
  24.013672	  -0.306820
  24.023438	  -0.383661
  24.033203	  -0.389410
  24.042969	  -0.322157
  24.052734	  -0.204998
  24.062500	  -0.077397
  24.072266	   0.019226
  24.082031	   0.056416
  24.091797	   0.028743
  24.101562	  -0.044631
  24.111328	  -0.127375
  24.121094	  -0.179649
  24.130859	  -0.172977
  24.140625	  -0.100904
  24.150391	   0.018470
  24.160156	   0.148968
  24.169922	   0.249470
  24.179688	   0.288879
  24.189453	   0.257464
  24.199219	   0.170431
  24.208984	   0.062431
  24.218750	  -0.024999
  24.228516	  -0.058478
  24.238281	  -0.024850
  24.248047	   0.064129
  24.257812	   0.176141
  24.267578	   0.270109
  24.277344	   0.311132
  24.287109	   0.283130
  24.296875	   0.194604
  24.306641	   0.075463
  24.316406	  -0.033867
  24.326172	  -0.097080
  24.335938	  -0.094987
  24.345703	  -0.032196
  24.355469	   0.064935
  24.365234	   0.158234
  24.375000	   0.211849
  24.384766	   0.205373
  24.394531	   0.141148
  24.404297	   0.043116
  24.414062	  -0.052305
  24.423828	  -0.109903
  24.433594	  -0.108821
  24.443359	  -0.050322
  24.453125	   0.042711
  24.462891	   0.134328
  24.472656	   0.188951
  24.482422	   0.184697
  24.492188	   0.121657
  24.501953	   0.022018
  24.511719	  -0.078032
  24.521484	  -0.141656
  24.531250	  -0.145053
  24.541016	  -0.086410
  24.550781	   0.013233
  24.560547	   0.117571
  24.570312	   0.188339
  24.580078	   0.199475
  24.589844	   0.146902
  24.599609	   0.050321
  24.609375	  -0.053737
  24.619141	  -0.125125
  24.628906	  -0.134750
  24.638672	  -0.075377
  24.648438	   0.035426
  24.658203	   0.161324
  24.667969	   0.260092
  24.677734	   0.298694
  24.687500	   0.265115
  24.697266	   0.172655
  24.707031	   0.055134
  24.716797	  -0.045267
  24.726562	  -0.093100
  24.736328	  -0.072223
  24.746094	   0.008687
  24.755859	   0.119655
  24.765625	   0.220609
  24.775391	   0.276151
  24.785156	   0.268465
  24.794922	   0.203646
  24.804688	   0.109161
  24.814453	   0.023397
  24.824219	  -0.018821
  24.833984	   0.000609
  24.843750	   0.076105
  24.853516	   0.180235
  24.863281	   0.273703
  24.873047	   0.319858
  24.882812	   0.298376
  24.892578	   0.213073
  24.902344	   0.090909
  24.912109	  -0.027523
  24.921875	  -0.102611
  24.931641	  -0.110147
  24.941406	  -0.050272
  24.951172	   0.052340
  24.960938	   0.157216
  24.970703	   0.222595
  24.980469	   0.220509
  24.990234	   0.146968
  25.000000	   0.023541
  25.009766	  -0.110241
  25.019531	  -0.210951
  25.029297	  -0.246717
  25.039062	  -0.208487
  25.048828	  -0.113052
  25.058594	   0.003232
  25.068359	   0.097722
  25.078125	   0.136927
  25.087891	   0.108496
  25.097656	   0.025426
  25.107422	  -0.079020
  25.117188	  -0.163780
  25.126953	  -0.195281
  25.136719	  -0.159951
  25.146484	  -0.069370
  25.156250	   0.043803
  25.166016	   0.137663
  25.175781	   0.176324
  25.185547	   0.143053
  25.195312	   0.046487
  25.205078	  -0.082337
  25.214844	  -0.201067
  25.224609	  -0.271201
  25.234375	  -0.271824
  25.244141	  -0.206947
  25.253906	  -0.103797
  25.263672	  -0.002725
  25.273438	   0.057569
  25.283203	   0.054083
  25.292969	  -0.012289
  25.302734	  -0.117381
  25.312500	  -0.222928
  25.322266	  -0.290922
  25.332031	  -0.297847
  25.341797	  -0.243556
  25.351562	  -0.151517
  25.361328	  -0.060298
  25.371094	  -0.009386
  25.380859	  -0.024500
  25.390625	  -0.107798
  25.400391	  -0.236568
  25.410156	  -0.370960
  25.419922	  -0.468010
  25.429688	  -0.496911
  25.439453	  -0.450053
  25.449219	  -0.345819
  25.458984	  -0.222154
  25.468750	  -0.123180
  25.478516	  -0.083671
  25.488281	  -0.116912
  25.498047	  -0.210238
  25.507812	  -0.329767
  25.517578	  -0.432516
  25.527344	  -0.481503
  25.537109	  -0.458385
  25.546875	  -0.369197
  25.556641	  -0.241286
  25.566406	  -0.112768
  25.576172	  -0.018512
  25.585938	   0.022153
  25.595703	   0.011551
  25.605469	  -0.028513
  25.615234	  -0.066187
  25.625000	  -0.072597
  25.634766	  -0.033449
  25.644531	   0.045181
  25.654297	   0.139047
  25.664062	   0.215085
  25.673828	   0.244329
  25.683594	   0.213472
  25.693359	   0.130608
  25.703125	   0.022876
  25.712891	  -0.073255
  25.722656	  -0.125503
  25.732422	  -0.118050
  25.742188	  -0.057933
  25.751953	   0.027027
  25.761719	   0.098163
  25.771484	   0.120286
  25.781250	   0.075166
  25.791016	  -0.030828
  25.800781	  -0.167904
  25.810547	  -0.292628
  25.820312	  -0.362972
  25.830078	  -0.353300
  25.839844	  -0.263902
  25.849609	  -0.121549
  25.859375	   0.029259
  25.869141	   0.141387
  25.878906	   0.181225
  25.888672	   0.140244
  25.898438	   0.037862
  25.908203	  -0.085376
  25.917969	  -0.181875
  25.927734	  -0.213369
  25.937500	  -0.163830
  25.947266	  -0.044440
  25.957031	   0.110994
  25.966797	   0.258391
  25.976562	   0.358977
  25.986328	   0.392505
  25.996094	   0.363430
  26.005859	   0.298021
  26.015625	   0.233641
  26.025391	   0.204311
  26.035156	   0.227896
  26.044922	   0.299632
  26.054688	   0.394279
  26.064453	   0.476000
  26.074219	   0.512201
  26.083984	   0.486139
  26.093750	   0.403567
  26.103516	   0.290929
  26.113281	   0.185735
  26.123047	   0.122679
  26.132812	   0.120637
  26.142578	   0.175392
  26.152344	   0.260846
  26.162109	   0.338367
  26.171875	   0.370937
  26.181641	   0.336957
  26.191406	   0.238674
  26.201172	   0.102100
  26.210938	  -0.031632
  26.220703	  -0.120444
  26.230469	  -0.135967
  26.240234	  -0.073461
  26.250000	   0.046530
  26.259766	   0.185350
  26.269531	   0.299640
  26.279297	   0.356187
  26.289062	   0.342949
  26.298828	   0.272436
  26.308594	   0.176390
  26.318359	   0.093852
  26.328125	   0.057027
  26.337891	   0.080056
  26.347656	   0.154659
  26.357422	   0.254013
  26.367188	   0.343206
  26.376953	   0.392262
  26.386719	   0.386830
  26.396484	   0.332670
  26.406250	   0.252396
  26.416016	   0.175917
  26.425781	   0.128356
  26.435547	   0.120127
  26.445312	   0.143025
  26.455078	   0.173825
  26.464844	   0.184024
  26.474609	   0.151980
  26.484375	   0.072722
  26.494141	  -0.038482
  26.503906	  -0.150385
  26.513672	  -0.226500
  26.523438	  -0.238487
  26.533203	  -0.177222
  26.542969	  -0.057358
  26.552734	   0.086549
  26.562500	   0.211179
  26.572266	   0.279026
  26.582031	   0.271224
  26.591797	   0.194020
  26.601562	   0.076483
  26.611328	  -0.039811
  26.621094	  -0.115483
  26.630859	  -0.127219
  26.640625	  -0.075845
  26.650391	   0.014272
  26.660156	   0.104274
  26.669922	   0.155026
  26.679688	   0.141371
  26.689453	   0.061278
  26.699219	  -0.063408
  26.708984	  -0.194862
  26.718750	  -0.292942
  26.728516	  -0.329661
  26.738281	  -0.299222
  26.748047	  -0.220014
  26.757812	  -0.127857
  26.767578	  -0.062989
  26.777344	  -0.055531
  26.787109	  -0.114695
  26.796875	  -0.225623
  26.806641	  -0.354945
  26.816406	  -0.462963
  26.826172	  -0.517983
  26.835938	  -0.507551
  26.845703	  -0.442505
  26.855469	  -0.352443
  26.865234	  -0.274319
  26.875000	  -0.238444
  26.884766	  -0.257073
  26.894531	  -0.319822
  26.904297	  -0.397606
  26.914062	  -0.453669
  26.923828	  -0.457606
  26.933594	  -0.397207
  26.943359	  -0.283672
  26.953125	  -0.148211
  26.962891	  -0.031172
  26.972656	   0.032399
  26.982422	   0.025519
  26.992188	  -0.044316
  27.001953	  -0.147444
  27.011719	  -0.242311
  27.021484	  -0.290041
  27.031250	  -0.268085
  27.041016	  -0.178052
  27.050781	  -0.044923
  27.060547	   0.092016
  27.070312	   0.193231
  27.080078	   0.232870
  27.089844	   0.207569
  27.099609	   0.136981
  27.109375	   0.055950
  27.119141	   0.001244
  27.128906	  -0.002242
  27.138672	   0.049241
  27.148438	   0.136928
  27.158203	   0.226537
  27.167969	   0.281032
  27.177734	   0.274441
  27.187500	   0.201654
  27.197266	   0.080612
  27.207031	  -0.053914
  27.216797	  -0.162655
  27.226562	  -0.215765
  27.236328	  -0.203243
  27.246094	  -0.138058
  27.255859	  -0.050884
  27.265625	   0.021588
  27.275391	   0.050419
  27.285156	   0.025192
  27.294922	  -0.042188
  27.304688	  -0.122048
  27.314453	  -0.178173
  27.324219	  -0.181546
  27.333984	  -0.121528
  27.343750	  -0.010332
  27.353516	   0.120880
  27.363281	   0.232874
  27.373047	   0.292222
  27.382812	   0.283125
  27.392578	   0.212846
  27.402344	   0.108802
  27.412109	   0.008411
  27.421875	  -0.054543
  27.431641	  -0.062019
  27.441406	  -0.017836
  27.451172	   0.054407
  27.460938	   0.120762
  27.470703	   0.150182
  27.480469	   0.126575
  27.490234	   0.055139
  27.500000	  -0.039454
  27.509766	  -0.122387
  27.519531	  -0.162078
  27.529297	  -0.142604
  27.539062	  -0.070428
  27.548828	   0.027239
  27.558594	   0.112008
  27.568359	   0.148430
  27.578125	   0.117503
  27.587891	   0.024517
  27.597656	  -0.101824
  27.607422	  -0.218916
  27.617188	  -0.285175
  27.626953	  -0.275062
  27.636719	  -0.188793
  27.646484	  -0.053111
  27.656250	   0.087328
  27.666016	   0.185071
  27.675781	   0.206213
  27.685547	   0.142236
  27.695312	   0.013139
  27.705078	  -0.139284
  27.714844	  -0.265671
  27.724609	  -0.325843
  27.734375	  -0.302222
  27.744141	  -0.205253
  27.753906	  -0.069033
  27.763672	   0.061182
  27.773438	   0.145064
  27.783203	   0.161163
  27.792969	   0.113804
  27.802734	   0.030646
  27.812500	  -0.048070
  27.822266	  -0.084547
  27.832031	  -0.057261
  27.841797	   0.031356
  27.851562	   0.156050
  27.861328	   0.278102
  27.871094	   0.359382
  27.880859	   0.375903
  27.890625	   0.325983
  27.900391	   0.230138
  27.910156	   0.122942
  27.919922	   0.040003
  27.929688	   0.004965
  27.939453	   0.021340
  27.949219	   0.072124
  27.958984	   0.127203
  27.968750	   0.155645
  27.978516	   0.138156
  27.988281	   0.074975
  27.998047	  -0.013821
  28.007812	  -0.095720
  28.017578	  -0.138119
  28.027344	  -0.120949
  28.037109	  -0.044783
  28.046875	   0.068707
  28.056641	   0.184233
  28.066406	   0.265609
  28.076172	   0.289037
  28.085938	   0.251976
  28.095703	   0.174231
  28.105469	   0.090716
  28.115234	   0.038477
  28.125000	   0.042673
  28.134766	   0.106724
  28.144531	   0.210331
  28.154297	   0.316254
  28.164062	   0.383499
  28.173828	   0.382220
  28.183594	   0.304905
  28.193359	   0.169734
  28.203125	   0.014784
  28.212891	  -0.114939
  28.222656	  -0.183054
  28.232422	  -0.174380
  28.242188	  -0.100023
  28.251953	   0.006854
  28.261719	   0.103056
  28.271484	   0.150840
  28.281250	   0.131286
  28.291016	   0.050749
  28.300781	  -0.061885
  28.310547	  -0.166091
  28.320312	  -0.224735
  28.330078	  -0.217735
  28.339844	  -0.149389
  28.349609	  -0.046688
  28.359375	   0.050722
  28.369141	   0.105239
  28.378906	   0.095252
  28.388672	   0.023211
  28.398438	  -0.085176
  28.408203	  -0.190349
  28.417969	  -0.253490
  28.427734	  -0.250961
  28.437500	  -0.183297
  28.447266	  -0.075414
  28.457031	   0.032116
  28.466797	   0.097595
  28.476562	   0.093309
  28.486328	   0.015735
  28.496094	  -0.112861
  28.505859	  -0.252037
  28.515625	  -0.357271
  28.525391	  -0.395479
  28.535156	  -0.356380
  28.544922	  -0.255661
  28.554688	  -0.128871
  28.564453	  -0.018332
  28.574219	   0.042134
  28.583984	   0.039106
  28.593750	  -0.016205
  28.603516	  -0.092838
  28.613281	  -0.152218
  28.623047	  -0.163000
  28.632812	  -0.113139
  28.642578	  -0.014728
  28.652344	   0.100186
  28.662109	   0.191233
  28.671875	   0.224537
  28.681641	   0.185221
  28.691406	   0.083003
  28.701172	  -0.051207
  28.710938	  -0.176481
  28.720703	  -0.256717
  28.730469	  -0.273698
  28.740234	  -0.233567
  28.750000	  -0.164301
  28.759766	  -0.105099
  28.769531	  -0.091561
  28.779297	  -0.142105
  28.789062	  -0.250636
  28.798828	  -0.388212
  28.808594	  -0.513147
  28.818359	  -0.585913
  28.828125	  -0.583401
  28.837891	  -0.507332
  28.847656	  -0.383687
  28.857422	  -0.253349
  28.867188	  -0.157304
  28.876953	  -0.121795
  28.886719	  -0.148855
  28.896484	  -0.215696
  28.906250	  -0.283217
  28.916016	  -0.310593
  28.925781	  -0.270623
  28.935547	  -0.160256
  28.945312	  -0.002411
  28.955078	   0.161659
  28.964844	   0.286758
  28.974609	   0.339773
  28.984375	   0.311566
  28.994141	   0.220463
  29.003906	   0.106065
  29.013672	   0.015571
  29.023438	  -0.012520
  29.033203	   0.038451
  29.042969	   0.157921
  29.052734	   0.312287
  29.062500	   0.457007
  29.072266	   0.552195
  29.082031	   0.576064
  29.091797	   0.531509
  29.101562	   0.443633
  29.111328	   0.349390
  29.121094	   0.283362
  29.130859	   0.265009
  29.140625	   0.292111
  29.150391	   0.342717
  29.160156	   0.384697
  29.169922	   0.389167
  29.179688	   0.342558
  29.189453	   0.252692
  29.199219	   0.146454
  29.208984	   0.059853
  29.218750	   0.024176
  29.228516	   0.053477
  29.238281	   0.138229
  29.248047	   0.247724
  29.257812	   0.340578
  29.267578	   0.379650
  29.277344	   0.345938
  29.287109	   0.246300
  29.296875	   0.111974
  29.306641	  -0.011775
  29.316406	  -0.081341
  29.326172	  -0.070240
  29.335938	   0.021212
  29.345703	   0.165543
  29.355469	   0.317322
  29.365234	   0.428706
  29.375000	   0.465831
  29.384766	   0.420222
  29.394531	   0.311174
  29.404297	   0.178282
  29.414062	   0.066854
  29.423828	   0.011489
  29.433594	   0.023759
  29.443359	   0.088430
  29.453125	   0.169559
  29.462891	   0.224205
  29.472656	   0.218723
  29.482422	   0.141672
  29.492188	   0.008585
  29.501953	  -0.143197
  29.511719	  -0.267803
  29.521484	  -0.327436
  29.531250	  -0.306277
  29.541016	  -0.216614
  29.550781	  -0.094900
  29.560547	   0.010916
  29.570312	   0.058308
  29.580078	   0.025287
  29.589844	  -0.081685
  29.599609	  -0.229842
  29.609375	  -0.371556
  29.619141	  -0.461018
  29.628906	  -0.470238
  29.638672	  -0.398707
  29.648438	  -0.273360
  29.658203	  -0.138936
  29.667969	  -0.042259
  29.677734	  -0.016057
  29.687500	  -0.068040
  29.697266	  -0.178988
  29.707031	  -0.310330
  29.716797	  -0.418304
  29.726562	  -0.469479
  29.736328	  -0.452073
  29.746094	  -0.379115
  29.755859	  -0.282554
  29.765625	  -0.200737
  29.775391	  -0.164017
  29.785156	  -0.183843
  29.794922	  -0.249276
  29.804688	  -0.332034
  29.814453	  -0.397963
  29.824219	  -0.420463
  29.833984	  -0.390726
  29.843750	  -0.320887
  29.853516	  -0.238935
  29.863281	  -0.177365
  29.873047	  -0.159954
  29.882812	  -0.191786
  29.892578	  -0.256461
  29.902344	  -0.321721
  29.912109	  -0.351536
  29.921875	  -0.320187
  29.931641	  -0.223026
  29.941406	  -0.079719
  29.951172	   0.071521
  29.960938	   0.186858
  29.970703	   0.232388
  29.980469	   0.196669
  29.990234	   0.095595
  30.000000	  -0.032392
  30.009766	  -0.139248
  30.019531	  -0.183984
  30.029297	  -0.147162
  30.039062	  -0.038054
  30.048828	   0.108164
  30.058594	   0.242315
  30.068359	   0.318084
  30.078125	   0.307989
  30.087891	   0.212874
  30.097656	   0.061633
  30.107422	  -0.098664
  30.117188	  -0.218750
  30.126953	  -0.263611
  30.136719	  -0.223710
  30.146484	  -0.117223
  30.156250	   0.017257
  30.166016	   0.134716
  30.175781	   0.199294
  30.185547	   0.195910
  30.195312	   0.133969
  30.205078	   0.042193
  30.214844	  -0.043185
  30.224609	  -0.092261
  30.234375	  -0.092123
  30.244141	  -0.050490
  30.253906	   0.008794
  30.263672	   0.056434
  30.273438	   0.070211
  30.283203	   0.044439
  30.292969	  -0.007384
  30.302734	  -0.057786
  30.312500	  -0.076413
  30.322266	  -0.042725
  30.332031	   0.044694
  30.341797	   0.165972
  30.351562	   0.286019
  30.361328	   0.366816
  30.371094	   0.381475
  30.380859	   0.324812
  30.390625	   0.216350
  30.400391	   0.094370
  30.410156	   0.002906
  30.419922	  -0.023779
  30.429688	   0.026342
  30.439453	   0.138218
  30.449219	   0.274406
  30.458984	   0.387773
  30.468750	   0.437779
  30.478516	   0.404605
  30.488281	   0.296095
  30.498047	   0.145010
  30.507812	  -0.002411
  30.517578	  -0.102523
  30.527344	  -0.129250
  30.537109	  -0.082636
  30.546875	   0.012008
  30.556641	   0.113945
  30.566406	   0.182204
  30.576172	   0.190566
  30.585938	   0.136892
  30.595703	   0.043470
  30.605469	  -0.051672
  30.615234	  -0.109237
  30.625000	  -0.103539
  30.634766	  -0.032306
  30.644531	   0.082213
  30.654297	   0.201239
  30.664062	   0.283631
  30.673828	   0.300996
  30.683594	   0.248178
  30.693359	   0.145237
  30.703125	   0.030136
  30.712891	  -0.055197
  30.722656	  -0.080368
  30.732422	  -0.037864
  30.742188	   0.053945
  30.751953	   0.157309
  30.761719	   0.228813
  30.771484	   0.235336
  30.781250	   0.166458
  30.791016	   0.038769
  30.800781	  -0.109556
  30.810547	  -0.232000
  30.820312	  -0.290041
  30.830078	  -0.266715
  30.839844	  -0.172511
  30.849609	  -0.041522
  30.859375	   0.080788
  30.869141	   0.153740
  30.878906	   0.155733
  30.888672	   0.091539
  30.898438	  -0.009953
  30.908203	  -0.106647
  30.917969	  -0.158765
  30.927734	  -0.143338
  30.937500	  -0.062398
  30.947266	   0.058022
  30.957031	   0.177643
  30.966797	   0.256789
  30.976562	   0.270883
  30.986328	   0.219264
  30.996094	   0.125167
  31.005859	   0.026935
  31.015625	  -0.036247
  31.025391	  -0.038801
  31.035156	   0.021915
  31.044922	   0.124803
  31.054688	   0.232974
  31.064453	   0.307467
  31.074219	   0.321615
  31.083984	   0.270740
  31.093750	   0.173603
  31.103516	   0.065102
  31.113281	  -0.017006
  31.123047	  -0.046395
  31.132812	  -0.018077
  31.142578	   0.049800
  31.152344	   0.123003
  31.162109	   0.164525
  31.171875	   0.149196
  31.181641	   0.074103
  31.191406	  -0.039195
  31.201172	  -0.151665
  31.210938	  -0.220605
  31.220703	  -0.215301
  31.230469	  -0.128800
  31.240234	   0.018597
  31.250000	   0.185553
  31.259766	   0.323562
  31.269531	   0.393574
  31.279297	   0.379470
  31.289062	   0.293535
  31.298828	   0.171956
  31.308594	   0.061926
  31.318359	   0.004956
  31.328125	   0.022367
  31.337891	   0.108113
  31.347656	   0.231460
  31.357422	   0.348466
  31.367188	   0.418042
  31.376953	   0.416769
  31.386719	   0.347099
  31.396484	   0.236049
  31.406250	   0.124940
  31.416016	   0.054012
  31.425781	   0.047574
  31.435547	   0.105140
  31.445312	   0.201743
  31.455078	   0.297277
  31.464844	   0.351380
  31.474609	   0.338353
  31.484375	   0.256636
  31.494141	   0.129359
  31.503906	  -0.004204
  31.513672	  -0.103096
  31.523438	  -0.139700
  31.533203	  -0.109788
  31.542969	  -0.033878
  31.552734	   0.050563
  31.562500	   0.103169
  31.572266	   0.095750
  31.582031	   0.022770
  31.591797	  -0.096671
  31.601562	  -0.226121
  31.611328	  -0.325618
  31.621094	  -0.366924
  31.630859	  -0.344437
  31.640625	  -0.277622
  31.650391	  -0.203917
  31.660156	  -0.164667
  31.669922	  -0.189223
  31.679688	  -0.283180
  31.689453	  -0.425222
  31.699219	  -0.574002
  31.708984	  -0.682707
  31.718750	  -0.716151
  31.728516	  -0.664111
  31.738281	  -0.545947
  31.748047	  -0.404554
  31.757812	  -0.291615
  31.767578	  -0.249260
  31.777344	  -0.294694
  31.787109	  -0.413360
  31.796875	  -0.563270
  31.806641	  -0.689144
  31.816406	  -0.741525
  31.826172	  -0.694153
  31.835938	  -0.553471
  31.845703	  -0.356849
  31.855469	  -0.160054
  31.865234	  -0.018295
  31.875000	   0.032569
  31.884766	  -0.011851
  31.894531	  -0.123214
  31.904297	  -0.250392
  31.914062	  -0.337102
  31.923828	  -0.341028
  31.933594	  -0.247849
  31.943359	  -0.075468
  31.953125	   0.132779
  31.962891	   0.323252
  31.972656	   0.449994
  31.982422	   0.489243
  31.992188	   0.445588
  32.001953	   0.348010
  32.011719	   0.237731
  32.021484	   0.152621
  32.031250	   0.114002
  32.041016	   0.120542
  32.050781	   0.151146
  32.060547	   0.175324
  32.070312	   0.166737
  32.080078	   0.114567
  32.089844	   0.028267
  32.099609	  -0.066059
  32.109375	  -0.136180
  32.119141	  -0.156962
  32.128906	  -0.121059
  32.138672	  -0.042756
  32.148438	   0.046720
  32.158203	   0.110817
  32.167969	   0.121888
  32.177734	   0.072585
  32.187500	  -0.020089
  32.197266	  -0.119903
  32.207031	  -0.184098
  32.216797	  -0.179186
  32.226562	  -0.094046
  32.236328	   0.054651
  32.246094	   0.226928
  32.255859	   0.372620
  32.265625	   0.448588
  32.275391	   0.433972
  32.285156	   0.337951
  32.294922	   0.197123
  32.304688	   0.063273
  32.314453	  -0.014255
  32.324219	  -0.005398
  32.333984	   0.090503
  32.343750	   0.244847
  32.353516	   0.410109
  32.363281	   0.536623
  32.373047	   0.589839
  32.382812	   0.561915
  32.392578	   0.473600
  32.402344	   0.365890
  32.412109	   0.284607
  32.421875	   0.263582
  32.431641	   0.312560
  32.441406	   0.414164
  32.451172	   0.530880
  32.460938	   0.619386
  32.470703	   0.646824
  32.480469	   0.602992
  32.490234	   0.503913
  32.500000	   0.385519
  32.509766	   0.289807
  32.519531	   0.248657
  32.529297	   0.271380
  32.539062	   0.340690
  32.548828	   0.418715
  32.558594	   0.460911
  32.568359	   0.432829
  32.578125	   0.323537
  32.587891	   0.150699
  32.597656	  -0.044701
  32.607422	  -0.212204
  32.617188	  -0.309379
  32.626953	  -0.316686
  32.636719	  -0.244320
  32.646484	  -0.128545
  32.656250	  -0.018817
  32.666016	   0.039680
  32.675781	   0.021774
  32.685547	  -0.069308
  32.695312	  -0.203886
  32.705078	  -0.337304
  32.714844	  -0.426661
  32.724609	  -0.446623
  32.734375	  -0.398524
  32.744141	  -0.309415
  32.753906	  -0.221476
  32.763672	  -0.175738
  32.773438	  -0.196197
  32.783203	  -0.280278
  32.792969	  -0.399255
  32.802734	  -0.508608
  32.812500	  -0.564558
  32.822266	  -0.540735
  32.832031	  -0.438768
  32.841797	  -0.288793
  32.851562	  -0.139486
  32.861328	  -0.041093
  32.871094	  -0.027539
  32.880859	  -0.104069
  32.890625	  -0.244993
  32.900391	  -0.402446
  32.910156	  -0.523107
  32.919922	  -0.566950
  32.929688	  -0.521280
  32.939453	  -0.405013
  32.949219	  -0.261638
  32.958984	  -0.143349
  32.968750	  -0.092057
  32.978516	  -0.124083
  32.988281	  -0.224051
  32.998047	  -0.350175
  33.007812	  -0.449052
  33.017578	  -0.474655
  33.027344	  -0.404741
  33.037109	  -0.248812
  33.046875	  -0.044856
  33.056641	   0.153914
  33.066406	   0.297490
  33.076172	   0.356059
  33.085938	   0.329504
  33.095703	   0.246156
  33.105469	   0.151422
  33.115234	   0.090584
  33.125000	   0.092102
  33.134766	   0.157497
  33.144531	   0.261401
  33.154297	   0.361593
  33.164062	   0.415181
  33.173828	   0.394865
  33.183594	   0.299227
  33.193359	   0.153266
  33.203125	  -0.000966
  33.212891	  -0.120114
  33.222656	  -0.175722
  33.232422	  -0.164836
  33.242188	  -0.110974
  33.251953	  -0.055050
  33.261719	  -0.039539
  33.271484	  -0.091729
  33.281250	  -0.212294
  33.291016	  -0.373505
  33.300781	  -0.527895
  33.310547	  -0.624361
  33.320312	  -0.625923
  33.330078	  -0.522735
  33.339844	  -0.335612
  33.349609	  -0.108790
  33.359375	   0.105469
  33.369141	   0.264844
  33.378906	   0.350983
  33.388672	   0.374530
  33.398438	   0.369389
  33.408203	   0.378417
  33.417969	   0.435908
  33.427734	   0.553391
  33.437500	   0.714115
  33.447266	   0.878357
  33.457031	   0.997745
  33.466797	   1.033402
  33.476562	   0.971248
  33.486328	   0.828749
  33.496094	   0.650420
  33.505859	   0.493456
  33.515625	   0.408435
  33.525391	   0.421876
  33.535156	   0.526808
  33.544922	   0.684742
  33.554688	   0.838349
  33.564453	   0.930441
  33.574219	   0.922616
  33.583984	   0.807147
  33.593750	   0.608166
  33.603516	   0.372041
  33.613281	   0.150681
  33.623047	  -0.016076
  33.632812	  -0.112675
  33.642578	  -0.150467
  33.652344	  -0.160207
  33.662109	  -0.177593
  33.671875	  -0.227602
  33.681641	  -0.313685
  33.691406	  -0.415990
  33.701172	  -0.499295
  33.710938	  -0.527632
  33.720703	  -0.479958
  33.730469	  -0.360774
  33.740234	  -0.201391
  33.750000	  -0.050988
  33.759766	   0.039573
  33.769531	   0.035434
  33.779297	  -0.069491
  33.789062	  -0.249434
  33.798828	  -0.454712
  33.808594	  -0.628052
  33.818359	  -0.723638
  33.828125	  -0.722185
  33.837891	  -0.636739
  33.847656	  -0.507207
  33.857422	  -0.385648
  33.867188	  -0.317616
  33.876953	  -0.326262
  33.886719	  -0.404787
  33.896484	  -0.519827
  33.906250	  -0.624332
  33.916016	  -0.675113
  33.925781	  -0.648596
  33.935547	  -0.549031
  33.945312	  -0.406299
  33.955078	  -0.264267
  33.964844	  -0.164149
  33.974609	  -0.129155
  33.984375	  -0.156143
  33.994141	  -0.217402
  34.003906	  -0.271829
  34.013672	  -0.281298
  34.023438	  -0.225997
  34.033203	  -0.112887
  34.042969	   0.026006
  34.052734	   0.145027
  34.062500	   0.201881
  34.072266	   0.173919
  34.082031	   0.067565
  34.091797	  -0.082784
  34.101562	  -0.226277
  34.111328	  -0.313541
  34.121094	  -0.314617
  34.130859	  -0.230364
  34.140625	  -0.093037
  34.150391	   0.044380
  34.160156	   0.126491
  34.169922	   0.115068
  34.179688	   0.002994
  34.189453	  -0.182379
  34.199219	  -0.387643
  34.208984	  -0.550616
  34.218750	  -0.620436
  34.228516	  -0.573532
  34.238281	  -0.420077
  34.248047	  -0.198975
  34.257812	   0.036461
  34.267578	   0.236758
  34.277344	   0.371866
  34.287109	   0.438640
  34.296875	   0.458003
  34.306641	   0.463386
  34.316406	   0.485336
  34.326172	   0.538419
  34.335938	   0.615552
  34.345703	   0.691882
  34.355469	   0.736539
  34.365234	   0.727425
  34.375000	   0.662923
  34.384766	   0.565473
  34.394531	   0.475041
  34.404297	   0.434464
  34.414062	   0.471962
  34.423828	   0.587514
  34.433594	   0.748721
  34.443359	   0.898496
  34.453125	   0.972645
  34.462891	   0.921632
  34.472656	   0.728976
  34.482422	   0.419607
  34.492188	   0.054731
  34.501953	  -0.285593
  34.511719	  -0.526668
  34.521484	  -0.622174
  34.531250	  -0.568251
  34.541016	  -0.403872
  34.550781	  -0.197383
  34.560547	  -0.023760
  34.570312	   0.059688
  34.580078	   0.031025
  34.589844	  -0.091014
  34.599609	  -0.255555
  34.609375	  -0.398625
  34.619141	  -0.465825
  34.628906	  -0.430669
  34.638672	  -0.302406
  34.648438	  -0.121021
  34.658203	   0.058296
  34.667969	   0.185217
  34.677734	   0.231468
  34.687500	   0.199021
  34.697266	   0.116631
  34.707031	   0.026444
  34.716797	  -0.033925
  34.726562	  -0.046886
  34.736328	  -0.021960
  34.746094	   0.008234
  34.755859	   0.001583
  34.765625	  -0.075554
  34.775391	  -0.232912
  34.785156	  -0.449499
  34.794922	  -0.678290
  34.804688	  -0.861086
  34.814453	  -0.948378
  34.824219	  -0.917071
  34.833984	  -0.779585
  34.843750	  -0.580843
  34.853516	  -0.383969
  34.863281	  -0.249584
  34.873047	  -0.215878
  34.882812	  -0.286390
  34.892578	  -0.429695
  34.902344	  -0.590955
  34.912109	  -0.711125
  34.921875	  -0.746943
  34.931641	  -0.684709
  34.941406	  -0.543204
  34.951172	  -0.365108
  34.960938	  -0.200415
  34.970703	  -0.088169
  34.980469	  -0.043239
  34.990234	  -0.052850
  35.000000	  -0.083788
  35.009766	  -0.097182
  35.019531	  -0.064967
  35.029297	   0.018450
  35.039062	   0.133853
  35.048828	   0.245090
  35.058594	   0.314079
  35.068359	   0.316994
  35.078125	   0.255152
  35.087891	   0.156054
  35.097656	   0.063751
  35.107422	   0.021907
  35.117188	   0.055880
  35.126953	   0.160827
  35.136719	   0.300862
  35.146484	   0.420304
  35.156250	   0.463541
  35.166016	   0.396610
  35.175781	   0.222581
  35.185547	  -0.015310
  35.195312	  -0.244685
  35.205078	  -0.386133
  35.214844	  -0.379240
  35.224609	  -0.203743
  35.234375	   0.111631
  35.244141	   0.496038
  35.253906	   0.857198
  35.263672	   1.109280
  35.273438	   1.198848
  35.283203	   1.120352
  35.292969	   0.916162
  35.302734	   0.661324
  35.312500	   0.438372
  35.322266	   0.310727
  35.332031	   0.303513
  35.341797	   0.397881
  35.351562	   0.540157
  35.361328	   0.662093
  35.371094	   0.704823
  35.380859	   0.638188
  35.390625	   0.469098
  35.400391	   0.236667
  35.410156	  -0.003324
  35.419922	  -0.198479
  35.429688	  -0.316875
  35.439453	  -0.355179
  35.449219	  -0.335400
  35.458984	  -0.292217
  35.468750	  -0.256324
  35.478516	  -0.240551
  35.488281	  -0.234254
  35.498047	  -0.208135
  35.507812	  -0.127509
  35.517578	   0.031286
  35.527344	   0.267949
  35.537109	   0.554070
  35.546875	   0.839820
  35.556641	   1.069314
  35.566406	   1.199149
  35.576172	   1.213194
  35.585938	   1.127981
  35.595703	   0.986417
  35.605469	   0.841824
  35.615234	   0.738025
  35.625000	   0.692719
  35.634766	   0.690421
  35.644531	   0.687799
  35.654297	   0.629775
  35.664062	   0.470776
  35.673828	   0.193485
  35.683594	  -0.181792
  35.693359	  -0.600832
  35.703125	  -0.991312
  35.712891	  -1.285487
  35.722656	  -1.441923
  35.732422	  -1.458780
  35.742188	  -1.373988
  35.751953	  -1.252244
  35.761719	  -1.163321
  35.771484	  -1.159150
  35.781250	  -1.257472
  35.791016	  -1.437469
  35.800781	  -1.648502
  35.810547	  -1.828512
  35.820312	  -1.925377
  35.830078	  -1.913688
  35.839844	  -1.801293
  35.849609	  -1.623815
  35.859375	  -1.429719
  35.869141	  -1.261840
  35.878906	  -1.142365
  35.888672	  -1.066723
  35.898438	  -1.008343
  35.908203	  -0.932097
  35.917969	  -0.810955
  35.927734	  -0.639254
  35.937500	  -0.437328
  35.947266	  -0.245591
  35.957031	  -0.110225
  35.966797	  -0.065853
  35.976562	  -0.121815
  35.986328	  -0.257357
  35.996094	  -0.427756
  36.005859	  -0.579317
  36.015625	  -0.667823
  36.025391	  -0.673670
  36.035156	  -0.608072
  36.044922	  -0.508011
  36.054688	  -0.421732
  36.064453	  -0.390125
  36.074219	  -0.430899
  36.083984	  -0.531440
  36.093750	  -0.653088
  36.103516	  -0.745307
  36.113281	  -0.764553
  36.123047	  -0.690847
  36.132812	  -0.535831
  36.142578	  -0.339230
  36.152344	  -0.154868
  36.162109	  -0.031338
  36.171875	   0.005582
  36.181641	  -0.037772
  36.191406	  -0.125485
  36.201172	  -0.205602
  36.210938	  -0.229771
  36.220703	  -0.171755
  36.230469	  -0.037887
  36.240234	   0.134533
  36.250000	   0.290534
  36.259766	   0.377709
  36.269531	   0.366040
  36.279297	   0.259928
  36.289062	   0.097834
  36.298828	  -0.060622
  36.308594	  -0.155645
  36.318359	  -0.148826
  36.328125	  -0.037416
  36.337891	   0.144038
  36.347656	   0.335559
  36.357422	   0.473112
  36.367188	   0.511986
  36.376953	   0.443833
  36.386719	   0.301182
  36.396484	   0.147595
  36.406250	   0.056727
  36.416016	   0.087458
  36.425781	   0.263717
  36.435547	   0.565942
  36.445312	   0.937058
  36.455078	   1.300772
  36.464844	   1.585721
  36.474609	   1.747075
  36.484375	   1.778288
  36.494141	   1.709320
  36.503906	   1.592554
  36.513672	   1.481974
  36.523438	   1.413416
  36.533203	   1.393045
  36.542969	   1.397976
  36.552734	   1.388318
  36.562500	   1.325597
  36.572266	   1.190225
  36.582031	   0.991073
  36.591797	   0.763305
  36.601562	   0.555170
  36.611328	   0.408745
  36.621094	   0.342103
  36.630859	   0.339984
  36.640625	   0.357055
  36.650391	   0.333134
  36.660156	   0.215237
  36.669922	  -0.021469
  36.679688	  -0.361609
  36.689453	  -0.751253
  36.699219	  -1.113278
  36.708984	  -1.371515
  36.718750	  -1.475467
  36.728516	  -1.417023
  36.738281	  -1.233271
  36.748047	  -0.994301
  36.757812	  -0.780145
  36.767578	  -0.654791
  36.777344	  -0.646213
  36.787109	  -0.739212
  36.796875	  -0.883297
  36.806641	  -1.012536
  36.816406	  -1.070124
  36.826172	  -1.028847
  36.835938	  -0.900237
  36.845703	  -0.729353
  36.855469	  -0.577378
  36.865234	  -0.498557
  36.875000	  -0.519984
  36.884766	  -0.631629
  36.894531	  -0.790142
  36.904297	  -0.934933
  36.914062	  -1.010531
  36.923828	  -0.986923
  36.933594	  -0.870383
  36.943359	  -0.700785
  36.953125	  -0.536372
  36.962891	  -0.431565
  36.972656	  -0.415974
  36.982422	  -0.482351
  36.992188	  -0.587990
  37.001953	  -0.669205
  37.011719	  -0.663756
  37.021484	  -0.533195
  37.031250	  -0.277128
  37.041016	   0.065726
  37.050781	   0.430012
  37.060547	   0.745284
  37.070312	   0.958886
  37.080078	   1.052084
  37.089844	   1.043836
  37.099609	   0.981148
  37.109375	   0.919805
  37.119141	   0.902708
  37.128906	   0.943801
  37.138672	   1.023441
  37.148438	   1.096754
  37.158203	   1.111765
  37.167969	   1.030453
  37.177734	   0.844892
  37.187500	   0.582444
  37.197266	   0.298064
  37.207031	   0.056502
  37.216797	  -0.089093
  37.226562	  -0.114376
  37.236328	  -0.030630
  37.246094	   0.121146
  37.255859	   0.286515
  37.265625	   0.418072
  37.275391	   0.492454
  37.285156	   0.517578
  37.294922	   0.527512
  37.304688	   0.567038
  37.314453	   0.671896
  37.324219	   0.852313
  37.333984	   1.086275
  37.343750	   1.325341
  37.353516	   1.511091
  37.363281	   1.596255
  37.373047	   1.562644
  37.382812	   1.429094
  37.392578	   1.246147
  37.402344	   1.079082
  37.412109	   0.985215
  37.421875	   0.993595
  37.431641	   1.094461
  37.441406	   1.242398
  37.451172	   1.372152
  37.460938	   1.421487
  37.470703	   1.352876
  37.480469	   1.166194
  37.490234	   0.897854
  37.500000	   0.606765
  37.509766	   0.352318
  37.519531	   0.172568
  37.529297	   0.070738
  37.539062	   0.015140
  37.548828	  -0.047333
  37.558594	  -0.169051
  37.568359	  -0.379033
  37.578125	  -0.668437
  37.587891	  -0.989861
  37.597656	  -1.271246
  37.607422	  -1.439765
  37.617188	  -1.447354
  37.626953	  -1.288709
  37.636719	  -1.005046
  37.646484	  -0.671915
  37.656250	  -0.374953
  37.666016	  -0.181832
  37.675781	  -0.120133
  37.685547	  -0.168876
  37.695312	  -0.266779
  37.705078	  -0.334467
  37.714844	  -0.303010
  37.724609	  -0.138963
  37.734375	   0.142694
  37.744141	   0.482093
  37.753906	   0.793160
  37.763672	   0.990956
  37.773438	   1.018278
  37.783203	   0.862628
  37.792969	   0.558139
  37.802734	   0.172358
  37.812500	  -0.216996
  37.822266	  -0.546960
  37.832031	  -0.787365
  37.841797	  -0.946205
  37.851562	  -1.061318
  37.861328	  -1.182211
  37.871094	  -1.349204
  37.880859	  -1.577628
  37.890625	  -1.852514
  37.900391	  -2.135071
  37.910156	  -2.377745
  37.919922	  -2.541581
  37.929688	  -2.609035
  37.939453	  -2.587449
  37.949219	  -2.502309
  37.958984	  -2.383503
  37.968750	  -2.250633
  37.978516	  -2.103724
  37.988281	  -1.923512
  37.998047	  -1.681480
  38.007812	  -1.355773
  38.017578	  -0.946397
  38.027344	  -0.483041
  38.037109	  -0.021405
  38.046875	   0.371745
  38.056641	   0.640071
  38.066406	   0.758067
  38.076172	   0.742564
  38.085938	   0.650310
  38.095703	   0.561422
  38.105469	   0.553655
  38.115234	   0.676013
  38.125000	   0.930887
  38.134766	   1.271310
  38.144531	   1.614812
  38.154297	   1.869668
  38.164062	   1.964883
  38.173828	   1.873802
  38.183594	   1.623282
  38.193359	   1.285247
  38.203125	   0.953487
  38.212891	   0.713626
  38.222656	   0.616520
  38.232422	   0.664064
  38.242188	   0.811992
  38.251953	   0.988264
  38.261719	   1.120237
  38.271484	   1.160792
  38.281250	   1.104187
  38.291016	   0.986189
  38.300781	   0.868791
  38.310547	   0.815366
  38.320312	   0.865502
  38.330078	   1.018797
  38.339844	   1.233542
  38.349609	   1.440778
  38.359375	   1.568568
  38.369141	   1.567650
  38.378906	   1.429116
  38.388672	   1.187690
  38.398438	   0.909423
  38.408203	   0.668284
  38.417969	   0.520155
  38.427734	   0.483672
  38.437500	   0.534834
  38.447266	   0.617322
  38.457031	   0.664708
  38.466797	   0.626452
  38.476562	   0.488176
  38.486328	   0.278795
  38.496094	   0.061831
  38.505859	  -0.086037
  38.515625	  -0.101509
  38.525391	   0.043190
  38.535156	   0.330449
  38.544922	   0.703140
  38.554688	   1.083972
  38.564453	   1.401297
  38.574219	   1.612055
  38.583984	   1.713703
  38.593750	   1.741063
  38.603516	   1.749537
  38.613281	   1.791134
  38.623047	   1.892270
  38.632812	   2.041622
  38.642578	   2.192525
  38.652344	   2.279010
  38.662109	   2.239555
  38.671875	   2.039749
  38.681641	   1.685495
  38.691406	   1.221840
  38.701172	   0.717845
  38.710938	   0.243034
  38.720703	  -0.155880
  38.730469	  -0.469390
  38.740234	  -0.725362
  38.750000	  -0.974852
  38.759766	  -1.268821
  38.769531	  -1.634399
  38.779297	  -2.059712
  38.789062	  -2.493234
  38.798828	  -2.858428
  38.808594	  -3.078858
  38.818359	  -3.105032
  38.828125	  -2.933419
  38.837891	  -2.610685
  38.847656	  -2.221267
  38.857422	  -1.862224
  38.867188	  -1.613723
  38.876953	  -1.515042
  38.886719	  -1.554049
  38.896484	  -1.673424
  38.906250	  -1.791183
  38.916016	  -1.828253
  38.925781	  -1.733703
  38.935547	  -1.499368
  38.945312	  -1.159591
  38.955078	  -0.777120
  38.964844	  -0.420907
  38.974609	  -0.144067
  38.984375	   0.030372
  38.994141	   0.111574
  39.003906	   0.131235
  39.013672	   0.126905
  39.023438	   0.125356
  39.033203	   0.132663
  39.042969	   0.134631
  39.052734	   0.106882
  39.062500	   0.029952
  39.072266	  -0.097313
  39.082031	  -0.252099
  39.091797	  -0.392642
  39.101562	  -0.472491
  39.111328	  -0.458666
  39.121094	  -0.346479
  39.130859	  -0.164676
  39.140625	   0.032005
  39.150391	   0.180993
  39.160156	   0.234663
  39.169922	   0.179476
  39.179688	   0.044086
  39.189453	  -0.107269
  39.199219	  -0.194638
  39.208984	  -0.149107
  39.218750	   0.062641
  39.228516	   0.424610
  39.238281	   0.873724
  39.248047	   1.317638
  39.257812	   1.662401
  39.267578	   1.840732
  39.277344	   1.831444
  39.287109	   1.663610
  39.296875	   1.404388
  39.306641	   1.135044
  39.316406	   0.923763
  39.326172	   0.804730
  39.335938	   0.770520
  39.345703	   0.779892
  39.355469	   0.777502
  39.365234	   0.717781
  39.375000	   0.583909
  39.384766	   0.394800
  39.394531	   0.197647
  39.404297	   0.049034
  39.414062	  -0.008028
  39.423828	   0.037802
  39.433594	   0.160091
  39.443359	   0.303204
  39.453125	   0.402670
  39.462891	   0.409937
  39.472656	   0.312229
  39.482422	   0.139838
  39.492188	  -0.042420
  39.501953	  -0.157066
  39.511719	  -0.141689
  39.521484	   0.027240
  39.531250	   0.323118
  39.541016	   0.674870
  39.550781	   0.987974
  39.560547	   1.173908
  39.570312	   1.178062
  39.580078	   0.996645
  39.589844	   0.676976
  39.599609	   0.301241
  39.609375	  -0.040457
  39.619141	  -0.278429
  39.628906	  -0.383505
  39.638672	  -0.372475
  39.648438	  -0.297743
  39.658203	  -0.225643
  39.667969	  -0.211672
  39.677734	  -0.281614
  39.687500	  -0.424996
  39.697266	  -0.602486
  39.707031	  -0.763604
  39.716797	  -0.867410
  39.726562	  -0.897961
  39.736328	  -0.868632
  39.746094	  -0.813915
  39.755859	  -0.772284
  39.765625	  -0.767295
  39.775391	  -0.794811
  39.785156	  -0.821891
  39.794922	  -0.798328
  39.804688	  -0.676738
  39.814453	  -0.433547
  39.824219	  -0.082499
  39.833984	   0.325146
  39.843750	   0.714708
  39.853516	   1.012008
  39.863281	   1.168701
  39.873047	   1.179678
  39.882812	   1.085718
  39.892578	   0.959720
  39.902344	   0.880827
  39.912109	   0.905329
  39.921875	   1.044704
  39.931641	   1.258974
  39.941406	   1.468262
  39.951172	   1.579063
  39.960938	   1.516402
  39.970703	   1.250785
  39.980469	   0.810485
  39.990234	   0.274673
