# Time	Amplitude (cm/s/s)
   0.000000	  -0.267897
   0.009766	  -0.431990
   0.019531	  -0.661611
   0.029297	  -0.904727
   0.039062	  -1.103802
   0.048828	  -1.215724
   0.058594	  -1.226460
   0.068359	  -1.155191
   0.078125	  -1.046526
   0.087891	  -0.953673
   0.097656	  -0.918713
   0.107422	  -0.957105
   0.117188	  -1.051978
   0.126953	  -1.160195
   0.136719	  -1.227910
   0.146484	  -1.209938
   0.156250	  -1.085981
   0.166016	  -0.867955
   0.175781	  -0.595980
   0.185547	  -0.324706
   0.195312	  -0.105107
   0.205078	   0.031617
   0.214844	   0.082315
   0.224609	   0.069681
   0.234375	   0.030808
   0.244141	   0.001174
   0.253906	   0.000316
   0.263672	   0.024647
   0.273438	   0.050030
   0.283203	   0.042903
   0.292969	  -0.024582
   0.302734	  -0.161521
   0.312500	  -0.352626
   0.322266	  -0.562471
   0.332031	  -0.748198
   0.341797	  -0.875902
   0.351562	  -0.934284
   0.361328	  -0.940024
   0.371094	  -0.932284
   0.380859	  -0.957869
   0.390625	  -1.052232
   0.400391	  -1.223325
   0.410156	  -1.444602
   0.419922	  -1.660341
   0.429688	  -1.802106
   0.439453	  -1.811039
   0.449219	  -1.658381
   0.458984	  -1.356992
   0.468750	  -0.959622
   0.478516	  -0.544208
   0.488281	  -0.191006
   0.498047	   0.040786
   0.507812	   0.129086
   0.517578	   0.092404
   0.527344	  -0.020060
   0.537109	  -0.147859
   0.546875	  -0.241135
   0.556641	  -0.277063
   0.566406	  -0.265247
   0.576172	  -0.240554
   0.585938	  -0.246557
   0.595703	  -0.316157
   0.605469	  -0.456912
   0.615234	  -0.646761
   0.625000	  -0.841797
   0.634766	  -0.993137
   0.644531	  -1.066383
   0.654297	  -1.056023
   0.664062	  -0.988919
   0.673828	  -0.915026
   0.683594	  -0.888339
   0.693359	  -0.944906
   0.703125	  -1.086168
   0.712891	  -1.274265
   0.722656	  -1.441838
   0.732422	  -1.513648
   0.742188	  -1.432931
   0.751953	  -1.183409
   0.761719	  -0.799028
   0.771484	  -0.357502
   0.781250	   0.040786
   0.791016	   0.301961
   0.800781	   0.366467
   0.810547	   0.226465
   0.820312	  -0.072809
   0.830078	  -0.448016
   0.839844	  -0.803878
   0.849609	  -1.061854
   0.859375	  -1.182024
   0.869141	  -1.171458
   0.878906	  -1.077094
   0.888672	  -0.966396
   0.898438	  -0.902961
   0.908203	  -0.925541
   0.917969	  -1.037216
   0.927734	  -1.207511
   0.937500	  -1.385552
   0.947266	  -1.518629
   0.957031	  -1.569063
   0.966797	  -1.523527
   0.976562	  -1.392254
   0.986328	  -1.199687
   0.996094	  -0.971335
   1.005859	  -0.722810
   1.015625	  -0.455733
   1.025391	  -0.162047
   1.035156	   0.165498
   1.044922	   0.521766
   1.054688	   0.882359
   1.064453	   1.205553
   1.074219	   1.443593
   1.083984	   1.559905
   1.093750	   1.545840
   1.103516	   1.430036
   1.113281	   1.275580
   1.123047	   1.164352
   1.132812	   1.172631
   1.142578	   1.345670
   1.152344	   1.679923
   1.162109	   2.119578
   1.171875	   2.569530
   1.181641	   2.921436
   1.191406	   3.084985
   1.201172	   3.014486
   1.210938	   2.722233
   1.220703	   2.274334
   1.230469	   1.770411
   1.240234	   1.313833
   1.250000	   0.982144
   1.259766	   0.807083
   1.269531	   0.770135
   1.279297	   0.814230
   1.289062	   0.866812
   1.298828	   0.865880
   1.308594	   0.780066
   1.318359	   0.616324
   1.328125	   0.413453
   1.337891	   0.224765
   1.347656	   0.096853
   1.357422	   0.052415
   1.367188	   0.083151
   1.376953	   0.154753
   1.386719	   0.221359
   1.396484	   0.243459
   1.406250	   0.202190
   1.416016	   0.104660
   1.425781	  -0.021358
   1.435547	  -0.140808
   1.445312	  -0.227075
   1.455078	  -0.273515
   1.464844	  -0.296002
   1.474609	  -0.325390
   1.484375	  -0.392937
   1.494141	  -0.514702
   1.503906	  -0.681570
   1.513672	  -0.859502
   1.523438	  -1.000674
   1.533203	  -1.061744
   1.542969	  -1.022427
   1.552734	  -0.896928
   1.562500	  -0.733092
   1.572266	  -0.598544
   1.582031	  -0.557988
   1.591797	  -0.649465
   1.601562	  -0.868275
   1.611328	  -1.164933
   1.621094	  -1.458850
   1.630859	  -1.663771
   1.640625	  -1.716686
   1.650391	  -1.600273
   1.660156	  -1.350878
   1.669922	  -1.048770
   1.679688	  -0.793493
   1.689453	  -0.672332
   1.699219	  -0.732452
   1.708984	  -0.966119
   1.718750	  -1.314056
   1.728516	  -1.685801
   1.738281	  -1.990113
   1.748047	  -2.165080
   1.757812	  -2.197717
   1.767578	  -2.126533
   1.777344	  -2.026440
   1.787109	  -1.981419
   1.796875	  -2.054460
   1.806641	  -2.265051
   1.816406	  -2.581683
   1.826172	  -2.931539
   1.835938	  -3.223612
   1.845703	  -3.377086
   1.855469	  -3.345337
   1.865234	  -3.127854
   1.875000	  -2.766924
   1.884766	  -2.331295
   1.894531	  -1.893394
   1.904297	  -1.508390
   1.914062	  -1.202063
   1.923828	  -0.970613
   1.933594	  -0.790840
   1.943359	  -0.635316
   1.953125	  -0.485659
   1.962891	  -0.338400
   1.972656	  -0.201438
   1.982422	  -0.083385
   1.992188	   0.018658
   2.001953	   0.126391
   2.011719	   0.278124
   2.021484	   0.516428
   2.031250	   0.869536
   2.041016	   1.333585
   2.050781	   1.863397
   2.060547	   2.377018
   2.070312	   2.774447
   2.080078	   2.965653
   2.089844	   2.899021
   2.099609	   2.580398
   2.109375	   2.075478
   2.119141	   1.493604
   2.128906	   0.957346
   2.138672	   0.567288
   2.148438	   0.373435
   2.158203	   0.362676
   2.167969	   0.466544
   2.177734	   0.586668
   2.187500	   0.629339
   2.197266	   0.537510
   2.207031	   0.309478
   2.216797	  -0.001859
   2.226562	  -0.308542
   2.236328	  -0.518788
   2.246094	  -0.568850
   2.255859	  -0.444431
   2.265625	  -0.184392
   2.275391	   0.134113
   2.285156	   0.423392
   2.294922	   0.615720
   2.304688	   0.685680
   2.314453	   0.656577
   2.324219	   0.589029
   2.333984	   0.556333
   2.343750	   0.615887
   2.353516	   0.787209
   2.363281	   1.044504
   2.373047	   1.326249
   2.382812	   1.557969
   2.392578	   1.679521
   2.402344	   1.666686
   2.412109	   1.539049
   2.421875	   1.351372
   2.431641	   1.171859
   2.441406	   1.055645
   2.451172	   1.023606
   2.460938	   1.054613
   2.470703	   1.094268
   2.480469	   1.076943
   2.490234	   0.952828
   2.500000	   0.709688
   2.509766	   0.380827
   2.519531	   0.035816
   2.529297	  -0.243059
   2.539062	  -0.390232
   2.548828	  -0.381382
   2.558594	  -0.243785
   2.568359	  -0.048269
   2.578125	   0.114849
   2.587891	   0.167507
   2.597656	   0.072062
   2.607422	  -0.154336
   2.617188	  -0.444546
   2.626953	  -0.704009
   2.636719	  -0.843292
   2.646484	  -0.809179
   2.656250	  -0.603318
   2.666016	  -0.281810
   2.675781	   0.064120
   2.685547	   0.339502
   2.695312	   0.477943
   2.705078	   0.463506
   2.714844	   0.334546
   2.724609	   0.168421
   2.734375	   0.052770
   2.744141	   0.053823
   2.753906	   0.193055
   2.763672	   0.440355
   2.773438	   0.725775
   2.783203	   0.965200
   2.792969	   1.090338
   2.802734	   1.072084
   2.812500	   0.928968
   2.822266	   0.718085
   2.832031	   0.512401
   2.841797	   0.373334
   2.851562	   0.329022
   2.861328	   0.366351
   2.871094	   0.439382
   2.880859	   0.490483
   2.890625	   0.475544
   2.900391	   0.383121
   2.910156	   0.239691
   2.919922	   0.098664
   2.929688	   0.017232
   2.939453	   0.030122
   2.949219	   0.130886
   2.958984	   0.268864
   2.968750	   0.364140
   2.978516	   0.335952
   2.988281	   0.134520
   2.998047	  -0.235624
   3.007812	  -0.710205
   3.017578	  -1.180943
   3.027344	  -1.528128
   3.037109	  -1.659337
   3.046875	  -1.540958
   3.056641	  -1.211189
   3.066406	  -0.769366
   3.076172	  -0.344642
   3.085938	  -0.054316
   3.095703	   0.034086
   3.105469	  -0.075991
   3.115234	  -0.312932
   3.125000	  -0.562726
   3.134766	  -0.708735
   3.144531	  -0.671639
   3.154297	  -0.435787
   3.164062	  -0.053065
   3.173828	   0.376601
   3.183594	   0.740796
   3.193359	   0.953312
   3.203125	   0.982253
   3.212891	   0.857799
   3.222656	   0.657392
   3.232422	   0.474290
   3.242188	   0.381365
   3.251953	   0.403552
   3.261719	   0.509007
   3.271484	   0.622008
   3.281250	   0.652566
   3.291016	   0.531588
   3.300781	   0.238404
   3.310547	  -0.189580
   3.320312	  -0.668724
   3.330078	  -1.098086
   3.339844	  -1.394679
   3.349609	  -1.521984
   3.359375	  -1.501115
   3.369141	  -1.400518
   3.378906	  -1.308088
   3.388672	  -1.296169
   3.398438	  -1.392632
   3.408203	  -1.569005
   3.417969	  -1.750358
   3.427734	  -1.843490
   3.437500	  -1.773090
   3.447266	  -1.512379
   3.457031	  -1.096631
   3.466797	  -0.614097
   3.476562	  -0.177217
   3.486328	   0.115720
   3.496094	   0.214610
   3.505859	   0.134812
   3.515625	  -0.048790
   3.525391	  -0.228985
   3.535156	  -0.304933
   3.544922	  -0.218370
   3.554688	   0.025865
   3.564453	   0.362451
   3.574219	   0.690388
   3.583984	   0.910833
   3.593750	   0.963991
   3.603516	   0.851366
   3.613281	   0.634990
   3.623047	   0.413766
   3.632812	   0.285500
   3.642578	   0.308679
   3.652344	   0.478268
   3.662109	   0.724884
   3.671875	   0.938160
   3.681641	   1.006279
   3.691406	   0.857551
   3.701172	   0.488986
   3.710938	  -0.028720
   3.720703	  -0.571963
   3.730469	  -1.003728
   3.740234	  -1.218046
   3.750000	  -1.173857
   3.759766	  -0.906583
   3.769531	  -0.513696
   3.779297	  -0.119901
   3.789062	   0.165294
   3.798828	   0.282374
   3.808594	   0.236888
   3.818359	   0.090193
   3.828125	  -0.069629
   3.837891	  -0.164909
   3.847656	  -0.159066
   3.857422	  -0.069068
   3.867188	   0.044840
   3.876953	   0.107700
   3.886719	   0.065048
   3.896484	  -0.089686
   3.906250	  -0.307155
   3.916016	  -0.497620
   3.925781	  -0.564923
   3.935547	  -0.446255
   3.945312	  -0.142192
   3.955078	   0.275572
   3.964844	   0.683377
   3.974609	   0.946206
   3.984375	   0.965888
   3.994141	   0.719445
   4.003906	   0.272934
   4.013672	  -0.235566
   4.023438	  -0.639217
   4.033203	  -0.797657
   4.042969	  -0.645131
   4.052734	  -0.214429
   4.062500	   0.372328
   4.072266	   0.943445
   4.082031	   1.334525
   4.091797	   1.442818
   4.101562	   1.260153
   4.111328	   0.873039
   4.121094	   0.430112
   4.130859	   0.088696
   4.140625	  -0.040372
   4.150391	   0.069980
   4.160156	   0.356740
   4.169922	   0.693212
   4.179688	   0.937979
   4.189453	   0.988126
   4.199219	   0.816981
   4.208984	   0.482475
   4.218750	   0.103236
   4.228516	  -0.188397
   4.238281	  -0.298537
   4.248047	  -0.209123
   4.257812	   0.014059
   4.267578	   0.246280
   4.277344	   0.352849
   4.287109	   0.243917
   4.296875	  -0.085785
   4.306641	  -0.548078
   4.316406	  -0.987965
   4.326172	  -1.237207
   4.335938	  -1.175980
   4.345703	  -0.780086
   4.355469	  -0.135866
   4.365234	   0.583829
   4.375000	   1.175178
   4.384766	   1.471502
   4.394531	   1.399992
   4.404297	   1.006805
   4.414062	   0.441274
   4.423828	  -0.095504
   4.433594	  -0.419682
   4.443359	  -0.426895
   4.453125	  -0.125756
   4.462891	   0.369004
   4.472656	   0.880778
   4.482422	   1.236212
   4.492188	   1.327272
   4.501953	   1.147587
   4.511719	   0.790066
   4.521484	   0.407245
   4.531250	   0.149759
   4.541016	   0.106524
   4.550781	   0.269614
   4.560547	   0.537534
   4.570312	   0.755994
   4.580078	   0.780879
   4.589844	   0.539248
   4.599609	   0.064399
   4.609375	  -0.509639
   4.619141	  -0.993675
   4.628906	  -1.213066
   4.638672	  -1.075869
   4.648438	  -0.613311
   4.658203	   0.024025
   4.667969	   0.614880
   4.677734	   0.944601
   4.687500	   0.883448
   4.697266	   0.436933
   4.707031	  -0.251447
   4.716797	  -0.947810
   4.726562	  -1.410024
   4.736328	  -1.475361
   4.746094	  -1.121713
   4.755859	  -0.479220
   4.765625	   0.213316
   4.775391	   0.692664
   4.785156	   0.766181
   4.794922	   0.382987
   4.804688	  -0.345419
   4.814453	  -1.183844
   4.824219	  -1.858427
   4.833984	  -2.157518
   4.843750	  -2.011229
   4.853516	  -1.519337
   4.863281	  -0.915558
   4.873047	  -0.479611
   4.882812	  -0.428398
   4.892578	  -0.826590
   4.902344	  -1.551217
   4.912109	  -2.326078
   4.921875	  -2.816412
   4.931641	  -2.751357
   4.941406	  -2.029903
   4.951172	  -0.770016
   4.960938	   0.720379
   4.970703	   2.044158
   4.980469	   2.854558
   4.990234	   2.984763
   5.000000	   2.519990
   5.009766	   1.782988
   5.019531	   1.233624
   5.029297	   1.313950
   5.039062	   2.290986
   5.048828	   4.152404
   5.058594	   6.593845
   5.068359	   9.105769
   5.078125	  11.133097
   5.087891	  12.254540
   5.097656	  12.320051
   5.107422	  11.497774
   5.117188	  10.212247
   5.126953	   8.993184
   5.136719	   8.285913
   5.146484	   8.289069
   5.156250	   8.876997
   5.166016	   9.635852
   5.175781	  10.003091
   5.185547	   9.463662
   5.195312	   7.735477
   5.205078	   4.879375
   5.214844	   1.294239
   5.224609	  -2.402394
   5.234375	  -5.567624
   5.244141	  -7.733358
   5.253906	  -8.743200
   5.263672	  -8.777744
   5.273438	  -8.259399
   5.283203	  -7.671298
   5.292969	  -7.356734
   5.302734	  -7.374240
   5.312500	  -7.465180
   5.322266	  -7.151138
   5.332031	  -5.931107
   5.341797	  -3.509983
   5.351562	   0.025721
   5.361328	   4.155242
   5.371094	   8.024854
   5.380859	  10.681394
   5.390625	  11.368644
   5.400391	   9.790737
   5.410156	   6.251735
   5.419922	   1.616310
   5.429688	  -2.907737
   5.439453	  -6.106509
   5.449219	  -7.116995
   5.458984	  -5.694274
   5.468750	  -2.303781
   5.478516	   1.994471
   5.488281	   5.839587
   5.498047	   7.956831
   5.507812	   7.524938
   5.517578	   4.416741
   5.527344	  -0.755320
   5.537109	  -6.798816
   5.546875	 -12.256335
   5.556641	 -15.783170
   5.566406	 -16.481387
   5.576172	 -14.102267
   5.585938	  -9.071974
   5.595703	  -2.348039
   5.605469	   4.839737
   5.615234	  11.284487
   5.625000	  16.054131
   5.634766	  18.643328
   5.644531	  19.004973
   5.654297	  17.476605
   5.664062	  14.641723
   5.673828	  11.173434
   5.683594	   7.698994
   5.693359	   4.705337
   5.703125	   2.486747
   5.712891	   1.124260
   5.722656	   0.485462
   5.732422	   0.240984
   5.742188	  -0.096054
   5.751953	  -1.096639
   5.761719	  -3.302731
   5.771484	  -7.083903
   5.781250	 -12.493011
   5.791016	 -19.165403
   5.800781	 -26.307980
   5.810547	 -32.808059
   5.820312	 -37.459406
   5.830078	 -39.262956
   5.839844	 -37.726145
   5.849609	 -33.070667
   5.859375	 -26.272031
   5.869141	 -18.895077
   5.878906	 -12.747254
   5.888672	  -9.429150
   5.898438	  -9.900560
   5.908203	 -14.186184
   5.917969	 -21.313336
   5.927734	 -29.512284
   5.937500	 -36.635424
   5.947266	 -40.686900
   5.957031	 -40.319795
   5.966797	 -35.164952
   5.976562	 -25.902766
   5.986328	 -14.062745
   5.996094	  -1.613289
   6.005859	   9.537920
   6.015625	  17.991461
   6.025391	  23.131864
   6.035156	  25.168148
   6.044922	  24.948705
   6.054688	  23.625850
   6.064453	  22.283944
   6.074219	  21.645643
   6.083984	  21.935333
   6.093750	  22.920897
   6.103516	  24.094969
   6.113281	  24.914800
   6.123047	  25.008947
   6.132812	  24.280910
   6.142578	  22.884963
   6.152344	  21.100386
   6.162109	  19.168232
   6.171875	  17.166279
   6.181641	  14.979202
   6.191406	  12.380034
   6.201172	   9.191228
   6.210938	   5.457528
   6.220703	   1.552385
   6.230469	  -1.840367
   6.240234	  -3.883661
   6.250000	  -3.844432
   6.259766	  -1.369575
   6.269531	   3.316910
   6.279297	   9.375612
   6.289062	  15.505389
   6.298828	  20.260442
   6.308594	  22.445940
   6.318359	  21.475570
   6.328125	  17.578716
   6.337891	  11.785173
   6.347656	   5.679817
   6.357422	   0.988567
   6.367188	  -0.891088
   6.376953	   0.717161
   6.386719	   5.564283
   6.396484	  12.519194
   6.406250	  19.848567
   6.416016	  25.656668
   6.425781	  28.366319
   6.435547	  27.114273
   6.445312	  21.961849
   6.455078	  13.874766
   6.464844	   4.488418
   6.474609	  -4.271834
   6.484375	 -10.615073
   6.494141	 -13.251900
   6.503906	 -11.626457
   6.513672	  -5.976342
   6.523438	   2.772576
   6.533203	  13.234009
   6.542969	  23.849881
   6.552734	  33.176074
   6.562500	  40.113721
   6.572266	  44.053968
   6.582031	  44.924345
   6.591797	  43.141372
   6.601562	  39.485402
   6.611328	  34.921104
   6.621094	  30.392334
   6.630859	  26.624467
   6.640625	  23.969685
   6.650391	  22.328712
   6.660156	  21.173082
   6.669922	  19.674091
   6.679688	  16.920083
   6.689453	  12.178063
   6.699219	   5.136819
   6.708984	  -3.935847
   6.718750	 -14.174930
   6.728516	 -24.260365
   6.738281	 -32.698328
   6.748047	 -38.179087
   6.757812	 -39.921118
   6.767578	 -37.907174
   6.777344	 -32.940848
   6.787109	 -26.497142
   6.796875	 -20.395786
   6.806641	 -16.375697
   6.816406	 -15.678248
   6.826172	 -18.746934
   6.835938	 -25.120829
   6.845703	 -33.547649
   6.855469	 -42.283983
   6.865234	 -49.502195
   6.875000	 -53.699055
   6.884766	 -54.006394
   6.894531	 -50.336115
   6.904297	 -43.339808
   6.914062	 -34.212345
   6.923828	 -24.404736
   6.933594	 -15.325354
   6.943359	  -8.098755
   6.953125	  -3.423823
   6.962891	  -1.538720
   6.972656	  -2.270899
   6.982422	  -5.134750
   6.992188	  -9.440070
   7.001953	 -14.387896
   7.011719	 -19.148514
   7.021484	 -22.930846
   7.031250	 -25.056601
   7.041016	 -25.045325
   7.050781	 -22.701683
   7.060547	 -18.181617
   7.070312	 -12.007255
   7.080078	  -5.006695
   7.089844	   1.826190
   7.099609	   7.530712
   7.109375	  11.391911
   7.119141	  13.109214
   7.128906	  12.869190
   7.138672	  11.293766
   7.148438	   9.270375
   7.158203	   7.706504
   7.167969	   7.276197
   7.177734	   8.231401
   7.187500	  10.333939
   7.197266	  12.929107
   7.207031	  15.139871
   7.216797	  16.124651
   7.226562	  15.323020
   7.236328	  12.618229
   7.246094	   8.371626
   7.255859	   3.323360
   7.265625	  -1.606420
   7.275391	  -5.553767
   7.285156	  -7.914812
   7.294922	  -8.461847
   7.304688	  -7.346640
   7.314453	  -5.002318
   7.324219	  -1.985227
   7.333984	   1.187341
   7.343750	   4.152407
   7.353516	   6.739652
   7.363281	   8.932459
   7.373047	  10.778446
   7.382812	  12.292121
   7.392578	  13.391783
   7.402344	  13.897114
   7.412109	  13.589243
   7.421875	  12.310389
   7.431641	  10.064378
   7.441406	   7.077452
   7.451172	   3.791439
   7.460938	   0.783716
   7.470703	  -1.367089
   7.480469	  -2.232276
   7.490234	  -1.657162
   7.500000	   0.178912
   7.509766	   2.785694
   7.519531	   5.464351
   7.529297	   7.464087
   7.539062	   8.154811
   7.548828	   7.175001
   7.558594	   4.521557
   7.568359	   0.563087
   7.578125	  -4.024658
   7.587891	  -8.386938
   7.597656	 -11.656450
   7.607422	 -13.127141
   7.617188	 -12.404094
   7.626953	  -9.501836
   7.636719	  -4.870422
   7.646484	   0.661336
   7.656250	   6.023172
   7.666016	  10.103772
   7.675781	  11.981373
   7.685547	  11.139442
   7.695312	   7.617481
   7.705078	   2.053321
   7.714844	  -4.407747
   7.724609	 -10.332339
   7.734375	 -14.308572
   7.744141	 -15.278733
   7.753906	 -12.813065
   7.763672	  -7.248722
   7.773438	   0.353979
   7.783203	   8.440962
   7.792969	  15.331932
   7.802734	  19.636787
   7.812500	  20.611727
   7.822266	  18.355682
   7.832031	  13.786584
   7.841797	   8.395623
   7.851562	   3.839960
   7.861328	   1.482269
   7.871094	   2.004196
   7.880859	   5.203564
   7.890625	  10.035817
   7.900391	  14.892129
   7.910156	  18.039418
   7.919922	  18.100783
   7.929688	  14.442638
   7.939453	   7.360842
   7.949219	  -1.984948
   7.958984	 -11.868371
   7.968750	 -20.439941
   7.978516	 -26.192812
   7.988281	 -28.323243
   7.998047	 -26.891480
   8.007812	 -22.747654
   8.017578	 -17.254113
   8.027344	 -11.890663
   8.037109	  -7.857168
   8.046875	  -5.782024
   8.056641	  -5.608775
   8.066406	  -6.678745
   8.076172	  -7.971920
   8.085938	  -8.427547
   8.095703	  -7.250617
   8.105469	  -4.122872
   8.115234	   0.728906
   8.125000	   6.610717
   8.134766	  12.548821
   8.144531	  17.525663
   8.154297	  20.698746
   8.164062	  21.551616
   8.173828	  19.952800
   8.183594	  16.127358
   8.193359	  10.567620
   8.203125	   3.919205
   8.212891	  -3.125272
   8.222656	  -9.905262
   8.232422	 -15.840495
   8.242188	 -20.457193
   8.251953	 -23.406122
   8.261719	 -24.483205
   8.271484	 -23.654809
   8.281250	 -21.080280
   8.291016	 -17.118393
   8.300781	 -12.304785
   8.310547	  -7.294208
   8.320312	  -2.772030
   8.330078	   0.650171
   8.339844	   2.533573
   8.349609	   2.684081
   8.359375	   1.181644
   8.369141	  -1.638689
   8.378906	  -5.248838
   8.388672	  -9.019318
   8.398438	 -12.322758
   8.408203	 -14.632022
   8.417969	 -15.599140
   8.427734	 -15.105994
   8.437500	 -13.281842
   8.447266	 -10.485795
   8.457031	  -7.254718
   8.466797	  -4.219952
   8.476562	  -2.000713
   8.486328	  -1.087990
   8.496094	  -1.738735
   8.505859	  -3.903539
   8.515625	  -7.209145
   8.525391	 -11.008588
   8.535156	 -14.497063
   8.544922	 -16.874172
   8.554688	 -17.517831
   8.564453	 -16.127364
   8.574219	 -12.796820
   8.583984	  -7.994939
   8.593750	  -2.452176
   8.603516	   3.018666
   8.613281	   7.721305
   8.623047	  11.239629
   8.632812	  13.519460
   8.642578	  14.844237
   8.652344	  15.711187
   8.662109	  16.644452
   8.671875	  18.001558
   8.681641	  19.832786
   8.691406	  21.838178
   8.701172	  23.437967
   8.710938	  23.937878
   8.720703	  22.741451
   8.730469	  19.546290
   8.740234	  14.464921
   8.750000	   8.032503
   8.759766	   1.096699
   8.769531	  -5.380562
   8.779297	 -10.554275
   8.789062	 -13.896224
   8.798828	 -15.309111
   8.808594	 -15.125702
   8.818359	 -13.996617
   8.828125	 -12.700954
   8.837891	 -11.933513
   8.847656	 -12.125899
   8.857422	 -13.346280
   8.867188	 -15.298617
   8.876953	 -17.414543
   8.886719	 -19.007667
   8.896484	 -19.447083
   8.906250	 -18.306558
   8.916016	 -15.456774
   8.925781	 -11.085575
   8.935547	  -5.649663
   8.945312	   0.224322
   8.955078	   5.863856
   8.964844	  10.673730
   8.974609	  14.237224
   8.984375	  16.381190
   8.994141	  17.198111
   9.003906	  17.023827
   9.013672	  16.374073
   9.023438	  15.847107
   9.033203	  16.004488
   9.042969	  17.247502
   9.052734	  19.711458
   9.062500	  23.201848
   9.072266	  27.192822
   9.082031	  30.898493
   9.091797	  33.412180
   9.101562	  33.891095
   9.111328	  31.749041
   9.121094	  26.812415
   9.130859	  19.398635
   9.140625	  10.291462
   9.150391	   0.611454
   9.160156	  -8.393944
   9.169922	 -15.594698
   9.179688	 -20.200554
   9.189453	 -21.909252
   9.199219	 -20.946314
   9.208984	 -17.989120
   9.218750	 -13.996653
   9.228516	  -9.988816
   9.238281	  -6.829465
   9.248047	  -5.063087
   9.257812	  -4.838027
   9.267578	  -5.924961
   9.277344	  -7.814943
   9.287109	  -9.863645
   9.296875	 -11.441579
   9.306641	 -12.054885
   9.316406	 -11.414870
   9.326172	  -9.451917
   9.335938	  -6.284815
   9.345703	  -2.165882
   9.355469	   2.576539
   9.365234	   7.582504
   9.375000	  12.485872
   9.384766	  16.924453
   9.394531	  20.544865
   9.404297	  23.013017
   9.414062	  24.037184
   9.423828	  23.403807
   9.433594	  21.019280
   9.443359	  16.946561
   9.453125	  11.424926
   9.462891	   4.864348
   9.472656	  -2.188322
   9.482422	  -9.108004
   9.492188	 -15.266456
   9.501953	 -20.112424
   9.511719	 -23.244898
   9.521484	 -24.468614
   9.531250	 -23.823069
   9.541016	 -21.579133
   9.550781	 -18.200855
   9.560547	 -14.274478
   9.570312	 -10.412285
   9.580078	  -7.144981
   9.589844	  -4.821682
   9.599609	  -3.539117
   9.609375	  -3.119503
   9.619141	  -3.148671
   9.628906	  -3.073128
   9.638672	  -2.339399
   9.648438	  -0.545438
   9.658203	   2.433543
   9.667969	   6.380301
   9.677734	  10.754802
   9.687500	  14.799785
   9.697266	  17.711456
   9.707031	  18.834413
   9.716797	  17.830294
   9.726562	  14.773784
   9.736328	  10.147362
   9.746094	   4.733030
   9.755859	  -0.572200
   9.765625	  -4.968524
   9.775391	  -7.936337
   9.785156	  -9.341065
   9.794922	  -9.432998
   9.804688	  -8.745304
   9.814453	  -7.922190
   9.824219	  -7.528293
   9.833984	  -7.894036
   9.843750	  -9.039122
   9.853516	 -10.691541
   9.863281	 -12.390481
   9.873047	 -13.637203
   9.882812	 -14.045704
   9.892578	 -13.448111
   9.902344	 -11.926623
   9.912109	  -9.768459
   9.921875	  -7.364511
   9.931641	  -5.088459
   9.941406	  -3.196330
   9.951172	  -1.776439
   9.960938	  -0.760499
   9.970703	   0.014696
   9.980469	   0.721943
   9.990234	   1.467579
  10.000000	   2.251764
  10.009766	   2.977160
  10.019531	   3.499569
  10.029297	   3.698785
  10.039062	   3.541158
  10.048828	   3.109165
  10.058594	   2.586030
  10.068359	   2.200300
  10.078125	   2.150021
  10.087891	   2.533708
  10.097656	   3.312898
  10.107422	   4.319914
  10.117188	   5.308547
  10.126953	   6.030434
  10.136719	   6.311241
  10.146484	   6.101225
  10.156250	   5.484046
  10.166016	   4.642349
  10.175781	   3.793404
  10.185547	   3.117780
  10.195312	   2.705479
  10.205078	   2.536801
  10.214844	   2.502397
  10.224609	   2.453036
  10.234375	   2.259704
  10.244141	   1.861941
  10.253906	   1.287737
  10.263672	   0.639348
  10.273438	   0.052132
  10.283203	  -0.356917
  10.292969	  -0.531159
  10.302734	  -0.491301
  10.312500	  -0.321839
  10.322266	  -0.133078
  10.332031	  -0.014023
  10.341797	   0.005343
  10.351562	  -0.032283
  10.361328	  -0.027340
  10.371094	   0.137207
  10.380859	   0.547736
  10.390625	   1.221382
  10.400391	   2.091755
  10.410156	   3.024776
  10.419922	   3.859271
  10.429688	   4.457760
  10.439453	   4.749115
  10.449219	   4.747713
  10.458984	   4.542390
  10.468750	   4.259639
  10.478516	   4.015011
  10.488281	   3.870959
  10.498047	   3.816966
  10.507812	   3.779386
  10.517578	   3.657251
  10.527344	   3.370376
  10.537109	   2.901141
  10.546875	   2.313305
  10.556641	   1.739361
  10.566406	   1.339498
  10.576172	   1.245950
  10.585938	   1.512446
  10.595703	   2.087447
  10.605469	   2.822003
  10.615234	   3.511188
  10.625000	   3.956192
  10.634766	   4.026670
  10.644531	   3.702333
  10.654297	   3.079526
  10.664062	   2.340228
  10.673828	   1.693564
  10.683594	   1.309166
  10.693359	   1.264366
  10.703125	   1.522384
  10.712891	   1.948090
  10.722656	   2.355242
  10.732422	   2.568761
  10.742188	   2.480987
  10.751953	   2.083507
  10.761719	   1.464981
  10.771484	   0.777162
  10.781250	   0.181980
  10.791016	  -0.201563
  10.800781	  -0.332699
  10.810547	  -0.255316
  10.820312	  -0.074883
  10.830078	   0.084514
  10.839844	   0.126957
  10.849609	   0.018674
  10.859375	  -0.202135
  10.869141	  -0.441928
  10.878906	  -0.587732
  10.888672	  -0.548730
  10.898438	  -0.288496
  10.908203	   0.163018
  10.917969	   0.720940
  10.927734	   1.274972
  10.937500	   1.725425
  10.947266	   2.012552
  10.957031	   2.129231
  10.966797	   2.113761
  10.976562	   2.027156
  10.986328	   1.924870
  10.996094	   1.834457
  11.005859	   1.747702
  11.015625	   1.629605
  11.025391	   1.439659
  11.035156	   1.155928
  11.044922	   0.791301
  11.054688	   0.394480
  11.064453	   0.034504
  11.074219	  -0.225627
  11.083984	  -0.355841
  11.093750	  -0.375271
  11.103516	  -0.350377
  11.113281	  -0.374067
  11.123047	  -0.532368
  11.132812	  -0.870358
  11.142578	  -1.370139
  11.152344	  -1.949899
  11.162109	  -2.485891
  11.171875	  -2.850938
  11.181641	  -2.956859
  11.191406	  -2.786198
  11.201172	  -2.401848
  11.210938	  -1.930354
  11.220703	  -1.523620
  11.230469	  -1.311164
  11.240234	  -1.358482
  11.250000	  -1.645212
  11.259766	  -2.070303
  11.269531	  -2.482472
  11.279297	  -2.725973
  11.289062	  -2.686886
  11.298828	  -2.325309
  11.308594	  -1.683927
  11.318359	  -0.871452
  11.328125	  -0.027714
  11.337891	   0.717243
  11.347656	   1.276512
  11.357422	   1.622089
  11.367188	   1.779742
  11.376953	   1.807109
  11.386719	   1.764711
  11.396484	   1.691254
  11.406250	   1.592129
  11.416016	   1.444372
  11.425781	   1.214828
  11.435547	   0.883231
  11.445312	   0.460264
  11.455078	  -0.007162
  11.464844	  -0.446019
  11.474609	  -0.779241
  11.484375	  -0.951590
  11.494141	  -0.949585
  11.503906	  -0.807796
  11.513672	  -0.598791
  11.523438	  -0.409926
  11.533203	  -0.314951
  11.542969	  -0.350198
  11.552734	  -0.503396
  11.562500	  -0.718578
  11.572266	  -0.914824
  11.582031	  -1.011887
  11.591797	  -0.953682
  11.601562	  -0.721923
  11.611328	  -0.336252
  11.621094	   0.157654
  11.630859	   0.706152
  11.640625	   1.264205
  11.650391	   1.804024
  11.660156	   2.313103
  11.669922	   2.783742
  11.679688	   3.199889
  11.689453	   3.528451
  11.699219	   3.720409
  11.708984	   3.722954
  11.718750	   3.498886
  11.728516	   3.045851
  11.738281	   2.407077
  11.748047	   1.667725
  11.757812	   0.935985
  11.767578	   0.313888
  11.777344	  -0.132807
  11.787109	  -0.395033
  11.796875	  -0.523144
  11.806641	  -0.609706
  11.816406	  -0.757003
  11.826172	  -1.039628
  11.835938	  -1.474800
  11.845703	  -2.011041
  11.855469	  -2.539987
  11.865234	  -2.928351
  11.875000	  -3.060044
  11.884766	  -2.874652
  11.894531	  -2.389254
  11.904297	  -1.695849
  11.914062	  -0.934650
  11.923828	  -0.251583
  11.933594	   0.246274
  11.943359	   0.522739
  11.953125	   0.621480
  11.962891	   0.648903
  11.972656	   0.736528
  11.982422	   0.995175
  11.992188	   1.475903
  12.001953	   2.150335
  12.011719	   2.916612
  12.021484	   3.628835
  12.031250	   4.140372
  12.041016	   4.347193
  12.050781	   4.217760
  12.060547	   3.800696
  12.070312	   3.208771
  12.080078	   2.585158
  12.089844	   2.063124
  12.099609	   1.731551
  12.109375	   1.616027
  12.119141	   1.679606
  12.128906	   1.840900
  12.138672	   2.002117
  12.148438	   2.077419
  12.158203	   2.013222
  12.167969	   1.795774
  12.177734	   1.446243
  12.187500	   1.007537
  12.197266	   0.529073
  12.207031	   0.055049
  12.216797	  -0.380811
  12.226562	  -0.754454
  12.236328	  -1.047678
  12.246094	  -1.245235
  12.255859	  -1.335698
  12.265625	  -1.316393
  12.275391	  -1.200040
  12.285156	  -1.019068
  12.294922	  -0.823843
  12.304688	  -0.673178
  12.314453	  -0.618764
  12.324219	  -0.688184
  12.333984	  -0.872635
  12.343750	  -1.124736
  12.353516	  -1.368713
  12.363281	  -1.521031
  12.373047	  -1.515598
  12.382812	  -1.325460
  12.392578	  -0.973535
  12.402344	  -0.528148
  12.412109	  -0.084070
  12.421875	   0.265314
  12.431641	   0.455910
  12.441406	   0.471812
  12.451172	   0.348934
  12.460938	   0.162097
  12.470703	  -0.000204
  12.480469	  -0.065046
  12.490234	   0.001291
  12.500000	   0.182993
  12.509766	   0.420840
  12.519531	   0.632435
  12.529297	   0.739533
  12.539062	   0.693276
  12.548828	   0.489111
  12.558594	   0.166892
  12.568359	  -0.203225
  12.578125	  -0.543755
  12.587891	  -0.793671
  12.597656	  -0.925119
  12.607422	  -0.948022
  12.617188	  -0.901986
  12.626953	  -0.839328
  12.636719	  -0.805836
  12.646484	  -0.826182
  12.656250	  -0.898714
  12.666016	  -1.000576
  12.675781	  -1.100241
  12.685547	  -1.171978
  12.695312	  -1.206429
  12.705078	  -1.213364
  12.714844	  -1.215980
  12.724609	  -1.239542
  12.734375	  -1.299343
  12.744141	  -1.393090
  12.753906	  -1.500939
  12.763672	  -1.593181
  12.773438	  -1.642450
  12.783203	  -1.635390
  12.792969	  -1.578865
  12.802734	  -1.497911
  12.812500	  -1.425956
  12.822266	  -1.391010
  12.832031	  -1.403324
  12.841797	  -1.449699
  12.851562	  -1.497190
  12.861328	  -1.505348
  12.871094	  -1.442683
  12.880859	  -1.301100
  12.890625	  -1.102463
  12.900391	  -0.894091
  12.910156	  -0.734045
  12.919922	  -0.670969
  12.929688	  -0.725602
  12.939453	  -0.880882
  12.949219	  -1.084815
  12.958984	  -1.265869
  12.968750	  -1.356133
  12.978516	  -1.314479
  12.988281	  -1.141629
  12.998047	  -0.881573
  13.007812	  -0.608322
  13.017578	  -0.402081
  13.027344	  -0.322676
  13.037109	  -0.389183
  13.046875	  -0.572782
  13.056641	  -0.805427
  13.066406	  -1.001616
  13.076172	  -1.086081
  13.085938	  -1.018195
  13.095703	  -0.805043
  13.105469	  -0.498925
  13.115234	  -0.180320
  13.125000	   0.067831
  13.134766	   0.185880
  13.144531	   0.154857
  13.154297	   0.000103
  13.164062	  -0.219431
  13.173828	  -0.431978
  13.183594	  -0.576402
  13.193359	  -0.620348
  13.203125	  -0.567357
  13.212891	  -0.451355
  13.222656	  -0.321387
  13.232422	  -0.222699
  13.242188	  -0.181180
  13.251953	  -0.196510
  13.261719	  -0.245826
  13.271484	  -0.295740
  13.281250	  -0.317477
  13.291016	  -0.299000
  13.300781	  -0.249402
  13.310547	  -0.194023
  13.320312	  -0.162465
  13.330078	  -0.174482
  13.339844	  -0.229546
  13.349609	  -0.304505
  13.359375	  -0.360581
  13.369141	  -0.357357
  13.378906	  -0.268568
  13.388672	  -0.093685
  13.398438	   0.139292
  13.408203	   0.381296
  13.417969	   0.577552
  13.427734	   0.685554
  13.437500	   0.689303
  13.447266	   0.604692
  13.457031	   0.474032
  13.466797	   0.351592
  13.476562	   0.285167
  13.486328	   0.300128
  13.496094	   0.391436
  13.505859	   0.526244
  13.515625	   0.655927
  13.525391	   0.733043
  13.535156	   0.727145
  13.544922	   0.633877
  13.554688	   0.474464
  13.564453	   0.286199
  13.574219	   0.107880
  13.583984	  -0.034153
  13.593750	  -0.134126
  13.603516	  -0.206175
  13.613281	  -0.275451
  13.623047	  -0.364720
  13.632812	  -0.481891
  13.642578	  -0.613623
  13.652344	  -0.727798
  13.662109	  -0.784280
  13.671875	  -0.750107
  13.681641	  -0.613470
  13.691406	  -0.391063
  13.701172	  -0.125712
  13.710938	   0.125327
  13.720703	   0.307567
  13.730469	   0.386110
  13.740234	   0.356202
  13.750000	   0.243815
  13.759766	   0.096051
  13.769531	  -0.035248
  13.779297	  -0.110944
  13.789062	  -0.117029
  13.798828	  -0.067840
  13.808594	   0.000762
  13.818359	   0.045514
  13.828125	   0.031844
  13.837891	  -0.053946
  13.847656	  -0.200698
  13.857422	  -0.377813
  13.867188	  -0.547684
  13.876953	  -0.680237
  13.886719	  -0.763928
  13.896484	  -0.808985
  13.906250	  -0.841702
  13.916016	  -0.892041
  13.925781	  -0.979434
  13.935547	  -1.102422
  13.945312	  -1.236399
  13.955078	  -1.340690
  13.964844	  -1.372643
  13.974609	  -1.303636
  13.984375	  -1.131042
  13.994141	  -0.881451
  14.003906	  -0.603590
  14.013672	  -0.353116
  14.023438	  -0.174483
  14.033203	  -0.086312
  14.042969	  -0.075551
  14.052734	  -0.102664
  14.062500	  -0.116170
  14.072266	  -0.071463
  14.082031	   0.052718
  14.091797	   0.246062
  14.101562	   0.469696
  14.111328	   0.669432
  14.121094	   0.794616
  14.130859	   0.815935
  14.140625	   0.735845
  14.150391	   0.587939
  14.160156	   0.425417
  14.169922	   0.302724
  14.179688	   0.256776
  14.189453	   0.294344
  14.199219	   0.389930
  14.208984	   0.494793
  14.218750	   0.553838
  14.228516	   0.524430
  14.238281	   0.390589
  14.248047	   0.167833
  14.257812	  -0.102739
  14.267578	  -0.368646
  14.277344	  -0.583284
  14.287109	  -0.720061
  14.296875	  -0.778633
  14.306641	  -0.781463
  14.316406	  -0.762519
  14.326172	  -0.752731
  14.335938	  -0.767825
  14.345703	  -0.803067
  14.355469	  -0.836679
  14.365234	  -0.840287
  14.375000	  -0.792128
  14.384766	  -0.687645
  14.394531	  -0.543211
  14.404297	  -0.391347
  14.414062	  -0.269151
  14.423828	  -0.204304
  14.433594	  -0.204062
  14.443359	  -0.251598
  14.453125	  -0.311378
  14.462891	  -0.341813
  14.472656	  -0.310665
  14.482422	  -0.207528
  14.492188	  -0.048634
  14.501953	   0.127975
  14.511719	   0.275383
  14.521484	   0.354260
  14.531250	   0.346883
  14.541016	   0.263560
  14.550781	   0.138973
  14.560547	   0.019638
  14.570312	  -0.053064
  14.580078	  -0.058117
  14.589844	  -0.002760
  14.599609	   0.079999
  14.609375	   0.143525
  14.619141	   0.145104
  14.628906	   0.062607
  14.638672	  -0.095824
  14.648438	  -0.292745
  14.658203	  -0.472958
  14.667969	  -0.581755
  14.677734	  -0.583555
  14.687500	  -0.474393
  14.697266	  -0.283818
  14.707031	  -0.065436
  14.716797	   0.120682
  14.726562	   0.227684
  14.736328	   0.236943
  14.746094	   0.163268
  14.755859	   0.048641
  14.765625	  -0.053185
  14.775391	  -0.095770
  14.785156	  -0.056076
  14.794922	   0.057940
  14.804688	   0.210702
  14.814453	   0.351908
  14.824219	   0.434278
  14.833984	   0.429833
  14.843750	   0.339126
  14.853516	   0.190415
  14.863281	   0.029416
  14.873047	  -0.096497
  14.882812	  -0.153927
  14.892578	  -0.133508
  14.902344	  -0.051154
  14.912109	   0.059479
  14.921875	   0.160154
  14.931641	   0.221830
  14.941406	   0.234066
  14.951172	   0.206920
  14.960938	   0.165125
  14.970703	   0.137211
  14.980469	   0.144012
  14.990234	   0.191019
  15.000000	   0.267366
  15.009766	   0.351549
  15.019531	   0.421289
  15.029297	   0.463379
  15.039062	   0.479383
  15.048828	   0.484788
  15.058594	   0.501838
  15.068359	   0.548896
  15.078125	   0.630685
  15.087891	   0.733568
  15.097656	   0.828171
  15.107422	   0.878873
  15.117188	   0.856905
  15.126953	   0.752239
  15.136719	   0.579628
  15.146484	   0.376110
  15.156250	   0.190352
  15.166016	   0.067234
  15.175781	   0.032964
  15.185547	   0.086028
  15.195312	   0.197378
  15.205078	   0.320058
  15.214844	   0.405126
  15.224609	   0.418451
  15.234375	   0.352550
  15.244141	   0.229299
  15.253906	   0.092513
  15.263672	  -0.007092
  15.273438	  -0.029380
  15.283203	   0.041310
  15.292969	   0.190604
  15.302734	   0.378689
  15.312500	   0.553352
  15.322266	   0.666849
  15.332031	   0.690774
  15.341797	   0.623925
  15.351562	   0.490767
  15.361328	   0.331451
  15.371094	   0.187290
  15.380859	   0.087039
  15.390625	   0.038812
  15.400391	   0.030197
  15.410156	   0.036029
  15.419922	   0.030417
  15.429688	  -0.001834
  15.439453	  -0.058891
  15.449219	  -0.123052
  15.458984	  -0.168792
  15.468750	  -0.174402
  15.478516	  -0.132441
  15.488281	  -0.054656
  15.498047	   0.030892
  15.507812	   0.089738
  15.517578	   0.094378
  15.527344	   0.036044
  15.537109	  -0.069802
  15.546875	  -0.186756
  15.556641	  -0.268837
  15.566406	  -0.276214
  15.576172	  -0.189778
  15.585938	  -0.019284
  15.595703	   0.198104
  15.605469	   0.408677
  15.615234	   0.558939
  15.625000	   0.612598
  15.634766	   0.561949
  15.644531	   0.429736
  15.654297	   0.260875
  15.664062	   0.106940
  15.673828	   0.008850
  15.683594	  -0.016246
  15.693359	   0.020579
  15.703125	   0.085593
  15.712891	   0.135771
  15.722656	   0.135023
  15.732422	   0.067410
  15.742188	  -0.057349
  15.751953	  -0.207897
  15.761719	  -0.343120
  15.771484	  -0.427403
  15.781250	  -0.443564
  15.791016	  -0.398719
  15.800781	  -0.320959
  15.810547	  -0.248147
  15.820312	  -0.213039
  15.830078	  -0.230313
  15.839844	  -0.290374
  15.849609	  -0.362320
  15.859375	  -0.405069
  15.869141	  -0.382642
  15.878906	  -0.278019
  15.888672	  -0.100477
  15.898438	   0.116370
  15.908203	   0.325218
  15.917969	   0.480684
  15.927734	   0.554328
  15.937500	   0.543763
  15.947266	   0.472614
  15.957031	   0.381414
  15.966797	   0.312748
  15.976562	   0.295989
  15.986328	   0.337099
  15.996094	   0.417054
  16.005859	   0.499363
  16.015625	   0.543836
  16.025391	   0.521557
  16.035156	   0.425641
  16.044922	   0.273949
  16.054688	   0.102907
  16.064453	  -0.045199
  16.074219	  -0.136741
  16.083984	  -0.157789
  16.093750	  -0.117743
  16.103516	  -0.044422
  16.113281	   0.027385
  16.123047	   0.069477
  16.132812	   0.070783
  16.142578	   0.040956
  16.152344	   0.005728
  16.162109	  -0.004115
  16.171875	   0.034115
  16.181641	   0.124833
  16.191406	   0.250984
  16.201172	   0.379200
  16.210938	   0.471561
  16.220703	   0.499656
  16.230469	   0.455691
  16.240234	   0.356377
  16.250000	   0.237928
  16.259766	   0.143757
  16.269531	   0.109160
  16.279297	   0.148498
  16.289062	   0.249552
  16.298828	   0.377214
  16.308594	   0.485357
  16.318359	   0.532742
  16.328125	   0.497381
  16.337891	   0.384259
  16.347656	   0.223689
  16.357422	   0.060915
  16.367188	  -0.059347
  16.376953	  -0.107907
  16.386719	  -0.080381
  16.396484	   0.002453
  16.406250	   0.103158
  16.416016	   0.181768
  16.425781	   0.210303
  16.435547	   0.182386
  16.445312	   0.114513
  16.455078	   0.038642
  16.464844	  -0.011011
  16.474609	  -0.011948
  16.484375	   0.037148
  16.494141	   0.115102
  16.503906	   0.185689
  16.513672	   0.211166
  16.523438	   0.166943
  16.533203	   0.051941
  16.542969	  -0.109313
  16.552734	  -0.273833
  16.562500	  -0.394212
  16.572266	  -0.434646
  16.582031	  -0.383295
  16.591797	  -0.256569
  16.601562	  -0.093772
  16.611328	   0.056029
  16.621094	   0.150340
  16.630859	   0.167065
  16.640625	   0.111064
  16.650391	   0.011287
  16.660156	  -0.090291
  16.669922	  -0.153856
  16.679688	  -0.155572
  16.689453	  -0.095177
  16.699219	   0.005182
  16.708984	   0.110175
  16.718750	   0.184971
  16.728516	   0.208238
  16.738281	   0.179653
  16.748047	   0.119260
  16.757812	   0.059055
  16.767578	   0.030096
  16.777344	   0.050067
  16.787109	   0.116026
  16.796875	   0.205113
  16.806641	   0.282989
  16.816406	   0.316888
  16.826172	   0.288372
  16.835938	   0.201006
  16.845703	   0.079947
  16.855469	  -0.036517
  16.865234	  -0.110505
  16.875000	  -0.118247
  16.884766	  -0.058931
  16.894531	   0.044607
  16.904297	   0.153695
  16.914062	   0.227401
  16.923828	   0.237018
  16.933594	   0.176231
  16.943359	   0.063309
  16.953125	  -0.065496
  16.962891	  -0.168966
  16.972656	  -0.215656
  16.982422	  -0.195043
  16.992188	  -0.121080
  17.001953	  -0.026896
  17.011719	   0.047418
  17.021484	   0.069492
  17.031250	   0.026513
  17.041016	  -0.070057
  17.050781	  -0.188567
  17.060547	  -0.288552
  17.070312	  -0.335269
  17.080078	  -0.312132
  17.089844	  -0.226574
  17.099609	  -0.107273
  17.109375	   0.006200
  17.119141	   0.077516
  17.128906	   0.086379
  17.138672	   0.035368
  17.148438	  -0.051546
  17.158203	  -0.138193
  17.167969	  -0.189660
  17.177734	  -0.185078
  17.187500	  -0.125112
  17.197266	  -0.031495
  17.207031	   0.061102
  17.216797	   0.117792
  17.226562	   0.116057
  17.236328	   0.053589
  17.246094	  -0.051412
  17.255859	  -0.167484
  17.265625	  -0.261882
  17.275391	  -0.312756
  17.285156	  -0.316960
  17.294922	  -0.290592
  17.304688	  -0.262096
  17.314453	  -0.260556
  17.324219	  -0.303648
  17.333984	  -0.389847
  17.343750	  -0.497922
  17.353516	  -0.594065
  17.363281	  -0.644098
  17.373047	  -0.626288
  17.382812	  -0.539991
  17.392578	  -0.406803
  17.402344	  -0.263614
  17.412109	  -0.149929
  17.421875	  -0.093946
  17.431641	  -0.102423
  17.441406	  -0.158033
  17.451172	  -0.225278
  17.460938	  -0.262939
  17.470703	  -0.238703
  17.480469	  -0.140798
  17.490234	   0.017476
  17.500000	   0.201902
  17.509766	   0.368697
  17.519531	   0.479010
  17.529297	   0.511474
  17.539062	   0.468455
  17.548828	   0.373963
  17.558594	   0.264201
  17.568359	   0.174333
  17.578125	   0.126344
  17.587891	   0.122322
  17.597656	   0.145464
  17.607422	   0.168155
  17.617188	   0.163905
  17.626953	   0.118534
  17.636719	   0.036321
  17.646484	  -0.061211
  17.656250	  -0.143406
  17.666016	  -0.182411
  17.675781	  -0.164378
  17.685547	  -0.095626
  17.695312	  -0.001308
  17.705078	   0.083100
  17.714844	   0.124460
  17.724609	   0.104165
  17.734375	   0.025360
  17.744141	  -0.087590
  17.753906	  -0.197311
  17.763672	  -0.266471
  17.773438	  -0.271019
  17.783203	  -0.208851
  17.792969	  -0.100751
  17.802734	   0.016745
  17.812500	   0.104061
  17.822266	   0.132302
  17.832031	   0.093118
  17.841797	   0.001212
  17.851562	  -0.111326
  17.861328	  -0.206724
  17.871094	  -0.254998
  17.880859	  -0.244293
  17.890625	  -0.184423
  17.900391	  -0.102419
  17.910156	  -0.031874
  17.919922	  -0.000097
  17.929688	  -0.017869
  17.939453	  -0.075600
  17.949219	  -0.147278
  17.958984	  -0.200683
  17.968750	  -0.210031
  17.978516	  -0.166251
  17.988281	  -0.081012
  17.998047	   0.017098
  18.007812	   0.092916
  18.017578	   0.117782
  18.027344	   0.080509
  18.037109	  -0.007886
  18.046875	  -0.117564
  18.056641	  -0.210258
  18.066406	  -0.252992
  18.076172	  -0.230163
  18.085938	  -0.149536
  18.095703	  -0.039894
  18.105469	   0.058935
  18.115234	   0.110161
  18.125000	   0.093208
  18.134766	   0.011233
  18.144531	  -0.109741
  18.154297	  -0.229824
  18.164062	  -0.309200
  18.173828	  -0.322059
  18.183594	  -0.265546
  18.193359	  -0.160565
  18.203125	  -0.044160
  18.212891	   0.043751
  18.222656	   0.074535
  18.232422	   0.040833
  18.242188	  -0.041147
  18.251953	  -0.137792
  18.261719	  -0.210375
  18.271484	  -0.229029
  18.281250	  -0.183329
  18.291016	  -0.085729
  18.300781	   0.033303
  18.310547	   0.136595
  18.320312	   0.193838
  18.330078	   0.192461
  18.339844	   0.141871
  18.349609	   0.069591
  18.359375	   0.010771
  18.369141	  -0.005024
  18.378906	   0.035112
  18.388672	   0.122530
  18.398438	   0.230089
  18.408203	   0.322003
  18.417969	   0.366859
  18.427734	   0.349015
  18.437500	   0.274239
  18.447266	   0.167537
  18.457031	   0.064019
  18.466797	  -0.003828
  18.476562	  -0.017802
  18.486328	   0.019684
  18.496094	   0.086872
  18.505859	   0.151012
  18.515625	   0.180690
  18.525391	   0.157583
  18.535156	   0.083327
  18.544922	  -0.021009
  18.554688	  -0.122599
  18.564453	  -0.188856
  18.574219	  -0.199304
  18.583984	  -0.152988
  18.593750	  -0.068710
  18.603516	   0.021937
  18.613281	   0.086134
  18.623047	   0.101716
  18.632812	   0.064980
  18.642578	  -0.008439
  18.652344	  -0.089884
  18.662109	  -0.148802
  18.671875	  -0.164487
  18.681641	  -0.134041
  18.691406	  -0.073540
  18.701172	  -0.011955
  18.710938	   0.019947
  18.720703	   0.001570
  18.730469	  -0.069173
  18.740234	  -0.174334
  18.750000	  -0.281927
  18.759766	  -0.357328
  18.769531	  -0.375949
  18.779297	  -0.332526
  18.789062	  -0.243514
  18.798828	  -0.141613
  18.808594	  -0.064265
  18.818359	  -0.040244
  18.828125	  -0.079174
  18.837891	  -0.167814
  18.847656	  -0.274529
  18.857422	  -0.360428
  18.867188	  -0.393209
  18.876953	  -0.358769
  18.886719	  -0.266394
  18.896484	  -0.145647
  18.906250	  -0.036043
  18.916016	   0.026809
  18.925781	   0.023661
  18.935547	  -0.041773
  18.945312	  -0.144375
  18.955078	  -0.246750
  18.964844	  -0.312592
  18.974609	  -0.319480
  18.984375	  -0.266525
  18.994141	  -0.174181
  19.003906	  -0.076388
  19.013672	  -0.007965
  19.023438	   0.008108
  19.033203	  -0.031070
  19.042969	  -0.107534
  19.052734	  -0.189317
  19.062500	  -0.242385
  19.072266	  -0.243254
  19.082031	  -0.187653
  19.091797	  -0.092085
  19.101562	   0.012230
  19.111328	   0.090789
  19.121094	   0.118384
  19.130859	   0.088217
  19.140625	   0.014234
  19.150391	  -0.074157
  19.160156	  -0.143005
  19.169922	  -0.166331
  19.179688	  -0.135649
  19.189453	  -0.062991
  19.199219	   0.023656
  19.208984	   0.090801
  19.218750	   0.111926
  19.228516	   0.077397
  19.238281	  -0.001857
  19.248047	  -0.098245
  19.257812	  -0.177569
  19.267578	  -0.211551
  19.277344	  -0.188207
  19.287109	  -0.116270
  19.296875	  -0.022007
  19.306641	   0.060406
  19.316406	   0.101444
  19.326172	   0.087121
  19.335938	   0.024203
  19.345703	  -0.062174
  19.355469	  -0.137638
  19.365234	  -0.171155
  19.375000	  -0.146436
  19.384766	  -0.068043
  19.394531	   0.040085
  19.404297	   0.143140
  19.414062	   0.207917
  19.423828	   0.214723
  19.433594	   0.164400
  19.443359	   0.077916
  19.453125	  -0.011314
  19.462891	  -0.069580
  19.472656	  -0.075066
  19.482422	  -0.025673
  19.492188	   0.060378
  19.501953	   0.151340
  19.511719	   0.213633
  19.521484	   0.224185
  19.531250	   0.178897
  19.541016	   0.094194
  19.550781	   0.001103
  19.560547	  -0.065964
  19.570312	  -0.081606
  19.580078	  -0.038536
  19.589844	   0.049931
  19.599609	   0.154828
  19.609375	   0.242107
  19.619141	   0.284915
  19.628906	   0.273120
  19.638672	   0.216635
  19.648438	   0.141390
  19.658203	   0.079509
  19.667969	   0.057338
  19.677734	   0.085741
  19.687500	   0.156216
  19.697266	   0.244193
  19.707031	   0.318252
  19.716797	   0.351780
  19.726562	   0.332755
  19.736328	   0.268015
  19.746094	   0.180474
  19.755859	   0.100351
  19.765625	   0.053733
  19.775391	   0.052754
  19.785156	   0.091106
  19.794922	   0.146594
  19.804688	   0.189801
  19.814453	   0.195655
  19.824219	   0.153529
  19.833984	   0.072053
  19.843750	  -0.023315
  19.853516	  -0.099188
  19.863281	  -0.126456
  19.873047	  -0.091327
  19.882812	  -0.001105
  19.892578	   0.117572
  19.902344	   0.227545
  19.912109	   0.293973
  19.921875	   0.296634
  19.931641	   0.237268
  19.941406	   0.139272
  19.951172	   0.039759
  19.960938	  -0.023251
  19.970703	  -0.024024
  19.980469	   0.041969
  19.990234	   0.156533
  20.000000	   0.285122
  20.009766	   0.388794
  20.019531	   0.437487
  20.029297	   0.419910
  20.039062	   0.346640
  20.048828	   0.245458
  20.058594	   0.150778
  20.068359	   0.091106
  20.078125	   0.079084
  20.087891	   0.107693
  20.097656	   0.153831
  20.107422	   0.187796
  20.117188	   0.185036
  20.126953	   0.135722
  20.136719	   0.048601
  20.146484	  -0.052301
  20.156250	  -0.136824
  20.166016	  -0.180217
  20.175781	  -0.172692
  20.185547	  -0.123381
  20.195312	  -0.057126
  20.205078	  -0.005248
  20.214844	   0.006306
  20.224609	  -0.032980
  20.234375	  -0.113722
  20.244141	  -0.209542
  20.253906	  -0.286382
  20.263672	  -0.314911
  20.273438	  -0.281490
  20.283203	  -0.193649
  20.292969	  -0.077964
  20.302734	   0.029004
  20.312500	   0.093512
  20.322266	   0.096614
  20.332031	   0.040945
  20.341797	  -0.050152
  20.351562	  -0.140923
  20.361328	  -0.195983
  20.371094	  -0.193012
  20.380859	  -0.130809
  20.390625	  -0.029810
  20.400391	   0.075134
  20.410156	   0.147138
  20.419922	   0.160400
  20.429688	   0.109352
  20.439453	   0.010610
  20.449219	  -0.102948
  20.458984	  -0.193801
  20.468750	  -0.232923
  20.478516	  -0.209726
  20.488281	  -0.135297
  20.498047	  -0.037870
  20.507812	   0.047738
  20.517578	   0.092811
  20.527344	   0.084940
  20.537109	   0.032075
  20.546875	  -0.040955
  20.556641	  -0.102062
  20.566406	  -0.124059
  20.576172	  -0.094840
  20.585938	  -0.021864
  20.595703	   0.070682
  20.605469	   0.150928
  20.615234	   0.191184
  20.625000	   0.178204
  20.634766	   0.118052
  20.644531	   0.033768
  20.654297	  -0.043283
  20.664062	  -0.085166
  20.673828	  -0.077840
  20.683594	  -0.026437
  20.693359	   0.046644
  20.703125	   0.110166
  20.712891	   0.135915
  20.722656	   0.109586
  20.732422	   0.036649
  20.742188	  -0.059078
  20.751953	  -0.143726
  20.761719	  -0.185597
  20.771484	  -0.166881
  20.781250	  -0.090583
  20.791016	   0.019921
  20.800781	   0.128652
  20.810547	   0.199386
  20.820312	   0.208213
  20.830078	   0.151807
  20.839844	   0.048446
  20.849609	  -0.068584
  20.859375	  -0.162830
  20.869141	  -0.207515
  20.878906	  -0.194791
  20.888672	  -0.138136
  20.898438	  -0.067093
  20.908203	  -0.016322
  20.917969	  -0.012967
  20.927734	  -0.066896
  20.937500	  -0.167297
  20.947266	  -0.286784
  20.957031	  -0.391398
  20.966797	  -0.452807
  20.976562	  -0.458214
  20.986328	  -0.414385
  20.996094	  -0.344407
  21.005859	  -0.278463
  21.015625	  -0.242120
  21.025391	  -0.246518
  21.035156	  -0.284123
  21.044922	  -0.331634
  21.054688	  -0.358953
  21.064453	  -0.340894
  21.074219	  -0.267233
  21.083984	  -0.147325
  21.093750	  -0.007479
  21.103516	   0.118029
  21.113281	   0.199094
  21.123047	   0.220619
  21.132812	   0.188083
  21.142578	   0.125714
  21.152344	   0.067861
  21.162109	   0.046614
  21.171875	   0.080124
  21.181641	   0.165853
  21.191406	   0.281195
  21.201172	   0.391308
  21.210938	   0.461334
  21.220703	   0.468659
  21.230469	   0.410813
  21.240234	   0.306205
  21.250000	   0.187476
  21.259766	   0.089893
  21.269531	   0.039003
  21.279297	   0.041984
  21.289062	   0.085762
  21.298828	   0.142505
  21.308594	   0.180399
  21.318359	   0.175730
  21.328125	   0.121835
  21.337891	   0.031672
  21.347656	  -0.066909
  21.357422	  -0.141409
  21.367188	  -0.166664
  21.376953	  -0.134159
  21.386719	  -0.055254
  21.396484	   0.042858
  21.406250	   0.126968
  21.416016	   0.169858
  21.425781	   0.160097
  21.435547	   0.106052
  21.445312	   0.032671
  21.455078	  -0.027796
  21.464844	  -0.047701
  21.474609	  -0.014192
  21.484375	   0.066033
  21.494141	   0.169152
  21.503906	   0.262901
  21.513672	   0.318351
  21.523438	   0.320437
  21.533203	   0.273404
  21.542969	   0.199157
  21.552734	   0.129137
  21.562500	   0.092669
  21.572266	   0.106054
  21.582031	   0.166370
  21.591797	   0.252263
  21.601562	   0.331434
  21.611328	   0.372120
  21.621094	   0.354416
  21.630859	   0.277356
  21.640625	   0.159247
  21.650391	   0.031179
  21.660156	  -0.073865
  21.669922	  -0.132335
  21.679688	  -0.137785
  21.689453	  -0.102196
  21.699219	  -0.050590
  21.708984	  -0.011078
  21.718750	  -0.004085
  21.728516	  -0.034798
  21.738281	  -0.091607
  21.748047	  -0.151047
  21.757812	  -0.187324
  21.767578	  -0.182755
  21.777344	  -0.135140
  21.787109	  -0.059201
  21.796875	   0.018535
  21.806641	   0.069566
  21.816406	   0.074319
  21.826172	   0.030000
  21.835938	  -0.047615
  21.845703	  -0.129299
  21.855469	  -0.182663
  21.865234	  -0.183947
  21.875000	  -0.127016
  21.884766	  -0.026228
  21.894531	   0.087994
  21.904297	   0.179403
  21.914062	   0.218389
  21.923828	   0.192224
  21.933594	   0.109421
  21.943359	  -0.003358
  21.953125	  -0.110759
  21.962891	  -0.181154
  21.972656	  -0.197593
  21.982422	  -0.163366
  21.992188	  -0.100228
  22.001953	  -0.039989
  22.011719	  -0.012551
  22.021484	  -0.034771
  22.031250	  -0.104194
  22.041016	  -0.199900
  22.050781	  -0.290151
  22.060547	  -0.344003
  22.070312	  -0.342649
  22.080078	  -0.286343
  22.089844	  -0.194395
  22.099609	  -0.098233
  22.109375	  -0.030083
  22.119141	  -0.011376
  22.128906	  -0.045116
  22.138672	  -0.114950
  22.148438	  -0.191278
  22.158203	  -0.242132
  22.167969	  -0.244869
  22.177734	  -0.194401
  22.187500	  -0.105002
  22.197266	  -0.005056
  22.207031	   0.073296
  22.216797	   0.105804
  22.226562	   0.084797
  22.236328	   0.021762
  22.246094	  -0.057095
  22.255859	  -0.120629
  22.265625	  -0.144251
  22.275391	  -0.118907
  22.285156	  -0.054265
  22.294922	   0.025050
  22.304688	   0.088718
  22.314453	   0.112044
  22.324219	   0.085121
  22.333984	   0.016431
  22.343750	  -0.070447
  22.353516	  -0.145797
  22.363281	  -0.185059
  22.373047	  -0.178216
  22.382812	  -0.133744
  22.392578	  -0.075578
  22.402344	  -0.034126
  22.412109	  -0.034620
  22.421875	  -0.087096
  22.431641	  -0.181772
  22.441406	  -0.291663
  22.451172	  -0.381620
  22.460938	  -0.420647
  22.470703	  -0.393067
  22.480469	  -0.304496
  22.490234	  -0.180386
  22.500000	  -0.057567
  22.509766	   0.028281
  22.519531	   0.054814
  22.529297	   0.020560
  22.539062	  -0.054853
  22.548828	  -0.137820
  22.558594	  -0.192684
  22.568359	  -0.194198
  22.578125	  -0.136119
  22.587891	  -0.032939
  22.597656	   0.085737
  22.607422	   0.186043
  22.617188	   0.241931
  22.626953	   0.244120
  22.636719	   0.202725
  22.646484	   0.142750
  22.656250	   0.094210
  22.666016	   0.080615
  22.675781	   0.110095
  22.685547	   0.172432
  22.695312	   0.243054
  22.705078	   0.292468
  22.714844	   0.297585
  22.724609	   0.250706
  22.734375	   0.162805
  22.744141	   0.059841
  22.753906	  -0.026557
  22.763672	  -0.070646
  22.773438	  -0.062077
  22.783203	  -0.009854
  22.792969	   0.060773
  22.802734	   0.117390
  22.812500	   0.132195
  22.822266	   0.092200
  22.832031	   0.004117
  22.841797	  -0.107841
  22.851562	  -0.210486
  22.861328	  -0.273394
  22.871094	  -0.279622
  22.880859	  -0.231520
  22.890625	  -0.149544
  22.900391	  -0.064549
  22.910156	  -0.006401
  22.919922	   0.006910
  22.929688	  -0.024313
  22.939453	  -0.081871
  22.949219	  -0.136692
  22.958984	  -0.159871
  22.968750	  -0.133650
  22.978516	  -0.058274
  22.988281	   0.047810
  22.998047	   0.154502
  23.007812	   0.230933
  23.017578	   0.256692
  23.027344	   0.229236
  23.037109	   0.164749
  23.046875	   0.092080
  23.056641	   0.041989
  23.066406	   0.035622
  23.076172	   0.076478
  23.085938	   0.148859
  23.095703	   0.223434
  23.105469	   0.267937
  23.115234	   0.259127
  23.125000	   0.191628
  23.134766	   0.080405
  23.144531	  -0.044114
  23.154297	  -0.146546
  23.164062	  -0.198929
  23.173828	  -0.190506
  23.183594	  -0.131356
  23.193359	  -0.048550
  23.203125	   0.023817
  23.212891	   0.057095
  23.222656	   0.038582
  23.232422	  -0.023790
  23.242188	  -0.104265
  23.251953	  -0.168581
  23.261719	  -0.186459
  23.271484	  -0.142728
  23.281250	  -0.043097
  23.291016	   0.087528
  23.300781	   0.213579
  23.310547	   0.301158
  23.320312	   0.329736
  23.330078	   0.299034
  23.339844	   0.228662
  23.349609	   0.150695
  23.359375	   0.097892
  23.369141	   0.091841
  23.378906	   0.135291
  23.388672	   0.211380
  23.398438	   0.289993
  23.408203	   0.338863
  23.417969	   0.335381
  23.427734	   0.274818
  23.437500	   0.172032
  23.447266	   0.056099
  23.457031	  -0.040118
  23.466797	  -0.091628
  23.476562	  -0.089965
  23.486328	  -0.045734
  23.496094	   0.015795
  23.505859	   0.064361
  23.515625	   0.076033
  23.525391	   0.042044
  23.535156	  -0.028100
  23.544922	  -0.110300
  23.554688	  -0.174922
  23.564453	  -0.197844
  23.574219	  -0.169405
  23.583984	  -0.097966
  23.593750	  -0.006808
  23.603516	   0.074446
  23.613281	   0.120682
  23.623047	   0.120396
  23.632812	   0.079670
  23.642578	   0.019595
  23.652344	  -0.031887
  23.662109	  -0.050659
  23.671875	  -0.025628
  23.681641	   0.036988
  23.691406	   0.115903
  23.701172	   0.182714
  23.710938	   0.212614
  23.720703	   0.193865
  23.730469	   0.132461
  23.740234	   0.050182
  23.750000	  -0.023324
  23.759766	  -0.061572
  23.769531	  -0.051312
  23.779297	   0.002099
  23.789062	   0.076104
  23.798828	   0.138749
  23.808594	   0.160130
  23.818359	   0.123381
  23.828125	   0.031206
  23.837891	  -0.094462
  23.847656	  -0.219650
  23.857422	  -0.309870
  23.867188	  -0.341928
  23.876953	  -0.311803
  23.886719	  -0.235837
  23.896484	  -0.144813
  23.906250	  -0.073077
  23.916016	  -0.046581
  23.925781	  -0.074104
  23.935547	  -0.144696
  23.945312	  -0.232170
  23.955078	  -0.304882
  23.964844	  -0.337188
  23.974609	  -0.318426
  23.984375	  -0.256210
  23.994141	  -0.172958
  24.003906	  -0.097084
  24.013672	  -0.052178
  24.023438	  -0.048249
  24.033203	  -0.078245
  24.042969	  -0.121120
  24.052734	  -0.150223
  24.062500	  -0.143837
  24.072266	  -0.093876
  24.082031	  -0.009443
  24.091797	   0.086140
  24.101562	   0.163771
  24.111328	   0.199372
  24.121094	   0.183048
  24.130859	   0.123146
  24.140625	   0.043637
  24.150391	  -0.024319
  24.160156	  -0.053605
  24.169922	  -0.031081
  24.179688	   0.037418
  24.189453	   0.128899
  24.199219	   0.211244
  24.208984	   0.254601
  24.218750	   0.242006
  24.228516	   0.175423
  24.238281	   0.074982
  24.248047	  -0.028287
  24.257812	  -0.103601
  24.267578	  -0.131394
  24.277344	  -0.110129
  24.287109	  -0.056482
  24.296875	   0.001146
  24.306641	   0.033410
  24.316406	   0.021134
  24.326172	  -0.037328
  24.335938	  -0.125189
  24.345703	  -0.213146
  24.355469	  -0.269980
  24.365234	  -0.273966
  24.375000	  -0.220952
  24.384766	  -0.126108
  24.394531	  -0.018713
  24.404297	   0.068189
  24.414062	   0.109501
  24.423828	   0.096923
  24.433594	   0.041742
  24.443359	  -0.029472
  24.453125	  -0.084671
  24.462891	  -0.098101
  24.472656	  -0.059755
  24.482422	   0.020908
  24.492188	   0.118313
  24.501953	   0.199963
  24.511719	   0.238113
  24.521484	   0.219700
  24.531250	   0.150910
  24.541016	   0.054778
  24.550781	  -0.037303
  24.560547	  -0.097021
  24.570312	  -0.109347
  24.580078	  -0.077800
  24.589844	  -0.022833
  24.599609	   0.026019
  24.609375	   0.041356
  24.619141	   0.008381
  24.628906	  -0.069240
  24.638672	  -0.170265
  24.648438	  -0.263228
  24.658203	  -0.317575
  24.667969	  -0.314565
  24.677734	  -0.253970
  24.687500	  -0.154163
  24.697266	  -0.045568
  24.707031	   0.040144
  24.716797	   0.081184
  24.726562	   0.073091
  24.736328	   0.029839
  24.746094	  -0.021740
  24.755859	  -0.052118
  24.765625	  -0.040080
  24.775391	   0.019465
  24.785156	   0.113675
  24.794922	   0.216591
  24.804688	   0.298757
  24.814453	   0.338049
  24.824219	   0.327721
  24.833984	   0.278691
  24.843750	   0.215244
  24.853516	   0.165759
  24.863281	   0.151903
  24.873047	   0.180305
  24.882812	   0.239838
  24.892578	   0.305537
  24.902344	   0.347780
  24.912109	   0.343359
  24.921875	   0.284403
  24.931641	   0.181828
  24.941406	   0.062007
  24.951172	  -0.042211
  24.960938	  -0.102913
  24.970703	  -0.106872
  24.980469	  -0.060112
  24.990234	   0.014351
  25.000000	   0.084767
  25.009766	   0.121950
  25.019531	   0.109533
  25.029297	   0.049525
  25.039062	  -0.038773
  25.048828	  -0.126027
  25.058594	  -0.183601
  25.068359	  -0.193834
  25.078125	  -0.156153
  25.087891	  -0.086838
  25.097656	  -0.012642
  25.107422	   0.039320
  25.117188	   0.051635
  25.126953	   0.022895
  25.136719	  -0.032065
  25.146484	  -0.088024
  25.156250	  -0.119113
  25.166016	  -0.108772
  25.175781	  -0.056203
  25.185547	   0.023096
  25.195312	   0.102930
  25.205078	   0.156075
  25.214844	   0.164412
  25.224609	   0.125772
  25.234375	   0.054904
  25.244141	  -0.021818
  25.253906	  -0.076033
  25.263672	  -0.087839
  25.273438	  -0.053178
  25.283203	   0.014578
  25.292969	   0.089471
  25.302734	   0.142463
  25.312500	   0.152138
  25.322266	   0.112635
  25.332031	   0.035892
  25.341797	  -0.052687
  25.351562	  -0.123549
  25.361328	  -0.153900
  25.371094	  -0.136159
  25.380859	  -0.080815
  25.390625	  -0.012578
  25.400391	   0.038820
  25.410156	   0.049816
  25.419922	   0.012080
  25.429688	  -0.063928
  25.439453	  -0.152325
  25.449219	  -0.220941
  25.458984	  -0.242988
  25.468750	  -0.207010
  25.478516	  -0.121465
  25.488281	  -0.012175
  25.498047	   0.086515
  25.507812	   0.143795
  25.517578	   0.143323
  25.527344	   0.089125
  25.537109	   0.004278
  25.546875	  -0.077195
  25.556641	  -0.122376
  25.566406	  -0.111165
  25.576172	  -0.043491
  25.585938	   0.060546
  25.595703	   0.167650
  25.605469	   0.242931
  25.615234	   0.262003
  25.625000	   0.219297
  25.634766	   0.129677
  25.644531	   0.022860
  25.654297	  -0.067285
  25.664062	  -0.114691
  25.673828	  -0.110006
  25.683594	  -0.063350
  25.693359	  -0.000013
  25.703125	   0.049210
  25.712891	   0.059501
  25.722656	   0.021097
  25.732422	  -0.057260
  25.742188	  -0.151696
  25.751953	  -0.232036
  25.761719	  -0.272821
  25.771484	  -0.262435
  25.781250	  -0.207030
  25.791016	  -0.127900
  25.800781	  -0.053351
  25.810547	  -0.008151
  25.820312	  -0.004504
  25.830078	  -0.037868
  25.839844	  -0.089138
  25.849609	  -0.132316
  25.859375	  -0.144736
  25.869141	  -0.115994
  25.878906	  -0.052194
  25.888672	   0.026129
  25.898438	   0.091652
  25.908203	   0.120656
  25.917969	   0.102272
  25.927734	   0.043070
  25.937500	  -0.034805
  25.947266	  -0.101405
  25.957031	  -0.129871
  25.966797	  -0.106493
  25.976562	  -0.036221
  25.986328	   0.058483
  25.996094	   0.145152
  26.005859	   0.192580
  26.015625	   0.181831
  26.025391	   0.113069
  26.035156	   0.005733
  26.044922	  -0.108040
  26.054688	  -0.194398
  26.064453	  -0.229293
  26.074219	  -0.206438
  26.083984	  -0.138934
  26.093750	  -0.054059
  26.103516	   0.016810
  26.113281	   0.049480
  26.123047	   0.035343
  26.132812	  -0.016065
  26.142578	  -0.081190
  26.152344	  -0.131639
  26.162109	  -0.144981
  26.171875	  -0.113182
  26.181641	  -0.045576
  26.191406	   0.034651
  26.201172	   0.099142
  26.210938	   0.124945
  26.220703	   0.103081
  26.230469	   0.041914
  26.240234	  -0.035893
  26.250000	  -0.101711
  26.259766	  -0.131484
  26.269531	  -0.114564
  26.279297	  -0.057597
  26.289062	   0.017986
  26.298828	   0.083928
  26.308594	   0.115633
  26.318359	   0.101283
  26.328125	   0.046250
  26.337891	  -0.028859
  26.347656	  -0.095772
  26.357422	  -0.128971
  26.367188	  -0.115100
  26.376953	  -0.057892
  26.386719	   0.023193
  26.396484	   0.100118
  26.406250	   0.146546
  26.416016	   0.147443
  26.425781	   0.104425
  26.435547	   0.034865
  26.445312	  -0.034912
  26.455078	  -0.079823
  26.464844	  -0.085778
  26.474609	  -0.055312
  26.484375	  -0.006906
  26.494141	   0.031850
  26.503906	   0.034808
  26.513672	  -0.012364
  26.523438	  -0.105866
  26.533203	  -0.223982
  26.542969	  -0.333922
  26.552734	  -0.402988
  26.562500	  -0.410085
  26.572266	  -0.353444
  26.582031	  -0.251686
  26.591797	  -0.137717
  26.601562	  -0.047521
  26.611328	  -0.007742
  26.621094	  -0.026440
  26.630859	  -0.090296
  26.640625	  -0.169289
  26.650391	  -0.227211
  26.660156	  -0.234357
  26.669922	  -0.177920
  26.679688	  -0.066508
  26.689453	   0.072764
  26.699219	   0.203497
  26.708984	   0.292253
  26.718750	   0.319526
  26.728516	   0.285649
  26.738281	   0.209747
  26.748047	   0.122322
  26.757812	   0.054298
  26.767578	   0.026542
  26.777344	   0.043553
  26.787109	   0.093405
  26.796875	   0.153674
  26.806641	   0.200890
  26.816406	   0.219835
  26.826172	   0.209166
  26.835938	   0.181309
  26.845703	   0.156824
  26.855469	   0.155509
  26.865234	   0.187799
  26.875000	   0.249865
  26.884766	   0.324392
  26.894531	   0.386842
  26.904297	   0.414879
  26.914062	   0.397339
  26.923828	   0.339269
  26.933594	   0.260927
  26.943359	   0.190923
  26.953125	   0.155865
  26.962891	   0.170291
  26.972656	   0.230649
  26.982422	   0.315691
  26.992188	   0.393351
  27.001953	   0.431790
  27.011719	   0.410712
  27.021484	   0.328880
  27.031250	   0.205059
  27.041016	   0.071916
  27.050781	  -0.035042
  27.060547	  -0.089618
  27.070312	  -0.083884
  27.080078	  -0.030735
  27.089844	   0.040871
  27.099609	   0.096293
  27.109375	   0.107552
  27.119141	   0.063215
  27.128906	  -0.027650
  27.138672	  -0.138829
  27.148438	  -0.236386
  27.158203	  -0.290742
  27.167969	  -0.287075
  27.177734	  -0.230353
  27.187500	  -0.143264
  27.197266	  -0.057868
  27.207031	  -0.004070
  27.216797	   0.000910
  27.226562	  -0.041730
  27.236328	  -0.113424
  27.246094	  -0.185584
  27.255859	  -0.230448
  27.265625	  -0.231410
  27.275391	  -0.189023
  27.285156	  -0.120500
  27.294922	  -0.052965
  27.304688	  -0.013005
  27.314453	  -0.016446
  27.324219	  -0.062174
  27.333984	  -0.132330
  27.343750	  -0.198839
  27.353516	  -0.233871
  27.363281	  -0.220378
  27.373047	  -0.158774
  27.382812	  -0.067259
  27.392578	   0.024426
  27.402344	   0.085579
  27.412109	   0.095614
  27.421875	   0.051610
  27.431641	  -0.030464
  27.441406	  -0.121325
  27.451172	  -0.188762
  27.460938	  -0.209097
  27.470703	  -0.175565
  27.480469	  -0.100596
  27.490234	  -0.011167
  27.500000	   0.061064
  27.509766	   0.091262
  27.519531	   0.070370
  27.529297	   0.008269
  27.539062	  -0.069973
  27.548828	  -0.133376
  27.558594	  -0.156446
  27.568359	  -0.128517
  27.578125	  -0.057641
  27.587891	   0.032391
  27.597656	   0.110777
  27.607422	   0.150982
  27.617188	   0.140428
  27.626953	   0.085049
  27.636719	   0.007053
  27.646484	  -0.063275
  27.656250	  -0.098716
  27.666016	  -0.085123
  27.675781	  -0.026623
  27.685547	   0.055880
  27.695312	   0.132341
  27.705078	   0.174524
  27.714844	   0.166255
  27.724609	   0.109207
  27.734375	   0.022114
  27.744141	  -0.066274
  27.753906	  -0.127877
  27.763672	  -0.145636
  27.773438	  -0.119709
  27.783203	  -0.067192
  27.792969	  -0.015470
  27.802734	   0.008348
  27.812500	  -0.012030
  27.822266	  -0.075500
  27.832031	  -0.163459
  27.841797	  -0.246298
  27.851562	  -0.294179
  27.861328	  -0.288148
  27.871094	  -0.227483
  27.880859	  -0.130493
  27.890625	  -0.028362
  27.900391	   0.045828
  27.910156	   0.068966
  27.919922	   0.036368
  27.929688	  -0.036292
  27.939453	  -0.118353
  27.949219	  -0.174998
  27.958984	  -0.179698
  27.968750	  -0.123825
  27.978516	  -0.019984
  27.988281	   0.102160
  27.998047	   0.206088
  28.007812	   0.261033
  28.017578	   0.252515
  28.027344	   0.187075
  28.037109	   0.089569
  28.046875	  -0.005926
  28.056641	  -0.068280
  28.066406	  -0.080162
  28.076172	  -0.043697
  28.085938	   0.021033
  28.095703	   0.083978
  28.105469	   0.116594
  28.115234	   0.102559
  28.125000	   0.043798
  28.134766	  -0.040378
  28.144531	  -0.120633
  28.154297	  -0.168723
  28.164062	  -0.168230
  28.173828	  -0.120926
  28.183594	  -0.046370
  28.193359	   0.025119
  28.203125	   0.063580
  28.212891	   0.050535
  28.222656	  -0.013969
  28.232422	  -0.111026
  28.242188	  -0.209399
  28.251953	  -0.276585
  28.261719	  -0.290403
  28.271484	  -0.246894
  28.281250	  -0.161669
  28.291016	  -0.064183
  28.300781	   0.012972
  28.310547	   0.045875
  28.320312	   0.027898
  28.330078	  -0.027995
  28.339844	  -0.094106
  28.349609	  -0.138242
  28.359375	  -0.135608
  28.369141	  -0.078029
  28.378906	   0.022866
  28.388672	   0.139658
  28.398438	   0.238892
  28.408203	   0.293032
  28.417969	   0.290284
  28.427734	   0.238710
  28.437500	   0.163158
  28.447266	   0.096123
  28.457031	   0.065845
  28.466797	   0.085985
  28.476562	   0.150582
  28.486328	   0.236135
  28.496094	   0.310036
  28.505859	   0.342292
  28.515625	   0.316333
  28.525391	   0.235004
  28.535156	   0.119645
  28.544922	   0.002643
  28.554688	  -0.083826
  28.564453	  -0.118779
  28.574219	  -0.099228
  28.583984	  -0.040452
  28.593750	   0.030224
  28.603516	   0.083731
  28.613281	   0.099824
  28.623047	   0.074042
  28.632812	   0.018613
  28.642578	  -0.042884
  28.652344	  -0.084969
  28.662109	  -0.090178
  28.671875	  -0.055717
  28.681641	   0.005661
  28.691406	   0.070813
  28.701172	   0.115408
  28.710938	   0.123618
  28.720703	   0.094576
  28.730469	   0.043069
  28.740234	  -0.005885
  28.750000	  -0.026588
  28.759766	  -0.002786
  28.769531	   0.065504
  28.779297	   0.161141
  28.789062	   0.255457
  28.798828	   0.318402
  28.808594	   0.329554
  28.818359	   0.285943
  28.828125	   0.203705
  28.837891	   0.112815
  28.847656	   0.046637
  28.857422	   0.030011
  28.867188	   0.070127
  28.876953	   0.153566
  28.886719	   0.250640
  28.896484	   0.325600
  28.906250	   0.349115
  28.916016	   0.308618
  28.925781	   0.212801
  28.935547	   0.088672
  28.945312	  -0.027815
  28.955078	  -0.104220
  28.964844	  -0.122755
  28.974609	  -0.086154
  28.984375	  -0.016262
  28.994141	   0.054100
  29.003906	   0.092989
  29.013672	   0.080671
  29.023438	   0.016360
  29.033203	  -0.081938
  29.042969	  -0.184315
  29.052734	  -0.259936
  29.062500	  -0.288073
  29.072266	  -0.265145
  29.082031	  -0.205287
  29.091797	  -0.134357
  29.101562	  -0.079727
  29.111328	  -0.059741
  29.121094	  -0.076817
  29.130859	  -0.116783
  29.140625	  -0.154696
  29.150391	  -0.164945
  29.160156	  -0.131822
  29.169922	  -0.056536
  29.179688	   0.042068
  29.189453	   0.133501
  29.199219	   0.186252
  29.208984	   0.179206
  29.218750	   0.109669
  29.228516	  -0.004996
  29.238281	  -0.132849
  29.248047	  -0.238087
  29.257812	  -0.293216
  29.267578	  -0.288350
  29.277344	  -0.234306
  29.287109	  -0.158417
  29.296875	  -0.094575
  29.306641	  -0.071097
  29.316406	  -0.100780
  29.326172	  -0.176672
  29.335938	  -0.275010
  29.345703	  -0.364134
  29.355469	  -0.416073
  29.365234	  -0.416499
  29.375000	  -0.369450
  29.384766	  -0.295126
  29.394531	  -0.221697
  29.404297	  -0.174241
  29.414062	  -0.165006
  29.423828	  -0.188704
  29.433594	  -0.224618
  29.443359	  -0.244804
  29.453125	  -0.225305
  29.462891	  -0.156169
  29.472656	  -0.046419
  29.482422	   0.078043
  29.492188	   0.183002
  29.501953	   0.237965
  29.511719	   0.227310
  29.521484	   0.156424
  29.531250	   0.050466
  29.541016	  -0.053944
  29.550781	  -0.121271
  29.560547	  -0.129387
  29.570312	  -0.077254
  29.580078	   0.014813
  29.589844	   0.112463
  29.599609	   0.179628
  29.609375	   0.191444
  29.619141	   0.143159
  29.628906	   0.051831
  29.638672	  -0.049808
  29.648438	  -0.125110
  29.658203	  -0.146650
  29.667969	  -0.106044
  29.677734	  -0.016876
  29.687500	   0.090275
  29.697266	   0.178924
  29.707031	   0.219858
  29.716797	   0.201629
  29.726562	   0.134563
  29.736328	   0.046830
  29.746094	  -0.025994
  29.755859	  -0.054103
  29.765625	  -0.024588
  29.775391	   0.053532
  29.785156	   0.152237
  29.794922	   0.234355
  29.804688	   0.266852
  29.814453	   0.232787
  29.824219	   0.137663
  29.833984	   0.007907
  29.843750	  -0.117986
  29.853516	  -0.202494
  29.863281	  -0.221670
  29.873047	  -0.172895
  29.882812	  -0.075112
  29.892578	   0.038378
  29.902344	   0.131888
  29.912109	   0.179724
  29.921875	   0.174576
  29.931641	   0.129039
  29.941406	   0.069937
  29.951172	   0.027713
  29.960938	   0.024904
  29.970703	   0.067948
  29.980469	   0.145264
  29.990234	   0.232137
  30.000000	   0.300439
  30.009766	   0.329386
  30.019531	   0.313263
  30.029297	   0.263182
  30.039062	   0.202271
  30.048828	   0.156174
  30.058594	   0.142557
  30.068359	   0.163697
  30.078125	   0.205101
  30.087891	   0.240805
  30.097656	   0.243492
  30.107422	   0.195627
  30.117188	   0.097371
  30.126953	  -0.031894
  30.136719	  -0.159270
  30.146484	  -0.249443
  30.156250	  -0.277282
  30.166016	  -0.237363
  30.175781	  -0.146840
  30.185547	  -0.040394
  30.195312	   0.041166
  30.205078	   0.064786
  30.214844	   0.016687
  30.224609	  -0.092541
  30.234375	  -0.231142
  30.244141	  -0.356638
  30.253906	  -0.429944
  30.263672	  -0.428277
  30.273438	  -0.352428
  30.283203	  -0.225976
  30.292969	  -0.086844
  30.302734	   0.025725
  30.312500	   0.084134
  30.322266	   0.080847
  30.332031	   0.029444
  30.341797	  -0.041774
  30.351562	  -0.101074
  30.361328	  -0.125199
  30.371094	  -0.107537
  30.380859	  -0.059617
  30.390625	  -0.005596
  30.400391	   0.028050
  30.410156	   0.023610
  30.419922	  -0.020275
  30.429688	  -0.087418
  30.439453	  -0.149825
  30.449219	  -0.178215
  30.458984	  -0.153413
  30.468750	  -0.074280
  30.478516	   0.040880
  30.488281	   0.160112
  30.498047	   0.248829
  30.507812	   0.282089
  30.517578	   0.253656
  30.527344	   0.178488
  30.537109	   0.087638
  30.546875	   0.017300
  30.556641	  -0.004108
  30.566406	   0.033800
  30.576172	   0.119482
  30.585938	   0.223361
  30.595703	   0.308171
  30.605469	   0.342061
  30.615234	   0.309809
  30.625000	   0.218172
  30.634766	   0.093491
  30.644531	  -0.027527
  30.654297	  -0.110518
  30.664062	  -0.135109
  30.673828	  -0.101376
  30.683594	  -0.028910
  30.693359	   0.051014
  30.703125	   0.107215
  30.712891	   0.119952
  30.722656	   0.087729
  30.732422	   0.027142
  30.742188	  -0.034046
  30.751953	  -0.067917
  30.761719	  -0.057327
  30.771484	  -0.002652
  30.781250	   0.078185
  30.791016	   0.156401
  30.800781	   0.203251
  30.810547	   0.201050
  30.820312	   0.150146
  30.830078	   0.069167
  30.839844	  -0.011635
  30.849609	  -0.061595
  30.859375	  -0.061269
  30.869141	  -0.010197
  30.878906	   0.072168
  30.888672	   0.152834
  30.898438	   0.196781
  30.908203	   0.179508
  30.917969	   0.096127
  30.927734	  -0.036305
  30.937500	  -0.184117
  30.947266	  -0.308167
  30.957031	  -0.376894
  30.966797	  -0.376677
  30.976562	  -0.315887
  30.986328	  -0.221303
  30.996094	  -0.128275
  31.005859	  -0.068230
  31.015625	  -0.058038
  31.025391	  -0.094970
  31.035156	  -0.158913
  31.044922	  -0.220828
  31.054688	  -0.254186
  31.064453	  -0.245052
  31.074219	  -0.197081
  31.083984	  -0.129625
  31.093750	  -0.069733
  31.103516	  -0.041149
  31.113281	  -0.054522
  31.123047	  -0.102602
  31.132812	  -0.162334
  31.142578	  -0.203188
  31.152344	  -0.198675
  31.162109	  -0.136791
  31.171875	  -0.025420
  31.181641	   0.109424
  31.191406	   0.232072
  31.201172	   0.309411
  31.210938	   0.322478
  31.220703	   0.273215
  31.230469	   0.183881
  31.240234	   0.089257
  31.250000	   0.024375
  31.259766	   0.012169
  31.269531	   0.055463
  31.279297	   0.136198
  31.289062	   0.222171
  31.298828	   0.278854
  31.308594	   0.282021
  31.318359	   0.226615
  31.328125	   0.128626
  31.337891	   0.019321
  31.347656	  -0.066108
  31.357422	  -0.101344
  31.367188	  -0.078553
  31.376953	  -0.011285
  31.386719	   0.070386
  31.396484	   0.130779
  31.406250	   0.141619
  31.416016	   0.092470
  31.425781	  -0.005190
  31.435547	  -0.121753
  31.445312	  -0.219761
  31.455078	  -0.267033
  31.464844	  -0.247930
  31.474609	  -0.168768
  31.484375	  -0.055473
  31.494141	   0.055630
  31.503906	   0.130551
  31.513672	   0.149324
  31.523438	   0.112523
  31.533203	   0.040335
  31.542969	  -0.035314
  31.552734	  -0.082658
  31.562500	  -0.081634
  31.572266	  -0.030920
  31.582031	   0.052016
  31.591797	   0.137738
  31.601562	   0.195927
  31.611328	   0.206614
  31.621094	   0.167416
  31.630859	   0.094191
  31.640625	   0.014926
  31.650391	  -0.040776
  31.660156	  -0.052705
  31.669922	  -0.017461
  31.679688	   0.050436
  31.689453	   0.124103
  31.699219	   0.174403
  31.708984	   0.180818
  31.718750	   0.139058
  31.728516	   0.062569
  31.738281	  -0.022584
  31.748047	  -0.087537
  31.757812	  -0.111473
  31.767578	  -0.089454
  31.777344	  -0.034309
  31.787109	   0.028128
  31.796875	   0.068666
  31.806641	   0.065707
  31.816406	   0.013419
  31.826172	  -0.075915
  31.835938	  -0.176271
  31.845703	  -0.257361
  31.855469	  -0.295724
  31.865234	  -0.283275
  31.875000	  -0.230142
  31.884766	  -0.160701
  31.894531	  -0.104246
  31.904297	  -0.083778
  31.914062	  -0.107087
  31.923828	  -0.163511
  31.933594	  -0.227652
  31.943359	  -0.268764
  31.953125	  -0.262373
  31.962891	  -0.199833
  31.972656	  -0.092199
  31.982422	   0.033114
  31.992188	   0.141825
  32.001953	   0.205011
  32.011719	   0.209647
  32.021484	   0.163531
  32.031250	   0.092712
  32.041016	   0.032210
  32.050781	   0.013302
  32.060547	   0.051939
  32.070312	   0.142499
  32.080078	   0.259228
  32.089844	   0.364944
  32.099609	   0.423980
  32.109375	   0.414772
  32.119141	   0.337600
  32.128906	   0.214706
  32.138672	   0.082704
  32.148438	  -0.020026
  32.158203	  -0.066484
  32.167969	  -0.050079
  32.177734	   0.013641
  32.187500	   0.093123
  32.197266	   0.152546
  32.207031	   0.164903
  32.216797	   0.121748
  32.226562	   0.036104
  32.236328	  -0.062434
  32.246094	  -0.138590
  32.255859	  -0.164308
  32.265625	  -0.129002
  32.275391	  -0.043485
  32.285156	   0.063792
  32.294922	   0.156760
  32.304688	   0.204342
  32.314453	   0.191108
  32.324219	   0.122160
  32.333984	   0.020618
  32.343750	  -0.081248
  32.353516	  -0.153870
  32.363281	  -0.180816
  32.373047	  -0.164008
  32.382812	  -0.121875
  32.392578	  -0.081274
  32.402344	  -0.066316
  32.412109	  -0.088390
  32.421875	  -0.141190
  32.431641	  -0.202717
  32.441406	  -0.243542
  32.451172	  -0.238294
  32.460938	  -0.176041
  32.470703	  -0.065611
  32.480469	   0.066302
  32.490234	   0.183746
  32.500000	   0.253828
  32.509766	   0.258327
  32.519531	   0.200366
  32.529297	   0.103633
  32.539062	   0.004320
  32.548828	  -0.061433
  32.558594	  -0.070141
  32.568359	  -0.019145
  32.578125	   0.072584
  32.587891	   0.171273
  32.597656	   0.240388
  32.607422	   0.253557
  32.617188	   0.203766
  32.626953	   0.105589
  32.636719	  -0.010321
  32.646484	  -0.108393
  32.656250	  -0.160894
  32.666016	  -0.157657
  32.675781	  -0.109271
  32.685547	  -0.042640
  32.695312	   0.009420
  32.705078	   0.020703
  32.714844	  -0.018340
  32.724609	  -0.096716
  32.734375	  -0.186590
  32.744141	  -0.253260
  32.753906	  -0.267787
  32.763672	  -0.217715
  32.773438	  -0.112025
  32.783203	   0.021473
  32.792969	   0.145370
  32.802734	   0.225194
  32.812500	   0.240806
  32.822266	   0.192648
  32.832031	   0.100743
  32.841797	  -0.003026
  32.851562	  -0.086446
  32.861328	  -0.128086
  32.871094	  -0.124016
  32.880859	  -0.087883
  32.890625	  -0.044530
  32.900391	  -0.019766
  32.910156	  -0.030229
  32.919922	  -0.077154
  32.929688	  -0.146333
  32.939453	  -0.214141
  32.949219	  -0.257215
  32.958984	  -0.261964
  32.968750	  -0.230193
  32.978516	  -0.178593
  32.988281	  -0.132244
  32.998047	  -0.114560
  33.007812	  -0.137555
  33.017578	  -0.196259
  33.027344	  -0.269592
  33.037109	  -0.327614
  33.046875	  -0.342604
  33.056641	  -0.299917
  33.066406	  -0.204496
  33.076172	  -0.080419
  33.085938	   0.036624
  33.095703	   0.111432
  33.105469	   0.121709
  33.115234	   0.066303
  33.125000	  -0.033816
  33.134766	  -0.142389
  33.144531	  -0.220223
  33.154297	  -0.238805
  33.164062	  -0.190337
  33.173828	  -0.090594
  33.183594	   0.026475
  33.193359	   0.120603
  33.203125	   0.159341
  33.212891	   0.129547
  33.222656	   0.042123
  33.232422	  -0.071633
  33.242188	  -0.170829
  33.251953	  -0.219100
  33.261719	  -0.197122
  33.271484	  -0.109135
  33.281250	   0.018721
  33.291016	   0.147603
  33.300781	   0.239350
  33.310547	   0.269321
  33.320312	   0.234205
  33.330078	   0.152194
  33.339844	   0.055661
  33.349609	  -0.020851
  33.359375	  -0.052915
  33.369141	  -0.034388
  33.378906	   0.021343
  33.388672	   0.087277
  33.398438	   0.133477
  33.408203	   0.138467
  33.417969	   0.097110
  33.427734	   0.022130
  33.437500	  -0.061140
  33.447266	  -0.124668
  33.457031	  -0.148475
  33.466797	  -0.128121
  33.476562	  -0.076135
  33.486328	  -0.016860
  33.496094	   0.023274
  33.505859	   0.026314
  33.515625	  -0.009874
  33.525391	  -0.070361
  33.535156	  -0.128567
  33.544922	  -0.156393
  33.554688	  -0.135296
  33.564453	  -0.064110
  33.574219	   0.039419
  33.583984	   0.144143
  33.593750	   0.216210
  33.603516	   0.231129
  33.613281	   0.182792
  33.623047	   0.086111
  33.632812	  -0.027820
  33.642578	  -0.122424
  33.652344	  -0.168406
  33.662109	  -0.154055
  33.671875	  -0.089349
  33.681641	  -0.002380
  33.691406	   0.070663
  33.701172	   0.098369
  33.710938	   0.065262
  33.720703	  -0.022745
  33.730469	  -0.140502
  33.740234	  -0.252552
  33.750000	  -0.325578
  33.759766	  -0.339876
  33.769531	  -0.295758
  33.779297	  -0.212663
  33.789062	  -0.121436
  33.798828	  -0.052719
  33.808594	  -0.025767
  33.818359	  -0.041829
  33.828125	  -0.084463
  33.837891	  -0.126600
  33.847656	  -0.141639
  33.857422	  -0.114345
  33.867188	  -0.047421
  33.876953	   0.038804
  33.886719	   0.113550
  33.896484	   0.147024
  33.906250	   0.121916
  33.916016	   0.040652
  33.925781	  -0.074387
  33.935547	  -0.187934
  33.945312	  -0.263745
  33.955078	  -0.277160
  33.964844	  -0.223779
  33.974609	  -0.121117
  33.984375	  -0.002597
  33.994141	   0.094034
  34.003906	   0.139751
  34.013672	   0.124163
  34.023438	   0.058792
  34.033203	  -0.027364
  34.042969	  -0.098303
  34.052734	  -0.123738
  34.062500	  -0.089480
  34.072266	  -0.001854
  34.082031	   0.115300
  34.091797	   0.229757
  34.101562	   0.312703
  34.111328	   0.348805
  34.121094	   0.340898
  34.130859	   0.307677
  34.140625	   0.275439
  34.150391	   0.267087
  34.160156	   0.292660
  34.169922	   0.345010
  34.179688	   0.402279
  34.189453	   0.436274
  34.199219	   0.423542
  34.208984	   0.354932
  34.218750	   0.239925
  34.228516	   0.103977
  34.238281	  -0.020272
  34.248047	  -0.104740
  34.257812	  -0.136222
  34.267578	  -0.121375
  34.277344	  -0.084368
  34.287109	  -0.057897
  34.296875	  -0.070750
  34.306641	  -0.136467
  34.316406	  -0.247321
  34.326172	  -0.376008
  34.335938	  -0.484636
  34.345703	  -0.537928
  34.355469	  -0.515974
  34.365234	  -0.421929
  34.375000	  -0.281772
  34.384766	  -0.136099
  34.394531	  -0.026702
  34.404297	   0.017378
  34.414062	  -0.010549
  34.423828	  -0.092949
  34.433594	  -0.194551
  34.443359	  -0.274886
  34.453125	  -0.302447
  34.462891	  -0.265488
  34.472656	  -0.175729
  34.482422	  -0.063780
  34.492188	   0.031941
  34.501953	   0.078765
  34.511719	   0.060936
  34.521484	  -0.015507
  34.531250	  -0.125684
  34.541016	  -0.235361
  34.550781	  -0.313339
  34.560547	  -0.342129
  34.570312	  -0.323061
  34.580078	  -0.274106
  34.589844	  -0.221466
  34.599609	  -0.188308
  34.609375	  -0.185041
  34.619141	  -0.204946
  34.628906	  -0.226859
  34.638672	  -0.223937
  34.648438	  -0.175134
  34.658203	  -0.074973
  34.667969	   0.062312
  34.677734	   0.206059
  34.687500	   0.318976
  34.697266	   0.370020
  34.707031	   0.345703
  34.716797	   0.255594
  34.726562	   0.129843
  34.736328	   0.009384
  34.746094	  -0.067839
  34.755859	  -0.079806
  34.765625	  -0.027901
  34.775391	   0.063720
  34.785156	   0.156711
  34.794922	   0.212028
  34.804688	   0.203548
  34.814453	   0.127021
  34.824219	   0.001215
  34.833984	  -0.139048
  34.843750	  -0.255371
  34.853516	  -0.319222
  34.863281	  -0.321480
  34.873047	  -0.274726
  34.882812	  -0.207560
  34.892578	  -0.153188
  34.902344	  -0.136568
  34.912109	  -0.164923
  34.921875	  -0.225124
  34.931641	  -0.288882
  34.941406	  -0.323775
  34.951172	  -0.305945
  34.960938	  -0.229688
  34.970703	  -0.110275
  34.980469	   0.021123
  34.990234	   0.128607
  35.000000	   0.184698
  35.009766	   0.180585
  35.019531	   0.129582
  35.029297	   0.062404
  35.039062	   0.015872
  35.048828	   0.019124
  35.058594	   0.082388
  35.068359	   0.192531
  35.078125	   0.317141
  35.087891	   0.415833
  35.097656	   0.454784
  35.107422	   0.419288
  35.117188	   0.319736
  35.126953	   0.188766
  35.136719	   0.070473
  35.146484	   0.005418
  35.156250	   0.016725
  35.166016	   0.102168
  35.175781	   0.235055
  35.185547	   0.373571
  35.195312	   0.475231
  35.205078	   0.511322
  35.214844	   0.476232
  35.224609	   0.388457
  35.234375	   0.283088
  35.244141	   0.198632
  35.253906	   0.163026
  35.263672	   0.183910
  35.273438	   0.246604
  35.283203	   0.320374
  35.292969	   0.370505
  35.302734	   0.371623
  35.312500	   0.317258
  35.322266	   0.222117
  35.332031	   0.116254
  35.341797	   0.033386
  35.351562	  -0.002232
  35.361328	   0.014645
  35.371094	   0.067908
  35.380859	   0.125988
  35.390625	   0.153848
  35.400391	   0.126671
  35.410156	   0.040123
  35.419922	  -0.086775
  35.429688	  -0.217404
  35.439453	  -0.310054
  35.449219	  -0.332740
  35.458984	  -0.274988
  35.468750	  -0.152226
  35.478516	  -0.001076
  35.488281	   0.132937
  35.498047	   0.210956
  35.507812	   0.214153
  35.517578	   0.150091
  35.527344	   0.049840
  35.537109	  -0.043193
  35.546875	  -0.088727
  35.556641	  -0.063909
  35.566406	   0.028598
  35.576172	   0.161549
  35.585938	   0.292645
  35.595703	   0.379180
  35.605469	   0.392560
  35.615234	   0.327561
  35.625000	   0.203179
  35.634766	   0.054995
  35.644531	  -0.077957
  35.654297	  -0.166902
  35.664062	  -0.202596
  35.673828	  -0.196907
  35.683594	  -0.176329
  35.693359	  -0.170139
  35.703125	  -0.197834
  35.712891	  -0.260751
  35.722656	  -0.341135
  35.732422	  -0.409057
  35.742188	  -0.434580
  35.751953	  -0.400486
  35.761719	  -0.310587
  35.771484	  -0.190210
  35.781250	  -0.078337
  35.791016	  -0.014020
  35.800781	  -0.021951
  35.810547	  -0.102498
  35.820312	  -0.230064
  35.830078	  -0.360677
  35.839844	  -0.446356
  35.849609	  -0.451349
  35.859375	  -0.364505
  35.869141	  -0.203396
  35.878906	  -0.008633
  35.888672	   0.169646
  35.898438	   0.288411
  35.908203	   0.325640
  35.917969	   0.286623
  35.927734	   0.200556
  35.937500	   0.108783
  35.947266	   0.049035
  35.957031	   0.041449
  35.966797	   0.081452
  35.976562	   0.142051
  35.986328	   0.184667
  35.996094	   0.174454
  36.005859	   0.094446
  36.015625	  -0.046757
  36.025391	  -0.216675
  36.035156	  -0.369536
  36.044922	  -0.461995
  36.054688	  -0.468346
  36.064453	  -0.389700
  36.074219	  -0.253764
  36.083984	  -0.105223
  36.093750	   0.009874
  36.103516	   0.060171
  36.113281	   0.039755
  36.123047	  -0.030225
  36.132812	  -0.109625
  36.142578	  -0.154143
  36.152344	  -0.131571
  36.162109	  -0.033643
  36.171875	   0.120761
  36.181641	   0.292151
  36.191406	   0.434301
  36.201172	   0.510453
  36.210938	   0.506037
  36.220703	   0.433406
  36.230469	   0.326985
  36.240234	   0.230721
  36.250000	   0.182425
  36.259766	   0.200676
  36.269531	   0.278917
  36.279297	   0.388699
  36.289062	   0.490668
  36.298828	   0.549093
  36.308594	   0.544530
  36.318359	   0.480003
  36.328125	   0.378577
  36.337891	   0.273461
  36.347656	   0.194534
  36.357422	   0.156544
  36.367188	   0.153494
  36.376953	   0.161404
  36.386719	   0.148389
  36.396484	   0.088183
  36.406250	  -0.028134
  36.416016	  -0.186848
  36.425781	  -0.355047
  36.435547	  -0.491757
  36.445312	  -0.562834
  36.455078	  -0.554094
  36.464844	  -0.477670
  36.474609	  -0.368960
  36.484375	  -0.274901
  36.494141	  -0.237570
  36.503906	  -0.278863
  36.513672	  -0.391829
  36.523438	  -0.541934
  36.533203	  -0.678042
  36.542969	  -0.749456
  36.552734	  -0.723137
  36.562500	  -0.595113
  36.572266	  -0.392084
  36.582031	  -0.162659
  36.591797	   0.038706
  36.601562	   0.169460
  36.611328	   0.212250
  36.621094	   0.179258
  36.630859	   0.106282
  36.640625	   0.038930
  36.650391	   0.016018
  36.660156	   0.056147
  36.669922	   0.152157
  36.679688	   0.275184
  36.689453	   0.386518
  36.699219	   0.452672
  36.708984	   0.457950
  36.718750	   0.409892
  36.728516	   0.335694
  36.738281	   0.271119
  36.748047	   0.246261
  36.757812	   0.273656
  36.767578	   0.343359
  36.777344	   0.426913
  36.787109	   0.488745
  36.796875	   0.500669
  36.806641	   0.453861
  36.816406	   0.363582
  36.826172	   0.264536
  36.835938	   0.198298
  36.845703	   0.197286
  36.855469	   0.271223
  36.865234	   0.401293
  36.875000	   0.544557
  36.884766	   0.647460
  36.894531	   0.663937
  36.904297	   0.571808
  36.914062	   0.381568
  36.923828	   0.134275
  36.933594	  -0.110998
  36.943359	  -0.295981
  36.953125	  -0.381887
  36.962891	  -0.361538
  36.972656	  -0.260808
  36.982422	  -0.128935
  36.992188	  -0.021193
  37.001953	   0.020004
  37.011719	  -0.021018
  37.021484	  -0.129037
  37.031250	  -0.264725
  37.041016	  -0.379692
  37.050781	  -0.434229
  37.060547	  -0.411318
  37.070312	  -0.321967
  37.080078	  -0.200121
  37.089844	  -0.089257
  37.099609	  -0.025732
  37.109375	  -0.025092
  37.119141	  -0.076387
  37.128906	  -0.146536
  37.138672	  -0.193052
  37.148438	  -0.180381
  37.158203	  -0.093763
  37.167969	   0.054529
  37.177734	   0.228909
  37.187500	   0.382806
  37.197266	   0.475100
  37.207031	   0.484631
  37.216797	   0.417454
  37.226562	   0.304199
  37.236328	   0.188497
  37.246094	   0.110747
  37.255859	   0.093191
  37.265625	   0.131809
  37.275391	   0.198018
  37.285156	   0.249590
  37.294922	   0.246779
  37.304688	   0.167743
  37.314453	   0.017557
  37.324219	  -0.172530
  37.333984	  -0.355406
  37.343750	  -0.484288
  37.353516	  -0.528926
  37.363281	  -0.485971
  37.373047	  -0.379753
  37.382812	  -0.253208
  37.392578	  -0.152289
  37.402344	  -0.109548
  37.412109	  -0.132851
  37.421875	  -0.203309
  37.431641	  -0.283090
  37.441406	  -0.330163
  37.451172	  -0.314483
  37.460938	  -0.229614
  37.470703	  -0.095456
  37.480469	   0.048911
  37.490234	   0.159654
  37.500000	   0.204505
  37.509766	   0.174903
  37.519531	   0.089395
  37.529297	  -0.013056
  37.539062	  -0.087469
  37.548828	  -0.099664
  37.558594	  -0.039286
  37.568359	   0.075878
  37.578125	   0.206024
  37.587891	   0.303812
  37.597656	   0.331999
  37.607422	   0.277779
  37.617188	   0.158491
  37.626953	   0.016423
  37.636719	  -0.095623
  37.646484	  -0.132970
  37.656250	  -0.075269
  37.666016	   0.065570
  37.675781	   0.248680
  37.685547	   0.417724
  37.695312	   0.519928
  37.705078	   0.523986
  37.714844	   0.430597
  37.724609	   0.271970
  37.734375	   0.100533
  37.744141	  -0.029104
  37.753906	  -0.078565
  37.763672	  -0.038084
  37.773438	   0.071344
  37.783203	   0.206526
  37.792969	   0.318035
  37.802734	   0.367689
  37.812500	   0.341270
  37.822266	   0.252074
  37.832031	   0.134323
  37.841797	   0.029185
  37.851562	  -0.031192
  37.861328	  -0.035622
  37.871094	   0.002627
  37.880859	   0.051947
  37.890625	   0.075672
  37.900391	   0.047374
  37.910156	  -0.037720
  37.919922	  -0.159613
  37.929688	  -0.280043
  37.939453	  -0.356271
  37.949219	  -0.357074
  37.958984	  -0.274942
  37.968750	  -0.129845
  37.978516	   0.037000
  37.988281	   0.177256
  37.998047	   0.252415
  38.007812	   0.247441
  38.017578	   0.176105
  38.027344	   0.076039
  38.037109	  -0.004747
  38.046875	  -0.025010
  38.056641	   0.035133
  38.066406	   0.167417
  38.076172	   0.338870
  38.085938	   0.504105
  38.095703	   0.621882
  38.105469	   0.669774
  38.115234	   0.651512
  38.125000	   0.594323
  38.134766	   0.537333
  38.144531	   0.515463
  38.154297	   0.544994
  38.164062	   0.616394
  38.173828	   0.697339
  38.183594	   0.745016
  38.193359	   0.723286
  38.203125	   0.618269
  38.212891	   0.446354
  38.222656	   0.251231
  38.232422	   0.090530
  38.242188	   0.016480
  38.251953	   0.057367
  38.261719	   0.206466
  38.271484	   0.422677
  38.281250	   0.643008
  38.291016	   0.802879
  38.300781	   0.857370
  38.310547	   0.796125
  38.320312	   0.646715
  38.330078	   0.465258
  38.339844	   0.317470
  38.349609	   0.256629
  38.359375	   0.305981
  38.369141	   0.451483
  38.378906	   0.647182
  38.388672	   0.831117
  38.398438	   0.946061
  38.408203	   0.957877
  38.417969	   0.865306
  38.427734	   0.698160
  38.437500	   0.505071
  38.447266	   0.335571
  38.457031	   0.223096
  38.466797	   0.174924
  38.476562	   0.172316
  38.486328	   0.180267
  38.496094	   0.162792
  38.505859	   0.097723
  38.515625	  -0.014591
  38.525391	  -0.151850
  38.535156	  -0.279185
  38.544922	  -0.363525
  38.554688	  -0.387225
  38.564453	  -0.355569
  38.574219	  -0.295115
  38.583984	  -0.243409
  38.593750	  -0.233973
  38.603516	  -0.282353
  38.613281	  -0.378744
  38.623047	  -0.490296
  38.632812	  -0.572575
  38.642578	  -0.586147
  38.652344	  -0.512175
  38.662109	  -0.361109
  38.671875	  -0.170927
  38.681641	   0.004809
  38.691406	   0.115083
  38.701172	   0.129331
  38.710938	   0.048655
  38.720703	  -0.093859
  38.730469	  -0.244086
  38.740234	  -0.345362
  38.750000	  -0.358109
  38.759766	  -0.273659
  38.769531	  -0.117346
  38.779297	   0.060247
  38.789062	   0.200808
  38.798828	   0.258375
  38.808594	   0.214866
  38.818359	   0.085606
  38.828125	  -0.087002
  38.837891	  -0.249261
  38.847656	  -0.355602
  38.857422	  -0.384603
  38.867188	  -0.345809
  38.876953	  -0.274960
  38.886719	  -0.219498
  38.896484	  -0.219753
  38.906250	  -0.292813
  38.916016	  -0.425110
  38.925781	  -0.576547
  38.935547	  -0.694786
  38.945312	  -0.734530
  38.955078	  -0.674786
  38.964844	  -0.527729
  38.974609	  -0.335778
  38.984375	  -0.157744
  38.994141	  -0.048840
  39.003906	  -0.041612
  39.013672	  -0.134565
  39.023438	  -0.292540
  39.033203	  -0.458756
  39.042969	  -0.574289
  39.052734	  -0.598147
  39.062500	  -0.520949
  39.072266	  -0.367500
  39.082031	  -0.187562
  39.091797	  -0.038221
  39.101562	   0.035777
  39.111328	   0.016834
  39.121094	  -0.080594
  39.130859	  -0.216386
  39.140625	  -0.339766
  39.150391	  -0.407279
  39.160156	  -0.397174
  39.169922	  -0.315193
  39.179688	  -0.190057
  39.189453	  -0.060803
  39.199219	   0.038897
  39.208984	   0.093353
  39.218750	   0.109652
  39.228516	   0.112983
  39.238281	   0.134583
  39.248047	   0.197241
  39.257812	   0.304274
  39.267578	   0.436573
  39.277344	   0.559143
  39.287109	   0.634856
  39.296875	   0.640180
  39.306641	   0.576655
  39.316406	   0.473281
  39.326172	   0.378255
  39.335938	   0.342514
  39.345703	   0.400758
  39.355469	   0.556881
  39.365234	   0.779434
  39.375000	   1.009373
  39.384766	   1.177997
  39.394531	   1.229252
  39.404297	   1.138842
  39.414062	   0.923494
  39.423828	   0.636938
  39.433594	   0.353745
  39.443359	   0.146289
  39.453125	   0.062491
  39.462891	   0.111766
  39.472656	   0.263701
  39.482422	   0.459687
  39.492188	   0.633258
  39.501953	   0.732075
  39.511719	   0.734067
  39.521484	   0.652516
  39.531250	   0.528850
  39.541016	   0.416208
  39.550781	   0.359980
  39.560547	   0.382306
  39.570312	   0.475841
  39.580078	   0.608515
  39.589844	   0.737017
  39.599609	   0.823574
  39.609375	   0.849657
  39.619141	   0.821577
  39.628906	   0.766175
  39.638672	   0.718598
  39.648438	   0.707139
  39.658203	   0.741131
  39.667969	   0.806656
  39.677734	   0.871716
  39.687500	   0.898879
  39.697266	   0.860458
  39.707031	   0.750291
  39.716797	   0.587410
  39.726562	   0.409984
  39.736328	   0.261629
  39.746094	   0.175177
  39.755859	   0.160054
  39.765625	   0.198228
  39.775391	   0.250522
  39.785156	   0.271215
  39.794922	   0.225671
  39.804688	   0.104466
  39.814453	  -0.071423
  39.824219	  -0.256580
  39.833984	  -0.396454
  39.843750	  -0.446677
  39.853516	  -0.389476
  39.863281	  -0.241172
  39.873047	  -0.047842
  39.882812	   0.129539
  39.892578	   0.235361
  39.902344	   0.237927
  39.912109	   0.139716
  39.921875	  -0.024311
  39.931641	  -0.199751
  39.941406	  -0.332511
  39.951172	  -0.388195
  39.960938	  -0.364205
  39.970703	  -0.290251
  39.980469	  -0.217124
  39.990234	  -0.197829
