# Time	Amplitude (cm/s/s)
   0.000000	   1.318495
   0.009766	   1.250384
   0.019531	   1.081936
   0.029297	   0.881800
   0.039062	   0.719549
   0.048828	   0.641247
   0.058594	   0.653856
   0.068359	   0.724031
   0.078125	   0.791630
   0.087891	   0.792935
   0.097656	   0.685080
   0.107422	   0.462726
   0.117188	   0.160885
   0.126953	  -0.157153
   0.136719	  -0.422388
   0.146484	  -0.584925
   0.156250	  -0.631920
   0.166016	  -0.592035
   0.175781	  -0.524657
   0.185547	  -0.497701
   0.195312	  -0.561985
   0.205078	  -0.731458
   0.214844	  -0.976489
   0.224609	  -1.232736
   0.234375	  -1.422497
   0.244141	  -1.480996
   0.253906	  -1.378266
   0.263672	  -1.128965
   0.273438	  -0.786807
   0.283203	  -0.425876
   0.292969	  -0.115737
   0.302734	   0.100598
   0.312500	   0.218020
   0.322266	   0.266232
   0.332031	   0.293849
   0.341797	   0.346105
   0.351562	   0.444878
   0.361328	   0.578836
   0.371094	   0.707565
   0.380859	   0.778211
   0.390625	   0.748281
   0.400391	   0.605741
   0.410156	   0.378340
   0.419922	   0.127980
   0.429688	  -0.068544
   0.439453	  -0.145876
   0.449219	  -0.074086
   0.458984	   0.128618
   0.468750	   0.399565
   0.478516	   0.651038
   0.488281	   0.799091
   0.498047	   0.791901
   0.507812	   0.627744
   0.517578	   0.356148
   0.527344	   0.061579
   0.537109	  -0.164843
   0.546875	  -0.255911
   0.556641	  -0.190658
   0.566406	  -0.000782
   0.576172	   0.240914
   0.585938	   0.445895
   0.595703	   0.540116
   0.605469	   0.488580
   0.615234	   0.305838
   0.625000	   0.049130
   0.634766	  -0.202963
   0.644531	  -0.378443
   0.654297	  -0.436320
   0.664062	  -0.378972
   0.673828	  -0.248410
   0.683594	  -0.108308
   0.693359	  -0.018819
   0.703125	  -0.013647
   0.712891	  -0.087855
   0.722656	  -0.200757
   0.732422	  -0.292600
   0.742188	  -0.308600
   0.751953	  -0.221205
   0.761719	  -0.042149
   0.771484	   0.180321
   0.781250	   0.378136
   0.791016	   0.487916
   0.800781	   0.474277
   0.810547	   0.343297
   0.820312	   0.141091
   0.830078	  -0.062104
   0.839844	  -0.196627
   0.849609	  -0.217921
   0.859375	  -0.121998
   0.869141	   0.053752
   0.878906	   0.244672
   0.888672	   0.382661
   0.898438	   0.421000
   0.908203	   0.351117
   0.917969	   0.205209
   0.927734	   0.043834
   0.937500	  -0.066883
   0.947266	  -0.080008
   0.957031	   0.014623
   0.966797	   0.186499
   0.976562	   0.375635
   0.986328	   0.514783
   0.996094	   0.554453
   1.005859	   0.481534
   1.015625	   0.324605
   1.025391	   0.143899
   1.035156	   0.009520
   1.044922	  -0.024191
   1.054688	   0.061196
   1.064453	   0.240903
   1.074219	   0.455191
   1.083984	   0.630217
   1.093750	   0.703983
   1.103516	   0.648041
   1.113281	   0.477208
   1.123047	   0.243880
   1.132812	   0.019151
   1.142578	  -0.132323
   1.152344	  -0.174630
   1.162109	  -0.112095
   1.171875	   0.013925
   1.181641	   0.141455
   1.191406	   0.211208
   1.201172	   0.188080
   1.210938	   0.072935
   1.220703	  -0.099451
   1.230469	  -0.275210
   1.240234	  -0.403091
   1.250000	  -0.454678
   1.259766	  -0.435353
   1.269531	  -0.381820
   1.279297	  -0.347131
   1.289062	  -0.378947
   1.298828	  -0.499377
   1.308594	  -0.694221
   1.318359	  -0.915949
   1.328125	  -1.099581
   1.337891	  -1.185731
   1.347656	  -1.142298
   1.357422	  -0.976653
   1.367188	  -0.733618
   1.376953	  -0.479793
   1.386719	  -0.279852
   1.396484	  -0.173522
   1.406250	  -0.161767
   1.416016	  -0.207372
   1.425781	  -0.249802
   1.435547	  -0.228907
   1.445312	  -0.108684
   1.455078	   0.107782
   1.464844	   0.377885
   1.474609	   0.633891
   1.484375	   0.806970
   1.494141	   0.852017
   1.503906	   0.764038
   1.513672	   0.579943
   1.523438	   0.364966
   1.533203	   0.188663
   1.542969	   0.099434
   1.552734	   0.107112
   1.562500	   0.180297
   1.572266	   0.259613
   1.582031	   0.282068
   1.591797	   0.207419
   1.601562	   0.036425
   1.611328	  -0.186278
   1.621094	  -0.386378
   1.630859	  -0.486488
   1.640625	  -0.435652
   1.650391	  -0.230859
   1.660156	   0.077764
   1.669922	   0.400701
   1.679688	   0.637556
   1.689453	   0.710651
   1.699219	   0.591980
   1.708984	   0.313852
   1.718750	  -0.040832
   1.728516	  -0.365601
   1.738281	  -0.565525
   1.748047	  -0.588312
   1.757812	  -0.440654
   1.767578	  -0.184245
   1.777344	   0.086901
   1.787109	   0.279686
   1.796875	   0.333893
   1.806641	   0.241688
   1.816406	   0.048042
   1.826172	  -0.167619
   1.835938	  -0.321489
   1.845703	  -0.356041
   1.855469	  -0.260121
   1.865234	  -0.071365
   1.875000	   0.139560
   1.884766	   0.296670
   1.894531	   0.347766
   1.904297	   0.283962
   1.914062	   0.142347
   1.923828	  -0.009093
   1.933594	  -0.098493
   1.943359	  -0.078705
   1.953125	   0.053503
   1.962891	   0.255144
   1.972656	   0.452750
   1.982422	   0.570447
   1.992188	   0.559901
   2.001953	   0.420755
   2.011719	   0.203555
   2.021484	  -0.006452
   2.031250	  -0.119111
   2.041016	  -0.072074
   2.050781	   0.145525
   2.060547	   0.487264
   2.070312	   0.863869
   2.080078	   1.172855
   2.089844	   1.332752
   2.099609	   1.309524
   2.109375	   1.125652
   2.119141	   0.848757
   2.128906	   0.564198
   2.138672	   0.342136
   2.148438	   0.211604
   2.158203	   0.151543
   2.167969	   0.102326
   2.177734	  -0.006571
   2.187500	  -0.223480
   2.197266	  -0.549159
   2.207031	  -0.929721
   2.216797	  -1.271760
   2.226562	  -1.475136
   2.236328	  -1.471803
   2.246094	  -1.256106
   2.255859	  -0.894329
   2.265625	  -0.508373
   2.275391	  -0.237716
   2.285156	  -0.192031
   2.294922	  -0.410917
   2.304688	  -0.845437
   2.314453	  -1.369098
   2.324219	  -1.815799
   2.333984	  -2.032686
   2.343750	  -1.930283
   2.353516	  -1.512673
   2.363281	  -0.877029
   2.373047	  -0.182178
   2.382812	   0.403422
   2.392578	   0.756697
   2.402344	   0.839166
   2.412109	   0.706889
   2.421875	   0.487823
   2.431641	   0.334518
   2.441406	   0.368691
   2.451172	   0.637024
   2.460938	   1.093582
   2.470703	   1.614889
   2.480469	   2.042255
   2.490234	   2.236399
   2.500000	   2.125174
   2.509766	   1.727750
   2.519531	   1.146995
   2.529297	   0.533104
   2.539062	   0.031642
   2.548828	  -0.265380
   2.558594	  -0.348060
   2.568359	  -0.286831
   2.578125	  -0.201365
   2.587891	  -0.211710
   2.597656	  -0.389573
   2.607422	  -0.727640
   2.617188	  -1.138320
   2.626953	  -1.482751
   2.636719	  -1.620038
   2.646484	  -1.459337
   2.656250	  -0.996262
   2.666016	  -0.320502
   2.675781	   0.408426
   2.685547	   1.009287
   2.695312	   1.334797
   2.705078	   1.316133
   2.714844	   0.981549
   2.724609	   0.443543
   2.734375	  -0.140164
   2.744141	  -0.617762
   2.753906	  -0.888904
   2.763672	  -0.929670
   2.773438	  -0.789790
   2.783203	  -0.565090
   2.792969	  -0.356772
   2.802734	  -0.233269
   2.812500	  -0.208588
   2.822266	  -0.244229
   2.832031	  -0.272434
   2.841797	  -0.230415
   2.851562	  -0.091184
   2.861328	   0.121754
   2.871094	   0.342009
   2.880859	   0.487411
   2.890625	   0.495885
   2.900391	   0.355536
   2.910156	   0.116218
   2.919922	  -0.123344
   2.929688	  -0.249417
   2.939453	  -0.176311
   2.949219	   0.117360
   2.958984	   0.573439
   2.968750	   1.067128
   2.978516	   1.445045
   2.988281	   1.576103
   2.998047	   1.397704
   3.007812	   0.940691
   3.017578	   0.323499
   3.027344	  -0.283503
   3.037109	  -0.712022
   3.046875	  -0.850112
   3.056641	  -0.678278
   3.066406	  -0.275031
   3.076172	   0.210042
   3.085938	   0.606461
   3.095703	   0.779168
   3.105469	   0.671859
   3.115234	   0.322954
   3.125000	  -0.150552
   3.134766	  -0.594957
   3.144531	  -0.872321
   3.154297	  -0.905176
   3.164062	  -0.698402
   3.173828	  -0.331689
   3.183594	   0.073368
   3.193359	   0.398637
   3.203125	   0.570421
   3.212891	   0.581377
   3.222656	   0.486286
   3.232422	   0.374452
   3.242188	   0.330171
   3.251953	   0.396875
   3.261719	   0.558841
   3.271484	   0.747400
   3.281250	   0.869083
   3.291016	   0.844712
   3.300781	   0.644162
   3.310547	   0.303064
   3.320312	  -0.085501
   3.330078	  -0.401869
   3.339844	  -0.542128
   3.349609	  -0.456368
   3.359375	  -0.168522
   3.369141	   0.229859
   3.378906	   0.610013
   3.388672	   0.849771
   3.398438	   0.874942
   3.408203	   0.683339
   3.417969	   0.342857
   3.427734	  -0.035429
   3.437500	  -0.338936
   3.447266	  -0.494399
   3.457031	  -0.492622
   3.466797	  -0.387990
   3.476562	  -0.273185
   3.486328	  -0.238943
   3.496094	  -0.334516
   3.505859	  -0.544376
   3.515625	  -0.790731
   3.525391	  -0.961620
   3.535156	  -0.954532
   3.544922	  -0.719182
   3.554688	  -0.282855
   3.564453	   0.252243
   3.574219	   0.740009
   3.583984	   1.039590
   3.593750	   1.065246
   3.603516	   0.818653
   3.613281	   0.391168
   3.623047	  -0.065814
   3.632812	  -0.392721
   3.642578	  -0.477878
   3.652344	  -0.297774
   3.662109	   0.073252
   3.671875	   0.488016
   3.681641	   0.777921
   3.691406	   0.812926
   3.701172	   0.548821
   3.710938	   0.044767
   3.720703	  -0.555554
   3.730469	  -1.072943
   3.740234	  -1.354816
   3.750000	  -1.328598
   3.759766	  -1.027418
   3.769531	  -0.578843
   3.779297	  -0.160418
   3.789062	   0.062473
   3.798828	  -0.005345
   3.808594	  -0.355235
   3.818359	  -0.877260
   3.828125	  -1.397746
   3.837891	  -1.738508
   3.847656	  -1.776893
   3.857422	  -1.485783
   3.867188	  -0.940097
   3.876953	  -0.288405
   3.886719	   0.299366
   3.896484	   0.688938
   3.906250	   0.823082
   3.916016	   0.733320
   3.925781	   0.519072
   3.935547	   0.303435
   3.945312	   0.183185
   3.955078	   0.192298
   3.964844	   0.292702
   3.974609	   0.395284
   3.984375	   0.402379
   3.994141	   0.254548
   4.003906	  -0.037381
   4.013672	  -0.388569
   4.023438	  -0.667484
   4.033203	  -0.744950
   4.042969	  -0.546761
   4.052734	  -0.089549
   4.062500	   0.514919
   4.072266	   1.090583
   4.082031	   1.453674
   4.091797	   1.475717
   4.101562	   1.130550
   4.111328	   0.507917
   4.121094	  -0.212297
   4.130859	  -0.817275
   4.140625	  -1.130678
   4.150391	  -1.070378
   4.160156	  -0.674493
   4.169922	  -0.086694
   4.179688	   0.493948
   4.189453	   0.880880
   4.199219	   0.961874
   4.208984	   0.733254
   4.218750	   0.295111
   4.228516	  -0.189830
   4.238281	  -0.558009
   4.248047	  -0.704596
   4.257812	  -0.619061
   4.267578	  -0.384157
   4.277344	  -0.139359
   4.287109	  -0.023116
   4.296875	  -0.116077
   4.306641	  -0.407128
   4.316406	  -0.795449
   4.326172	  -1.128262
   4.335938	  -1.260337
   4.345703	  -1.112810
   4.355469	  -0.708671
   4.365234	  -0.170590
   4.375000	   0.319457
   4.384766	   0.584904
   4.394531	   0.520363
   4.404297	   0.134032
   4.414062	  -0.449712
   4.423828	  -1.029823
   4.433594	  -1.397163
   4.443359	  -1.408187
   4.453125	  -1.037376
   4.462891	  -0.389182
   4.472656	   0.335563
   4.482422	   0.907578
   4.492188	   1.147766
   4.501953	   0.988838
   4.511719	   0.498031
   4.521484	  -0.147224
   4.531250	  -0.722093
   4.541016	  -1.033266
   4.550781	  -0.985902
   4.560547	  -0.614845
   4.570312	  -0.069213
   4.580078	   0.443699
   4.589844	   0.734604
   4.599609	   0.700735
   4.609375	   0.361821
   4.619141	  -0.149361
   4.628906	  -0.638074
   4.638672	  -0.921306
   4.648438	  -0.896690
   4.658203	  -0.581054
   4.667969	  -0.104193
   4.677734	   0.339972
   4.687500	   0.566864
   4.697266	   0.471999
   4.707031	   0.072480
   4.716797	  -0.496744
   4.726562	  -1.031140
   4.736328	  -1.332095
   4.746094	  -1.281928
   4.755859	  -0.890414
   4.765625	  -0.294864
   4.775391	   0.287283
   4.785156	   0.636857
   4.794922	   0.614040
   4.804688	   0.212256
   4.814453	  -0.435596
   4.824219	  -1.101952
   4.833984	  -1.545118
   4.843750	  -1.596820
   4.853516	  -1.224860
   4.863281	  -0.547454
   4.873047	   0.206981
   4.882812	   0.780990
   4.892578	   0.981259
   4.902344	   0.749819
   4.912109	   0.186391
   4.921875	  -0.487833
   4.931641	  -1.013640
   4.941406	  -1.195584
   4.951172	  -0.985569
   4.960938	  -0.516923
   4.970703	  -0.074179
   4.980469	  -0.005947
   4.990234	  -0.608412
   5.000000	  -2.018043
   5.009766	  -4.150062
   5.019531	  -6.704665
   5.029297	  -9.240807
   5.039062	 -11.295129
   5.048828	 -12.508819
   5.058594	 -12.722860
   5.068359	 -12.012832
   5.078125	 -10.654394
   5.087891	  -9.032888
   5.097656	  -7.527622
   5.107422	  -6.407794
   5.117188	  -5.771001
   5.126953	  -5.539444
   5.136719	  -5.509177
   5.146484	  -5.430983
   5.156250	  -5.093265
   5.166016	  -4.379868
   5.175781	  -3.287442
   5.185547	  -1.902811
   5.195312	  -0.354943
   5.205078	   1.236577
   5.214844	   2.796338
   5.224609	   4.300144
   5.234375	   5.756000
   5.244141	   7.171567
   5.253906	   8.525412
   5.263672	   9.756403
   5.273438	  10.776543
   5.283203	  11.501316
   5.292969	  11.883181
   5.302734	  11.931808
   5.312500	  11.709979
   5.322266	  11.304661
   5.332031	  10.784153
   5.341797	  10.159596
   5.351562	   9.369023
   5.361328	   8.294221
   5.371094	   6.807689
   5.380859	   4.834042
   5.390625	   2.402651
   5.400391	  -0.330485
   5.410156	  -3.103471
   5.419922	  -5.608102
   5.429688	  -7.569413
   5.439453	  -8.817566
   5.449219	  -9.325962
   5.458984	  -9.201270
   5.468750	  -8.628958
   5.478516	  -7.795346
   5.488281	  -6.817179
   5.498047	  -5.707900
   5.507812	  -4.396215
   5.517578	  -2.791774
   5.527344	  -0.872614
   5.537109	   1.242554
   5.546875	   3.271922
   5.556641	   4.816393
   5.566406	   5.466869
   5.576172	   4.941200
   5.585938	   3.203657
   5.595703	   0.520682
   5.605469	  -2.575086
   5.615234	  -5.410526
   5.625000	  -7.353828
   5.634766	  -7.996689
   5.644531	  -7.277558
   5.654297	  -5.503347
   5.664062	  -3.259461
   5.673828	  -1.235112
   5.683594	  -0.019732
   5.693359	   0.063540
   5.703125	  -0.966009
   5.712891	  -2.782890
   5.722656	  -4.886974
   5.732422	  -6.780673
   5.742188	  -8.127755
   5.751953	  -8.839177
   5.761719	  -9.061122
   5.771484	  -9.079144
   5.781250	  -9.185135
   5.791016	  -9.567363
   5.800781	 -10.272117
   5.810547	 -11.252173
   5.820312	 -12.475196
   5.830078	 -14.031649
   5.839844	 -16.171972
   5.849609	 -19.224119
   5.859375	 -23.389920
   5.869141	 -28.476493
   5.878906	 -33.664656
   5.888672	 -37.429575
   5.898438	 -37.698872
   5.908203	 -32.264178
   5.917969	 -19.373111
   5.927734	   1.650882
   5.937500	  29.953610
   5.947266	  63.034084
   5.957031	  97.061623
   5.966797	 127.598973
   5.976562	 150.576158
   5.986328	 163.265869
   5.996094	 164.985186
   6.005859	 157.304725
   6.015625	 143.673964
   6.025391	 128.536042
   6.035156	 116.157935
   6.044922	 109.494941
   6.054688	 109.410047
   6.064453	 114.474514
   6.074219	 121.411150
   6.083984	 126.054446
   6.093750	 124.548794
   6.103516	 114.435066
   6.113281	  95.309915
   6.123047	  68.872198
   6.132812	  38.357446
   6.142578	   7.546968
   6.152344	 -20.334791
   6.162109	 -43.492192
   6.171875	 -61.935284
   6.181641	 -77.257383
   6.191406	 -91.900123
   6.201172	-108.154043
   6.210938	-127.223327
   6.220703	-148.658076
   6.230469	-170.335619
   6.240234	-188.993843
   6.250000	-201.142341
   6.259766	-204.058489
   6.269531	-196.553032
   6.279297	-179.269500
   6.289062	-154.436827
   6.298828	-125.173253
   6.308594	 -94.583426
   6.318359	 -64.952669
   6.328125	 -37.302960
   6.337891	 -11.448124
   6.347656	  13.486552
   6.357422	  38.275351
   6.367188	  62.824212
   6.376953	  85.712881
   6.386719	 104.238124
   6.396484	 114.985654
   6.406250	 114.782422
   6.416016	 101.748748
   6.425781	  76.123965
   6.435547	  40.594602
   6.445312	  -0.006328
   6.455078	 -39.579751
   6.464844	 -72.004968
   6.474609	 -92.429541
   6.484375	 -98.275953
   6.494141	 -89.718859
   6.503906	 -69.534238
   6.513672	 -42.388461
   6.523438	 -13.772549
   6.533203	  11.141894
   6.542969	  28.457672
   6.552734	  36.128977
   6.562500	  34.089090
   6.572266	  23.975776
   6.582031	   8.586543
   6.591797	  -8.770811
   6.601562	 -24.885056
   6.611328	 -37.111153
   6.621094	 -43.669729
   6.630859	 -43.790722
   6.640625	 -37.735025
   6.650391	 -26.720629
   6.660156	 -12.758640
   6.669922	   1.611905
   6.679688	  13.698298
   6.689453	  21.117674
   6.699219	  22.286277
   6.708984	  16.829842
   6.718750	   5.793574
   6.728516	  -8.447245
   6.738281	 -22.610864
   6.748047	 -33.210548
   6.757812	 -37.386087
   6.767578	 -33.657097
   6.777344	 -22.385070
   6.787109	  -5.790774
   6.796875	  12.514300
   6.806641	  28.388937
   6.816406	  38.204512
   6.826172	  39.793854
   6.835938	  33.044784
   6.845703	  19.965533
   6.855469	   4.191240
   6.865234	  -9.944812
   6.875000	 -18.529396
   6.884766	 -19.077558
   6.894531	 -11.162112
   6.904297	   3.498210
   6.914062	  21.504367
   6.923828	  38.658216
   6.933594	  51.013382
   6.943359	  55.814273
   6.953125	  52.085871
   6.962891	  40.744541
   6.972656	  24.237424
   6.982422	   5.843875
   6.992188	 -11.148155
   7.001953	 -24.164676
   7.011719	 -31.792481
   7.021484	 -33.871585
   7.031250	 -31.263095
   7.041016	 -25.410200
   7.050781	 -17.853037
   7.060547	  -9.847961
   7.070312	  -2.186705
   7.080078	   4.767421
   7.089844	  10.883969
   7.099609	  16.016105
   7.109375	  19.811592
   7.119141	  21.667063
   7.128906	  20.851596
   7.138672	  16.762446
   7.148438	   9.227044
   7.158203	  -1.254444
   7.167969	 -13.417804
   7.177734	 -25.344674
   7.187500	 -34.767183
   7.197266	 -39.506550
   7.207031	 -37.947229
   7.216797	 -29.436266
   7.226562	 -14.512868
   7.236328	   5.089815
   7.246094	  26.679701
   7.255859	  47.037259
   7.265625	  62.963599
   7.275391	  71.842424
   7.285156	  72.110278
   7.294922	  63.546053
   7.304688	  47.323362
   7.314453	  25.812485
   7.324219	   2.165113
   7.333984	 -20.242888
   7.343750	 -38.405865
   7.353516	 -50.204569
   7.363281	 -54.741239
   7.373047	 -52.425502
   7.382812	 -44.794756
   7.392578	 -34.110792
   7.402344	 -22.825632
   7.412109	 -13.040644
   7.421875	  -6.084947
   7.431641	  -2.309477
   7.441406	  -1.138305
   7.451172	  -1.352234
   7.460938	  -1.519211
   7.470703	  -0.448449
   7.480469	   2.458600
   7.490234	   7.055474
   7.500000	  12.532533
   7.509766	  17.700987
   7.519531	  21.387865
   7.529297	  22.819003
   7.539062	  21.872199
   7.548828	  19.122807
   7.558594	  15.667232
   7.568359	  12.777044
   7.578125	  11.487640
   7.587891	  12.245375
   7.597656	  14.720381
   7.607422	  17.844162
   7.617188	  20.066431
   7.626953	  19.763491
   7.636719	  15.688758
   7.646484	   7.345897
   7.656250	  -4.812128
   7.666016	 -19.407003
   7.675781	 -34.373009
   7.685547	 -47.348323
   7.695312	 -56.126893
   7.705078	 -59.071846
   7.714844	 -55.409299
   7.724609	 -45.355564
   7.734375	 -30.069631
   7.744141	 -11.456142
   7.753906	   8.134784
   7.763672	  26.257005
   7.773438	  40.716175
   7.783203	  49.873226
   7.792969	  52.869667
   7.802734	  49.748148
   7.812500	  41.448735
   7.822266	  29.671117
   7.832031	  16.608559
   7.841797	   4.581368
   7.851562	  -4.377570
   7.861328	  -8.911719
   7.871094	  -8.622335
   7.880859	  -4.170889
   7.890625	   2.837899
   7.900391	  10.185566
   7.910156	  15.522777
   7.919922	  16.903100
   7.929688	  13.244490
   7.939453	   4.605276
   7.949219	  -7.798105
   7.958984	 -21.842503
   7.968750	 -34.962294
   7.978516	 -44.715886
   7.988281	 -49.317866
   7.998047	 -48.009783
   8.007812	 -41.185331
   8.017578	 -30.249648
   8.027344	 -17.259713
   8.037109	  -4.445004
   8.046875	   6.268894
   8.056641	  13.621132
   8.066406	  17.187022
   8.076172	  17.341002
   8.085938	  15.046464
   8.095703	  11.546819
   8.105469	   8.046630
   8.115234	   5.460423
   8.125000	   4.276320
   8.134766	   4.543392
   8.144531	   5.957974
   8.154297	   8.004159
   8.164062	  10.101006
   8.173828	  11.720935
   8.183594	  12.463456
   8.193359	  12.087179
   8.203125	  10.514467
   8.212891	   7.824274
   8.222656	   4.241610
   8.232422	   0.121806
   8.242188	  -4.079616
   8.251953	  -7.860844
   8.261719	 -10.753033
   8.271484	 -12.413866
   8.281250	 -12.712564
   8.291016	 -11.778394
   8.300781	  -9.989989
   8.310547	  -7.898095
   8.320312	  -6.095187
   8.330078	  -5.064690
   8.339844	  -5.052925
   8.349609	  -6.003737
   8.359375	  -7.578891
   8.369141	  -9.261467
   8.378906	 -10.512798
   8.388672	 -10.935087
   8.398438	 -10.388248
   8.408203	  -9.022750
   8.417969	  -7.216567
   8.427734	  -5.435540
   8.437500	  -4.062309
   8.447266	  -3.250761
   8.457031	  -2.856294
   8.466797	  -2.468736
   8.476562	  -1.541666
   8.486328	   0.420234
   8.496094	   3.674959
   8.505859	   8.119506
   8.515625	  13.272805
   8.525391	  18.377298
   8.535156	  22.594252
   8.544922	  25.237660
   8.554688	  25.977380
   8.564453	  24.948885
   8.574219	  22.732791
   8.583984	  20.204742
   8.593750	  18.294157
   8.603516	  17.717663
   8.613281	  18.761628
   8.623047	  21.175732
   8.632812	  24.209564
   8.642578	  26.785493
   8.652344	  27.764375
   8.662109	  26.236189
   8.671875	  21.761640
   8.681641	  14.504245
   8.691406	   5.221088
   8.701172	  -4.883884
   8.710938	 -14.406969
   8.720703	 -22.032762
   8.730469	 -26.797032
   8.740234	 -28.267721
   8.750000	 -26.609418
   8.759766	 -22.524776
   8.769531	 -17.093372
   8.779297	 -11.548269
   8.789062	  -7.039385
   8.798828	  -4.430137
   8.808594	  -4.161935
   8.818359	  -6.203896
   8.828125	 -10.087237
   8.837891	 -15.008938
   8.847656	 -19.979911
   8.857422	 -23.989702
   8.867188	 -26.161812
   8.876953	 -25.879336
   8.886719	 -22.867762
   8.896484	 -17.228781
   8.906250	  -9.424915
   8.916016	  -0.219360
   8.925781	   9.420948
   8.935547	  18.448063
   8.945312	  25.867880
   8.955078	  30.871181
   8.964844	  32.943702
   8.974609	  31.938647
   8.984375	  28.098259
   8.994141	  22.017286
   9.003906	  14.549927
   9.013672	   6.672046
   9.023438	  -0.679996
   9.033203	  -6.765833
   9.042969	 -11.163106
   9.052734	 -13.829548
   9.062500	 -15.090153
   9.072266	 -15.549133
   9.082031	 -15.942547
   9.091797	 -16.961272
   9.101562	 -19.081995
   9.111328	 -22.443745
   9.121094	 -26.798617
   9.130859	 -31.549456
   9.140625	 -35.867834
   9.150391	 -38.867274
   9.160156	 -39.793796
   9.169922	 -38.191684
   9.179688	 -34.008011
   9.189453	 -27.613431
   9.199219	 -19.735686
   9.208984	 -11.321477
   9.218750	  -3.357340
   9.228516	   3.312409
   9.238281	   8.133944
   9.248047	  10.930789
   9.257812	  11.915870
   9.267578	  11.630831
   9.277344	  10.828201
   9.287109	  10.320830
   9.296875	  10.826405
   9.306641	  12.833084
   9.316406	  16.506880
   9.326172	  21.653878
   9.335938	  27.742234
   9.345703	  33.980850
   9.355469	  39.444071
   9.365234	  43.224941
   9.375000	  44.593974
   9.384766	  43.137052
   9.394531	  38.846378
   9.404297	  32.143540
   9.414062	  23.824122
   9.423828	  14.927925
   9.433594	   6.555067
   9.443359	  -0.337648
   9.453125	  -5.117912
   9.462891	  -7.595874
   9.472656	  -8.049791
   9.482422	  -7.150266
   9.492188	  -5.797785
   9.501953	  -4.909902
   9.511719	  -5.207849
   9.521484	  -7.053456
   9.531250	 -10.375265
   9.541016	 -14.700282
   9.550781	 -19.280957
   9.560547	 -23.282868
   9.570312	 -25.983944
   9.580078	 -26.934872
   9.589844	 -26.042650
   9.599609	 -23.561478
   9.609375	 -20.000623
   9.619141	 -15.980346
   9.628906	 -12.078426
   9.638672	  -8.708614
   9.648438	  -6.059428
   9.658203	  -4.101851
   9.667969	  -2.653827
   9.677734	  -1.474478
   9.687500	  -0.355558
   9.697266	   0.817168
   9.707031	   2.046867
   9.716797	   3.250931
   9.726562	   4.312925
   9.736328	   5.138447
   9.746094	   5.693634
   9.755859	   6.013721
   9.765625	   6.181471
   9.775391	   6.286661
   9.785156	   6.384339
   9.794922	   6.469090
   9.804688	   6.475746
   9.814453	   6.306508
   9.824219	   5.874370
   9.833984	   5.146556
   9.843750	   4.171612
   9.853516	   3.079546
   9.863281	   2.053906
   9.873047	   1.284304
   9.882812	   0.914485
   9.892578	   1.002224
   9.902344	   1.503105
   9.912109	   2.282205
   9.921875	   3.148852
   9.931641	   3.902942
   9.941406	   4.378950
   9.951172	   4.476062
   9.960938	   4.168696
   9.970703	   3.498514
   9.980469	   2.554462
   9.990234	   1.449573
  10.000000	   0.301847
  10.009766	  -0.777401
  10.019531	  -1.688852
  10.029297	  -2.348326
  10.039062	  -2.692200
  10.048828	  -2.687131
  10.058594	  -2.342180
  10.068359	  -1.717979
  10.078125	  -0.926418
  10.087891	  -0.116344
  10.097656	   0.554547
  10.107422	   0.955734
  10.117188	   1.017580
  10.126953	   0.751429
  10.136719	   0.247971
  10.146484	  -0.347676
  10.156250	  -0.877844
  10.166016	  -1.218448
  10.175781	  -1.314408
  10.185547	  -1.192230
  10.195312	  -0.944999
  10.205078	  -0.694517
  10.214844	  -0.543654
  10.224609	  -0.535980
  10.234375	  -0.637893
  10.244141	  -0.750962
  10.253906	  -0.751562
  10.263672	  -0.544678
  10.273438	  -0.112695
  10.283203	   0.459564
  10.292969	   0.995221
  10.302734	   1.271129
  10.312500	   1.086756
  10.322266	   0.335019
  10.332031	  -0.948205
  10.341797	  -2.573643
  10.351562	  -4.233372
  10.361328	  -5.572785
  10.371094	  -6.279897
  10.380859	  -6.166225
  10.390625	  -5.215621
  10.400391	  -3.587011
  10.410156	  -1.570847
  10.419922	   0.487154
  10.429688	   2.272123
  10.439453	   3.571190
  10.449219	   4.310597
  10.458984	   4.551064
  10.468750	   4.446802
  10.478516	   4.184180
  10.488281	   3.920875
  10.498047	   3.744156
  10.507812	   3.659003
  10.517578	   3.605957
  10.527344	   3.498807
  10.537109	   3.266600
  10.546875	   2.884628
  10.556641	   2.384421
  10.566406	   1.841216
  10.576172	   1.345518
  10.585938	   0.970530
  10.595703	   0.747697
  10.605469	   0.658593
  10.615234	   0.644755
  10.625000	   0.630369
  10.634766	   0.548503
  10.644531	   0.361219
  10.654297	   0.067229
  10.664062	  -0.303783
  10.673828	  -0.705712
  10.683594	  -1.092022
  10.693359	  -1.426090
  10.703125	  -1.682278
  10.712891	  -1.839061
  10.722656	  -1.869777
  10.732422	  -1.738214
  10.742188	  -1.404413
  10.751953	  -0.841402
  10.761719	  -0.057940
  10.771484	   0.881995
  10.781250	   1.853089
  10.791016	   2.682843
  10.800781	   3.186272
  10.810547	   3.213696
  10.820312	   2.698077
  10.830078	   1.686435
  10.839844	   0.343100
  10.849609	  -1.079644
  10.859375	  -2.297983
  10.869141	  -3.065674
  10.878906	  -3.236603
  10.888672	  -2.802639
  10.898438	  -1.895446
  10.908203	  -0.751334
  10.917969	   0.350891
  10.927734	   1.161385
  10.937500	   1.519992
  10.947266	   1.390055
  10.957031	   0.857675
  10.966797	   0.099218
  10.976562	  -0.671178
  10.986328	  -1.257638
  10.996094	  -1.526387
  11.005859	  -1.427154
  11.015625	  -0.989999
  11.025391	  -0.303161
  11.035156	   0.517600
  11.044922	   1.357098
  11.054688	   2.118537
  11.064453	   2.728960
  11.074219	   3.135751
  11.083984	   3.300803
  11.093750	   3.198757
  11.103516	   2.822408
  11.113281	   2.193514
  11.123047	   1.373176
  11.132812	   0.464347
  11.142578	  -0.398994
  11.152344	  -1.076689
  11.162109	  -1.456028
  11.171875	  -1.484262
  11.181641	  -1.188740
  11.191406	  -0.676122
  11.201172	  -0.108334
  11.210938	   0.339434
  11.220703	   0.526951
  11.230469	   0.388843
  11.240234	  -0.046458
  11.250000	  -0.665093
  11.259766	  -1.301274
  11.269531	  -1.785714
  11.279297	  -1.993980
  11.289062	  -1.879937
  11.298828	  -1.484412
  11.308594	  -0.917378
  11.318359	  -0.320503
  11.328125	   0.177043
  11.337891	   0.495027
  11.347656	   0.619701
  11.357422	   0.598190
  11.367188	   0.513545
  11.376953	   0.450594
  11.386719	   0.465228
  11.396484	   0.567704
  11.406250	   0.724845
  11.416016	   0.878845
  11.425781	   0.974409
  11.435547	   0.983260
  11.445312	   0.916542
  11.455078	   0.820584
  11.464844	   0.758039
  11.474609	   0.781964
  11.484375	   0.913030
  11.494141	   1.128756
  11.503906	   1.369009
  11.513672	   1.555823
  11.523438	   1.620161
  11.533203	   1.525696
  11.542969	   1.280804
  11.552734	   0.934461
  11.562500	   0.557768
  11.572266	   0.218166
  11.582031	  -0.043920
  11.591797	  -0.227345
  11.601562	  -0.367024
  11.611328	  -0.516789
  11.621094	  -0.725180
  11.630859	  -1.013685
  11.640625	  -1.365948
  11.650391	  -1.732170
  11.660156	  -2.047011
  11.669922	  -2.253945
  11.679688	  -2.326406
  11.689453	  -2.277127
  11.699219	  -2.151575
  11.708984	  -2.007590
  11.718750	  -1.888960
  11.728516	  -1.803467
  11.738281	  -1.714739
  11.748047	  -1.552451
  11.757812	  -1.238499
  11.767578	  -0.720498
  11.777344	  -0.000440
  11.787109	   0.852712
  11.796875	   1.712738
  11.806641	   2.426817
  11.816406	   2.858307
  11.826172	   2.928147
  11.835938	   2.641192
  11.845703	   2.088334
  11.855469	   1.423003
  11.865234	   0.819041
  11.875000	   0.423021
  11.884766	   0.315813
  11.894531	   0.495013
  11.904297	   0.882769
  11.914062	   1.355164
  11.923828	   1.782436
  11.933594	   2.066317
  11.943359	   2.162595
  11.953125	   2.082843
  11.962891	   1.876957
  11.972656	   1.604906
  11.982422	   1.309496
  11.992188	   1.000841
  12.001953	   0.658203
  12.011719	   0.247732
  12.021484	  -0.251742
  12.031250	  -0.826068
  12.041016	  -1.416467
  12.050781	  -1.928749
  12.060547	  -2.259110
  12.070312	  -2.327963
  12.080078	  -2.109651
  12.089844	  -1.646710
  12.099609	  -1.042428
  12.109375	  -0.432931
  12.119141	   0.052630
  12.128906	   0.330770
  12.138672	   0.388263
  12.148438	   0.284246
  12.158203	   0.129037
  12.167969	   0.046751
  12.177734	   0.134292
  12.187500	   0.430369
  12.197266	   0.904580
  12.207031	   1.469568
  12.216797	   2.011284
  12.226562	   2.426350
  12.236328	   2.653439
  12.246094	   2.688198
  12.255859	   2.577470
  12.265625	   2.396120
  12.275391	   2.215936
  12.285156	   2.078572
  12.294922	   1.982571
  12.304688	   1.888836
  12.314453	   1.741788
  12.324219	   1.497341
  12.333984	   1.146251
  12.343750	   0.723117
  12.353516	   0.296812
  12.363281	  -0.054616
  12.373047	  -0.275332
  12.382812	  -0.357246
  12.392578	  -0.349175
  12.402344	  -0.344757
  12.412109	  -0.451981
  12.421875	  -0.754157
  12.431641	  -1.275838
  12.441406	  -1.966214
  12.451172	  -2.706921
  12.460938	  -3.343049
  12.470703	  -3.728088
  12.480469	  -3.768489
  12.490234	  -3.453251
  12.500000	  -2.858571
  12.509766	  -2.125720
  12.519531	  -1.419021
  12.529297	  -0.877316
  12.539062	  -0.574315
  12.548828	  -0.500185
  12.558594	  -0.569608
  12.568359	  -0.652950
  12.578125	  -0.619790
  12.587891	  -0.380563
  12.597656	   0.086755
  12.607422	   0.732478
  12.617188	   1.453455
  12.626953	   2.126374
  12.636719	   2.644395
  12.646484	   2.945192
  12.656250	   3.022309
  12.666016	   2.917969
  12.675781	   2.701920
  12.685547	   2.445160
  12.695312	   2.198215
  12.705078	   1.980965
  12.714844	   1.785989
  12.724609	   1.592144
  12.734375	   1.381449
  12.744141	   1.151706
  12.753906	   0.919618
  12.763672	   0.713540
  12.773438	   0.559458
  12.783203	   0.466713
  12.792969	   0.420126
  12.802734	   0.382569
  12.812500	   0.307694
  12.822266	   0.158245
  12.832031	  -0.077229
  12.841797	  -0.376168
  12.851562	  -0.686247
  12.861328	  -0.941334
  12.871094	  -1.083841
  12.880859	  -1.085460
  12.890625	  -0.958486
  12.900391	  -0.753145
  12.910156	  -0.541341
  12.919922	  -0.392260
  12.929688	  -0.348414
  12.939453	  -0.410780
  12.949219	  -0.538597
  12.958984	  -0.664186
  12.968750	  -0.717754
  12.978516	  -0.653425
  12.988281	  -0.467181
  12.998047	  -0.200160
  13.007812	   0.074104
  13.017578	   0.274186
  13.027344	   0.338497
  13.037109	   0.246524
  13.046875	   0.026122
  13.056641	  -0.255675
  13.066406	  -0.515059
  13.076172	  -0.679162
  13.085938	  -0.709387
  13.095703	  -0.612324
  13.105469	  -0.434718
  13.115234	  -0.244673
  13.125000	  -0.106140
  13.134766	  -0.055992
  13.144531	  -0.091875
  13.154297	  -0.174997
  13.164062	  -0.246494
  13.173828	  -0.251070
  13.183594	  -0.159059
  13.193359	   0.021323
  13.203125	   0.246046
  13.212891	   0.450901
  13.222656	   0.574927
  13.232422	   0.583034
  13.242188	   0.479463
  13.251953	   0.307132
  13.261719	   0.132977
  13.271484	   0.024533
  13.281250	   0.026113
  13.291016	   0.143105
  13.300781	   0.339923
  13.310547	   0.552279
  13.320312	   0.709310
  13.330078	   0.757661
  13.339844	   0.679075
  13.349609	   0.495488
  13.359375	   0.260226
  13.369141	   0.038854
  13.378906	  -0.113174
  13.388672	  -0.168023
  13.398438	  -0.132145
  13.408203	  -0.040267
  13.417969	   0.060391
  13.427734	   0.129277
  13.437500	   0.147573
  13.447266	   0.123567
  13.457031	   0.086562
  13.466797	   0.072121
  13.476562	   0.104791
  13.486328	   0.185444
  13.496094	   0.288563
  13.505859	   0.370901
  13.515625	   0.388419
  13.525391	   0.315038
  13.535156	   0.155741
  13.544922	  -0.051534
  13.554688	  -0.246654
  13.564453	  -0.367414
  13.574219	  -0.371962
  13.583984	  -0.255341
  13.593750	  -0.053704
  13.603516	   0.165907
  13.613281	   0.327243
  13.623047	   0.370703
  13.632812	   0.274416
  13.642578	   0.063012
  13.652344	  -0.199269
  13.662109	  -0.429068
  13.671875	  -0.551151
  13.681641	  -0.523175
  13.691406	  -0.349532
  13.701172	  -0.079628
  13.710938	   0.208674
  13.720703	   0.434621
  13.730469	   0.540291
  13.740234	   0.507731
  13.750000	   0.361961
  13.759766	   0.159351
  13.769531	  -0.033984
  13.779297	  -0.165750
  13.789062	  -0.214546
  13.798828	  -0.194603
  13.808594	  -0.146994
  13.818359	  -0.121109
  13.828125	  -0.153662
  13.837891	  -0.253261
  13.847656	  -0.396328
  13.857422	  -0.535808
  13.867188	  -0.619288
  13.876953	  -0.609596
  13.886719	  -0.500037
  13.896484	  -0.318397
  13.906250	  -0.118081
  13.916016	   0.040486
  13.925781	   0.111377
  13.935547	   0.079667
  13.945312	  -0.033234
  13.955078	  -0.177465
  13.964844	  -0.293022
  13.974609	  -0.331816
  13.984375	  -0.275406
  13.994141	  -0.141864
  14.003906	   0.020804
  14.013672	   0.152343
  14.023438	   0.202599
  14.033203	   0.150353
  14.042969	   0.011686
  14.052734	  -0.165297
  14.062500	  -0.317566
  14.072266	  -0.389983
  14.082031	  -0.355558
  14.091797	  -0.225785
  14.101562	  -0.047218
  14.111328	   0.114564
  14.121094	   0.197940
  14.130859	   0.166939
  14.140625	   0.023916
  14.150391	  -0.191323
  14.160156	  -0.415573
  14.169922	  -0.584389
  14.179688	  -0.654399
  14.189453	  -0.617798
  14.199219	  -0.503952
  14.208984	  -0.367705
  14.218750	  -0.268784
  14.228516	  -0.249871
  14.238281	  -0.321303
  14.248047	  -0.457871
  14.257812	  -0.608748
  14.267578	  -0.716740
  14.277344	  -0.739709
  14.287109	  -0.666264
  14.296875	  -0.519947
  14.306641	  -0.350423
  14.316406	  -0.214953
  14.326172	  -0.156983
  14.335938	  -0.189758
  14.345703	  -0.291006
  14.355469	  -0.410685
  14.365234	  -0.489014
  14.375000	  -0.478243
  14.384766	  -0.360244
  14.394531	  -0.153551
  14.404297	   0.092712
  14.414062	   0.315785
  14.423828	   0.460964
  14.433594	   0.500181
  14.443359	   0.440825
  14.453125	   0.321726
  14.462891	   0.197944
  14.472656	   0.120041
  14.482422	   0.115527
  14.492188	   0.179260
  14.501953	   0.276273
  14.511719	   0.355875
  14.521484	   0.371701
  14.531250	   0.300200
  14.541016	   0.150602
  14.550781	  -0.037436
  14.560547	  -0.207752
  14.570312	  -0.308127
  14.580078	  -0.309747
  14.589844	  -0.218452
  14.599609	  -0.073503
  14.609375	   0.065906
  14.619141	   0.141654
  14.628906	   0.117725
  14.638672	  -0.006312
  14.648438	  -0.194299
  14.658203	  -0.385407
  14.667969	  -0.514825
  14.677734	  -0.535899
  14.687500	  -0.435920
  14.697266	  -0.240032
  14.707031	  -0.001983
  14.716797	   0.214843
  14.726562	   0.359271
  14.736328	   0.409280
  14.746094	   0.378105
  14.755859	   0.307560
  14.765625	   0.251247
  14.775391	   0.253946
  14.785156	   0.334734
  14.794922	   0.479935
  14.804688	   0.648327
  14.814453	   0.786503
  14.824219	   0.848626
  14.833984	   0.813246
  14.843750	   0.691028
  14.853516	   0.520620
  14.863281	   0.354305
  14.873047	   0.238812
  14.882812	   0.198410
  14.892578	   0.226515
  14.902344	   0.288862
  14.912109	   0.336981
  14.921875	   0.326925
  14.931641	   0.236245
  14.941406	   0.072914
  14.951172	  -0.127167
  14.960938	  -0.313140
  14.970703	  -0.437852
  14.980469	  -0.475297
  14.990234	  -0.430333
  15.000000	  -0.337035
  15.009766	  -0.246218
  15.019531	  -0.206684
  15.029297	  -0.247067
  15.039062	  -0.364983
  15.048828	  -0.527535
  15.058594	  -0.683049
  15.068359	  -0.779810
  15.078125	  -0.784962
  15.087891	  -0.696637
  15.097656	  -0.544859
  15.107422	  -0.380817
  15.117188	  -0.258396
  15.126953	  -0.214694
  15.136719	  -0.256646
  15.146484	  -0.358673
  15.156250	  -0.472261
  15.166016	  -0.544021
  15.175781	  -0.535625
  15.185547	  -0.438340
  15.195312	  -0.276765
  15.205078	  -0.100324
  15.214844	   0.034506
  15.224609	   0.084833
  15.234375	   0.037376
  15.244141	  -0.085994
  15.253906	  -0.235300
  15.263672	  -0.349703
  15.273438	  -0.378848
  15.283203	  -0.300738
  15.292969	  -0.129783
  15.302734	   0.087818
  15.312500	   0.289721
  15.322266	   0.418522
  15.332031	   0.440858
  15.341797	   0.357839
  15.351562	   0.203316
  15.361328	   0.030861
  15.371094	  -0.105657
  15.380859	  -0.170819
  15.390625	  -0.159019
  15.400391	  -0.094544
  15.410156	  -0.020649
  15.419922	   0.018092
  15.429688	  -0.006533
  15.439453	  -0.095244
  15.449219	  -0.220791
  15.458984	  -0.338230
  15.468750	  -0.402026
  15.478516	  -0.383587
  15.488281	  -0.282608
  15.498047	  -0.127974
  15.507812	   0.032223
  15.517578	   0.147920
  15.527344	   0.185254
  15.537109	   0.138987
  15.546875	   0.034569
  15.556641	  -0.080980
  15.566406	  -0.156099
  15.576172	  -0.153440
  15.585938	  -0.063523
  15.595703	   0.091684
  15.605469	   0.266591
  15.615234	   0.408348
  15.625000	   0.475806
  15.634766	   0.454156
  15.644531	   0.359932
  15.654297	   0.234552
  15.664062	   0.128786
  15.673828	   0.083837
  15.683594	   0.115963
  15.693359	   0.210293
  15.703125	   0.326129
  15.712891	   0.411832
  15.722656	   0.423901
  15.732422	   0.343286
  15.742188	   0.182981
  15.751953	  -0.015924
  15.761719	  -0.198364
  15.771484	  -0.314539
  15.781250	  -0.337369
  15.791016	  -0.271876
  15.800781	  -0.153141
  15.810547	  -0.033570
  15.820312	   0.035930
  15.830078	   0.024104
  15.839844	  -0.069655
  15.849609	  -0.215358
  15.859375	  -0.363419
  15.869141	  -0.462560
  15.878906	  -0.478144
  15.888672	  -0.404365
  15.898438	  -0.265976
  15.908203	  -0.109078
  15.917969	   0.015592
  15.927734	   0.070760
  15.937500	   0.045555
  15.947266	  -0.041304
  15.957031	  -0.149082
  15.966797	  -0.230461
  15.976562	  -0.249116
  15.986328	  -0.193000
  15.996094	  -0.078564
  16.005859	   0.055537
  16.015625	   0.162813
  16.025391	   0.206052
  16.035156	   0.170881
  16.044922	   0.070864
  16.054688	  -0.057662
  16.064453	  -0.169010
  16.074219	  -0.224836
  16.083984	  -0.207964
  16.093750	  -0.128313
  16.103516	  -0.018839
  16.113281	   0.076926
  16.123047	   0.121062
  16.132812	   0.095214
  16.142578	   0.007195
  16.152344	  -0.112100
  16.162109	  -0.220241
  16.171875	  -0.278923
  16.181641	  -0.267935
  16.191406	  -0.192294
  16.201172	  -0.079986
  16.210938	   0.028748
  16.220703	   0.096514
  16.230469	   0.102597
  16.240234	   0.050366
  16.250000	  -0.034465
  16.259766	  -0.114010
  16.269531	  -0.152947
  16.279297	  -0.132251
  16.289062	  -0.056704
  16.298828	   0.046678
  16.308594	   0.138775
  16.318359	   0.183304
  16.328125	   0.160969
  16.337891	   0.077460
  16.347656	  -0.037807
  16.357422	  -0.141917
  16.367188	  -0.193995
  16.376953	  -0.170391
  16.386719	  -0.073890
  16.396484	   0.066546
  16.406250	   0.205552
  16.416016	   0.297227
  16.425781	   0.311381
  16.435547	   0.244289
  16.445312	   0.120013
  16.455078	  -0.018241
  16.464844	  -0.123619
  16.474609	  -0.162397
  16.484375	  -0.125948
  16.494141	  -0.033562
  16.503906	   0.074902
  16.513672	   0.153846
  16.523438	   0.168855
  16.533203	   0.109515
  16.542969	  -0.006536
  16.552734	  -0.139829
  16.562500	  -0.243296
  16.572266	  -0.279333
  16.582031	  -0.233472
  16.591797	  -0.119661
  16.601562	   0.024786
  16.611328	   0.152748
  16.621094	   0.224436
  16.630859	   0.221871
  16.640625	   0.155396
  16.650391	   0.059837
  16.660156	  -0.018338
  16.669922	  -0.038226
  16.679688	   0.020179
  16.689453	   0.148080
  16.699219	   0.310290
  16.708984	   0.457111
  16.718750	   0.541425
  16.728516	   0.534865
  16.738281	   0.437296
  16.748047	   0.276292
  16.757812	   0.096900
  16.767578	  -0.054483
  16.777344	  -0.146233
  16.787109	  -0.171777
  16.796875	  -0.150403
  16.806641	  -0.118455
  16.816406	  -0.114342
  16.826172	  -0.163005
  16.835938	  -0.265704
  16.845703	  -0.398940
  16.855469	  -0.522979
  16.865234	  -0.596812
  16.875000	  -0.594002
  16.884766	  -0.513461
  16.894531	  -0.381035
  16.904297	  -0.241124
  16.914062	  -0.141217
  16.923828	  -0.114882
  16.933594	  -0.169386
  16.943359	  -0.282503
  16.953125	  -0.409809
  16.962891	  -0.499971
  16.972656	  -0.512663
  16.982422	  -0.432743
  16.992188	  -0.275666
  17.001953	  -0.082186
  17.011719	   0.095742
  17.021484	   0.212842
  17.031250	   0.245857
  17.041016	   0.200927
  17.050781	   0.110519
  17.060547	   0.021128
  17.070312	  -0.023728
  17.080078	   0.000933
  17.089844	   0.092963
  17.099609	   0.224451
  17.109375	   0.352355
  17.119141	   0.434416
  17.128906	   0.444499
  17.138672	   0.381799
  17.148438	   0.270659
  17.158203	   0.151228
  17.167969	   0.064498
  17.177734	   0.037300
  17.187500	   0.072779
  17.197266	   0.149794
  17.207031	   0.231368
  17.216797	   0.278980
  17.226562	   0.267355
  17.236328	   0.194234
  17.246094	   0.081514
  17.255859	  -0.032677
  17.265625	  -0.108043
  17.275391	  -0.117120
  17.285156	  -0.055679
  17.294922	   0.055336
  17.304688	   0.177067
  17.314453	   0.266582
  17.324219	   0.292245
  17.333984	   0.245020
  17.343750	   0.141574
  17.353516	   0.018091
  17.363281	  -0.082958
  17.373047	  -0.128233
  17.382812	  -0.105505
  17.392578	  -0.027867
  17.402344	   0.071341
  17.412109	   0.150965
  17.421875	   0.177259
  17.431641	   0.136302
  17.441406	   0.039075
  17.451172	  -0.082628
  17.460938	  -0.187901
  17.470703	  -0.241719
  17.480469	  -0.227685
  17.490234	  -0.153855
  17.500000	  -0.049509
  17.509766	   0.045904
  17.519531	   0.097554
  17.529297	   0.088266
  17.539062	   0.024983
  17.548828	  -0.063781
  17.558594	  -0.138575
  17.568359	  -0.163872
  17.578125	  -0.121671
  17.587891	  -0.018844
  17.597656	   0.114547
  17.607422	   0.235420
  17.617188	   0.302712
  17.626953	   0.291881
  17.636719	   0.203638
  17.646484	   0.063791
  17.656250	  -0.085743
  17.666016	  -0.201476
  17.675781	  -0.253220
  17.685547	  -0.233969
  17.695312	  -0.161327
  17.705078	  -0.070144
  17.714844	   0.000826
  17.724609	   0.023262
  17.734375	  -0.010657
  17.744141	  -0.086063
  17.753906	  -0.171772
  17.763672	  -0.232691
  17.773438	  -0.243529
  17.783203	  -0.198616
  17.792969	  -0.114129
  17.802734	  -0.021866
  17.812500	   0.043087
  17.822266	   0.056152
  17.832031	   0.013270
  17.841797	  -0.066731
  17.851562	  -0.148488
  17.861328	  -0.192966
  17.871094	  -0.172186
  17.880859	  -0.080386
  17.890625	   0.062577
  17.900391	   0.217021
  17.910156	   0.336508
  17.919922	   0.383614
  17.929688	   0.342785
  17.939453	   0.225705
  17.949219	   0.067220
  17.958984	  -0.086697
  17.968750	  -0.194653
  17.978516	  -0.233588
  17.988281	  -0.205723
  17.998047	  -0.136302
  18.007812	  -0.063136
  18.017578	  -0.021868
  18.027344	  -0.032449
  18.037109	  -0.091813
  18.046875	  -0.175402
  18.056641	  -0.246940
  18.066406	  -0.272763
  18.076172	  -0.235327
  18.085938	  -0.140784
  18.095703	  -0.017699
  18.105469	   0.092771
  18.115234	   0.151729
  18.125000	   0.137034
  18.134766	   0.052077
  18.144531	  -0.074471
  18.154297	  -0.198029
  18.164062	  -0.273377
  18.173828	  -0.270416
  18.183594	  -0.184833
  18.193359	  -0.039840
  18.203125	   0.121661
  18.212891	   0.251701
  18.222656	   0.313509
  18.232422	   0.293657
  18.242188	   0.205884
  18.251953	   0.085361
  18.261719	  -0.024376
  18.271484	  -0.087053
  18.281250	  -0.086178
  18.291016	  -0.030035
  18.300781	   0.052489
  18.310547	   0.123531
  18.320312	   0.150915
  18.330078	   0.120382
  18.339844	   0.040880
  18.349609	  -0.058980
  18.359375	  -0.141913
  18.369141	  -0.176259
  18.378906	  -0.148200
  18.388672	  -0.067348
  18.398438	   0.036461
  18.408203	   0.123997
  18.417969	   0.161147
  18.427734	   0.131729
  18.437500	   0.043862
  18.447266	  -0.072532
  18.457031	  -0.176267
  18.466797	  -0.229668
  18.476562	  -0.212243
  18.486328	  -0.128231
  18.496094	  -0.005269
  18.505859	   0.115400
  18.515625	   0.193653
  18.525391	   0.204822
  18.535156	   0.148464
  18.544922	   0.048378
  18.554688	  -0.056112
  18.564453	  -0.124457
  18.574219	  -0.129555
  18.583984	  -0.067509
  18.593750	   0.041071
  18.603516	   0.158632
  18.613281	   0.244357
  18.623047	   0.268929
  18.632812	   0.225057
  18.642578	   0.129925
  18.652344	   0.018752
  18.662109	  -0.068168
  18.671875	  -0.100166
  18.681641	  -0.067282
  18.691406	   0.016299
  18.701172	   0.117662
  18.710938	   0.197411
  18.720703	   0.224224
  18.730469	   0.186382
  18.740234	   0.096052
  18.750000	  -0.015212
  18.759766	  -0.108068
  18.769531	  -0.149797
  18.779297	  -0.126237
  18.789062	  -0.046844
  18.798828	   0.058936
  18.808594	   0.152643
  18.818359	   0.201051
  18.828125	   0.188430
  18.837891	   0.122288
  18.847656	   0.030463
  18.857422	  -0.049369
  18.867188	  -0.083920
  18.876953	  -0.056987
  18.886719	   0.024080
  18.896484	   0.130571
  18.906250	   0.222548
  18.916016	   0.263241
  18.925781	   0.232480
  18.935547	   0.134242
  18.945312	  -0.004464
  18.955078	  -0.143017
  18.964844	  -0.241510
  18.974609	  -0.274782
  18.984375	  -0.241067
  18.994141	  -0.162116
  19.003906	  -0.074743
  19.013672	  -0.016902
  19.023438	  -0.013373
  19.033203	  -0.066313
  19.042969	  -0.154164
  19.052734	  -0.239366
  19.062500	  -0.282110
  19.072266	  -0.255181
  19.082031	  -0.154477
  19.091797	  -0.001376
  19.101562	   0.163989
  19.111328	   0.296184
  19.121094	   0.359894
  19.130859	   0.341828
  19.140625	   0.254931
  19.150391	   0.133439
  19.160156	   0.020651
  19.169922	  -0.046187
  19.179688	  -0.048474
  19.189453	   0.008096
  19.199219	   0.096666
  19.208984	   0.179823
  19.218750	   0.223654
  19.228516	   0.210089
  19.238281	   0.143057
  19.248047	   0.046361
  19.257812	  -0.045788
  19.267578	  -0.101897
  19.277344	  -0.105037
  19.287109	  -0.058985
  19.296875	   0.013586
  19.306641	   0.080102
  19.316406	   0.110838
  19.326172	   0.090542
  19.335938	   0.024534
  19.345703	  -0.063101
  19.355469	  -0.138598
  19.365234	  -0.171516
  19.375000	  -0.146775
  19.384766	  -0.071144
  19.394531	   0.028381
  19.404297	   0.113909
  19.414062	   0.150370
  19.423828	   0.118659
  19.433594	   0.023324
  19.443359	  -0.108127
  19.453125	  -0.234241
  19.462891	  -0.313826
  19.472656	  -0.320342
  19.482422	  -0.251298
  19.492188	  -0.129257
  19.501953	   0.005950
  19.511719	   0.111081
  19.521484	   0.154472
  19.531250	   0.126832
  19.541016	   0.044024
  19.550781	  -0.059116
  19.560547	  -0.141623
  19.570312	  -0.171261
  19.580078	  -0.136020
  19.589844	  -0.048148
  19.599609	   0.060668
  19.609375	   0.151157
  19.619141	   0.190966
  19.628906	   0.166516
  19.638672	   0.087909
  19.648438	  -0.014893
  19.658203	  -0.103148
  19.667969	  -0.143620
  19.677734	  -0.120815
  19.687500	  -0.042696
  19.697266	   0.062198
  19.707031	   0.155170
  19.716797	   0.201517
  19.726562	   0.183216
  19.736328	   0.105545
  19.746094	  -0.004788
  19.755859	  -0.109323
  19.765625	  -0.171795
  19.775391	  -0.171280
  19.785156	  -0.109776
  19.794922	  -0.011468
  19.804688	   0.086002
  19.814453	   0.145072
  19.824219	   0.141679
  19.833984	   0.073697
  19.843750	  -0.038614
  19.853516	  -0.160213
  19.863281	  -0.254084
  19.873047	  -0.294496
  19.882812	  -0.275861
  19.892578	  -0.213977
  19.902344	  -0.139299
  19.912109	  -0.084806
  19.921875	  -0.073062
  19.931641	  -0.107320
  19.941406	  -0.170063
  19.951172	  -0.229547
  19.960938	  -0.251988
  19.970703	  -0.214849
  19.980469	  -0.116271
  19.990234	   0.022973
  20.000000	   0.165875
  20.009766	   0.271777
  20.019531	   0.310656
  20.029297	   0.273945
  20.039062	   0.177948
  20.048828	   0.058513
  20.058594	  -0.041216
  20.068359	  -0.085640
  20.078125	  -0.058884
  20.087891	   0.029991
  20.097656	   0.150576
  20.107422	   0.262124
  20.117188	   0.328031
  20.126953	   0.328545
  20.136719	   0.267203
  20.146484	   0.168773
  20.156250	   0.069577
  20.166016	   0.003817
  20.175781	  -0.009035
  20.185547	   0.028802
  20.195312	   0.094627
  20.205078	   0.154119
  20.214844	   0.174526
  20.224609	   0.137291
  20.234375	   0.045433
  20.244141	  -0.077057
  20.253906	  -0.193605
  20.263672	  -0.268182
  20.273438	  -0.278346
  20.283203	  -0.223454
  20.292969	  -0.125000
  20.302734	  -0.018969
  20.312500	   0.057041
  20.322266	   0.077224
  20.332031	   0.036654
  20.341797	  -0.047249
  20.351562	  -0.141360
  20.361328	  -0.209138
  20.371094	  -0.224052
  20.380859	  -0.179238
  20.390625	  -0.089851
  20.400391	   0.012687
  20.410156	   0.092418
  20.419922	   0.122212
  20.429688	   0.093817
  20.439453	   0.020914
  20.449219	  -0.065998
  20.458984	  -0.130974
  20.468750	  -0.146104
  20.478516	  -0.102096
  20.488281	  -0.012050
  20.498047	   0.093031
  20.507812	   0.175431
  20.517578	   0.204544
  20.527344	   0.168313
  20.537109	   0.078079
  20.546875	  -0.034998
  20.556641	  -0.130716
  20.566406	  -0.173991
  20.576172	  -0.147319
  20.585938	  -0.057086
  20.595703	   0.068552
  20.605469	   0.189433
  20.615234	   0.267326
  20.625000	   0.279040
  20.634766	   0.224075
  20.644531	   0.124163
  20.654297	   0.014973
  20.664062	  -0.066915
  20.673828	  -0.097017
  20.683594	  -0.071265
  20.693359	  -0.006694
  20.703125	   0.065577
  20.712891	   0.112388
  20.722656	   0.111099
  20.732422	   0.058026
  20.742188	  -0.030299
  20.751953	  -0.123439
  20.761719	  -0.188524
  20.771484	  -0.202576
  20.781250	  -0.161109
  20.791016	  -0.079799
  20.800781	   0.011365
  20.810547	   0.079263
  20.820312	   0.100004
  20.830078	   0.067848
  20.839844	  -0.002633
  20.849609	  -0.081982
  20.859375	  -0.136881
  20.869141	  -0.142703
  20.878906	  -0.092934
  20.888672	  -0.001945
  20.898438	   0.099974
  20.908203	   0.177538
  20.917969	   0.203372
  20.927734	   0.168159
  20.937500	   0.084274
  20.947266	  -0.018484
  20.957031	  -0.103563
  20.966797	  -0.140871
  20.976562	  -0.117724
  20.986328	  -0.043524
  20.996094	   0.053571
  21.005859	   0.136818
  21.015625	   0.174226
  21.025391	   0.150226
  21.035156	   0.071434
  21.044922	  -0.035601
  21.054688	  -0.133869
  21.064453	  -0.189160
  21.074219	  -0.182348
  21.083984	  -0.116227
  21.093750	  -0.014474
  21.103516	   0.086889
  21.113281	   0.152412
  21.123047	   0.159832
  21.132812	   0.107840
  21.142578	   0.016226
  21.152344	  -0.081583
  21.162109	  -0.150820
  21.171875	  -0.167983
  21.181641	  -0.129163
  21.191406	  -0.051079
  21.201172	   0.035488
  21.210938	   0.097398
  21.220703	   0.111635
  21.230469	   0.073959
  21.240234	   0.000520
  21.250000	  -0.078156
  21.259766	  -0.128602
  21.269531	  -0.127049
  21.279297	  -0.068587
  21.289062	   0.030536
  21.298828	   0.138398
  21.308594	   0.218689
  21.318359	   0.243726
  21.328125	   0.204456
  21.337891	   0.113786
  21.347656	   0.002026
  21.357422	  -0.093930
  21.367188	  -0.143755
  21.376953	  -0.134407
  21.386719	  -0.074545
  21.396484	   0.008952
  21.406250	   0.081052
  21.416016	   0.111543
  21.425781	   0.086174
  21.435547	   0.011896
  21.445312	  -0.085686
  21.455078	  -0.171713
  21.464844	  -0.214863
  21.474609	  -0.198868
  21.484375	  -0.128544
  21.494141	  -0.028139
  21.503906	   0.067393
  21.513672	   0.125012
  21.523438	   0.125495
  21.533203	   0.070309
  21.542969	  -0.019033
  21.552734	  -0.108868
  21.562500	  -0.165634
  21.572266	  -0.167982
  21.582031	  -0.114368
  21.591797	  -0.023370
  21.601562	   0.073317
  21.611328	   0.142600
  21.621094	   0.162093
  21.630859	   0.128161
  21.640625	   0.056983
  21.650391	  -0.021725
  21.660156	  -0.075970
  21.669922	  -0.083526
  21.679688	  -0.040309
  21.689453	   0.038034
  21.699219	   0.121922
  21.708984	   0.178888
  21.718750	   0.185792
  21.728516	   0.137679
  21.738281	   0.049967
  21.748047	  -0.046899
  21.757812	  -0.118416
  21.767578	  -0.138626
  21.777344	  -0.099736
  21.787109	  -0.015206
  21.796875	   0.084889
  21.806641	   0.164574
  21.816406	   0.194908
  21.826172	   0.164455
  21.835938	   0.083469
  21.845703	  -0.019738
  21.855469	  -0.108955
  21.865234	  -0.153087
  21.875000	  -0.137327
  21.884766	  -0.068436
  21.894531	   0.027751
  21.904297	   0.115700
  21.914062	   0.162999
  21.923828	   0.151997
  21.933594	   0.086048
  21.943359	  -0.011868
  21.953125	  -0.107594
  21.962891	  -0.168209
  21.972656	  -0.173861
  21.982422	  -0.124729
  21.992188	  -0.040607
  22.001953	   0.046673
  22.011719	   0.105159
  22.021484	   0.114628
  22.031250	   0.074007
  22.041016	   0.001660
  22.050781	  -0.071567
  22.060547	  -0.113950
  22.070312	  -0.104862
  22.080078	  -0.042690
  22.089844	   0.054243
  22.099609	   0.154109
  22.109375	   0.223054
  22.119141	   0.237507
  22.128906	   0.192844
  22.138672	   0.105201
  22.148438	   0.005774
  22.158203	  -0.070359
  22.167969	  -0.096820
  22.177734	  -0.065371
  22.187500	   0.011224
  22.197266	   0.103934
  22.207031	   0.178045
  22.216797	   0.205732
  22.226562	   0.176041
  22.236328	   0.098656
  22.246094	   0.000140
  22.255859	  -0.085971
  22.265625	  -0.131511
  22.275391	  -0.123969
  22.285156	  -0.070918
  22.294922	   0.003012
  22.304688	   0.065471
  22.314453	   0.088597
  22.324219	   0.059562
  22.333984	  -0.014432
  22.343750	  -0.108578
  22.353516	  -0.189448
  22.363281	  -0.227255
  22.373047	  -0.206895
  22.382812	  -0.133714
  22.392578	  -0.031839
  22.402344	   0.064339
  22.412109	   0.122462
  22.421875	   0.123826
  22.431641	   0.070075
  22.441406	  -0.017459
  22.451172	  -0.105542
  22.460938	  -0.161121
  22.470703	  -0.163320
  22.480469	  -0.110975
  22.490234	  -0.022997
  22.500000	   0.068577
  22.509766	   0.130282
  22.519531	   0.139414
  22.529297	   0.092268
  22.539062	   0.005437
  22.548828	  -0.090274
  22.558594	  -0.161094
  22.568359	  -0.182540
  22.578125	  -0.148242
  22.587891	  -0.072092
  22.597656	   0.017014
  22.607422	   0.085911
  22.617188	   0.109409
  22.626953	   0.079557
  22.636719	   0.008520
  22.646484	  -0.075963
  22.656250	  -0.140892
  22.666016	  -0.160272
  22.675781	  -0.124824
  22.685547	  -0.045570
  22.695312	   0.050069
  22.705078	   0.128230
  22.714844	   0.161015
  22.724609	   0.136784
  22.734375	   0.064574
  22.744141	  -0.029013
  22.753906	  -0.109340
  22.763672	  -0.146244
  22.773438	  -0.124979
  22.783203	  -0.051612
  22.792969	   0.049085
  22.802734	   0.142504
  22.812500	   0.196597
  22.822266	   0.193324
  22.832031	   0.135006
  22.841797	   0.043299
  22.851562	  -0.048792
  22.861328	  -0.108954
  22.871094	  -0.117252
  22.880859	  -0.073220
  22.890625	   0.004176
  22.900391	   0.083663
  22.910156	   0.133227
  22.919922	   0.131858
  22.929688	   0.077213
  22.939453	  -0.013615
  22.949219	  -0.110439
  22.958984	  -0.181082
  22.968750	  -0.203142
  22.978516	  -0.172089
  22.988281	  -0.102750
  22.998047	  -0.023637
  23.007812	   0.033743
  23.017578	   0.046652
  23.027344	   0.009606
  23.037109	  -0.063559
  23.046875	  -0.144819
  23.056641	  -0.202402
  23.066406	  -0.212694
  23.076172	  -0.169221
  23.085938	  -0.085358
  23.095703	   0.010269
  23.105469	   0.084060
  23.115234	   0.109660
  23.125000	   0.077674
  23.134766	  -0.000696
  23.144531	  -0.097452
  23.154297	  -0.177680
  23.164062	  -0.211976
  23.173828	  -0.186907
  23.183594	  -0.109746
  23.193359	  -0.005773
  23.203125	   0.090844
  23.212891	   0.149283
  23.222656	   0.152963
  23.232422	   0.105171
  23.242188	   0.027444
  23.251953	  -0.048658
  23.261719	  -0.093303
  23.271484	  -0.089347
  23.281250	  -0.038470
  23.291016	   0.039721
  23.300781	   0.115250
  23.310547	   0.159166
  23.320312	   0.154524
  23.330078	   0.102881
  23.339844	   0.023868
  23.349609	  -0.052008
  23.359375	  -0.094704
  23.369141	  -0.085941
  23.378906	  -0.026258
  23.388672	   0.064810
  23.398438	   0.155570
  23.408203	   0.213576
  23.417969	   0.217456
  23.427734	   0.164831
  23.437500	   0.073424
  23.447266	  -0.025121
  23.457031	  -0.096478
  23.466797	  -0.115900
  23.476562	  -0.077069
  23.486328	   0.005690
  23.496094	   0.102608
  23.505859	   0.179209
  23.515625	   0.208688
  23.525391	   0.181437
  23.535156	   0.108291
  23.544922	   0.016332
  23.554688	  -0.061167
  23.564453	  -0.096978
  23.574219	  -0.079850
  23.583984	  -0.018511
  23.593750	   0.061688
  23.603516	   0.128265
  23.613281	   0.153709
  23.623047	   0.125766
  23.632812	   0.052123
  23.642578	  -0.042248
  23.652344	  -0.124106
  23.662109	  -0.164046
  23.671875	  -0.147258
  23.681641	  -0.079008
  23.691406	   0.017168
  23.701172	   0.107898
  23.710938	   0.161988
  23.720703	   0.161615
  23.730469	   0.108647
  23.740234	   0.023790
  23.750000	  -0.061106
  23.759766	  -0.114757
  23.769531	  -0.117886
  23.779297	  -0.070216
  23.789062	   0.009527
  23.798828	   0.090590
  23.808594	   0.141576
  23.818359	   0.142049
  23.828125	   0.090117
  23.837891	   0.003196
  23.847656	  -0.088299
  23.857422	  -0.152057
  23.867188	  -0.165670
  23.876953	  -0.124827
  23.886719	  -0.044895
  23.896484	   0.044692
  23.906250	   0.111183
  23.916016	   0.130466
  23.925781	   0.095847
  23.935547	   0.020458
  23.945312	  -0.067602
  23.955078	  -0.135598
  23.964844	  -0.158172
  23.974609	  -0.126650
  23.984375	  -0.052215
  23.994141	   0.038201
  24.003906	   0.111807
  24.013672	   0.141993
  24.023438	   0.118107
  24.033203	   0.049361
  24.042969	  -0.038547
  24.052734	  -0.112895
  24.062500	  -0.145995
  24.072266	  -0.125430
  24.082031	  -0.058705
  24.091797	   0.029430
  24.101562	   0.106006
  24.111328	   0.141954
  24.121094	   0.122856
  24.130859	   0.054403
  24.140625	  -0.039482
  24.150391	  -0.125189
  24.160156	  -0.171569
  24.169922	  -0.161246
  24.179688	  -0.096993
  24.189453	  -0.000819
  24.199219	   0.093922
  24.208984	   0.154539
  24.218750	   0.160788
  24.228516	   0.112157
  24.238281	   0.028005
  24.248047	  -0.059502
  24.257812	  -0.117073
  24.267578	  -0.122374
  24.277344	  -0.072117
  24.287109	   0.016758
  24.296875	   0.113229
  24.306641	   0.183404
  24.316406	   0.202720
  24.326172	   0.164708
  24.335938	   0.083149
  24.345703	  -0.013121
  24.355469	  -0.090811
  24.365234	  -0.124316
  24.375000	  -0.104933
  24.384766	  -0.043819
  24.394531	   0.032362
  24.404297	   0.091475
  24.414062	   0.107923
  24.423828	   0.072216
  24.433594	  -0.005423
  24.443359	  -0.098730
  24.453125	  -0.175011
  24.462891	  -0.207147
  24.472656	  -0.183607
  24.482422	  -0.112771
  24.492188	  -0.019979
  24.501953	   0.061631
  24.511719	   0.103149
  24.521484	   0.090402
  24.531250	   0.029089
  24.541016	  -0.057312
  24.550781	  -0.136128
  24.560547	  -0.177404
  24.570312	  -0.164816
  24.580078	  -0.101594
  24.589844	  -0.009297
  24.599609	   0.080098
  24.609375	   0.135886
  24.619141	   0.139838
  24.628906	   0.092805
  24.638672	   0.014323
  24.648438	  -0.064632
  24.658203	  -0.113087
  24.667969	  -0.111499
  24.677734	  -0.058999
  24.687500	   0.026225
  24.697266	   0.113541
  24.707031	   0.171068
  24.716797	   0.177365
  24.726562	   0.129328
  24.736328	   0.043405
  24.746094	  -0.050321
  24.755859	  -0.119037
  24.765625	  -0.139102
  24.775391	  -0.104614
  24.785156	  -0.029510
  24.794922	   0.057566
  24.804688	   0.123753
  24.814453	   0.143992
  24.824219	   0.110186
  24.833984	   0.034168
  24.843750	  -0.056605
  24.853516	  -0.129043
  24.863281	  -0.156457
  24.873047	  -0.128236
  24.882812	  -0.053646
  24.892578	   0.041619
  24.902344	   0.124846
  24.912109	   0.168219
  24.921875	   0.158874
  24.931641	   0.103402
  24.941406	   0.025188
  24.951172	  -0.044430
  24.960938	  -0.077906
  24.970703	  -0.061800
  24.980469	  -0.001836
  24.990234	   0.079152
  25.000000	   0.149685
  25.009766	   0.181377
  25.019531	   0.159657
  25.029297	   0.089475
  25.039062	  -0.006125
  25.048828	  -0.094137
  25.058594	  -0.143486
  25.068359	  -0.136368
  25.078125	  -0.074909
  25.087891	   0.019354
  25.097656	   0.113009
  25.107422	   0.172651
  25.117188	   0.176840
  25.126953	   0.123814
  25.136719	   0.032167
  25.146484	  -0.065760
  25.156250	  -0.135407
  25.166016	  -0.152297
  25.175781	  -0.110682
  25.185547	  -0.025470
  25.195312	   0.073248
  25.205078	   0.151041
  25.214844	   0.181420
  25.224609	   0.155124
  25.234375	   0.083108
  25.244141	  -0.007792
  25.253906	  -0.084852
  25.263672	  -0.121438
  25.273438	  -0.106577
  25.283203	  -0.048685
  25.292969	   0.027855
  25.302734	   0.091939
  25.312500	   0.117356
  25.322266	   0.092487
  25.332031	   0.024536
  25.341797	  -0.063225
  25.351562	  -0.140147
  25.361328	  -0.179574
  25.371094	  -0.168690
  25.380859	  -0.113194
  25.390625	  -0.035091
  25.400391	   0.035588
  25.410156	   0.072050
  25.419922	   0.060831
  25.429688	   0.006954
  25.439453	  -0.067767
  25.449219	  -0.132684
  25.458984	  -0.159625
  25.468750	  -0.133410
  25.478516	  -0.057680
  25.488281	   0.046106
  25.498047	   0.146198
  25.507812	   0.211858
  25.517578	   0.224350
  25.527344	   0.183578
  25.537109	   0.107985
  25.546875	   0.027712
  25.556641	  -0.026451
  25.566406	  -0.034303
  25.576172	   0.006450
  25.585938	   0.079478
  25.595703	   0.155936
  25.605469	   0.205178
  25.615234	   0.206118
  25.625000	   0.155084
  25.634766	   0.067271
  25.644531	  -0.028735
  25.654297	  -0.101360
  25.664062	  -0.127542
  25.673828	  -0.101125
  25.683594	  -0.035044
  25.693359	   0.043502
  25.703125	   0.103115
  25.712891	   0.119831
  25.722656	   0.086032
  25.732422	   0.013365
  25.742188	  -0.071420
  25.751953	  -0.136204
  25.761719	  -0.155255
  25.771484	  -0.118716
  25.781250	  -0.036339
  25.791016	   0.065885
  25.800781	   0.154972
  25.810547	   0.202675
  25.820312	   0.195395
  25.830078	   0.138660
  25.839844	   0.054528
  25.849609	  -0.027089
  25.859375	  -0.079960
  25.869141	  -0.091623
  25.878906	  -0.068262
  25.888672	  -0.032500
  25.898438	  -0.014866
  25.908203	  -0.042046
  25.917969	  -0.126251
  25.927734	  -0.259678
  25.937500	  -0.416224
  25.947266	  -0.559962
  25.957031	  -0.657416
  25.966797	  -0.689230
  25.976562	  -0.657014
  25.986328	  -0.582814
  25.996094	  -0.501341
  26.005859	  -0.447659
  26.015625	  -0.444723
  26.025391	  -0.495214
  26.035156	  -0.580589
  26.044922	  -0.667707
  26.054688	  -0.720634
  26.064453	  -0.713405
  26.074219	  -0.639176
  26.083984	  -0.512492
  26.093750	  -0.363903
  26.103516	  -0.228898
  26.113281	  -0.135183
  26.123047	  -0.092895
  26.132812	  -0.091277
  26.142578	  -0.102994
  26.152344	  -0.094495
  26.162109	  -0.038670
  26.171875	   0.074792
  26.181641	   0.235057
  26.191406	   0.413373
  26.201172	   0.572659
  26.210938	   0.680006
  26.220703	   0.717570
  26.230469	   0.687999
  26.240234	   0.612532
  26.250000	   0.522558
  26.259766	   0.447831
  26.269531	   0.405677
  26.279297	   0.395146
  26.289062	   0.398217
  26.298828	   0.387556
  26.308594	   0.337915
  26.318359	   0.236948
  26.328125	   0.091399
  26.337891	  -0.073668
  26.347656	  -0.222407
  26.357422	  -0.319848
  26.367188	  -0.343535
  26.376953	  -0.291013
  26.386719	  -0.180543
  26.396484	  -0.044866
  26.406250	   0.079711
  26.416016	   0.164965
  26.425781	   0.199064
  26.435547	   0.188709
  26.445312	   0.154609
  26.455078	   0.122209
  26.464844	   0.111294
  26.474609	   0.128390
  26.484375	   0.164770
  26.494141	   0.200685
  26.503906	   0.214072
  26.513672	   0.190287
  26.523438	   0.129016
  26.533203	   0.045605
  26.542969	  -0.033857
  26.552734	  -0.081958
  26.562500	  -0.080392
  26.572266	  -0.027455
  26.582031	   0.060352
  26.591797	   0.153392
  26.601562	   0.218984
  26.611328	   0.232952
  26.621094	   0.188458
  26.630859	   0.098852
  26.640625	  -0.006606
  26.650391	  -0.092738
  26.660156	  -0.130660
  26.669922	  -0.107902
  26.679688	  -0.032805
  26.689453	   0.068356
  26.699219	   0.160538
  26.708984	   0.212113
  26.718750	   0.205757
  26.728516	   0.144205
  26.738281	   0.048886
  26.748047	  -0.047979
  26.757812	  -0.114927
  26.767578	  -0.132265
  26.777344	  -0.098635
  26.787109	  -0.030860
  26.796875	   0.042732
  26.806641	   0.092950
  26.816406	   0.100408
  26.826172	   0.062328
  26.835938	  -0.006941
  26.845703	  -0.081748
  26.855469	  -0.135039
  26.865234	  -0.148588
  26.875000	  -0.119714
  26.884766	  -0.062023
  26.894531	   0.000059
  26.904297	   0.040872
  26.914062	   0.043569
  26.923828	   0.006822
  26.933594	  -0.054378
  26.943359	  -0.114177
  26.953125	  -0.145586
  26.962891	  -0.130847
  26.972656	  -0.068569
  26.982422	   0.025102
  26.992188	   0.121794
  27.001953	   0.190849
  27.011719	   0.210269
  27.021484	   0.174676
  27.031250	   0.097347
  27.041016	   0.005525
  27.050781	  -0.069285
  27.060547	  -0.102540
  27.070312	  -0.085278
  27.080078	  -0.026999
  27.089844	   0.048231
  27.099609	   0.111013
  27.109375	   0.137734
  27.119141	   0.119445
  27.128906	   0.065173
  27.138672	  -0.001610
  27.148438	  -0.052081
  27.158203	  -0.063358
  27.167969	  -0.027772
  27.177734	   0.043449
  27.187500	   0.123571
  27.197266	   0.179767
  27.207031	   0.185217
  27.216797	   0.129494
  27.226562	   0.023393
  27.236328	  -0.103719
  27.246094	  -0.213265
  27.255859	  -0.270341
  27.265625	  -0.255620
  27.275391	  -0.172065
  27.285156	  -0.044062
  27.294922	   0.090769
  27.304688	   0.194197
  27.314453	   0.240038
  27.324219	   0.222403
  27.333984	   0.156727
  27.343750	   0.073335
  27.353516	   0.005967
  27.363281	  -0.020546
  27.373047	   0.000978
  27.382812	   0.058013
  27.392578	   0.123573
  27.402344	   0.166740
  27.412109	   0.164541
  27.421875	   0.110788
  27.431641	   0.018641
  27.441406	  -0.084030
  27.451172	  -0.164757
  27.460938	  -0.198332
  27.470703	  -0.176052
  27.480469	  -0.108960
  27.490234	  -0.023897
  27.500000	   0.046199
  27.509766	   0.074196
  27.519531	   0.048542
  27.529297	  -0.022637
  27.539062	  -0.114588
  27.548828	  -0.194963
  27.558594	  -0.235521
  27.568359	  -0.222210
  27.578125	  -0.159953
  27.587891	  -0.070465
  27.597656	   0.016055
  27.607422	   0.072215
  27.617188	   0.083502
  27.626953	   0.053392
  27.636719	   0.001620
  27.646484	  -0.043748
  27.656250	  -0.057437
  27.666016	  -0.027121
  27.675781	   0.041249
  27.685547	   0.125030
  27.695312	   0.192897
  27.705078	   0.216419
  27.714844	   0.180948
  27.724609	   0.091771
  27.734375	  -0.026846
  27.744141	  -0.139543
  27.753906	  -0.211936
  27.763672	  -0.222613
  27.773438	  -0.170727
  27.783203	  -0.076441
  27.792969	   0.026001
  27.802734	   0.100153
  27.812500	   0.119991
  27.822266	   0.078825
  27.832031	  -0.008649
  27.841797	  -0.111820
  27.851562	  -0.195144
  27.861328	  -0.230671
  27.871094	  -0.207641
  27.880859	  -0.135758
  27.890625	  -0.041097
  27.900391	   0.043753
  27.910156	   0.091635
  27.919922	   0.090466
  27.929688	   0.047102
  27.939453	  -0.015914
  27.949219	  -0.069390
  27.958984	  -0.088885
  27.968750	  -0.064192
  27.978516	  -0.003330
  27.988281	   0.070416
  27.998047	   0.127332
  28.007812	   0.142677
  28.017578	   0.106373
  28.027344	   0.027340
  28.037109	  -0.069238
  28.046875	  -0.150786
  28.056641	  -0.189147
  28.066406	  -0.171003
  28.076172	  -0.103032
  28.085938	  -0.009835
  28.095703	   0.074711
  28.105469	   0.119610
  28.115234	   0.108032
  28.125000	   0.043606
  28.134766	  -0.050593
  28.144531	  -0.140069
  28.154297	  -0.191103
  28.164062	  -0.182770
  28.173828	  -0.114444
  28.183594	  -0.006109
  28.193359	   0.108648
  28.203125	   0.194457
  28.212891	   0.226549
  28.222656	   0.199284
  28.232422	   0.127802
  28.242188	   0.042251
  28.251953	  -0.023266
  28.261719	  -0.043003
  28.271484	  -0.008699
  28.281250	   0.067731
  28.291016	   0.158844
  28.300781	   0.231889
  28.310547	   0.260832
  28.320312	   0.235779
  28.330078	   0.166403
  28.339844	   0.078181
  28.349609	   0.002876
  28.359375	  -0.033192
  28.369141	  -0.018771
  28.378906	   0.038319
  28.388672	   0.114237
  28.398438	   0.178060
  28.408203	   0.203282
  28.417969	   0.177617
  28.427734	   0.107508
  28.437500	   0.015685
  28.447266	  -0.067306
  28.457031	  -0.114459
  28.466797	  -0.112335
  28.476562	  -0.066072
  28.486328	   0.002504
  28.496094	   0.062963
  28.505859	   0.087582
  28.515625	   0.061720
  28.525391	  -0.010579
  28.535156	  -0.107834
  28.544922	  -0.198780
  28.554688	  -0.253636
  28.564453	  -0.254863
  28.574219	  -0.203463
  28.583984	  -0.118503
  28.593750	  -0.030061
  28.603516	   0.031826
  28.613281	   0.048134
  28.623047	   0.017684
  28.632812	  -0.042664
  28.642578	  -0.104559
  28.652344	  -0.139016
  28.662109	  -0.127577
  28.671875	  -0.069608
  28.681641	   0.017006
  28.691406	   0.102105
  28.701172	   0.154217
  28.710938	   0.152235
  28.720703	   0.093531
  28.730469	  -0.004528
  28.740234	  -0.110302
  28.750000	  -0.188848
  28.759766	  -0.214222
  28.769531	  -0.178669
  28.779297	  -0.095398
  28.789062	   0.006107
  28.798828	   0.090549
  28.808594	   0.129303
  28.818359	   0.110426
  28.828125	   0.042616
  28.837891	  -0.048287
  28.847656	  -0.128942
  28.857422	  -0.170752
  28.867188	  -0.160258
  28.876953	  -0.103901
  28.886719	  -0.025452
  28.896484	   0.042926
  28.906250	   0.072674
  28.916016	   0.049484
  28.925781	  -0.021315
  28.935547	  -0.116618
  28.945312	  -0.203971
  28.955078	  -0.253487
  28.964844	  -0.248873
  28.974609	  -0.193525
  28.984375	  -0.109408
  28.994141	  -0.029112
  29.003906	   0.016054
  29.013672	   0.007616
  29.023438	  -0.053100
  29.033203	  -0.145130
  29.042969	  -0.235166
  29.052734	  -0.289347
  29.062500	  -0.285331
  29.072266	  -0.220285
  29.082031	  -0.111927
  29.091797	   0.007740
  29.101562	   0.103729
  29.111328	   0.150323
  29.121094	   0.139871
  29.130859	   0.085007
  29.140625	   0.013570
  29.150391	  -0.041873
  29.160156	  -0.056010
  29.169922	  -0.019922
  29.179688	   0.055950
  29.189453	   0.146002
  29.199219	   0.219243
  29.208984	   0.250973
  29.218750	   0.232057
  29.228516	   0.172344
  29.238281	   0.096999
  29.248047	   0.037086
  29.257812	   0.017898
  29.267578	   0.049353
  29.277344	   0.122010
  29.287109	   0.210234
  29.296875	   0.281361
  29.306641	   0.307553
  29.316406	   0.276007
  29.326172	   0.193762
  29.335938	   0.085329
  29.345703	  -0.016025
  29.355469	  -0.080203
  29.365234	  -0.091065
  29.375000	  -0.052175
  29.384766	   0.014607
  29.394531	   0.077180
  29.404297	   0.105000
  29.414062	   0.080351
  29.423828	   0.005021
  29.433594	  -0.100026
  29.443359	  -0.201853
  29.453125	  -0.267011
  29.462891	  -0.273145
  29.472656	  -0.216595
  29.482422	  -0.113335
  29.492188	   0.006983
  29.501953	   0.111610
  29.511719	   0.175996
  29.521484	   0.191716
  29.531250	   0.168219
  29.541016	   0.127918
  29.550781	   0.096635
  29.560547	   0.093070
  29.570312	   0.121332
  29.580078	   0.169358
  29.589844	   0.213816
  29.599609	   0.229632
  29.609375	   0.200497
  29.619141	   0.126316
  29.628906	   0.024638
  29.638672	  -0.074637
  29.648438	  -0.139519
  29.658203	  -0.147452
  29.667969	  -0.093883
  29.677734	   0.005339
  29.687500	   0.118776
  29.697266	   0.209829
  29.707031	   0.249165
  29.716797	   0.224722
  29.726562	   0.145750
  29.736328	   0.039422
  29.746094	  -0.058766
  29.755859	  -0.117395
  29.765625	  -0.119898
  29.775391	  -0.069921
  29.785156	   0.010590
  29.794922	   0.089767
  29.804688	   0.137563
  29.814453	   0.136569
  29.824219	   0.088003
  29.833984	   0.010756
  29.843750	  -0.066032
  29.853516	  -0.114074
  29.863281	  -0.116558
  29.873047	  -0.074360
  29.882812	  -0.005590
  29.892578	   0.061354
  29.902344	   0.098590
  29.912109	   0.089389
  29.921875	   0.034673
  29.931641	  -0.047079
  29.941406	  -0.126510
  29.951172	  -0.174216
  29.960938	  -0.171737
  29.970703	  -0.118635
  29.980469	  -0.033005
  29.990234	   0.054829
  30.000000	   0.113179
  30.009766	   0.120464
  30.019531	   0.073111
  30.029297	  -0.013032
  30.039062	  -0.108306
  30.048828	  -0.179869
  30.058594	  -0.203475
  30.068359	  -0.172140
  30.078125	  -0.098544
  30.087891	  -0.010306
  30.097656	   0.060132
  30.107422	   0.087298
  30.117188	   0.061872
  30.126953	  -0.006103
  30.136719	  -0.091121
  30.146484	  -0.161769
  30.156250	  -0.192389
  30.166016	  -0.172556
  30.175781	  -0.110864
  30.185547	  -0.031622
  30.195312	   0.034312
  30.205078	   0.061181
  30.214844	   0.038124
  30.224609	  -0.026526
  30.234375	  -0.108095
  30.244141	  -0.174569
  30.253906	  -0.198483
  30.263672	  -0.167312
  30.273438	  -0.088516
  30.283203	   0.012703
  30.292969	   0.102206
  30.302734	   0.149160
  30.312500	   0.137285
  30.322266	   0.071013
  30.332031	  -0.025729
  30.341797	  -0.117749
  30.351562	  -0.170937
  30.361328	  -0.164305
  30.371094	  -0.097430
  30.380859	   0.009376
  30.390625	   0.122225
  30.400391	   0.205550
  30.410156	   0.234484
  30.419922	   0.203292
  30.429688	   0.126888
  30.439453	   0.034959
  30.449219	  -0.039071
  30.458984	  -0.070203
  30.468750	  -0.050714
  30.478516	   0.007473
  30.488281	   0.077691
  30.498047	   0.128832
  30.507812	   0.137188
  30.517578	   0.095472
  30.527344	   0.015676
  30.537109	  -0.075267
  30.546875	  -0.145404
  30.556641	  -0.169607
  30.566406	  -0.138957
  30.576172	  -0.064217
  30.585938	   0.027910
  30.595703	   0.104372
  30.605469	   0.137701
  30.615234	   0.115914
  30.625000	   0.046776
  30.634766	  -0.045141
  30.644531	  -0.127490
  30.654297	  -0.171961
  30.664062	  -0.164512
  30.673828	  -0.110273
  30.683594	  -0.031343
  30.693359	   0.041693
  30.703125	   0.081349
  30.712891	   0.073629
  30.722656	   0.023325
  30.732422	  -0.047755
  30.742188	  -0.109035
  30.751953	  -0.132857
  30.761719	  -0.105277
  30.771484	  -0.031933
  30.781250	   0.063283
  30.791016	   0.146377
  30.800781	   0.185358
  30.810547	   0.161922
  30.820312	   0.078450
  30.830078	  -0.042268
  30.839844	  -0.164586
  30.849609	  -0.252181
  30.859375	  -0.280526
  30.869141	  -0.245221
  30.878906	  -0.163209
  30.888672	  -0.066476
  30.898438	   0.009463
  30.908203	   0.038141
  30.917969	   0.011247
  30.927734	  -0.058948
  30.937500	  -0.144636
  30.947266	  -0.213061
  30.957031	  -0.238696
  30.966797	  -0.212550
  30.976562	  -0.145193
  30.986328	  -0.062451
  30.996094	   0.004581
  31.005859	   0.031456
  31.015625	   0.009777
  31.025391	  -0.049438
  31.035156	  -0.119716
  31.044922	  -0.168979
  31.054688	  -0.171648
  31.064453	  -0.118527
  31.074219	  -0.020755
  31.083984	   0.093703
  31.093750	   0.189838
  31.103516	   0.238128
  31.113281	   0.225265
  31.123047	   0.159134
  31.132812	   0.066177
  31.142578	  -0.017958
  31.152344	  -0.061160
  31.162109	  -0.046394
  31.171875	   0.022142
  31.181641	   0.120467
  31.191406	   0.213365
  31.201172	   0.266960
  31.210938	   0.260785
  31.220703	   0.195002
  31.230469	   0.090213
  31.240234	  -0.020035
  31.250000	  -0.101296
  31.259766	  -0.130425
  31.269531	  -0.103535
  31.279297	  -0.036874
  31.289062	   0.039626
  31.298828	   0.093668
  31.308594	   0.102592
  31.318359	   0.061646
  31.328125	  -0.014507
  31.337891	  -0.097529
  31.347656	  -0.156217
  31.357422	  -0.168354
  31.367188	  -0.129145
  31.376953	  -0.053110
  31.386719	   0.031310
  31.396484	   0.092443
  31.406250	   0.107407
  31.416016	   0.070973
  31.425781	  -0.002059
  31.435547	  -0.081970
  31.445312	  -0.134882
  31.455078	  -0.135308
  31.464844	  -0.075852
  31.474609	   0.029526
  31.484375	   0.149956
  31.494141	   0.248306
  31.503906	   0.294211
  31.513672	   0.274793
  31.523438	   0.199194
  31.533203	   0.095257
  31.542969	  -0.000447
  31.552734	  -0.055649
  31.562500	  -0.053755
  31.572266	   0.000534
  31.582031	   0.083375
  31.591797	   0.160864
  31.601562	   0.201704
  31.611328	   0.188790
  31.621094	   0.125480
  31.630859	   0.034245
  31.640625	  -0.051785
  31.650391	  -0.101248
  31.660156	  -0.096349
  31.669922	  -0.039655
  31.679688	   0.046663
  31.689453	   0.128925
  31.699219	   0.174424
  31.708984	   0.163725
  31.718750	   0.098225
  31.728516	   0.000121
  31.738281	  -0.095298
  31.748047	  -0.152327
  31.757812	  -0.147906
  31.767578	  -0.080331
  31.777344	   0.029610
  31.787109	   0.145565
  31.796875	   0.228185
  31.806641	   0.248867
  31.816406	   0.199750
  31.826172	   0.096395
  31.835938	  -0.027811
  31.845703	  -0.133508
  31.855469	  -0.189189
  31.865234	  -0.182068
  31.875000	  -0.122087
  31.884766	  -0.037730
  31.894531	   0.034801
  31.904297	   0.065021
  31.914062	   0.039327
  31.923828	  -0.034175
  31.933594	  -0.128878
  31.943359	  -0.209692
  31.953125	  -0.246147
  31.962891	  -0.223749
  31.972656	  -0.149404
  31.982422	  -0.048937
  31.992188	   0.042383
  32.001953	   0.092802
  32.011719	   0.085737
  32.021484	   0.025831
  32.031250	  -0.062868
  32.041016	  -0.145929
  32.050781	  -0.191481
  32.060547	  -0.182284
  32.070312	  -0.122455
  32.080078	  -0.036297
  32.089844	   0.040438
  32.099609	   0.073727
  32.109375	   0.044127
  32.119141	  -0.045414
  32.128906	  -0.169695
  32.138672	  -0.289423
  32.148438	  -0.364549
  32.158203	  -0.368070
  32.167969	  -0.295380
  32.177734	  -0.165844
  32.187500	  -0.016056
  32.197266	   0.112802
  32.207031	   0.188983
  32.216797	   0.200590
  32.226562	   0.158751
  32.236328	   0.092539
  32.246094	   0.037596
  32.255859	   0.022704
  32.265625	   0.059174
  32.275391	   0.136914
  32.285156	   0.228489
  32.294922	   0.299602
  32.304688	   0.322061
  32.314453	   0.284403
  32.324219	   0.196279
  32.333984	   0.084971
  32.343750	  -0.014633
  32.353516	  -0.072898
  32.363281	  -0.076366
  32.373047	  -0.032704
  32.382812	   0.032186
  32.392578	   0.083837
  32.402344	   0.092150
  32.412109	   0.042816
  32.421875	  -0.056965
  32.431641	  -0.180617
  32.441406	  -0.291439
  32.451172	  -0.355622
  32.460938	  -0.354325
  32.470703	  -0.290410
  32.480469	  -0.187374
  32.490234	  -0.080878
  32.500000	  -0.005931
  32.509766	   0.015625
  32.519531	  -0.017206
  32.529297	  -0.084475
  32.539062	  -0.152774
  32.548828	  -0.187548
  32.558594	  -0.165732
  32.568359	  -0.084141
  32.578125	   0.039397
  32.587891	   0.172501
  32.597656	   0.279851
  32.607422	   0.335669
  32.617188	   0.332490
  32.626953	   0.283074
  32.636719	   0.214851
  32.646484	   0.159076
  32.656250	   0.138803
  32.666016	   0.160209
  32.675781	   0.210528
  32.685547	   0.263340
  32.695312	   0.289227
  32.705078	   0.267733
  32.714844	   0.196077
  32.724609	   0.091202
  32.734375	  -0.015731
  32.744141	  -0.090523
  32.753906	  -0.108697
  32.763672	  -0.065090
  32.773438	   0.023382
  32.783203	   0.123017
  32.792969	   0.194928
  32.802734	   0.208877
  32.812500	   0.154353
  32.822266	   0.044826
  32.832031	  -0.086479
  32.841797	  -0.197923
  32.851562	  -0.253938
  32.861328	  -0.237540
  32.871094	  -0.156396
  32.880859	  -0.040268
  32.890625	   0.069289
  32.900391	   0.133327
  32.910156	   0.128907
  32.919922	   0.056749
  32.929688	  -0.059504
  32.939453	  -0.182086
  32.949219	  -0.272723
  32.958984	  -0.306141
  32.968750	  -0.278630
  32.978516	  -0.208651
  32.988281	  -0.129382
  32.998047	  -0.076027
  33.007812	  -0.072588
  33.017578	  -0.122953
  33.027344	  -0.209533
  33.037109	  -0.299916
  33.046875	  -0.359029
  33.056641	  -0.362325
  33.066406	  -0.305111
  33.076172	  -0.204580
  33.085938	  -0.093782
  33.095703	  -0.009720
  33.105469	   0.020085
  33.115234	  -0.012340
  33.125000	  -0.092406
  33.134766	  -0.188090
  33.144531	  -0.261338
  33.154297	  -0.281618
  33.164062	  -0.236680
  33.173828	  -0.136676
  33.183594	  -0.010184
  33.193359	   0.106340
  33.203125	   0.181777
  33.212891	   0.201381
  33.222656	   0.171610
  33.232422	   0.117053
  33.242188	   0.070663
  33.251953	   0.060968
  33.261719	   0.101043
  33.271484	   0.183354
  33.281250	   0.282393
  33.291016	   0.364135
  33.300781	   0.398801
  33.310547	   0.372168
  33.320312	   0.291195
  33.330078	   0.181805
  33.339844	   0.079595
  33.349609	   0.016846
  33.359375	   0.010621
  33.369141	   0.056399
  33.378906	   0.129649
  33.388672	   0.194866
  33.398438	   0.218829
  33.408203	   0.183230
  33.417969	   0.092020
  33.427734	  -0.029326
  33.437500	  -0.142457
  33.447266	  -0.209698
  33.457031	  -0.207630
  33.466797	  -0.135792
  33.476562	  -0.017309
  33.486328	   0.108864
  33.496094	   0.201356
  33.505859	   0.230706
  33.515625	   0.189492
  33.525391	   0.094666
  33.535156	  -0.018704
  33.544922	  -0.110007
  33.554688	  -0.147453
  33.564453	  -0.119082
  33.574219	  -0.036524
  33.583984	   0.069733
  33.593750	   0.161746
  33.603516	   0.207980
  33.613281	   0.194555
  33.623047	   0.129834
  33.632812	   0.040768
  33.642578	  -0.037546
  33.652344	  -0.075178
  33.662109	  -0.058569
  33.671875	   0.004479
  33.681641	   0.087881
  33.691406	   0.157211
  33.701172	   0.182800
  33.710938	   0.151078
  33.720703	   0.069932
  33.730469	  -0.033978
  33.740234	  -0.124996
  33.750000	  -0.171751
  33.759766	  -0.159057
  33.769531	  -0.093978
  33.779297	  -0.003761
  33.789062	   0.073703
  33.798828	   0.103487
  33.808594	   0.066352
  33.818359	  -0.034033
  33.828125	  -0.172047
  33.837891	  -0.308935
  33.847656	  -0.406301
  33.857422	  -0.439414
  33.867188	  -0.405490
  33.876953	  -0.323974
  33.886719	  -0.228770
  33.896484	  -0.155299
  33.906250	  -0.127183
  33.916016	  -0.147478
  33.925781	  -0.197715
  33.935547	  -0.245138
  33.945312	  -0.255493
  33.955078	  -0.206648
  33.964844	  -0.097971
  33.974609	   0.048082
  33.984375	   0.192926
  33.994141	   0.294948
  34.003906	   0.324087
  34.013672	   0.272652
  34.023438	   0.158393
  34.033203	   0.018663
  34.042969	  -0.102349
  34.052734	  -0.168799
  34.062500	  -0.165412
  34.072266	  -0.102397
  34.082031	  -0.011357
  34.091797	   0.066335
  34.101562	   0.094480
  34.111328	   0.054991
  34.121094	  -0.045784
  34.130859	  -0.179527
  34.140625	  -0.306231
  34.150391	  -0.388516
  34.160156	  -0.404785
  34.169922	  -0.356528
  34.179688	  -0.267213
  34.189453	  -0.173319
  34.199219	  -0.110862
  34.208984	  -0.102388
  34.218750	  -0.149131
  34.228516	  -0.231121
  34.238281	  -0.315044
  34.248047	  -0.366847
  34.257812	  -0.364364
  34.267578	  -0.305286
  34.277344	  -0.207594
  34.287109	  -0.102400
  34.296875	  -0.021960
  34.306641	   0.012581
  34.316406	  -0.000929
  34.326172	  -0.045094
  34.335938	  -0.089963
  34.345703	  -0.104924
  34.355469	  -0.070975
  34.365234	   0.011307
  34.375000	   0.121224
  34.384766	   0.225187
  34.394531	   0.289143
  34.404297	   0.291627
  34.414062	   0.232521
  34.423828	   0.134133
  34.433594	   0.033960
  34.443359	  -0.028405
  34.453125	  -0.025590
  34.462891	   0.047231
  34.472656	   0.169817
  34.482422	   0.303238
  34.492188	   0.403016
  34.501953	   0.434449
  34.511719	   0.384709
  34.521484	   0.267407
  34.531250	   0.118001
  34.541016	  -0.018336
  34.550781	  -0.102092
  34.560547	  -0.112588
  34.570312	  -0.054342
  34.580078	   0.045534
  34.589844	   0.147811
  34.599609	   0.215618
  34.609375	   0.227629
  34.619141	   0.185242
  34.628906	   0.111259
  34.638672	   0.040723
  34.648438	   0.007422
  34.658203	   0.031134
  34.667969	   0.110345
  34.677734	   0.223105
  34.687500	   0.335635
  34.697266	   0.415397
  34.707031	   0.443678
  34.716797	   0.422885
  34.726562	   0.375736
  34.736328	   0.336545
  34.746094	   0.337770
  34.755859	   0.396847
  34.765625	   0.508270
  34.775391	   0.644067
  34.785156	   0.762737
  34.794922	   0.823597
  34.804688	   0.801451
  34.814453	   0.696257
  34.824219	   0.534196
  34.833984	   0.359568
  34.843750	   0.220240
  34.853516	   0.151673
  34.863281	   0.165112
  34.873047	   0.244061
  34.882812	   0.350228
  34.892578	   0.436801
  34.902344	   0.464332
  34.912109	   0.413643
  34.921875	   0.291315
  34.931641	   0.126027
  34.941406	  -0.042697
  34.951172	  -0.179074
  34.960938	  -0.263612
  34.970703	  -0.299121
  34.980469	  -0.308162
  34.990234	  -0.323101
  35.000000	  -0.372668
  35.009766	  -0.470160
  35.019531	  -0.607770
  35.029297	  -0.759178
  35.039062	  -0.889406
  35.048828	  -0.968213
  35.058594	  -0.981908
  35.068359	  -0.939038
  35.078125	  -0.867666
  35.087891	  -0.805079
  35.097656	  -0.783650
  35.107422	  -0.818062
  35.117188	  -0.898721
  35.126953	  -0.993972
  35.136719	  -1.060523
  35.146484	  -1.058487
  35.156250	  -0.965658
  35.166016	  -0.785879
  35.175781	  -0.548377
  35.185547	  -0.298216
  35.195312	  -0.081190
  35.205078	   0.071498
  35.214844	   0.153297
  35.224609	   0.183543
  35.234375	   0.199433
  35.244141	   0.241648
  35.253906	   0.338811
  35.263672	   0.496353
  35.273438	   0.693791
  35.283203	   0.891340
  35.292969	   1.043441
  35.302734	   1.114296
  35.312500	   1.089836
  35.322266	   0.981881
  35.332031	   0.823114
  35.341797	   0.654898
  35.351562	   0.512491
  35.361328	   0.413181
  35.371094	   0.351681
  35.380859	   0.304408
  35.390625	   0.240930
  35.400391	   0.138167
  35.410156	  -0.008151
  35.419922	  -0.179259
  35.429688	  -0.338214
  35.439453	  -0.442285
  35.449219	  -0.458459
  35.458984	  -0.376384
  35.468750	  -0.213867
  35.478516	  -0.012650
  35.488281	   0.174341
  35.498047	   0.299952
  35.507812	   0.338087
  35.517578	   0.291936
  35.527344	   0.192235
  35.537109	   0.086135
  35.546875	   0.020601
  35.556641	   0.026169
  35.566406	   0.106761
  35.576172	   0.239068
  35.585938	   0.381570
  35.595703	   0.489851
  35.605469	   0.532637
  35.615234	   0.502776
  35.625000	   0.419275
  35.634766	   0.319774
  35.644531	   0.246293
  35.654297	   0.229523
  35.664062	   0.277425
  35.673828	   0.372273
  35.683594	   0.477200
  35.693359	   0.549815
  35.703125	   0.557874
  35.712891	   0.491261
  35.722656	   0.365856
  35.732422	   0.217877
  35.742188	   0.090713
  35.751953	   0.019057
  35.761719	   0.016116
  35.771484	   0.068593
  35.781250	   0.141295
  35.791016	   0.189786
  35.800781	   0.176516
  35.810547	   0.084659
  35.820312	  -0.075353
  35.830078	  -0.268941
  35.839844	  -0.449036
  35.849609	  -0.572135
  35.859375	  -0.613006
  35.869141	  -0.572855
  35.878906	  -0.478113
  35.888672	  -0.370385
  35.898438	  -0.291257
  35.908203	  -0.267478
  35.917969	  -0.301808
  35.927734	  -0.372755
  35.937500	  -0.443148
  35.947266	  -0.474351
  35.957031	  -0.440878
  35.966797	  -0.340130
  35.976562	  -0.193764
  35.986328	  -0.040292
  35.996094	   0.078343
  36.005859	   0.131308
  36.015625	   0.109325
  36.025391	   0.027355
  36.035156	  -0.081261
  36.044922	  -0.176913
  36.054688	  -0.227536
  36.064453	  -0.219107
  36.074219	  -0.159117
  36.083984	  -0.071999
  36.093750	   0.011503
  36.103516	   0.066820
  36.113281	   0.085063
  36.123047	   0.075930
  36.132812	   0.062944
  36.142578	   0.072919
  36.152344	   0.123766
  36.162109	   0.215458
  36.171875	   0.327819
  36.181641	   0.426270
  36.191406	   0.473657
  36.201172	   0.443939
  36.210938	   0.332702
  36.220703	   0.160488
  36.230469	  -0.032532
  36.240234	  -0.198887
  36.250000	  -0.298966
  36.259766	  -0.313718
  36.269531	  -0.250462
  36.279297	  -0.139755
  36.289062	  -0.024453
  36.298828	   0.055198
  36.308594	   0.075189
  36.318359	   0.035387
  36.328125	  -0.041360
  36.337891	  -0.118147
  36.347656	  -0.157619
  36.357422	  -0.135345
  36.367188	  -0.048230
  36.376953	   0.084846
  36.386719	   0.230129
  36.396484	   0.351020
  36.406250	   0.420522
  36.416016	   0.429602
  36.425781	   0.388635
  36.435547	   0.321736
  36.445312	   0.256437
  36.455078	   0.212863
  36.464844	   0.196572
  36.474609	   0.197758
  36.484375	   0.196917
  36.494141	   0.174588
  36.503906	   0.121124
  36.513672	   0.042456
  36.523438	  -0.040665
  36.533203	  -0.099897
  36.542969	  -0.110387
  36.552734	  -0.061480
  36.562500	   0.037220
  36.572266	   0.157058
  36.582031	   0.258799
  36.591797	   0.305577
  36.601562	   0.275786
  36.611328	   0.171240
  36.621094	   0.017501
  36.630859	  -0.143937
  36.640625	  -0.269014
  36.650391	  -0.325381
  36.660156	  -0.302622
  36.669922	  -0.214862
  36.679688	  -0.094972
  36.689453	   0.017385
  36.699219	   0.089438
  36.708984	   0.105690
  36.718750	   0.071267
  36.728516	   0.007182
  36.738281	  -0.060471
  36.748047	  -0.113036
  36.757812	  -0.148490
  36.767578	  -0.183473
  36.777344	  -0.247023
  36.787109	  -0.368103
  36.796875	  -0.561525
  36.806641	  -0.817724
  36.816406	  -1.100718
  36.826172	  -1.355735
  36.835938	  -1.524541
  36.845703	  -1.563569
  36.855469	  -1.458719
  36.865234	  -1.231565
  36.875000	  -0.934493
  36.884766	  -0.635993
  36.894531	  -0.400676
  36.904297	  -0.270452
  36.914062	  -0.252899
  36.923828	  -0.320507
  36.933594	  -0.420805
  36.943359	  -0.493796
  36.953125	  -0.490817
  36.962891	  -0.388662
  36.972656	  -0.194655
  36.982422	   0.058381
  36.992188	   0.324857
  37.001953	   0.561924
  37.011719	   0.742213
  37.021484	   0.859591
  37.031250	   0.926547
  37.041016	   0.964951
  37.050781	   0.994353
  37.060547	   1.022634
  37.070312	   1.042734
  37.080078	   1.036575
  37.089844	   0.984411
  37.099609	   0.875609
  37.109375	   0.716291
  37.119141	   0.530423
  37.128906	   0.353513
  37.138672	   0.221017
  37.148438	   0.155699
  37.158203	   0.158809
  37.167969	   0.208655
  37.177734	   0.267486
  37.187500	   0.294502
  37.197266	   0.260453
  37.207031	   0.158554
  37.216797	   0.007676
  37.226562	  -0.153536
  37.236328	  -0.279654
  37.246094	  -0.334031
  37.255859	  -0.301392
  37.265625	  -0.192964
  37.275391	  -0.042320
  37.285156	   0.106529
  37.294922	   0.214428
  37.304688	   0.260186
  37.314453	   0.246711
  37.324219	   0.198006
  37.333984	   0.148232
  37.343750	   0.127023
  37.353516	   0.146680
  37.363281	   0.196229
  37.373047	   0.244801
  37.382812	   0.253315
  37.392578	   0.190295
  37.402344	   0.045930
  37.412109	  -0.161014
  37.421875	  -0.386417
  37.431641	  -0.573499
  37.441406	  -0.670887
  37.451172	  -0.649895
  37.460938	  -0.514960
  37.470703	  -0.303432
  37.480469	  -0.074591
  37.490234	   0.108554
  37.500000	   0.198608
  37.509766	   0.177798
  37.519531	   0.062086
  37.529297	  -0.105766
  37.539062	  -0.271520
  37.548828	  -0.387694
  37.558594	  -0.428401
  37.568359	  -0.395894
  37.578125	  -0.316994
  37.587891	  -0.231231
  37.597656	  -0.175422
  37.607422	  -0.170459
  37.617188	  -0.215069
  37.626953	  -0.288514
  37.636719	  -0.360767
  37.646484	  -0.405940
  37.656250	  -0.413567
  37.666016	  -0.393270
  37.675781	  -0.370974
  37.685547	  -0.378108
  37.695312	  -0.438004
  37.705078	  -0.554844
  37.714844	  -0.709579
  37.724609	  -0.864694
  37.734375	  -0.976273
  37.744141	  -1.009077
  37.753906	  -0.949044
  37.763672	  -0.808526
  37.773438	  -0.622172
  37.783203	  -0.434826
  37.792969	  -0.285800
  37.802734	  -0.195297
  37.812500	  -0.157998
  37.822266	  -0.146266
  37.832031	  -0.121831
  37.841797	  -0.051651
  37.851562	   0.077966
  37.861328	   0.254356
  37.871094	   0.441397
  37.880859	   0.591465
  37.890625	   0.662211
  37.900391	   0.632036
  37.910156	   0.508515
  37.919922	   0.326504
  37.929688	   0.136422
  37.939453	  -0.013201
  37.949219	  -0.092611
  37.958984	  -0.100989
  37.968750	  -0.066065
  37.978516	  -0.033198
  37.988281	  -0.047794
  37.998047	  -0.137448
  38.007812	  -0.300386
  38.017578	  -0.504613
  38.027344	  -0.698311
  38.037109	  -0.827916
  38.046875	  -0.857464
  38.056641	  -0.782155
  38.066406	  -0.631089
  38.076172	  -0.457920
  38.085938	  -0.322499
  38.095703	  -0.269880
  38.105469	  -0.314086
  38.115234	  -0.432456
  38.125000	  -0.572693
  38.134766	  -0.670289
  38.144531	  -0.670326
  38.154297	  -0.546104
  38.164062	  -0.308178
  38.173828	  -0.000758
  38.183594	   0.313123
  38.193359	   0.572334
  38.203125	   0.736984
  38.212891	   0.799670
  38.222656	   0.784956
  38.232422	   0.737702
  38.242188	   0.704785
  38.251953	   0.717100
  38.261719	   0.778426
  38.271484	   0.865108
  38.281250	   0.936417
  38.291016	   0.951497
  38.300781	   0.886355
  38.310547	   0.744381
  38.320312	   0.556319
  38.330078	   0.369583
  38.339844	   0.230836
  38.349609	   0.168313
  38.359375	   0.180600
  38.369141	   0.236251
  38.378906	   0.284681
  38.388672	   0.274623
  38.398438	   0.173561
  38.408203	  -0.018905
  38.417969	  -0.268748
  38.427734	  -0.517300
  38.437500	  -0.699878
  38.447266	  -0.766797
  38.457031	  -0.699451
  38.466797	  -0.515892
  38.476562	  -0.264073
  38.486328	  -0.005326
  38.496094	   0.205944
  38.505859	   0.339098
  38.515625	   0.394771
  38.525391	   0.400657
  38.535156	   0.397522
  38.544922	   0.420932
  38.554688	   0.485706
  38.564453	   0.579024
  38.574219	   0.664810
  38.583984	   0.697777
  38.593750	   0.641844
  38.603516	   0.485927
  38.613281	   0.250992
  38.623047	  -0.014560
  38.632812	  -0.249850
  38.642578	  -0.401592
  38.652344	  -0.442124
  38.662109	  -0.378824
  38.671875	  -0.251421
  38.681641	  -0.117983
  38.691406	  -0.034525
  38.701172	  -0.035438
  38.710938	  -0.121721
  38.720703	  -0.261191
  38.730469	  -0.400543
  38.740234	  -0.484881
  38.750000	  -0.477681
  38.759766	  -0.373982
  38.769531	  -0.202139
  38.779297	  -0.013563
  38.789062	   0.135724
  38.798828	   0.205000
  38.808594	   0.182978
  38.818359	   0.091092
  38.828125	  -0.025149
  38.837891	  -0.113492
  38.847656	  -0.134538
  38.857422	  -0.076422
  38.867188	   0.040770
  38.876953	   0.172398
  38.886719	   0.265658
  38.896484	   0.278918
  38.906250	   0.196821
  38.916016	   0.035680
  38.925781	  -0.162776
  38.935547	  -0.346850
  38.945312	  -0.473688
  38.955078	  -0.524373
  38.964844	  -0.509620
  38.974609	  -0.463916
  38.984375	  -0.430306
  38.994141	  -0.441603
  39.003906	  -0.505211
  39.013672	  -0.597562
  39.023438	  -0.670658
  39.033203	  -0.668729
  39.042969	  -0.549219
  39.052734	  -0.300528
  39.062500	   0.050095
  39.072266	   0.441703
  39.082031	   0.796482
  39.091797	   1.042706
  39.101562	   1.136083
  39.111328	   1.072275
  39.121094	   0.886450
  39.130859	   0.640296
  39.140625	   0.401232
  39.150391	   0.221185
  39.160156	   0.122222
  39.169922	   0.093676
  39.179688	   0.101108
  39.189453	   0.103165
  39.199219	   0.069610
  39.208984	  -0.006397
  39.218750	  -0.106328
  39.228516	  -0.195131
  39.238281	  -0.237184
  39.248047	  -0.212893
  39.257812	  -0.129171
  39.267578	  -0.019351
  39.277344	   0.067870
  39.287109	   0.086562
  39.296875	   0.012010
  39.306641	  -0.147676
  39.316406	  -0.351602
  39.326172	  -0.538389
  39.335938	  -0.646770
  39.345703	  -0.637284
  39.355469	  -0.507221
  39.365234	  -0.293153
  39.375000	  -0.059744
  39.384766	   0.121592
  39.394531	   0.196851
  39.404297	   0.147964
  39.414062	  -0.000925
  39.423828	  -0.191788
  39.433594	  -0.352851
  39.443359	  -0.423543
  39.453125	  -0.375544
  39.462891	  -0.222537
  39.472656	  -0.015287
  39.482422	   0.176176
  39.492188	   0.286922
  39.501953	   0.279433
  39.511719	   0.156056
  39.521484	  -0.042652
  39.531250	  -0.252848
  39.541016	  -0.410076
  39.550781	  -0.471479
  39.560547	  -0.429646
  39.570312	  -0.313340
  39.580078	  -0.175179
  39.589844	  -0.071080
  39.599609	  -0.039207
  39.609375	  -0.086200
  39.619141	  -0.185687
  39.628906	  -0.289440
  39.638672	  -0.346836
  39.648438	  -0.325191
  39.658203	  -0.223239
  39.667969	  -0.072592
  39.677734	   0.073469
  39.687500	   0.159774
  39.697266	   0.150256
  39.707031	   0.042280
  39.716797	  -0.131214
  39.726562	  -0.312748
  39.736328	  -0.440699
  39.746094	  -0.471660
  39.755859	  -0.396604
  39.765625	  -0.244814
  39.775391	  -0.074006
  39.785156	   0.049943
  39.794922	   0.076402
  39.804688	  -0.011909
  39.814453	  -0.192678
  39.824219	  -0.411873
  39.833984	  -0.602888
  39.843750	  -0.709965
  39.853516	  -0.707393
  39.863281	  -0.607472
  39.873047	  -0.454414
  39.882812	  -0.306485
  39.892578	  -0.213047
  39.902344	  -0.195091
  39.912109	  -0.236568
  39.921875	  -0.289917
  39.931641	  -0.293907
  39.941406	  -0.197356
  39.951172	   0.019992
  39.960938	   0.337249
  39.970703	   0.696819
  39.980469	   1.022216
  39.990234	   1.243073
