# Time	Amplitude (cm/s/s)
   0.000000	  -0.231759
   0.009766	  -0.617293
   0.019531	  -0.918646
   0.029297	  -1.113402
   0.039062	  -1.207988
   0.048828	  -1.225741
   0.058594	  -1.190683
   0.068359	  -1.114097
   0.078125	  -0.989405
   0.087891	  -0.797180
   0.097656	  -0.517793
   0.107422	  -0.145932
   0.117188	   0.299595
   0.126953	   0.775582
   0.136719	   1.224554
   0.146484	   1.591845
   0.156250	   1.843010
   0.166016	   1.974358
   0.175781	   2.011677
   0.185547	   1.996644
   0.195312	   1.965325
   0.205078	   1.926699
   0.214844	   1.849865
   0.224609	   1.665993
   0.234375	   1.286039
   0.244141	   0.629424
   0.253906	  -0.345549
   0.263672	  -1.620165
   0.273438	  -3.110892
   0.283203	  -4.684922
   0.292969	  -6.191771
   0.302734	  -7.501405
   0.312500	  -8.536768
   0.322266	  -9.290094
   0.332031	  -9.817565
   0.341797	 -10.214021
   0.351562	 -10.576107
   0.361328	 -10.966171
   0.371094	 -11.388972
   0.380859	 -11.788924
   0.390625	 -12.068578
   0.400391	 -12.121840
   0.410156	 -11.870414
   0.419922	 -11.290949
   0.429688	 -10.423660
   0.439453	  -9.359664
   0.449219	  -8.211614
   0.458984	  -7.077943
   0.468750	  -6.013123
   0.478516	  -5.014134
   0.488281	  -4.027605
   0.498047	  -2.974894
   0.507812	  -1.786196
   0.517578	  -0.431813
   0.527344	   1.060168
   0.537109	   2.605637
   0.546875	   4.084726
   0.556641	   5.373361
   0.566406	   6.375188
   0.576172	   7.043247
   0.585938	   7.384712
   0.595703	   7.448178
   0.605469	   7.299169
   0.615234	   6.993479
   0.625000	   6.558327
   0.634766	   5.988121
   0.644531	   5.255955
   0.654297	   4.336097
   0.664062	   3.228610
   0.673828	   1.976479
   0.683594	   0.668304
   0.693359	  -0.575158
   0.703125	  -1.626570
   0.712891	  -2.381428
   0.722656	  -2.781797
   0.732422	  -2.826964
   0.742188	  -2.568313
   0.751953	  -2.091136
   0.761719	  -1.490336
   0.771484	  -0.848522
   0.781250	  -0.223326
   0.791016	   0.353248
   0.800781	   0.865531
   0.810547	   1.300839
   0.820312	   1.639193
   0.830078	   1.851546
   0.839844	   1.907978
   0.849609	   1.792622
   0.859375	   1.518694
   0.869141	   1.136122
   0.878906	   0.726599
   0.888672	   0.385474
   0.898438	   0.195175
   0.908203	   0.198741
   0.917969	   0.383010
   0.927734	   0.678456
   0.937500	   0.977352
   0.947266	   1.165626
   0.957031	   1.158725
   0.966797	   0.929820
   0.976562	   0.520674
   0.986328	   0.030898
   0.996094	  -0.411662
   1.005859	  -0.690281
   1.015625	  -0.735909
   1.025391	  -0.549033
   1.035156	  -0.199590
   1.044922	   0.195229
   1.054688	   0.508295
   1.064453	   0.643075
   1.074219	   0.564502
   1.083984	   0.310517
   1.093750	  -0.019071
   1.103516	  -0.292533
   1.113281	  -0.385241
   1.123047	  -0.215528
   1.132812	   0.233366
   1.142578	   0.911153
   1.152344	   1.717560
   1.162109	   2.532092
   1.171875	   3.246546
   1.181641	   3.790328
   1.191406	   4.141867
   1.201172	   4.324497
   1.210938	   4.390347
   1.220703	   4.399189
   1.230469	   4.399878
   1.240234	   4.420012
   1.250000	   4.465666
   1.259766	   4.529070
   1.269531	   4.599401
   1.279297	   4.671298
   1.289062	   4.747366
   1.298828	   4.833936
   1.308594	   4.932470
   1.318359	   5.030951
   1.328125	   5.099633
   1.337891	   5.093771
   1.347656	   4.963071
   1.357422	   4.664884
   1.367188	   4.176585
   1.376953	   3.502891
   1.386719	   2.675728
   1.396484	   1.747082
   1.406250	   0.777765
   1.416016	  -0.173715
   1.425781	  -1.058464
   1.435547	  -1.838946
   1.445312	  -2.486046
   1.455078	  -2.974460
   1.464844	  -3.280154
   1.474609	  -3.382605
   1.484375	  -3.272137
   1.494141	  -2.959854
   1.503906	  -2.485704
   1.513672	  -1.919963
   1.523438	  -1.355241
   1.533203	  -0.889401
   1.542969	  -0.603411
   1.552734	  -0.540644
   1.562500	  -0.694551
   1.572266	  -1.009448
   1.582031	  -1.395147
   1.591797	  -1.751558
   1.601562	  -1.995867
   1.611328	  -2.083772
   1.621094	  -2.018048
   1.630859	  -1.841866
   1.640625	  -1.619451
   1.650391	  -1.411003
   1.660156	  -1.250752
   1.669922	  -1.135901
   1.679688	  -1.030292
   1.689453	  -0.881331
   1.699219	  -0.643905
   1.708984	  -0.302394
   1.718750	   0.117550
   1.728516	   0.552180
   1.738281	   0.917219
   1.748047	   1.134012
   1.757812	   1.155284
   1.767578	   0.981491
   1.777344	   0.661914
   1.787109	   0.279920
   1.796875	  -0.072727
   1.806641	  -0.323805
   1.816406	  -0.441440
   1.826172	  -0.440956
   1.835938	  -0.375829
   1.845703	  -0.316375
   1.855469	  -0.323870
   1.865234	  -0.429144
   1.875000	  -0.622785
   1.884766	  -0.859701
   1.894531	  -1.075604
   1.904297	  -1.208884
   1.914062	  -1.219786
   1.923828	  -1.100271
   1.933594	  -0.871871
   1.943359	  -0.573536
   1.953125	  -0.245260
   1.962891	   0.085400
   1.972656	   0.408353
   1.982422	   0.725813
   1.992188	   1.039715
   2.001953	   1.337934
   2.011719	   1.586378
   2.021484	   1.731960
   2.031250	   1.717106
   2.041016	   1.501451
   2.050781	   1.082808
   2.060547	   0.508707
   2.070312	  -0.127543
   2.080078	  -0.707163
   2.089844	  -1.117441
   2.099609	  -1.284837
   2.109375	  -1.198603
   2.119141	  -0.916358
   2.128906	  -0.548766
   2.138672	  -0.227361
   2.148438	  -0.065425
   2.158203	  -0.124389
   2.167969	  -0.396566
   2.177734	  -0.809690
   2.187500	  -1.251418
   2.197266	  -1.605280
   2.207031	  -1.785864
   2.216797	  -1.761567
   2.226562	  -1.557876
   2.236328	  -1.241176
   2.246094	  -0.889997
   2.255859	  -0.564927
   2.265625	  -0.288555
   2.275391	  -0.042774
   2.285156	   0.215988
   2.294922	   0.530010
   2.304688	   0.912968
   2.314453	   1.333512
   2.324219	   1.717260
   2.333984	   1.967860
   2.343750	   2.000380
   2.353516	   1.775170
   2.363281	   1.319426
   2.373047	   0.727478
   2.382812	   0.137999
   2.392578	  -0.305446
   2.402344	  -0.497986
   2.412109	  -0.406654
   2.421875	  -0.081838
   2.431641	   0.357311
   2.441406	   0.759060
   2.451172	   0.985150
   2.460938	   0.951713
   2.470703	   0.651874
   2.480469	   0.153236
   2.490234	  -0.427993
   2.500000	  -0.966616
   2.509766	  -1.367873
   2.519531	  -1.593343
   2.529297	  -1.665273
   2.539062	  -1.649244
   2.548828	  -1.622820
   2.558594	  -1.642563
   2.568359	  -1.721899
   2.578125	  -1.827803
   2.587891	  -1.896902
   2.597656	  -1.864144
   2.607422	  -1.692443
   2.617188	  -1.391382
   2.626953	  -1.017339
   2.636719	  -0.654588
   2.646484	  -0.384357
   2.656250	  -0.253639
   2.666016	  -0.255983
   2.675781	  -0.332136
   2.685547	  -0.391096
   2.695312	  -0.344259
   2.705078	  -0.140176
   2.714844	   0.213246
   2.724609	   0.648000
   2.734375	   1.057810
   2.744141	   1.335260
   2.753906	   1.410974
   2.763672	   1.280342
   2.773438	   1.007387
   2.783203	   0.703399
   2.792969	   0.487142
   2.802734	   0.440456
   2.812500	   0.575244
   2.822266	   0.824305
   2.832031	   1.060384
   2.841797	   1.137852
   2.851562	   0.943257
   2.861328	   0.437435
   2.871094	  -0.325616
   2.880859	  -1.210227
   2.890625	  -2.037663
   2.900391	  -2.639325
   2.910156	  -2.906951
   2.919922	  -2.823197
   2.929688	  -2.462730
   2.939453	  -1.963996
   2.949219	  -1.481796
   2.958984	  -1.137096
   2.968750	  -0.981068
   2.978516	  -0.984993
   2.988281	  -1.058386
   2.998047	  -1.087810
   3.007812	  -0.981860
   3.017578	  -0.706090
   3.027344	  -0.295762
   3.037109	   0.157373
   3.046875	   0.538628
   3.056641	   0.751439
   3.066406	   0.750772
   3.076172	   0.556939
   3.085938	   0.245425
   3.095703	  -0.082763
   3.105469	  -0.338584
   3.115234	  -0.476061
   3.125000	  -0.505478
   3.134766	  -0.484181
   3.144531	  -0.489067
   3.154297	  -0.581832
   3.164062	  -0.780699
   3.173828	  -1.049826
   3.183594	  -1.310749
   3.193359	  -1.471667
   3.203125	  -1.463435
   3.212891	  -1.268300
   3.222656	  -0.929980
   3.232422	  -0.540570
   3.242188	  -0.208541
   3.251953	  -0.019403
   3.261719	  -0.003671
   3.271484	  -0.124381
   3.281250	  -0.289356
   3.291016	  -0.384252
   3.300781	  -0.314588
   3.310547	  -0.041326
   3.320312	   0.403282
   3.330078	   0.925831
   3.339844	   1.404514
   3.349609	   1.732681
   3.359375	   1.857107
   3.369141	   1.796576
   3.378906	   1.633425
   3.388672	   1.480711
   3.398438	   1.436842
   3.408203	   1.544565
   3.417969	   1.770052
   3.427734	   2.010833
   3.437500	   2.130829
   3.447266	   2.010638
   3.457031	   1.595148
   3.466797	   0.920849
   3.476562	   0.111999
   3.486328	  -0.654383
   3.496094	  -1.203506
   3.505859	  -1.419221
   3.515625	  -1.282330
   3.525391	  -0.877251
   3.535156	  -0.364383
   3.544922	   0.072577
   3.554688	   0.286309
   3.564453	   0.212108
   3.574219	  -0.115021
   3.583984	  -0.577755
   3.593750	  -1.021513
   3.603516	  -1.310701
   3.613281	  -1.375906
   3.623047	  -1.235415
   3.632812	  -0.983895
   3.642578	  -0.753145
   3.652344	  -0.659920
   3.662109	  -0.760412
   3.671875	  -1.028328
   3.681641	  -1.364592
   3.691406	  -1.634903
   3.701172	  -1.720923
   3.710938	  -1.565741
   3.720703	  -1.196326
   3.730469	  -0.714219
   3.740234	  -0.257635
   3.750000	   0.051039
   3.759766	   0.152587
   3.769531	   0.075016
   3.779297	  -0.075450
   3.789062	  -0.153882
   3.798828	  -0.032627
   3.808594	   0.346897
   3.818359	   0.946286
   3.828125	   1.637465
   3.837891	   2.243890
   3.847656	   2.601690
   3.857422	   2.619051
   3.867188	   2.312116
   3.876953	   1.803594
   3.886719	   1.283424
   3.896484	   0.944492
   3.906250	   0.915694
   3.916016	   1.216023
   3.925781	   1.746299
   3.935547	   2.321991
   3.945312	   2.736002
   3.955078	   2.829548
   3.964844	   2.546201
   3.974609	   1.950081
   3.984375	   1.201890
   3.994141	   0.501557
   4.003906	   0.018236
   4.013672	  -0.167074
   4.023438	  -0.085641
   4.033203	   0.136705
   4.042969	   0.332319
   4.052734	   0.359885
   4.062500	   0.162489
   4.072266	  -0.206336
   4.082031	  -0.598936
   4.091797	  -0.827027
   4.101562	  -0.733260
   4.111328	  -0.254712
   4.121094	   0.545484
   4.130859	   1.491014
   4.140625	   2.346471
   4.150391	   2.894365
   4.160156	   3.008095
   4.169922	   2.694925
   4.179688	   2.093322
   4.189453	   1.425126
   4.199219	   0.919084
   4.208984	   0.732606
   4.218750	   0.899303
   4.228516	   1.320698
   4.238281	   1.804728
   4.248047	   2.136836
   4.257812	   2.157817
   4.267578	   1.820270
   4.277344	   1.203399
   4.287109	   0.481234
   4.296875	  -0.143543
   4.306641	  -0.515324
   4.316406	  -0.582434
   4.326172	  -0.413715
   4.335938	  -0.168375
   4.345703	  -0.030225
   4.355469	  -0.131057
   4.365234	  -0.492503
   4.375000	  -1.009414
   4.384766	  -1.482698
   4.394531	  -1.691127
   4.404297	  -1.476555
   4.414062	  -0.811048
   4.423828	   0.180106
   4.433594	   1.250228
   4.443359	   2.108922
   4.453125	   2.519573
   4.462891	   2.382544
   4.472656	   1.773953
   4.482422	   0.924911
   4.492188	   0.146847
   4.501953	  -0.272191
   4.511719	  -0.164680
   4.521484	   0.459672
   4.531250	   1.417680
   4.541016	   2.415855
   4.550781	   3.151004
   4.560547	   3.413012
   4.570312	   3.153745
   4.580078	   2.498133
   4.589844	   1.694144
   4.599609	   1.020287
   4.609375	   0.684481
   4.619141	   0.751081
   4.628906	   1.122448
   4.638672	   1.581358
   4.648438	   1.878069
   4.658203	   1.829275
   4.667969	   1.391583
   4.677734	   0.681418
   4.687500	  -0.066837
   4.697266	  -0.589456
   4.707031	  -0.695736
   4.716797	  -0.345160
   4.726562	   0.330949
   4.736328	   1.073348
   4.746094	   1.589782
   4.755859	   1.666444
   4.765625	   1.254028
   4.775391	   0.494537
   4.785156	  -0.323875
   4.794922	  -0.869949
   4.804688	  -0.893687
   4.814453	  -0.325793
   4.824219	   0.686639
   4.833984	   1.824658
   4.843750	   2.709031
   4.853516	   3.039599
   4.863281	   2.710610
   4.873047	   1.856760
   4.882812	   0.808774
   4.892578	  -0.028863
   4.902344	  -0.334190
   4.912109	   0.002502
   4.921875	   0.830909
   4.931641	   1.803498
   4.941406	   2.536995
   4.951172	   2.820687
   4.960938	   2.794667
   4.970703	   3.021828
   4.980469	   4.406087
   4.990234	   7.958417
   5.000000	  14.466656
   5.009766	  24.166186
   5.019531	  36.521323
   5.029297	  50.204500
   5.039062	  63.306699
   5.048828	  73.743095
   5.058594	  79.753791
   5.068359	  80.361911
   5.078125	  75.653641
   5.087891	  66.788981
   5.097656	  55.726208
   5.107422	  44.726081
   5.117188	  35.768394
   5.126953	  30.042712
   5.136719	  27.657147
   5.146484	  27.648011
   5.156250	  28.286835
   5.166016	  27.595202
   5.175781	  23.917975
   5.185547	  16.389940
   5.195312	   5.164262
   5.205078	  -8.656621
   5.214844	 -23.358209
   5.224609	 -37.111101
   5.234375	 -48.475251
   5.244141	 -56.760673
   5.253906	 -62.141712
   5.263672	 -65.499802
   5.273438	 -68.053291
   5.283203	 -70.896518
   5.292969	 -74.594990
   5.302734	 -78.962381
   5.312500	 -83.085752
   5.322266	 -85.587070
   5.332031	 -85.036375
   5.341797	 -80.387117
   5.351562	 -71.300547
   5.361328	 -58.263594
   5.371094	 -42.470848
   5.380859	 -25.514689
   5.390625	  -8.985362
   5.400391	   5.892905
   5.410156	  18.479577
   5.419922	  28.729441
   5.429688	  37.006627
   5.439453	  43.773827
   5.449219	  49.269713
   5.458984	  53.291108
   5.468750	  55.162380
   5.478516	  53.913600
   5.488281	  48.620170
   5.498047	  38.801313
   5.507812	  24.750157
   5.517578	   7.682061
   5.527344	 -10.363406
   5.537109	 -26.861959
   5.546875	 -39.310729
   5.556641	 -45.776069
   5.566406	 -45.342191
   5.576172	 -38.342785
   5.585938	 -26.312891
   5.595703	 -11.670113
   5.605469	   2.797171
   5.615234	  14.510212
   5.625000	  21.611380
   5.634766	  23.292027
   5.644531	  19.872936
   5.654297	  12.637578
   5.664062	   3.477667
   5.673828	  -5.550330
   5.683594	 -12.648721
   5.693359	 -16.591672
   5.703125	 -16.876550
   5.712891	 -13.708992
   5.722656	  -7.857293
   5.732422	  -0.434865
   5.742188	   7.328501
   5.751953	  14.281711
   5.761719	  19.493936
   5.771484	  22.346167
   5.781250	  22.588863
   5.791016	  20.379818
   5.800781	  16.302539
   5.810547	  11.347612
   5.820312	   6.828223
   5.830078	   4.204597
   5.839844	   4.813708
   5.849609	   9.535584
   5.859375	  18.464823
   5.869141	  30.680860
   5.878906	  44.210233
   5.888672	  56.242158
   5.898438	  63.599041
   5.908203	  63.389963
   5.917969	  53.708923
   5.927734	  34.202734
   5.937500	   6.342046
   5.947266	 -26.712985
   5.957031	 -60.664206
   5.966797	 -90.944498
   5.976562	-113.709520
   5.986328	-126.707689
   5.996094	-129.798162
   6.005859	-124.965880
   6.015625	-115.809021
   6.025391	-106.614498
   6.035156	-101.252279
   6.044922	-102.175166
   6.054688	-109.788932
   6.064453	-122.361553
   6.074219	-136.495091
   6.083984	-148.029662
   6.093750	-153.130214
   6.103516	-149.257989
   6.113281	-135.764607
   6.123047	-113.957583
   6.132812	 -86.639435
   6.142578	 -57.273337
   6.152344	 -29.031738
   6.162109	  -4.010027
   6.171875	  17.171687
   6.181641	  35.280672
   6.191406	  51.951558
   6.201172	  68.920197
   6.210938	  87.268621
   6.220703	 106.927337
   6.230469	 126.592322
   6.240234	 144.076280
   6.250000	 156.971273
   6.259766	 163.398584
   6.269531	 162.594063
   6.279297	 155.132311
   6.289062	 142.713104
   6.298828	 127.579772
   6.308594	 111.764246
   6.318359	  96.415989
   6.328125	  81.450604
   6.337891	  65.653949
   6.347656	  47.229739
   6.357422	  24.629608
   6.367188	  -2.597798
   6.376953	 -33.223896
   6.386719	 -64.240757
   6.396484	 -91.323839
   6.406250	-109.767081
   6.416016	-115.653401
   6.425781	-106.942513
   6.435547	 -84.168220
   6.445312	 -50.536756
   6.455078	 -11.377647
   6.464844	  26.927281
   6.474609	  58.272582
   6.484375	  78.086963
   6.494141	  84.217134
   6.503906	  77.240203
   6.513672	  60.159603
   6.523438	  37.594988
   6.533203	  14.692419
   6.542969	  -3.970869
   6.552734	 -15.239493
   6.562500	 -17.829912
   6.572266	 -12.333002
   6.582031	  -0.836072
   6.591797	  13.692257
   6.601562	  28.083860
   6.611328	  39.570134
   6.621094	  46.201925
   6.630859	  47.057059
   6.640625	  42.253942
   6.650391	  32.818060
   6.660156	  20.451976
   6.669922	   7.247609
   6.679688	  -4.634625
   6.689453	 -13.300183
   6.699219	 -17.440228
   6.708984	 -16.591691
   6.718750	 -11.277914
   6.728516	  -2.971698
   6.738281	   6.151926
   6.748047	  13.657415
   6.757812	  17.409693
   6.767578	  16.128018
   6.777344	   9.783779
   6.787109	  -0.286974
   6.796875	 -11.622607
   6.806641	 -21.200511
   6.816406	 -26.204788
   6.826172	 -24.803712
   6.835938	 -16.722993
   6.845703	  -3.441158
   6.855469	  12.072675
   6.865234	  26.035095
   6.875000	  34.777382
   6.884766	  35.688349
   6.894531	  27.919339
   6.904297	  12.657317
   6.914062	  -7.114711
   6.923828	 -27.313168
   6.933594	 -43.725714
   6.943359	 -53.006629
   6.953125	 -53.439901
   6.962891	 -45.281117
   6.972656	 -30.606277
   6.982422	 -12.728490
   6.992188	   4.645405
   7.001953	  18.287334
   7.011719	  26.125946
   7.021484	  27.574458
   7.031250	  23.459003
   7.041016	  15.609934
   7.050781	   6.263947
   7.060547	  -2.538736
   7.070312	  -9.397101
   7.080078	 -13.731875
   7.089844	 -15.695522
   7.099609	 -15.880281
   7.109375	 -14.948457
   7.119141	 -13.320013
   7.128906	 -11.020442
   7.138672	  -7.730173
   7.148438	  -3.006249
   7.158203	   3.410096
   7.167969	  11.313377
   7.177734	  19.885270
   7.187500	  27.740122
   7.197266	  33.167791
   7.207031	  34.517673
   7.216797	  30.625388
   7.226562	  21.169216
   7.236328	   6.859703
   7.246094	 -10.592954
   7.255859	 -28.734844
   7.265625	 -44.795745
   7.275391	 -56.197106
   7.285156	 -61.033021
   7.294922	 -58.424603
   7.304688	 -48.677356
   7.314453	 -33.213853
   7.324219	 -14.300527
   7.333984	   5.372214
   7.343750	  23.170402
   7.353516	  36.962677
   7.363281	  45.447714
   7.373047	  48.305093
   7.382812	  46.149272
   7.392578	  40.306942
   7.402344	  32.473709
   7.412109	  24.329316
   7.421875	  17.196407
   7.431641	  11.814785
   7.441406	   8.273872
   7.451172	   6.107300
   7.460938	   4.514506
   7.470703	   2.644417
   7.480469	  -0.136568
   7.490234	  -4.062581
   7.500000	  -8.916713
   7.509766	 -14.116983
   7.519531	 -18.908360
   7.529297	 -22.600248
   7.539062	 -24.777304
   7.548828	 -25.420621
   7.558594	 -24.903480
   7.568359	 -23.863028
   7.578125	 -22.985703
   7.587891	 -22.769489
   7.597656	 -23.333150
   7.607422	 -24.329776
   7.617188	 -24.993328
   7.626953	 -24.310799
   7.636719	 -21.279251
   7.646484	 -15.185162
   7.656250	  -5.838330
   7.666016	   6.295702
   7.675781	  20.096424
   7.685547	  33.924275
   7.695312	  45.865782
   7.705078	  54.042169
   7.714844	  56.926523
   7.724609	  53.616096
   7.734375	  44.015853
   7.744141	  28.903781
   7.753906	   9.865005
   7.763672	 -10.901182
   7.773438	 -30.880332
   7.783203	 -47.610406
   7.792969	 -59.065950
   7.802734	 -63.997007
   7.812500	 -62.159350
   7.822266	 -54.382839
   7.832031	 -42.448318
   7.841797	 -28.778409
   7.851562	 -15.987880
   7.861328	  -6.375514
   7.871094	  -1.461472
   7.880859	  -1.673671
   7.890625	  -6.260764
   7.900391	 -13.461490
   7.910156	 -20.901117
   7.919922	 -26.129885
   7.929688	 -27.181128
   7.939453	 -23.018946
   7.949219	 -13.770397
   7.958984	  -0.689501
   7.968750	  14.133473
   7.978516	  28.241691
   7.988281	  39.342833
   7.998047	  45.773793
   8.007812	  46.794473
   8.017578	  42.655492
   8.027344	  34.445292
   8.037109	  23.776799
   8.046875	  12.407707
   8.056641	   1.893603
   8.066406	  -6.649331
   8.076172	 -12.636318
   8.085938	 -15.970377
   8.095703	 -16.908455
   8.105469	 -15.898617
   8.115234	 -13.443403
   8.125000	 -10.020934
   8.134766	  -6.065039
   8.144531	  -1.980245
   8.154297	   1.843781
   8.164062	   5.047788
   8.173828	   7.358235
   8.183594	   8.667308
   8.193359	   9.103534
   8.203125	   9.053681
   8.212891	   9.108492
   8.222656	   9.930119
   8.232422	  12.069048
   8.242188	  15.781667
   8.251953	  20.907144
   8.261719	  26.849880
   8.271484	  32.684359
   8.281250	  37.361788
   8.291016	  39.964687
   8.300781	  39.937970
   8.310547	  37.229382
   8.320312	  32.297837
   8.330078	  25.987337
   8.339844	  19.304369
   8.349609	  13.165055
   8.359375	   8.185803
   8.369141	   4.575361
   8.378906	   2.152620
   8.388672	   0.474140
   8.398438	  -0.978223
   8.408203	  -2.615370
   8.417969	  -4.624104
   8.427734	  -6.948675
   8.437500	  -9.367489
   8.447266	 -11.627639
   8.457031	 -13.579986
   8.466797	 -15.258757
   8.476562	 -16.871426
   8.486328	 -18.699477
   8.496094	 -20.946053
   8.505859	 -23.589930
   8.515625	 -26.307795
   8.525391	 -28.506818
   8.535156	 -29.472875
   8.544922	 -28.598465
   8.554688	 -25.622214
   8.564453	 -20.800325
   8.574219	 -14.944250
   8.583984	  -9.295233
   8.593750	  -5.254463
   8.603516	  -4.033012
   8.613281	  -6.314161
   8.623047	 -12.023031
   8.632812	 -20.273135
   8.642578	 -29.513483
   8.652344	 -37.846191
   8.662109	 -43.438669
   8.671875	 -44.929121
   8.681641	 -41.726261
   8.691406	 -34.132549
   8.701172	 -23.266283
   8.710938	 -10.808370
   8.720703	   1.359220
   8.730469	  11.534833
   8.740234	  18.512227
   8.750000	  21.766769
   8.759766	  21.486491
   8.769531	  18.460048
   8.779297	  13.863613
   8.789062	   9.003978
   8.798828	   5.074038
   8.808594	   2.962905
   8.818359	   3.142530
   8.828125	   5.633050
   8.837891	  10.035220
   8.847656	  15.612561
   8.857422	  21.406574
   8.867188	  26.372324
   8.876953	  29.524560
   8.886719	  30.083982
   8.896484	  27.609022
   8.906250	  22.093091
   8.916016	  14.004580
   8.925781	   4.250462
   8.935547	  -5.944105
   8.945312	 -15.229836
   8.955078	 -22.370600
   8.964844	 -26.477453
   8.974609	 -27.186810
   8.984375	 -24.737377
   8.994141	 -19.920901
   9.003906	 -13.910963
   9.013672	  -8.004598
   9.023438	  -3.334975
   9.033203	  -0.622829
   9.042969	  -0.026543
   9.052734	  -1.127189
   9.062500	  -3.051476
   9.072266	  -4.701257
   9.082031	  -5.032058
   9.091797	  -3.312098
   9.101562	   0.700073
   9.111328	   6.698874
   9.121094	  13.904114
   9.130859	  21.238788
   9.140625	  27.564481
   9.150391	  31.916326
   9.160156	  33.684514
   9.169922	  32.707241
   9.179688	  29.264692
   9.189453	  23.987961
   9.199219	  17.714309
   9.208984	  11.326991
   9.218750	   5.613897
   9.228516	   1.167237
   9.238281	  -1.668473
   9.248047	  -2.805765
   9.257812	  -2.393738
   9.267578	  -0.780891
   9.277344	   1.530483
   9.287109	   3.936901
   9.296875	   5.796625
   9.306641	   6.506445
   9.316406	   5.590642
   9.326172	   2.792019
   9.335938	  -1.853446
   9.345703	  -7.980717
   9.355469	 -14.917843
   9.365234	 -21.774403
   9.375000	 -27.588145
   9.384766	 -31.504282
   9.394531	 -32.949086
   9.404297	 -31.755756
   9.414062	 -28.208317
   9.423828	 -22.987418
   9.433594	 -17.025976
   9.443359	 -11.306128
   9.453125	  -6.645359
   9.462891	  -3.523836
   9.472656	  -1.995387
   9.482422	  -1.703551
   9.492188	  -1.997092
   9.501953	  -2.113925
   9.511719	  -1.385324
   9.521484	   0.591784
   9.531250	   3.856711
   9.541016	   8.082652
   9.550781	  12.665960
   9.560547	  16.879590
   9.570312	  20.048374
   9.580078	  21.701052
   9.589844	  21.663321
   9.599609	  20.074183
   9.609375	  17.328980
   9.619141	  13.970670
   9.628906	  10.561424
   9.638672	   7.567415
   9.648438	   5.281786
   9.658203	   3.797366
   9.667969	   3.026545
   9.677734	   2.754687
   9.687500	   2.708401
   9.697266	   2.621006
   9.707031	   2.283129
   9.716797	   1.573551
   9.726562	   0.471496
   9.736328	  -0.945490
   9.746094	  -2.514117
   9.755859	  -4.006677
   9.765625	  -5.161566
   9.775391	  -5.723693
   9.785156	  -5.492989
   9.794922	  -4.374687
   9.804688	  -2.420415
   9.814453	   0.153182
   9.824219	   2.979569
   9.833984	   5.595708
   9.843750	   7.528010
   9.853516	   8.394392
   9.863281	   7.998332
   9.873047	   6.389307
   9.882812	   3.870012
   9.892578	   0.943333
   9.902344	  -1.792086
   9.912109	  -3.774165
   9.921875	  -4.605117
   9.931641	  -4.141918
   9.941406	  -2.525794
   9.951172	  -0.142852
   9.960938	   2.473734
   9.970703	   4.774111
   9.980469	   6.320667
   9.990234	   6.882796
  10.000000	   6.475162
  10.009766	   5.333182
  10.019531	   3.836455
  10.029297	   2.403848
  10.039062	   1.389464
  10.048828	   1.005686
  10.058594	   1.289453
  10.068359	   2.114491
  10.078125	   3.239641
  10.087891	   4.375364
  10.097656	   5.248872
  10.107422	   5.652639
  10.117188	   5.469207
  10.126953	   4.673799
  10.136719	   3.322326
  10.146484	   1.534219
  10.156250	  -0.522957
  10.166016	  -2.645123
  10.175781	  -4.602616
  10.185547	  -6.156103
  10.195312	  -7.082159
  10.205078	  -7.208695
  10.214844	  -6.454452
  10.224609	  -4.861715
  10.234375	  -2.609770
  10.244141	   0.000381
  10.253906	   2.592423
  10.263672	   4.785296
  10.273438	   6.272639
  10.283203	   6.891257
  10.292969	   6.659858
  10.302734	   5.776125
  10.312500	   4.570936
  10.322266	   3.430068
  10.332031	   2.702640
  10.341797	   2.619176
  10.351562	   3.239485
  10.361328	   4.442360
  10.371094	   5.957955
  10.380859	   7.432856
  10.390625	   8.510224
  10.400391	   8.905063
  10.410156	   8.457661
  10.419922	   7.155370
  10.429688	   5.121693
  10.439453	   2.579530
  10.449219	  -0.199619
  10.458984	  -2.947502
  10.468750	  -5.441304
  10.478516	  -7.529832
  10.488281	  -9.142221
  10.498047	 -10.281559
  10.507812	 -11.008017
  10.517578	 -11.416524
  10.527344	 -11.613332
  10.537109	 -11.694772
  10.546875	 -11.730598
  10.556641	 -11.753803
  10.566406	 -11.758292
  10.576172	 -11.705041
  10.585938	 -11.535875
  10.595703	 -11.192172
  10.605469	 -10.633896
  10.615234	  -9.853478
  10.625000	  -8.879740
  10.634766	  -7.769550
  10.644531	  -6.588697
  10.654297	  -5.387488
  10.664062	  -4.179207
  10.673828	  -2.929809
  10.683594	  -1.564424
  10.693359	   0.008881
  10.703125	   1.863649
  10.712891	   4.018225
  10.722656	   6.409763
  10.732422	   8.888995
  10.742188	  11.239980
  10.751953	  13.221342
  10.761719	  14.618356
  10.771484	  15.291143
  10.781250	  15.204667
  10.791016	  14.431417
  10.800781	  13.126008
  10.810547	  11.479774
  10.820312	   9.669876
  10.830078	   7.819138
  10.839844	   5.979164
  10.849609	   4.141354
  10.859375	   2.270803
  10.869141	   0.350089
  10.878906	  -1.583649
  10.888672	  -3.422860
  10.898438	  -5.002216
  10.908203	  -6.137107
  10.917969	  -6.676084
  10.927734	  -6.549998
  10.937500	  -5.800986
  10.947266	  -4.580713
  10.957031	  -3.117162
  10.966797	  -1.659630
  10.976562	  -0.418749
  10.986328	   0.480057
  10.996094	   1.015818
  11.005859	   1.259305
  11.015625	   1.334288
  11.025391	   1.367155
  11.035156	   1.442597
  11.044922	   1.580281
  11.054688	   1.739416
  11.064453	   1.847874
  11.074219	   1.843609
  11.083984	   1.711719
  11.093750	   1.502162
  11.103516	   1.320329
  11.113281	   1.292774
  11.123047	   1.519850
  11.132812	   2.032412
  11.142578	   2.769007
  11.152344	   3.583428
  11.162109	   4.282111
  11.171875	   4.680463
  11.181641	   4.660212
  11.191406	   4.208920
  11.201172	   3.428244
  11.210938	   2.507555
  11.220703	   1.670803
  11.230469	   1.113198
  11.240234	   0.947450
  11.250000	   1.175946
  11.259766	   1.696532
  11.269531	   2.338576
  11.279297	   2.916358
  11.289062	   3.281909
  11.298828	   3.360629
  11.308594	   3.159765
  11.318359	   2.749692
  11.328125	   2.227250
  11.337891	   1.676017
  11.347656	   1.138440
  11.357422	   0.609382
  11.367188	   0.051971
  11.376953	  -0.572077
  11.386719	  -1.271010
  11.396484	  -2.004217
  11.406250	  -2.684821
  11.416016	  -3.204120
  11.425781	  -3.469618
  11.435547	  -3.442536
  11.445312	  -3.160105
  11.455078	  -2.732714
  11.464844	  -2.314742
  11.474609	  -2.057393
  11.484375	  -2.058830
  11.494141	  -2.328643
  11.503906	  -2.779587
  11.513672	  -3.250720
  11.523438	  -3.555609
  11.533203	  -3.540664
  11.542969	  -3.134877
  11.552734	  -2.374680
  11.562500	  -1.395478
  11.572266	  -0.392151
  11.582031	   0.439145
  11.591797	   0.959525
  11.601562	   1.127831
  11.611328	   1.010395
  11.621094	   0.757336
  11.630859	   0.553099
  11.640625	   0.556825
  11.650391	   0.850858
  11.660156	   1.412698
  11.669922	   2.118052
  11.679688	   2.773091
  11.689453	   3.165524
  11.699219	   3.119399
  11.708984	   2.538603
  11.718750	   1.428634
  11.728516	  -0.106702
  11.738281	  -1.889805
  11.748047	  -3.706095
  11.757812	  -5.342680
  11.767578	  -6.620199
  11.777344	  -7.413207
  11.787109	  -7.658820
  11.796875	  -7.356475
  11.806641	  -6.562552
  11.816406	  -5.382467
  11.826172	  -3.960677
  11.835938	  -2.467199
  11.845703	  -1.078932
  11.855469	   0.044340
  11.865234	   0.786515
  11.875000	   1.098606
  11.884766	   1.011944
  11.894531	   0.635099
  11.904297	   0.132229
  11.914062	  -0.314062
  11.923828	  -0.546958
  11.933594	  -0.475118
  11.943359	  -0.096334
  11.953125	   0.502382
  11.962891	   1.169236
  11.972656	   1.730188
  11.982422	   2.037553
  11.992188	   2.010555
  12.001953	   1.656026
  12.011719	   1.063538
  12.021484	   0.377026
  12.031250	  -0.247829
  12.041016	  -0.687132
  12.050781	  -0.880050
  12.060547	  -0.839040
  12.070312	  -0.637245
  12.080078	  -0.378579
  12.089844	  -0.161195
  12.099609	  -0.046492
  12.109375	  -0.043199
  12.119141	  -0.110484
  12.128906	  -0.177459
  12.138672	  -0.171201
  12.148438	  -0.043148
  12.158203	   0.214903
  12.167969	   0.569701
  12.177734	   0.959304
  12.187500	   1.313939
  12.197266	   1.576853
  12.207031	   1.717828
  12.216797	   1.735435
  12.226562	   1.648696
  12.236328	   1.482860
  12.246094	   1.255891
  12.255859	   0.971518
  12.265625	   0.621537
  12.275391	   0.195977
  12.285156	  -0.303759
  12.294922	  -0.855086
  12.304688	  -1.412870
  12.314453	  -1.918271
  12.324219	  -2.315313
  12.333984	  -2.569263
  12.343750	  -2.679654
  12.353516	  -2.682289
  12.363281	  -2.638354
  12.373047	  -2.613534
  12.382812	  -2.653960
  12.392578	  -2.767436
  12.402344	  -2.917031
  12.412109	  -3.030084
  12.421875	  -3.020431
  12.431641	  -2.816939
  12.441406	  -2.388983
  12.451172	  -1.760251
  12.460938	  -1.005920
  12.470703	  -0.233730
  12.480469	   0.445230
  12.490234	   0.946774
  12.500000	   1.235359
  12.509766	   1.330606
  12.519531	   1.296921
  12.529297	   1.219995
  12.539062	   1.178054
  12.548828	   1.217086
  12.558594	   1.337574
  12.568359	   1.496161
  12.578125	   1.620735
  12.587891	   1.633236
  12.597656	   1.472520
  12.607422	   1.110337
  12.617188	   0.556422
  12.626953	  -0.147280
  12.636719	  -0.939686
  12.646484	  -1.755471
  12.656250	  -2.536667
  12.666016	  -3.237988
  12.675781	  -3.825977
  12.685547	  -4.274697
  12.695312	  -4.561833
  12.705078	  -4.668394
  12.714844	  -4.583035
  12.724609	  -4.309292
  12.734375	  -3.872087
  12.744141	  -3.319404
  12.753906	  -2.716526
  12.763672	  -2.133030
  12.773438	  -1.625811
  12.783203	  -1.223500
  12.792969	  -0.917883
  12.802734	  -0.665953
  12.812500	  -0.402815
  12.822266	  -0.061907
  12.832031	   0.403731
  12.841797	   1.005972
  12.851562	   1.716914
  12.861328	   2.476402
  12.871094	   3.208987
  12.880859	   3.844353
  12.890625	   4.334169
  12.900391	   4.659818
  12.910156	   4.828925
  12.919922	   4.862897
  12.929688	   4.781032
  12.939453	   4.588072
  12.949219	   4.270679
  12.958984	   3.804764
  12.968750	   3.171151
  12.978516	   2.373467
  12.988281	   1.450672
  12.998047	   0.478135
  13.007812	  -0.444946
  13.017578	  -1.218958
  13.027344	  -1.770937
  13.037109	  -2.076121
  13.046875	  -2.166000
  13.056641	  -2.118984
  13.066406	  -2.035607
  13.076172	  -2.005549
  13.085938	  -2.076990
  13.095703	  -2.238533
  13.105469	  -2.420240
  13.115234	  -2.514264
  13.125000	  -2.409191
  13.134766	  -2.027590
  13.144531	  -1.355003
  13.154297	  -0.451150
  13.164062	   0.560417
  13.173828	   1.521226
  13.183594	   2.276754
  13.193359	   2.713752
  13.203125	   2.785359
  13.212891	   2.517504
  13.222656	   1.996052
  13.232422	   1.340004
  13.242188	   0.669818
  13.251953	   0.080529
  13.261719	  -0.373215
  13.271484	  -0.677748
  13.281250	  -0.849148
  13.291016	  -0.916341
  13.300781	  -0.905791
  13.310547	  -0.833334
  13.320312	  -0.705136
  13.330078	  -0.525707
  13.339844	  -0.307965
  13.349609	  -0.079630
  13.359375	   0.118082
  13.369141	   0.240100
  13.378906	   0.252368
  13.388672	   0.146264
  13.398438	  -0.053563
  13.408203	  -0.292000
  13.417969	  -0.497337
  13.427734	  -0.602475
  13.437500	  -0.566819
  13.447266	  -0.391534
  13.457031	  -0.122708
  13.466797	   0.159198
  13.476562	   0.360720
  13.486328	   0.401128
  13.496094	   0.234620
  13.505859	  -0.137734
  13.515625	  -0.669607
  13.525391	  -1.283530
  13.535156	  -1.892493
  13.544922	  -2.421972
  13.554688	  -2.825648
  13.564453	  -3.090657
  13.574219	  -3.232047
  13.583984	  -3.279739
  13.593750	  -3.263556
  13.603516	  -3.201966
  13.613281	  -3.098263
  13.623047	  -2.944724
  13.632812	  -2.732112
  13.642578	  -2.459925
  13.652344	  -2.142656
  13.662109	  -1.809116
  13.671875	  -1.494730
  13.681641	  -1.229618
  13.691406	  -1.027082
  13.701172	  -0.877109
  13.710938	  -0.747756
  13.720703	  -0.594432
  13.730469	  -0.374155
  13.740234	  -0.060041
  13.750000	   0.348878
  13.759766	   0.825785
  13.769531	   1.322682
  13.779297	   1.783089
  13.789062	   2.156483
  13.798828	   2.409764
  13.808594	   2.532337
  13.818359	   2.533846
  13.828125	   2.436256
  13.837891	   2.263863
  13.847656	   2.035186
  13.857422	   1.759640
  13.867188	   1.439657
  13.876953	   1.076683
  13.886719	   0.677861
  13.896484	   0.260074
  13.906250	  -0.150789
  13.916016	  -0.525318
  13.925781	  -0.838660
  13.935547	  -1.077743
  13.945312	  -1.244342
  13.955078	  -1.352228
  13.964844	  -1.419089
  13.974609	  -1.456155
  13.984375	  -1.459766
  13.994141	  -1.408763
  14.003906	  -1.269641
  14.013672	  -1.008562
  14.023438	  -0.606537
  14.033203	  -0.072519
  14.042969	   0.550661
  14.052734	   1.190489
  14.062500	   1.758798
  14.072266	   2.171985
  14.082031	   2.371500
  14.091797	   2.338375
  14.101562	   2.097322
  14.111328	   1.709181
  14.121094	   1.254228
  14.130859	   0.811655
  14.140625	   0.441555
  14.150391	   0.174642
  14.160156	   0.012061
  14.169922	  -0.065832
  14.179688	  -0.085867
  14.189453	  -0.069072
  14.199219	  -0.023129
  14.208984	   0.057316
  14.218750	   0.183286
  14.228516	   0.360627
  14.238281	   0.580603
  14.248047	   0.816319
  14.257812	   1.027000
  14.267578	   1.169117
  14.277344	   1.210516
  14.287109	   1.142360
  14.296875	   0.984248
  14.306641	   0.780175
  14.316406	   0.586235
  14.326172	   0.453923
  14.335938	   0.414558
  14.345703	   0.469973
  14.355469	   0.592510
  14.365234	   0.734117
  14.375000	   0.841250
  14.384766	   0.870410
  14.394531	   0.799154
  14.404297	   0.629296
  14.414062	   0.381974
  14.423828	   0.087299
  14.433594	  -0.226895
  14.443359	  -0.542581
  14.453125	  -0.852535
  14.462891	  -1.154819
  14.472656	  -1.443680
  14.482422	  -1.701452
  14.492188	  -1.895906
  14.501953	  -1.985473
  14.511719	  -1.931552
  14.521484	  -1.714009
  14.531250	  -1.344102
  14.541016	  -0.869296
  14.550781	  -0.366788
  14.560547	   0.073670
  14.570312	   0.373215
  14.580078	   0.486525
  14.589844	   0.416333
  14.599609	   0.214627
  14.609375	  -0.030588
  14.619141	  -0.219525
  14.628906	  -0.268785
  14.638672	  -0.135058
  14.648438	   0.172770
  14.658203	   0.596582
  14.667969	   1.045872
  14.677734	   1.423037
  14.687500	   1.649275
  14.697266	   1.683448
  14.707031	   1.528864
  14.716797	   1.227024
  14.726562	   0.841522
  14.736328	   0.438109
  14.746094	   0.067530
  14.755859	  -0.243853
  14.765625	  -0.493872
  14.775391	  -0.696469
  14.785156	  -0.869974
  14.794922	  -1.026759
  14.804688	  -1.168075
  14.814453	  -1.285357
  14.824219	  -1.366452
  14.833984	  -1.403213
  14.843750	  -1.396529
  14.853516	  -1.356169
  14.863281	  -1.295286
  14.873047	  -1.221980
  14.882812	  -1.131893
  14.892578	  -1.005778
  14.902344	  -0.814135
  14.912109	  -0.528223
  14.921875	  -0.133908
  14.931641	   0.356832
  14.941406	   0.901641
  14.951172	   1.433493
  14.960938	   1.875673
  14.970703	   2.161887
  14.980469	   2.255213
  14.990234	   2.159482
  15.000000	   1.918944
  15.009766	   1.605796
  15.019531	   1.299224
  15.029297	   1.062569
  15.039062	   0.925948
  15.048828	   0.879945
  15.058594	   0.882281
  15.068359	   0.875022
  15.078125	   0.806320
  15.087891	   0.649227
  15.097656	   0.411186
  15.107422	   0.131136
  15.117188	  -0.134528
  15.126953	  -0.332007
  15.136719	  -0.428976
  15.146484	  -0.425648
  15.156250	  -0.354141
  15.166016	  -0.266501
  15.175781	  -0.215701
  15.185547	  -0.236409
  15.195312	  -0.332348
  15.205078	  -0.474692
  15.214844	  -0.612013
  15.224609	  -0.688226
  15.234375	  -0.662193
  15.244141	  -0.522134
  15.253906	  -0.289885
  15.263672	  -0.013671
  15.273438	   0.247914
  15.283203	   0.445008
  15.292969	   0.551990
  15.302734	   0.574143
  15.312500	   0.543456
  15.322266	   0.505386
  15.332031	   0.501561
  15.341797	   0.554651
  15.351562	   0.660664
  15.361328	   0.791128
  15.371094	   0.903955
  15.380859	   0.958790
  15.390625	   0.931105
  15.400391	   0.820052
  15.410156	   0.647493
  15.419922	   0.449019
  15.429688	   0.260648
  15.439453	   0.106433
  15.449219	  -0.008360
  15.458984	  -0.096084
  15.468750	  -0.178298
  15.478516	  -0.273675
  15.488281	  -0.387230
  15.498047	  -0.505369
  15.507812	  -0.599038
  15.517578	  -0.634078
  15.527344	  -0.585071
  15.537109	  -0.447437
  15.546875	  -0.243018
  15.556641	  -0.016610
  15.566406	   0.175812
  15.576172	   0.283417
  15.585938	   0.275865
  15.595703	   0.152414
  15.605469	  -0.058374
  15.615234	  -0.308198
  15.625000	  -0.544499
  15.634766	  -0.726495
  15.644531	  -0.836280
  15.654297	  -0.881395
  15.664062	  -0.888375
  15.673828	  -0.890045
  15.683594	  -0.911520
  15.693359	  -0.960177
  15.703125	  -1.023306
  15.712891	  -1.074099
  15.722656	  -1.083528
  15.732422	  -1.033341
  15.742188	  -0.925016
  15.751953	  -0.780974
  15.761719	  -0.637332
  15.771484	  -0.530670
  15.781250	  -0.483694
  15.791016	  -0.495260
  15.800781	  -0.538755
  15.810547	  -0.569901
  15.820312	  -0.541584
  15.830078	  -0.420678
  15.839844	  -0.200935
  15.849609	   0.092760
  15.859375	   0.410541
  15.869141	   0.692289
  15.878906	   0.886115
  15.888672	   0.964402
  15.898438	   0.932051
  15.908203	   0.824202
  15.917969	   0.694320
  15.927734	   0.596747
  15.937500	   0.569616
  15.947266	   0.623739
  15.957031	   0.740864
  15.966797	   0.881416
  15.976562	   0.998568
  15.986328	   1.053540
  15.996094	   1.026860
  16.005859	   0.922083
  16.015625	   0.761369
  16.025391	   0.575270
  16.035156	   0.391044
  16.044922	   0.224044
  16.054688	   0.075252
  16.064453	  -0.064579
  16.074219	  -0.206388
  16.083984	  -0.353851
  16.093750	  -0.498062
  16.103516	  -0.618426
  16.113281	  -0.689719
  16.123047	  -0.692675
  16.132812	  -0.623815
  16.142578	  -0.500286
  16.152344	  -0.357160
  16.162109	  -0.237506
  16.171875	  -0.178329
  16.181641	  -0.197324
  16.191406	  -0.285380
  16.201172	  -0.407984
  16.210938	  -0.515570
  16.220703	  -0.559691
  16.230469	  -0.509641
  16.240234	  -0.363812
  16.250000	  -0.151699
  16.259766	   0.074363
  16.269531	   0.255174
  16.279297	   0.343099
  16.289062	   0.316831
  16.298828	   0.187602
  16.308594	  -0.005089
  16.318359	  -0.206621
  16.328125	  -0.364642
  16.337891	  -0.444766
  16.347656	  -0.439393
  16.357422	  -0.367007
  16.367188	  -0.262739
  16.376953	  -0.163992
  16.386719	  -0.096570
  16.396484	  -0.066290
  16.406250	  -0.058916
  16.416016	  -0.048029
  16.425781	  -0.007539
  16.435547	   0.076165
  16.445312	   0.197174
  16.455078	   0.330867
  16.464844	   0.442288
  16.474609	   0.498908
  16.484375	   0.482878
  16.494141	   0.398046
  16.503906	   0.268964
  16.513672	   0.132106
  16.523438	   0.022496
  16.533203	  -0.039268
  16.542969	  -0.054675
  16.552734	  -0.046624
  16.562500	  -0.050472
  16.572266	  -0.099978
  16.582031	  -0.213302
  16.591797	  -0.384337
  16.601562	  -0.582791
  16.611328	  -0.763329
  16.621094	  -0.880710
  16.630859	  -0.905636
  16.640625	  -0.835569
  16.650391	  -0.696494
  16.660156	  -0.534742
  16.669922	  -0.401532
  16.679688	  -0.335522
  16.689453	  -0.349459
  16.699219	  -0.425645
  16.708984	  -0.521901
  16.718750	  -0.586035
  16.728516	  -0.573867
  16.738281	  -0.464593
  16.748047	  -0.268238
  16.757812	  -0.022689
  16.767578	   0.218554
  16.777344	   0.403599
  16.787109	   0.498389
  16.796875	   0.496445
  16.806641	   0.419033
  16.816406	   0.306051
  16.826172	   0.201215
  16.835938	   0.136947
  16.845703	   0.124324
  16.855469	   0.151403
  16.865234	   0.190106
  16.875000	   0.208717
  16.884766	   0.185070
  16.894531	   0.115419
  16.904297	   0.015717
  16.914062	  -0.084999
  16.923828	  -0.156439
  16.933594	  -0.179399
  16.943359	  -0.153783
  16.953125	  -0.099077
  16.962891	  -0.046945
  16.972656	  -0.028663
  16.982422	  -0.062090
  16.992188	  -0.143220
  17.001953	  -0.245700
  17.011719	  -0.328835
  17.021484	  -0.351429
  17.031250	  -0.286584
  17.041016	  -0.132104
  17.050781	   0.087386
  17.060547	   0.327582
  17.070312	   0.538559
  17.080078	   0.680907
  17.089844	   0.738290
  17.099609	   0.722008
  17.109375	   0.665945
  17.119141	   0.613672
  17.128906	   0.602287
  17.138672	   0.648687
  17.148438	   0.743152
  17.158203	   0.852468
  17.167969	   0.931495
  17.177734	   0.939070
  17.187500	   0.852656
  17.197266	   0.676642
  17.207031	   0.441467
  17.216797	   0.194012
  17.226562	  -0.017261
  17.236328	  -0.157169
  17.246094	  -0.213546
  17.255859	  -0.198689
  17.265625	  -0.142386
  17.275391	  -0.079375
  17.285156	  -0.036049
  17.294922	  -0.021288
  17.304688	  -0.024693
  17.314453	  -0.022633
  17.324219	   0.010373
  17.333984	   0.089413
  17.343750	   0.210819
  17.353516	   0.350974
  17.363281	   0.472897
  17.373047	   0.538319
  17.382812	   0.520931
  17.392578	   0.416008
  17.402344	   0.242916
  17.412109	   0.039543
  17.421875	  -0.149412
  17.431641	  -0.286225
  17.441406	  -0.351242
  17.451172	  -0.347580
  17.460938	  -0.298073
  17.470703	  -0.235868
  17.480469	  -0.192290
  17.490234	  -0.186384
  17.500000	  -0.219785
  17.509766	  -0.278386
  17.519531	  -0.339753
  17.529297	  -0.383070
  17.539062	  -0.397629
  17.548828	  -0.386545
  17.558594	  -0.364409
  17.568359	  -0.350006
  17.578125	  -0.357226
  17.587891	  -0.388040
  17.597656	  -0.430586
  17.607422	  -0.463428
  17.617188	  -0.464517
  17.626953	  -0.421431
  17.636719	  -0.338739
  17.646484	  -0.239259
  17.656250	  -0.158158
  17.666016	  -0.131534
  17.675781	  -0.183355
  17.685547	  -0.315436
  17.695312	  -0.504316
  17.705078	  -0.706579
  17.714844	  -0.871196
  17.724609	  -0.954946
  17.734375	  -0.935770
  17.744141	  -0.819506
  17.753906	  -0.637692
  17.763672	  -0.437175
  17.773438	  -0.265095
  17.783203	  -0.154390
  17.792969	  -0.114714
  17.802734	  -0.131719
  17.812500	  -0.174623
  17.822266	  -0.209082
  17.832031	  -0.210527
  17.841797	  -0.173069
  17.851562	  -0.110781
  17.861328	  -0.051041
  17.871094	  -0.022557
  17.880859	  -0.042712
  17.890625	  -0.109107
  17.900391	  -0.198662
  17.910156	  -0.274833
  17.919922	  -0.300478
  17.929688	  -0.251733
  17.939453	  -0.127803
  17.949219	   0.047086
  17.958984	   0.230534
  17.968750	   0.375448
  17.978516	   0.445567
  17.988281	   0.427642
  17.998047	   0.336019
  18.007812	   0.207982
  18.017578	   0.091437
  18.027344	   0.029196
  18.037109	   0.045223
  18.046875	   0.137526
  18.056641	   0.279929
  18.066406	   0.431892
  18.076172	   0.552717
  18.085938	   0.615075
  18.095703	   0.613174
  18.105469	   0.562932
  18.115234	   0.494468
  18.125000	   0.439972
  18.134766	   0.421569
  18.144531	   0.443656
  18.154297	   0.492361
  18.164062	   0.542070
  18.173828	   0.566280
  18.183594	   0.548478
  18.193359	   0.488790
  18.203125	   0.403836
  18.212891	   0.319868
  18.222656	   0.261874
  18.232422	   0.242948
  18.242188	   0.258156
  18.251953	   0.285509
  18.261719	   0.293919
  18.271484	   0.255352
  18.281250	   0.156664
  18.291016	   0.006548
  18.300781	  -0.165283
  18.310547	  -0.316808
  18.320312	  -0.407476
  18.330078	  -0.412294
  18.339844	  -0.331166
  18.349609	  -0.189988
  18.359375	  -0.032849
  18.369141	   0.092178
  18.378906	   0.148844
  18.388672	   0.124702
  18.398438	   0.035081
  18.408203	  -0.082366
  18.417969	  -0.180660
  18.427734	  -0.219581
  18.437500	  -0.179265
  18.447266	  -0.066681
  18.457031	   0.087192
  18.466797	   0.238361
  18.476562	   0.345071
  18.486328	   0.381947
  18.496094	   0.348140
  18.505859	   0.266763
  18.515625	   0.176009
  18.525391	   0.115244
  18.535156	   0.111070
  18.544922	   0.168239
  18.554688	   0.268472
  18.564453	   0.377398
  18.574219	   0.456900
  18.583984	   0.478385
  18.593750	   0.432229
  18.603516	   0.330227
  18.613281	   0.200428
  18.623047	   0.076523
  18.632812	  -0.014172
  18.642578	  -0.059718
  18.652344	  -0.066384
  18.662109	  -0.054528
  18.671875	  -0.049349
  18.681641	  -0.070209
  18.691406	  -0.122640
  18.701172	  -0.196089
  18.710938	  -0.268158
  18.720703	  -0.313660
  18.730469	  -0.314932
  18.740234	  -0.269390
  18.750000	  -0.191372
  18.759766	  -0.107442
  18.769531	  -0.046875
  18.779297	  -0.030835
  18.789062	  -0.064315
  18.798828	  -0.133937
  18.808594	  -0.212500
  18.818359	  -0.268706
  18.828125	  -0.278509
  18.837891	  -0.233928
  18.847656	  -0.146038
  18.857422	  -0.041009
  18.867188	   0.049401
  18.876953	   0.099424
  18.886719	   0.098674
  18.896484	   0.055890
  18.906250	  -0.004385
  18.916016	  -0.050989
  18.925781	  -0.057836
  18.935547	  -0.013829
  18.945312	   0.072692
  18.955078	   0.176617
  18.964844	   0.264927
  18.974609	   0.308518
  18.984375	   0.292671
  18.994141	   0.222312
  19.003906	   0.120122
  19.013672	   0.018149
  19.023438	  -0.054013
  19.033203	  -0.080149
  19.042969	  -0.063430
  19.052734	  -0.025246
  19.062500	   0.002755
  19.072266	  -0.009436
  19.082031	  -0.078678
  19.091797	  -0.201767
  19.101562	  -0.355683
  19.111328	  -0.504989
  19.121094	  -0.613752
  19.130859	  -0.657754
  19.140625	  -0.632602
  19.150391	  -0.554849
  19.160156	  -0.455747
  19.169922	  -0.369885
  19.179688	  -0.322821
  19.189453	  -0.322118
  19.199219	  -0.354966
  19.208984	  -0.393165
  19.218750	  -0.403581
  19.228516	  -0.360256
  19.238281	  -0.253793
  19.248047	  -0.094706
  19.257812	   0.090359
  19.267578	   0.267980
  19.277344	   0.409384
  19.287109	   0.499687
  19.296875	   0.541634
  19.306641	   0.552603
  19.316406	   0.556191
  19.326172	   0.571730
  19.335938	   0.605855
  19.345703	   0.649417
  19.355469	   0.681026
  19.365234	   0.675924
  19.375000	   0.616837
  19.384766	   0.502596
  19.394531	   0.351053
  19.404297	   0.194903
  19.414062	   0.071616
  19.423828	   0.010947
  19.433594	   0.024479
  19.443359	   0.101060
  19.453125	   0.209926
  19.462891	   0.310617
  19.472656	   0.366319
  19.482422	   0.356015
  19.492188	   0.281202
  19.501953	   0.164850
  19.511719	   0.042989
  19.521484	  -0.048042
  19.531250	  -0.084181
  19.541016	  -0.061598
  19.550781	   0.002688
  19.560547	   0.077641
  19.570312	   0.129882
  19.580078	   0.135911
  19.589844	   0.090412
  19.599609	   0.007688
  19.609375	  -0.084225
  19.619141	  -0.154503
  19.628906	  -0.181418
  19.638672	  -0.160749
  19.648438	  -0.107546
  19.658203	  -0.050564
  19.667969	  -0.021375
  19.677734	  -0.042142
  19.687500	  -0.116561
  19.697266	  -0.227368
  19.707031	  -0.341405
  19.716797	  -0.420548
  19.726562	  -0.434638
  19.736328	  -0.371834
  19.746094	  -0.242730
  19.755859	  -0.076809
  19.765625	   0.087464
  19.775391	   0.215334
  19.785156	   0.286736
  19.794922	   0.301728
  19.804688	   0.278617
  19.814453	   0.245683
  19.824219	   0.229705
  19.833984	   0.245615
  19.843750	   0.291082
  19.853516	   0.347979
  19.863281	   0.390050
  19.873047	   0.393809
  19.882812	   0.348501
  19.892578	   0.261289
  19.902344	   0.155660
  19.912109	   0.063537
  19.921875	   0.013986
  19.931641	   0.022676
  19.941406	   0.086004
  19.951172	   0.182126
  19.960938	   0.278543
  19.970703	   0.343529
  19.980469	   0.357199
  19.990234	   0.318173
  20.000000	   0.243371
  20.009766	   0.161036
  20.019531	   0.099558
  20.029297	   0.076283
  20.039062	   0.090509
  20.048828	   0.123366
  20.058594	   0.144751
  20.068359	   0.124856
  20.078125	   0.046121
  20.087891	  -0.088836
  20.097656	  -0.256314
  20.107422	  -0.418187
  20.117188	  -0.533895
  20.126953	  -0.573616
  20.136719	  -0.527987
  20.146484	  -0.410964
  20.156250	  -0.254814
  20.166016	  -0.099077
  20.175781	   0.022576
  20.185547	   0.092914
  20.195312	   0.115466
  20.205078	   0.111191
  20.214844	   0.108910
  20.224609	   0.133140
  20.234375	   0.193916
  20.244141	   0.282387
  20.253906	   0.373825
  20.263672	   0.436928
  20.273438	   0.445928
  20.283203	   0.390963
  20.292969	   0.282783
  20.302734	   0.149891
  20.312500	   0.029037
  20.322266	  -0.047580
  20.332031	  -0.063786
  20.341797	  -0.025375
  20.351562	   0.041696
  20.361328	   0.100328
  20.371094	   0.115343
  20.380859	   0.065941
  20.390625	  -0.046879
  20.400391	  -0.200607
  20.410156	  -0.359094
  20.419922	  -0.485170
  20.429688	  -0.553479
  20.439453	  -0.558923
  20.449219	  -0.517714
  20.458984	  -0.460720
  20.468750	  -0.421572
  20.478516	  -0.423901
  20.488281	  -0.472377
  20.498047	  -0.550827
  20.507812	  -0.628128
  20.517578	  -0.669732
  20.527344	  -0.650642
  20.537109	  -0.565072
  20.546875	  -0.429274
  20.556641	  -0.276415
  20.566406	  -0.145321
  20.576172	  -0.067074
  20.585938	  -0.054277
  20.595703	  -0.096817
  20.605469	  -0.165652
  20.615234	  -0.223270
  20.625000	  -0.237090
  20.634766	  -0.191041
  20.644531	  -0.091243
  20.654297	   0.036182
  20.664062	   0.154286
  20.673828	   0.228144
  20.683594	   0.236787
  20.693359	   0.180026
  20.703125	   0.077892
  20.712891	  -0.036926
  20.722656	  -0.130746
  20.732422	  -0.180381
  20.742188	  -0.180335
  20.751953	  -0.143280
  20.761719	  -0.093879
  20.771484	  -0.058510
  20.781250	  -0.054864
  20.791016	  -0.085366
  20.800781	  -0.136852
  20.810547	  -0.186488
  20.820312	  -0.211580
  20.830078	  -0.199373
  20.839844	  -0.152980
  20.849609	  -0.091013
  20.859375	  -0.040899
  20.869141	  -0.028300
  20.878906	  -0.066588
  20.888672	  -0.150456
  20.898438	  -0.256263
  20.908203	  -0.349288
  20.917969	  -0.395504
  20.927734	  -0.373724
  20.937500	  -0.283740
  20.947266	  -0.147393
  20.957031	  -0.002002
  20.966797	   0.111704
  20.976562	   0.163019
  20.986328	   0.141403
  20.996094	   0.059767
  21.005859	  -0.050206
  21.015625	  -0.149096
  21.025391	  -0.203230
  21.035156	  -0.195923
  21.044922	  -0.132604
  21.054688	  -0.038125
  21.064453	   0.052615
  21.074219	   0.107336
  21.083984	   0.107750
  21.093750	   0.055692
  21.103516	  -0.028074
  21.113281	  -0.111717
  21.123047	  -0.163913
  21.132812	  -0.164857
  21.142578	  -0.112775
  21.152344	  -0.023727
  21.162109	   0.075018
  21.171875	   0.155386
  21.181641	   0.198742
  21.191406	   0.202131
  21.201172	   0.178314
  21.210938	   0.149723
  21.220703	   0.138784
  21.230469	   0.158421
  21.240234	   0.206434
  21.250000	   0.266003
  21.259766	   0.312166
  21.269531	   0.321870
  21.279297	   0.283745
  21.289062	   0.203790
  21.298828	   0.104656
  21.308594	   0.018532
  21.318359	  -0.023897
  21.328125	  -0.004477
  21.337891	   0.075492
  21.347656	   0.195063
  21.357422	   0.320430
  21.367188	   0.416377
  21.376953	   0.458360
  21.386719	   0.440897
  21.396484	   0.379219
  21.406250	   0.303562
  21.416016	   0.248102
  21.425781	   0.238499
  21.435547	   0.282534
  21.445312	   0.367229
  21.455078	   0.463494
  21.464844	   0.536654
  21.474609	   0.559053
  21.484375	   0.520177
  21.494141	   0.430604
  21.503906	   0.318343
  21.513672	   0.218812
  21.523438	   0.162069
  21.533203	   0.161881
  21.542969	   0.210570
  21.552734	   0.281556
  21.562500	   0.338692
  21.572266	   0.349128
  21.582031	   0.295114
  21.591797	   0.180558
  21.601562	   0.030033
  21.611328	  -0.119409
  21.621094	  -0.230704
  21.630859	  -0.279105
  21.640625	  -0.260091
  21.650391	  -0.190146
  21.660156	  -0.100299
  21.669922	  -0.024871
  21.679688	   0.010488
  21.689453	  -0.002808
  21.699219	  -0.054326
  21.708984	  -0.119622
  21.718750	  -0.170160
  21.728516	  -0.184412
  21.738281	  -0.156009
  21.748047	  -0.096006
  21.757812	  -0.028546
  21.767578	   0.018360
  21.777344	   0.023427
  21.787109	  -0.019907
  21.796875	  -0.101042
  21.806641	  -0.196185
  21.816406	  -0.277215
  21.826172	  -0.322077
  21.835938	  -0.322823
  21.845703	  -0.288298
  21.855469	  -0.240472
  21.865234	  -0.205820
  21.875000	  -0.204968
  21.884766	  -0.244510
  21.894531	  -0.314064
  21.904297	  -0.389720
  21.914062	  -0.442643
  21.923828	  -0.449662
  21.933594	  -0.401950
  21.943359	  -0.308553
  21.953125	  -0.193442
  21.962891	  -0.087145
  21.972656	  -0.016001
  21.982422	   0.007009
  21.992188	  -0.013514
  22.001953	  -0.057647
  22.011719	  -0.098072
  22.021484	  -0.110705
  22.031250	  -0.084088
  22.041016	  -0.024026
  22.050781	   0.048310
  22.060547	   0.104174
  22.070312	   0.118108
  22.080078	   0.077883
  22.089844	  -0.010181
  22.099609	  -0.122560
  22.109375	  -0.226178
  22.119141	  -0.289676
  22.128906	  -0.294308
  22.138672	  -0.240544
  22.148438	  -0.147995
  22.158203	  -0.048679
  22.167969	   0.024000
  22.177734	   0.046626
  22.187500	   0.013490
  22.197266	  -0.062027
  22.207031	  -0.152791
  22.216797	  -0.227916
  22.226562	  -0.263761
  22.236328	  -0.251918
  22.246094	  -0.201377
  22.255859	  -0.134229
  22.265625	  -0.076650
  22.275391	  -0.048642
  22.285156	  -0.056410
  22.294922	  -0.090233
  22.304688	  -0.128593
  22.314453	  -0.146944
  22.324219	  -0.127752
  22.333984	  -0.067924
  22.343750	   0.019276
  22.353516	   0.108684
  22.363281	   0.172496
  22.373047	   0.190900
  22.382812	   0.160097
  22.392578	   0.094557
  22.402344	   0.022501
  22.412109	  -0.023948
  22.421875	  -0.020434
  22.431641	   0.040353
  22.441406	   0.145285
  22.451172	   0.264667
  22.460938	   0.362160
  22.470703	   0.407319
  22.480469	   0.386307
  22.490234	   0.306938
  22.500000	   0.196170
  22.509766	   0.090862
  22.519531	   0.025034
  22.529297	   0.018097
  22.539062	   0.068262
  22.548828	   0.153444
  22.558594	   0.239353
  22.568359	   0.291892
  22.578125	   0.289430
  22.587891	   0.230595
  22.597656	   0.134797
  22.607422	   0.035332
  22.617188	  -0.032479
  22.626953	  -0.043879
  22.636719	   0.006478
  22.646484	   0.102536
  22.656250	   0.212342
  22.666016	   0.299060
  22.675781	   0.333527
  22.685547	   0.303935
  22.695312	   0.219271
  22.705078	   0.105467
  22.714844	  -0.004206
  22.724609	  -0.080929
  22.734375	  -0.110030
  22.744141	  -0.095180
  22.753906	  -0.055740
  22.763672	  -0.018471
  22.773438	  -0.006832
  22.783203	  -0.031917
  22.792969	  -0.088428
  22.802734	  -0.157093
  22.812500	  -0.212532
  22.822266	  -0.233512
  22.832031	  -0.211638
  22.841797	  -0.155114
  22.851562	  -0.086071
  22.861328	  -0.032379
  22.871094	  -0.016962
  22.880859	  -0.048619
  22.890625	  -0.117848
  22.900391	  -0.199372
  22.910156	  -0.260588
  22.919922	  -0.272976
  22.929688	  -0.222365
  22.939453	  -0.114291
  22.949219	   0.027537
  22.958984	   0.169204
  22.968750	   0.278164
  22.978516	   0.334302
  22.988281	   0.336513
  22.998047	   0.302442
  23.007812	   0.261502
  23.017578	   0.243722
  23.027344	   0.268473
  23.037109	   0.337190
  23.046875	   0.432719
  23.056641	   0.525541
  23.066406	   0.584607
  23.076172	   0.588824
  23.085938	   0.535012
  23.095703	   0.439388
  23.105469	   0.332020
  23.115234	   0.246180
  23.125000	   0.206449
  23.134766	   0.219816
  23.144531	   0.272999
  23.154297	   0.336946
  23.164062	   0.376926
  23.173828	   0.364618
  23.183594	   0.287915
  23.193359	   0.155015
  23.203125	  -0.008563
  23.212891	  -0.168865
  23.222656	  -0.295018
  23.232422	  -0.369250
  23.242188	  -0.391873
  23.251953	  -0.379625
  23.261719	  -0.358153
  23.271484	  -0.351595
  23.281250	  -0.373170
  23.291016	  -0.420261
  23.300781	  -0.475754
  23.310547	  -0.515020
  23.320312	  -0.515831
  23.330078	  -0.467448
  23.339844	  -0.375408
  23.349609	  -0.260207
  23.359375	  -0.150338
  23.369141	  -0.072291
  23.378906	  -0.041213
  23.388672	  -0.055751
  23.398438	  -0.098966
  23.408203	  -0.145008
  23.417969	  -0.169029
  23.427734	  -0.156619
  23.437500	  -0.109216
  23.447266	  -0.043407
  23.457031	   0.015635
  23.466797	   0.044149
  23.476562	   0.029445
  23.486328	  -0.024476
  23.496094	  -0.097590
  23.505859	  -0.160719
  23.515625	  -0.186207
  23.525391	  -0.158492
  23.535156	  -0.080641
  23.544922	   0.025739
  23.554688	   0.127381
  23.564453	   0.190761
  23.574219	   0.194009
  23.583984	   0.135072
  23.593750	   0.033106
  23.603516	  -0.077548
  23.613281	  -0.158809
  23.623047	  -0.181803
  23.632812	  -0.136789
  23.642578	  -0.036600
  23.652344	   0.087632
  23.662109	   0.196950
  23.671875	   0.257630
  23.681641	   0.252254
  23.691406	   0.185030
  23.701172	   0.079613
  23.710938	  -0.029659
  23.720703	  -0.109886
  23.730469	  -0.140766
  23.740234	  -0.120895
  23.750000	  -0.067135
  23.759766	  -0.007505
  23.769531	   0.029632
  23.779297	   0.026069
  23.789062	  -0.019890
  23.798828	  -0.093424
  23.808594	  -0.169362
  23.818359	  -0.222082
  23.828125	  -0.235351
  23.837891	  -0.208405
  23.847656	  -0.156013
  23.857422	  -0.102565
  23.867188	  -0.072466
  23.876953	  -0.080495
  23.886719	  -0.125811
  23.896484	  -0.191918
  23.906250	  -0.252652
  23.916016	  -0.281998
  23.925781	  -0.264085
  23.935547	  -0.199592
  23.945312	  -0.106117
  23.955078	  -0.012258
  23.964844	   0.052492
  23.974609	   0.068369
  23.984375	   0.032585
  23.994141	  -0.039497
  24.003906	  -0.119749
  24.013672	  -0.177307
  24.023438	  -0.189616
  24.033203	  -0.150468
  24.042969	  -0.072076
  24.052734	   0.019562
  24.062500	   0.094357
  24.072266	   0.129310
  24.082031	   0.117084
  24.091797	   0.068784
  24.101562	   0.009882
  24.111328	  -0.029264
  24.121094	  -0.024858
  24.130859	   0.031115
  24.140625	   0.127332
  24.150391	   0.236612
  24.160156	   0.325273
  24.169922	   0.365038
  24.179688	   0.343231
  24.189453	   0.267546
  24.199219	   0.163629
  24.208984	   0.066281
  24.218750	   0.007367
  24.228516	   0.004717
  24.238281	   0.055970
  24.248047	   0.139518
  24.257812	   0.222199
  24.267578	   0.270984
  24.277344	   0.264502
  24.287109	   0.200323
  24.296875	   0.095520
  24.306641	  -0.019609
  24.316406	  -0.112280
  24.326172	  -0.158528
  24.335938	  -0.151044
  24.345703	  -0.100822
  24.355469	  -0.032215
  24.365234	   0.026629
  24.375000	   0.054329
  24.384766	   0.043905
  24.394531	   0.004748
  24.404297	  -0.041704
  24.414062	  -0.070821
  24.423828	  -0.064748
  24.433594	  -0.019668
  24.443359	   0.052399
  24.453125	   0.127969
  24.462891	   0.180994
  24.472656	   0.192928
  24.482422	   0.160141
  24.492188	   0.095812
  24.501953	   0.025494
  24.511719	  -0.022097
  24.521484	  -0.025699
  24.531250	   0.020413
  24.541016	   0.103931
  24.550781	   0.198637
  24.560547	   0.273733
  24.570312	   0.305015
  24.580078	   0.283823
  24.589844	   0.220419
  24.599609	   0.140484
  24.609375	   0.075906
  24.619141	   0.053128
  24.628906	   0.083282
  24.638672	   0.157709
  24.648438	   0.250573
  24.658203	   0.327723
  24.667969	   0.358683
  24.677734	   0.327508
  24.687500	   0.238629
  24.697266	   0.115552
  24.707031	  -0.007131
  24.716797	  -0.095621
  24.726562	  -0.128459
  24.736328	  -0.103679
  24.746094	  -0.039063
  24.755859	   0.034513
  24.765625	   0.084213
  24.775391	   0.086849
  24.785156	   0.036844
  24.794922	  -0.052221
  24.804688	  -0.152884
  24.814453	  -0.233889
  24.824219	  -0.271344
  24.833984	  -0.256935
  24.843750	  -0.200297
  24.853516	  -0.124852
  24.863281	  -0.058803
  24.873047	  -0.024733
  24.882812	  -0.031668
  24.892578	  -0.072493
  24.902344	  -0.127540
  24.912109	  -0.172836
  24.921875	  -0.189751
  24.931641	  -0.172315
  24.941406	  -0.129361
  24.951172	  -0.080691
  24.960938	  -0.048748
  24.970703	  -0.049053
  24.980469	  -0.083208
  24.990234	  -0.137302
  25.000000	  -0.186578
  25.009766	  -0.204788
  25.019531	  -0.174787
  25.029297	  -0.096346
  25.039062	   0.011987
  25.048828	   0.117998
  25.058594	   0.186364
  25.068359	   0.191047
  25.078125	   0.125074
  25.087891	   0.004066
  25.097656	  -0.138004
  25.107422	  -0.259613
  25.117188	  -0.325439
  25.126953	  -0.318334
  25.136719	  -0.245319
  25.146484	  -0.135412
  25.156250	  -0.029958
  25.166016	   0.031272
  25.175781	   0.023428
  25.185547	  -0.055222
  25.195312	  -0.183053
  25.205078	  -0.322821
  25.214844	  -0.434617
  25.224609	  -0.489480
  25.234375	  -0.478900
  25.244141	  -0.416973
  25.253906	  -0.334560
  25.263672	  -0.267653
  25.273438	  -0.244167
  25.283203	  -0.273869
  25.292969	  -0.344990
  25.302734	  -0.428634
  25.312500	  -0.489293
  25.322266	  -0.497638
  25.332031	  -0.440996
  25.341797	  -0.327800
  25.351562	  -0.184547
  25.361328	  -0.046470
  25.371094	   0.054623
  25.380859	   0.100917
  25.390625	   0.093842
  25.400391	   0.052241
  25.410156	   0.004305
  25.419922	  -0.023601
  25.429688	  -0.017049
  25.439453	   0.021164
  25.449219	   0.072430
  25.458984	   0.109876
  25.468750	   0.109158
  25.478516	   0.058450
  25.488281	  -0.036108
  25.498047	  -0.151567
  25.507812	  -0.255557
  25.517578	  -0.317220
  25.527344	  -0.317738
  25.537109	  -0.256640
  25.546875	  -0.151635
  25.556641	  -0.032109
  25.566406	   0.071304
  25.576172	   0.137210
  25.585938	   0.160211
  25.595703	   0.151524
  25.605469	   0.133373
  25.615234	   0.129389
  25.625000	   0.154715
  25.634766	   0.209623
  25.644531	   0.279092
  25.654297	   0.338559
  25.664062	   0.363692
  25.673828	   0.340472
  25.683594	   0.271693
  25.693359	   0.177265
  25.703125	   0.087971
  25.712891	   0.034789
  25.722656	   0.037589
  25.732422	   0.097352
  25.742188	   0.194874
  25.751953	   0.296638
  25.761719	   0.365927
  25.771484	   0.375375
  25.781250	   0.316517
  25.791016	   0.202973
  25.800781	   0.066070
  25.810547	  -0.055588
  25.820312	  -0.128963
  25.830078	  -0.137348
  25.839844	  -0.085305
  25.849609	   0.003881
  25.859375	   0.097241
  25.869141	   0.164345
  25.878906	   0.188308
  25.888672	   0.171643
  25.898438	   0.134923
  25.908203	   0.108804
  25.917969	   0.122341
  25.927734	   0.191866
  25.937500	   0.314433
  25.947266	   0.468192
  25.957031	   0.619532
  25.966797	   0.734395
  25.976562	   0.789706
  25.986328	   0.780832
  25.996094	   0.722477
  26.005859	   0.642785
  26.015625	   0.572884
  26.025391	   0.535689
  26.035156	   0.538029
  26.044922	   0.568854
  26.054688	   0.604069
  26.064453	   0.616084
  26.074219	   0.584502
  26.083984	   0.503961
  26.093750	   0.386248
  26.103516	   0.255939
  26.113281	   0.141188
  26.123047	   0.063112
  26.132812	   0.027692
  26.142578	   0.023221
  26.152344	   0.024282
  26.162109	   0.000877
  26.171875	  -0.070578
  26.181641	  -0.198316
  26.191406	  -0.371546
  26.201172	  -0.563332
  26.210938	  -0.738975
  26.220703	  -0.866884
  26.230469	  -0.928095
  26.240234	  -0.921136
  26.250000	  -0.860705
  26.259766	  -0.770853
  26.269531	  -0.675391
  26.279297	  -0.589137
  26.289062	  -0.513268
  26.298828	  -0.436427
  26.308594	  -0.341038
  26.318359	  -0.212355
  26.328125	  -0.046707
  26.337891	   0.144279
  26.347656	   0.335221
  26.357422	   0.493893
  26.367188	   0.591111
  26.376953	   0.610095
  26.386719	   0.551972
  26.396484	   0.435468
  26.406250	   0.290930
  26.416016	   0.150831
  26.425781	   0.040118
  26.435547	  -0.030236
  26.445312	  -0.064403
  26.455078	  -0.077440
  26.464844	  -0.087504
  26.474609	  -0.107646
  26.484375	  -0.140368
  26.494141	  -0.176995
  26.503906	  -0.202002
  26.513672	  -0.200490
  26.523438	  -0.165766
  26.533203	  -0.103904
  26.542969	  -0.033287
  26.552734	   0.020961
  26.562500	   0.035738
  26.572266	  -0.001263
  26.582031	  -0.086104
  26.591797	  -0.198680
  26.601562	  -0.308540
  26.611328	  -0.384592
  26.621094	  -0.405346
  26.630859	  -0.366101
  26.640625	  -0.280511
  26.650391	  -0.175931
  26.660156	  -0.084160
  26.669922	  -0.030815
  26.679688	  -0.027048
  26.689453	  -0.066466
  26.699219	  -0.128209
  26.708984	  -0.184951
  26.718750	  -0.212846
  26.728516	  -0.199774
  26.738281	  -0.148979
  26.748047	  -0.076895
  26.757812	  -0.006154
  26.767578	   0.043480
  26.777344	   0.062749
  26.787109	   0.056221
  26.796875	   0.040035
  26.806641	   0.034980
  26.816406	   0.057576
  26.826172	   0.112652
  26.835938	   0.190351
  26.845703	   0.268870
  26.855469	   0.322070
  26.865234	   0.329200
  26.875000	   0.283133
  26.884766	   0.193938
  26.894531	   0.086289
  26.904297	  -0.008563
  26.914062	  -0.063487
  26.923828	  -0.065046
  26.933594	  -0.018465
  26.943359	   0.053891
  26.953125	   0.120088
  26.962891	   0.149668
  26.972656	   0.124283
  26.982422	   0.044191
  26.992188	  -0.071682
  27.001953	  -0.192095
  27.011719	  -0.284000
  27.021484	  -0.323463
  27.031250	  -0.303165
  27.041016	  -0.233946
  27.050781	  -0.140004
  27.060547	  -0.049702
  27.070312	   0.014537
  27.080078	   0.043498
  27.089844	   0.042985
  27.099609	   0.029653
  27.109375	   0.022633
  27.119141	   0.034324
  27.128906	   0.064057
  27.138672	   0.097280
  27.148438	   0.110789
  27.158203	   0.082195
  27.167969	   0.000109
  27.177734	  -0.128951
  27.187500	  -0.279820
  27.197266	  -0.414882
  27.207031	  -0.495414
  27.216797	  -0.494347
  27.226562	  -0.406013
  27.236328	  -0.249363
  27.246094	  -0.063288
  27.255859	   0.104630
  27.265625	   0.212320
  27.275391	   0.235745
  27.285156	   0.175636
  27.294922	   0.056312
  27.304688	  -0.082865
  27.314453	  -0.200380
  27.324219	  -0.265382
  27.333984	  -0.266215
  27.343750	  -0.212013
  27.353516	  -0.127253
  27.363281	  -0.041596
  27.373047	   0.021115
  27.382812	   0.050703
  27.392578	   0.052700
  27.402344	   0.044156
  27.412109	   0.045153
  27.421875	   0.069489
  27.431641	   0.118225
  27.441406	   0.178608
  27.451172	   0.228799
  27.460938	   0.246547
  27.470703	   0.218463
  27.480469	   0.146254
  27.490234	   0.047427
  27.500000	  -0.049981
  27.509766	  -0.116809
  27.519531	  -0.132914
  27.529297	  -0.094301
  27.539062	  -0.014584
  27.548828	   0.079824
  27.558594	   0.159083
  27.568359	   0.200454
  27.578125	   0.196125
  27.587891	   0.155476
  27.597656	   0.100956
  27.607422	   0.059109
  27.617188	   0.050111
  27.626953	   0.079727
  27.636719	   0.136763
  27.646484	   0.197033
  27.656250	   0.232458
  27.666016	   0.221963
  27.675781	   0.160138
  27.685547	   0.060347
  27.695312	  -0.049008
  27.705078	  -0.133873
  27.714844	  -0.166311
  27.724609	  -0.134425
  27.734375	  -0.046835
  27.744141	   0.069979
  27.753906	   0.180625
  27.763672	   0.252905
  27.773438	   0.268811
  27.783203	   0.230520
  27.792969	   0.159267
  27.802734	   0.087528
  27.812500	   0.047315
  27.822266	   0.058780
  27.832031	   0.123163
  27.841797	   0.222547
  27.851562	   0.326417
  27.861328	   0.402566
  27.871094	   0.428380
  27.880859	   0.398433
  27.890625	   0.325741
  27.900391	   0.236352
  27.910156	   0.159414
  27.919922	   0.116451
  27.929688	   0.113863
  27.939453	   0.141355
  27.949219	   0.176794
  27.958984	   0.195563
  27.968750	   0.180768
  27.978516	   0.130373
  27.988281	   0.058467
  27.998047	  -0.009891
  28.007812	  -0.048363
  28.017578	  -0.039903
  28.027344	   0.015842
  28.037109	   0.101259
  28.046875	   0.186321
  28.056641	   0.239092
  28.066406	   0.237430
  28.076172	   0.177538
  28.085938	   0.076090
  28.095703	  -0.035077
  28.105469	  -0.120017
  28.115234	  -0.151613
  28.125000	  -0.121766
  28.134766	  -0.045083
  28.144531	   0.045455
  28.154297	   0.109483
  28.164062	   0.113159
  28.173828	   0.041129
  28.183594	  -0.097701
  28.193359	  -0.272677
  28.203125	  -0.441415
  28.212891	  -0.563876
  28.222656	  -0.615628
  28.232422	  -0.595683
  28.242188	  -0.526233
  28.251953	  -0.444413
  28.261719	  -0.389065
  28.271484	  -0.387153
  28.281250	  -0.444599
  28.291016	  -0.544664
  28.300781	  -0.654320
  28.310547	  -0.736228
  28.320312	  -0.761965
  28.330078	  -0.721828
  28.339844	  -0.627771
  28.349609	  -0.508612
  28.359375	  -0.399364
  28.369141	  -0.328658
  28.378906	  -0.308798
  28.388672	  -0.331961
  28.398438	  -0.373773
  28.408203	  -0.402767
  28.417969	  -0.392154
  28.427734	  -0.329548
  28.437500	  -0.221133
  28.447266	  -0.088879
  28.457031	   0.038005
  28.466797	   0.134042
  28.476562	   0.186737
  28.486328	   0.200613
  28.496094	   0.194570
  28.505859	   0.193635
  28.515625	   0.218304
  28.525391	   0.275578
  28.535156	   0.355227
  28.544922	   0.432799
  28.554688	   0.478410
  28.564453	   0.468103
  28.574219	   0.393561
  28.583984	   0.266478
  28.593750	   0.115812
  28.603516	  -0.021261
  28.613281	  -0.111546
  28.623047	  -0.136828
  28.632812	  -0.099705
  28.642578	  -0.022135
  28.652344	   0.062802
  28.662109	   0.122951
  28.671875	   0.138582
  28.681641	   0.109148
  28.691406	   0.052876
  28.701172	  -0.000662
  28.710938	  -0.022221
  28.720703	   0.005512
  28.730469	   0.080722
  28.740234	   0.182423
  28.750000	   0.277694
  28.759766	   0.333628
  28.769531	   0.329679
  28.779297	   0.265842
  28.789062	   0.163598
  28.798828	   0.059095
  28.808594	  -0.009100
  28.818359	  -0.013405
  28.828125	   0.053011
  28.837891	   0.173609
  28.847656	   0.314003
  28.857422	   0.433722
  28.867188	   0.500076
  28.876953	   0.499233
  28.886719	   0.440604
  28.896484	   0.353014
  28.906250	   0.274056
  28.916016	   0.236452
  28.925781	   0.256285
  28.935547	   0.327267
  28.945312	   0.423035
  28.955078	   0.506588
  28.964844	   0.543457
  28.974609	   0.513878
  28.984375	   0.419677
  28.994141	   0.283481
  29.003906	   0.140669
  29.013672	   0.027030
  29.023438	  -0.033419
  29.033203	  -0.036121
  29.042969	   0.003415
  29.052734	   0.056133
  29.062500	   0.090502
  29.072266	   0.084007
  29.082031	   0.030889
  29.091797	  -0.056589
  29.101562	  -0.153581
  29.111328	  -0.232578
  29.121094	  -0.273941
  29.130859	  -0.273045
  29.140625	  -0.241373
  29.150391	  -0.201263
  29.160156	  -0.176429
  29.169922	  -0.182021
  29.179688	  -0.218158
  29.189453	  -0.269547
  29.199219	  -0.311461
  29.208984	  -0.319858
  29.218750	  -0.281768
  29.228516	  -0.201821
  29.238281	  -0.102162
  29.248047	  -0.015426
  29.257812	   0.026929
  29.267578	   0.006734
  29.277344	  -0.072856
  29.287109	  -0.186629
  29.296875	  -0.294576
  29.306641	  -0.354938
  29.316406	  -0.338644
  29.326172	  -0.240112
  29.335938	  -0.080471
  29.345703	   0.098167
  29.355469	   0.245678
  29.365234	   0.319885
  29.375000	   0.300136
  29.384766	   0.193933
  29.394531	   0.034346
  29.404297	  -0.130888
  29.414062	  -0.254842
  29.423828	  -0.306238
  29.433594	  -0.278669
  29.443359	  -0.191288
  29.453125	  -0.080979
  29.462891	   0.011012
  29.472656	   0.053217
  29.482422	   0.033946
  29.492188	  -0.036119
  29.501953	  -0.129333
  29.511719	  -0.212203
  29.521484	  -0.257990
  29.531250	  -0.256188
  29.541016	  -0.215544
  29.550781	  -0.159770
  29.560547	  -0.117769
  29.570312	  -0.112211
  29.580078	  -0.150785
  29.589844	  -0.223395
  29.599609	  -0.306261
  29.609375	  -0.371310
  29.619141	  -0.397233
  29.628906	  -0.377986
  29.638672	  -0.325481
  29.648438	  -0.265362
  29.658203	  -0.227386
  29.667969	  -0.233921
  29.677734	  -0.290834
  29.687500	  -0.384173
  29.697266	  -0.483989
  29.707031	  -0.554016
  29.716797	  -0.563828
  29.726562	  -0.499164
  29.736328	  -0.366800
  29.746094	  -0.192300
  29.755859	  -0.011519
  29.765625	   0.141025
  29.775391	   0.242777
  29.785156	   0.289072
  29.794922	   0.292462
  29.804688	   0.276012
  29.814453	   0.263308
  29.824219	   0.269085
  29.833984	   0.294019
  29.843750	   0.325573
  29.853516	   0.344424
  29.863281	   0.333795
  29.873047	   0.287914
  29.882812	   0.216077
  29.892578	   0.140501
  29.902344	   0.088528
  29.912109	   0.081979
  29.921875	   0.127706
  29.931641	   0.213104
  29.941406	   0.308642
  29.951172	   0.376947
  29.960938	   0.385512
  29.970703	   0.318641
  29.980469	   0.184313
  29.990234	   0.013312
  30.000000	  -0.149410
  30.009766	  -0.258466
  30.019531	  -0.282341
  30.029297	  -0.213514
  30.039062	  -0.070976
  30.048828	   0.105696
  30.058594	   0.268685
  30.068359	   0.376593
  30.078125	   0.406521
  30.087891	   0.359749
  30.097656	   0.259378
  30.107422	   0.141141
  30.117188	   0.040814
  30.126953	  -0.017306
  30.136719	  -0.027008
  30.146484	   0.000106
  30.156250	   0.041162
  30.166016	   0.072032
  30.175781	   0.076905
  30.185547	   0.053867
  30.195312	   0.014588
  30.205078	  -0.021480
  30.214844	  -0.035900
  30.224609	  -0.019470
  30.234375	   0.023398
  30.244141	   0.075891
  30.253906	   0.115149
  30.263672	   0.121292
  30.273438	   0.085642
  30.283203	   0.014883
  30.292969	  -0.070530
  30.302734	  -0.143268
  30.312500	  -0.178835
  30.322266	  -0.164523
  30.332031	  -0.104262
  30.341797	  -0.017511
  30.351562	   0.067486
  30.361328	   0.123643
  30.371094	   0.134586
  30.380859	   0.100314
  30.390625	   0.036921
  30.400391	  -0.029509
  30.410156	  -0.072567
  30.419922	  -0.075196
  30.429688	  -0.035829
  30.439453	   0.031239
  30.449219	   0.101304
  30.458984	   0.148455
  30.468750	   0.155049
  30.478516	   0.117923
  30.488281	   0.049032
  30.498047	  -0.029668
  30.507812	  -0.095082
  30.517578	  -0.132159
  30.527344	  -0.139818
  30.537109	  -0.131248
  30.546875	  -0.128366
  30.556641	  -0.152442
  30.566406	  -0.214454
  30.576172	  -0.308926
  30.585938	  -0.413810
  30.595703	  -0.496772
  30.605469	  -0.525863
  30.615234	  -0.480841
  30.625000	  -0.361055
  30.634766	  -0.186929
  30.644531	   0.005684
  30.654297	   0.176464
  30.664062	   0.293164
  30.673828	   0.341381
  30.683594	   0.328183
  30.693359	   0.278369
  30.703125	   0.224788
  30.712891	   0.196239
  30.722656	   0.207342
  30.732422	   0.253994
  30.742188	   0.315977
  30.751953	   0.365679
  30.761719	   0.379571
  30.771484	   0.348149
  30.781250	   0.280522
  30.791016	   0.201853
  30.800781	   0.144487
  30.810547	   0.135935
  30.820312	   0.188171
  30.830078	   0.292221
  30.839844	   0.420220
  30.849609	   0.534390
  30.859375	   0.599879
  30.869141	   0.596957
  30.878906	   0.528207
  30.888672	   0.418109
  30.898438	   0.305058
  30.908203	   0.228560
  30.917969	   0.216047
  30.927734	   0.273875
  30.937500	   0.385585
  30.947266	   0.517919
  30.957031	   0.632344
  30.966797	   0.697944
  30.976562	   0.701107
  30.986328	   0.648690
  30.996094	   0.563763
  31.005859	   0.475696
  31.015625	   0.408422
  31.025391	   0.371276
  31.035156	   0.355779
  31.044922	   0.339511
  31.054688	   0.295531
  31.064453	   0.203743
  31.074219	   0.059880
  31.083984	  -0.121351
  31.093750	  -0.310254
  31.103516	  -0.471888
  31.113281	  -0.578067
  31.123047	  -0.617220
  31.132812	  -0.598450
  31.142578	  -0.548253
  31.152344	  -0.500971
  31.162109	  -0.486399
  31.171875	  -0.518969
  31.181641	  -0.592416
  31.191406	  -0.681845
  31.201172	  -0.752467
  31.210938	  -0.771857
  31.220703	  -0.721379
  31.230469	  -0.602694
  31.240234	  -0.437127
  31.250000	  -0.258203
  31.259766	  -0.100169
  31.269531	   0.013351
  31.279297	   0.076472
  31.289062	   0.101524
  31.298828	   0.112907
  31.308594	   0.136803
  31.318359	   0.190674
  31.328125	   0.276514
  31.337891	   0.380296
  31.347656	   0.477700
  31.357422	   0.543799
  31.367188	   0.562877
  31.376953	   0.534505
  31.386719	   0.473447
  31.396484	   0.403348
  31.406250	   0.346594
  31.416016	   0.314294
  31.425781	   0.300409
  31.435547	   0.282586
  31.445312	   0.229794
  31.455078	   0.114231
  31.464844	  -0.076749
  31.474609	  -0.333148
  31.484375	  -0.622318
  31.494141	  -0.896880
  31.503906	  -1.108184
  31.513672	  -1.220881
  31.523438	  -1.223673
  31.533203	  -1.132535
  31.542969	  -0.985282
  31.552734	  -0.829306
  31.562500	  -0.706678
  31.572266	  -0.641655
  31.582031	  -0.634729
  31.591797	  -0.664988
  31.601562	  -0.699616
  31.611328	  -0.706848
  31.621094	  -0.667604
  31.630859	  -0.581644
  31.640625	  -0.466203
  31.650391	  -0.347939
  31.660156	  -0.251503
  31.669922	  -0.189267
  31.679688	  -0.156275
  31.689453	  -0.132438
  31.699219	  -0.091199
  31.708984	  -0.011354
  31.718750	   0.112591
  31.728516	   0.265711
  31.738281	   0.415792
  31.748047	   0.523526
  31.757812	   0.556354
  31.767578	   0.500967
  31.777344	   0.369807
  31.787109	   0.198887
  31.796875	   0.037316
  31.806641	  -0.068098
  31.816406	  -0.087958
  31.826172	  -0.019833
  31.835938	   0.111133
  31.845703	   0.260897
  31.855469	   0.381555
  31.865234	   0.437604
  31.875000	   0.417823
  31.884766	   0.338713
  31.894531	   0.238355
  31.904297	   0.162916
  31.914062	   0.150560
  31.923828	   0.218385
  31.933594	   0.356867
  31.943359	   0.533609
  31.953125	   0.704861
  31.962891	   0.830615
  31.972656	   0.887822
  31.982422	   0.877143
  31.992188	   0.820982
  32.001953	   0.753785
  32.011719	   0.708332
  32.021484	   0.703161
  32.031250	   0.735738
  32.041016	   0.783826
  32.050781	   0.814428
  32.060547	   0.796894
  32.070312	   0.715231
  32.080078	   0.574980
  32.089844	   0.402025
  32.099609	   0.233697
  32.109375	   0.105411
  32.119141	   0.037744
  32.128906	   0.028775
  32.138672	   0.054612
  32.148438	   0.078062
  32.158203	   0.062441
  32.167969	  -0.014412
  32.177734	  -0.150989
  32.187500	  -0.321218
  32.197266	  -0.482297
  32.207031	  -0.588629
  32.216797	  -0.607080
  32.226562	  -0.528273
  32.236328	  -0.370056
  32.246094	  -0.171995
  32.255859	   0.017122
  32.265625	   0.154405
  32.275391	   0.215439
  32.285156	   0.200166
  32.294922	   0.130383
  32.304688	   0.040167
  32.314453	  -0.037053
  32.324219	  -0.079985
  32.333984	  -0.085492
  32.343750	  -0.067263
  32.353516	  -0.048033
  32.363281	  -0.048656
  32.373047	  -0.078390
  32.382812	  -0.130205
  32.392578	  -0.182941
  32.402344	  -0.209475
  32.412109	  -0.187753
  32.421875	  -0.110434
  32.431641	   0.010623
  32.441406	   0.146877
  32.451172	   0.261881
  32.460938	   0.323227
  32.470703	   0.313369
  32.480469	   0.235448
  32.490234	   0.112022
  32.500000	  -0.022777
  32.509766	  -0.134831
  32.519531	  -0.201170
  32.529297	  -0.216766
  32.539062	  -0.194740
  32.548828	  -0.160208
  32.558594	  -0.140332
  32.568359	  -0.154449
  32.578125	  -0.207999
  32.587891	  -0.292346
  32.597656	  -0.390270
  32.607422	  -0.484617
  32.617188	  -0.566382
  32.626953	  -0.638729
  32.636719	  -0.715112
  32.646484	  -0.812093
  32.656250	  -0.939695
  32.666016	  -1.093341
  32.675781	  -1.251047
  32.685547	  -1.377669
  32.695312	  -1.435312
  32.705078	  -1.396496
  32.714844	  -1.255328
  32.724609	  -1.032271
  32.734375	  -0.770198
  32.744141	  -0.522411
  32.753906	  -0.336310
  32.763672	  -0.238154
  32.773438	  -0.224247
  32.783203	  -0.261878
  32.792969	  -0.300061
  32.802734	  -0.286683
  32.812500	  -0.186371
  32.822266	   0.007035
  32.832031	   0.267754
  32.841797	   0.546172
  32.851562	   0.785111
  32.861328	   0.938785
  32.871094	   0.987961
  32.880859	   0.946130
  32.890625	   0.854576
  32.900391	   0.768053
  32.910156	   0.736019
  32.919922	   0.785882
  32.929688	   0.913962
  32.939453	   1.087170
  32.949219	   1.254635
  32.958984	   1.365088
  32.968750	   1.383879
  32.978516	   1.303747
  32.988281	   1.145791
  32.998047	   0.950622
  33.007812	   0.763170
  33.017578	   0.616810
  33.027344	   0.522595
  33.037109	   0.467430
  33.046875	   0.421655
  33.056641	   0.353061
  33.066406	   0.241962
  33.076172	   0.091551
  33.085938	  -0.070518
  33.095703	  -0.200190
  33.105469	  -0.252034
  33.115234	  -0.195991
  33.125000	  -0.029836
  33.134766	   0.217168
  33.144531	   0.490963
  33.154297	   0.727624
  33.164062	   0.871600
  33.173828	   0.891208
  33.183594	   0.786337
  33.193359	   0.586083
  33.203125	   0.337511
  33.212891	   0.089775
  33.222656	  -0.120789
  33.232422	  -0.279520
  33.242188	  -0.393597
  33.251953	  -0.484079
  33.261719	  -0.573373
  33.271484	  -0.673217
  33.281250	  -0.777914
  33.291016	  -0.865439
  33.300781	  -0.905943
  33.310547	  -0.874329
  33.320312	  -0.761956
  33.330078	  -0.582772
  33.339844	  -0.371242
  33.349609	  -0.172436
  33.359375	  -0.027643
  33.369141	   0.039426
  33.378906	   0.030814
  33.388672	  -0.026208
  33.398438	  -0.088390
  33.408203	  -0.111413
  33.417969	  -0.065345
  33.427734	   0.054685
  33.437500	   0.226270
  33.447266	   0.406691
  33.457031	   0.546608
  33.466797	   0.605735
  33.476562	   0.565154
  33.486328	   0.432215
  33.496094	   0.236643
  33.505859	   0.019552
  33.515625	  -0.180524
  33.525391	  -0.339615
  33.535156	  -0.454260
  33.544922	  -0.539702
  33.554688	  -0.621467
  33.564453	  -0.723799
  33.574219	  -0.859395
  33.583984	  -1.024169
  33.593750	  -1.198724
  33.603516	  -1.355605
  33.613281	  -1.469244
  33.623047	  -1.524593
  33.632812	  -1.521127
  33.642578	  -1.470815
  33.652344	  -1.391131
  33.662109	  -1.296168
  33.671875	  -1.189716
  33.681641	  -1.063342
  33.691406	  -0.900544
  33.701172	  -0.685510
  33.710938	  -0.413037
  33.720703	  -0.095463
  33.730469	   0.236627
  33.740234	   0.540922
  33.750000	   0.775394
  33.759766	   0.911821
  33.769531	   0.946011
  33.779297	   0.900809
  33.789062	   0.820316
  33.798828	   0.756834
  33.808594	   0.754620
  33.818359	   0.835771
  33.828125	   0.992975
  33.837891	   1.191555
  33.847656	   1.380112
  33.857422	   1.506165
  33.867188	   1.531538
  33.876953	   1.442456
  33.886719	   1.251283
  33.896484	   0.989830
  33.906250	   0.697120
  33.916016	   0.406371
  33.925781	   0.135985
  33.935547	  -0.112310
  33.945312	  -0.347890
  33.955078	  -0.580830
  33.964844	  -0.811162
  33.974609	  -1.022454
  33.984375	  -1.182737
  33.994141	  -1.252999
  34.003906	  -1.200479
  34.013672	  -1.011994
  34.023438	  -0.702231
  34.033203	  -0.313555
  34.042969	   0.093231
  34.052734	   0.454503
  34.062500	   0.720825
  34.072266	   0.869754
  34.082031	   0.910195
  34.091797	   0.876938
  34.101562	   0.817343
  34.111328	   0.774818
  34.121094	   0.774734
  34.130859	   0.817457
  34.140625	   0.880599
  34.150391	   0.929269
  34.160156	   0.930350
  34.169922	   0.865487
  34.179688	   0.738114
  34.189453	   0.572131
  34.199219	   0.402958
  34.208984	   0.264466
  34.218750	   0.176729
  34.228516	   0.139134
  34.238281	   0.131311
  34.248047	   0.121393
  34.257812	   0.078398
  34.267578	  -0.015983
  34.277344	  -0.160574
  34.287109	  -0.335357
  34.296875	  -0.509163
  34.306641	  -0.651341
  34.316406	  -0.742832
  34.326172	  -0.782359
  34.335938	  -0.785362
  34.345703	  -0.776135
  34.355469	  -0.776374
  34.365234	  -0.794780
  34.375000	  -0.822108
  34.384766	  -0.833992
  34.394531	  -0.800900
  34.404297	  -0.701641
  34.414062	  -0.535274
  34.423828	  -0.326477
  34.433594	  -0.121652
  34.443359	   0.023691
  34.453125	   0.062417
  34.462891	  -0.027750
  34.472656	  -0.234631
  34.482422	  -0.512645
  34.492188	  -0.794750
  34.501953	  -1.011757
  34.511719	  -1.112876
  34.521484	  -1.080770
  34.531250	  -0.936132
  34.541016	  -0.730246
  34.550781	  -0.528002
  34.560547	  -0.387013
  34.570312	  -0.339711
  34.580078	  -0.384209
  34.589844	  -0.486659
  34.599609	  -0.593924
  34.609375	  -0.651938
  34.619141	  -0.623426
  34.628906	  -0.499072
  34.638672	  -0.298808
  34.648438	  -0.063381
  34.658203	   0.160226
  34.667969	   0.334049
  34.677734	   0.439681
  34.687500	   0.480747
  34.697266	   0.477123
  34.707031	   0.453818
  34.716797	   0.429269
  34.726562	   0.407781
  34.736328	   0.379020
  34.746094	   0.324480
  34.755859	   0.228043
  34.765625	   0.086025
  34.775391	  -0.087721
  34.785156	  -0.264130
  34.794922	  -0.408173
  34.804688	  -0.491659
  34.814453	  -0.504548
  34.824219	  -0.460082
  34.833984	  -0.391135
  34.843750	  -0.338521
  34.853516	  -0.335130
  34.863281	  -0.391638
  34.873047	  -0.489326
  34.882812	  -0.583214
  34.892578	  -0.615139
  34.902344	  -0.532743
  34.912109	  -0.308002
  34.921875	   0.051188
  34.931641	   0.500701
  34.941406	   0.971655
  34.951172	   1.390107
  34.960938	   1.698508
  34.970703	   1.871736
  34.980469	   1.922345
  34.990234	   1.893385
  35.000000	   1.841462
  35.009766	   1.816070
  35.019531	   1.842511
  35.029297	   1.914367
  35.039062	   1.997999
  35.048828	   2.047219
  35.058594	   2.022540
  35.068359	   1.907784
  35.078125	   1.717694
  35.087891	   1.493537
  35.097656	   1.288033
  35.107422	   1.144998
  35.117188	   1.081151
  35.126953	   1.077029
  35.136719	   1.080845
  35.146484	   1.024581
  35.156250	   0.847230
  35.166016	   0.517346
  35.175781	   0.047092
  35.185547	  -0.507374
  35.195312	  -1.059725
  35.205078	  -1.517306
  35.214844	  -1.807342
  35.224609	  -1.897044
  35.234375	  -1.801178
  35.244141	  -1.574855
  35.253906	  -1.294242
  35.263672	  -1.031819
  35.273438	  -0.834500
  35.283203	  -0.711736
  35.292969	  -0.637161
  35.302734	  -0.562665
  35.312500	  -0.439612
  35.322266	  -0.239652
  35.332031	   0.032031
  35.341797	   0.335400
  35.351562	   0.606328
  35.361328	   0.775521
  35.371094	   0.789099
  35.380859	   0.624067
  35.390625	   0.293991
  35.400391	  -0.156252
  35.410156	  -0.664057
  35.419922	  -1.165847
  35.429688	  -1.611231
  35.439453	  -1.970327
  35.449219	  -2.232900
  35.458984	  -2.401177
  35.468750	  -2.480399
  35.478516	  -2.471680
  35.488281	  -2.370373
  35.498047	  -2.170519
  35.507812	  -1.873164
  35.517578	  -1.494464
  35.527344	  -1.069348
  35.537109	  -0.648100
  35.546875	  -0.286004
  35.556641	  -0.029070
  35.566406	   0.099272
  35.576172	   0.105599
  35.585938	   0.024884
  35.595703	  -0.090213
  35.605469	  -0.185975
  35.615234	  -0.224818
  35.625000	  -0.197295
  35.634766	  -0.124837
  35.644531	  -0.052293
  35.654297	  -0.032770
  35.664062	  -0.109935
  35.673828	  -0.303727
  35.683594	  -0.604164
  35.693359	  -0.975051
  35.703125	  -1.365938
  35.712891	  -1.727849
  35.722656	  -2.027165
  35.732422	  -2.252891
  35.742188	  -2.415101
  35.751953	  -2.535629
  35.761719	  -2.634880
  35.771484	  -2.719945
  35.781250	  -2.778604
  35.791016	  -2.781487
  35.800781	  -2.691563
  35.810547	  -2.477390
  35.820312	  -2.125158
  35.830078	  -1.645047
  35.839844	  -1.069552
  35.849609	  -0.444438
  35.859375	   0.184307
  35.869141	   0.782714
  35.878906	   1.335803
  35.888672	   1.846899
  35.898438	   2.329793
  35.908203	   2.796997
  35.917969	   3.248814
  35.927734	   3.667669
  35.937500	   4.020148
  35.947266	   4.266276
  35.957031	   4.372772
  35.966797	   4.325420
  35.976562	   4.135890
  35.986328	   3.840240
  35.996094	   3.489315
  36.005859	   3.134162
  36.015625	   2.811367
  36.025391	   2.533290
  36.035156	   2.286411
  36.044922	   2.038136
  36.054688	   1.749466
  36.064453	   1.388975
  36.074219	   0.943293
  36.083984	   0.420765
  36.093750	  -0.152379
  36.103516	  -0.741198
  36.113281	  -1.312552
  36.123047	  -1.842658
  36.132812	  -2.318848
  36.142578	  -2.735232
  36.152344	  -3.084640
  36.162109	  -3.350944
  36.171875	  -3.505914
  36.181641	  -3.513067
  36.191406	  -3.338183
  36.201172	  -2.963240
  36.210938	  -2.398735
  36.220703	  -1.689314
  36.230469	  -0.909616
  36.240234	  -0.150445
  36.250000	   0.501145
  36.259766	   0.981945
  36.269531	   1.266545
  36.279297	   1.370636
  36.289062	   1.342558
  36.298828	   1.245871
  36.308594	   1.138683
  36.318359	   1.056521
  36.328125	   1.004196
  36.337891	   0.958963
  36.347656	   0.883333
  36.357422	   0.742580
  36.367188	   0.520477
  36.376953	   0.227606
  36.386719	  -0.100608
  36.396484	  -0.415207
  36.406250	  -0.669999
  36.416016	  -0.836785
  36.425781	  -0.913881
  36.435547	  -0.924893
  36.445312	  -0.908360
  36.455078	  -0.902266
  36.464844	  -0.929357
  36.474609	  -0.988861
  36.484375	  -1.057803
  36.494141	  -1.101452
  36.503906	  -1.088946
  36.513672	  -1.008068
  36.523438	  -0.873338
  36.533203	  -0.723952
  36.542969	  -0.611828
  36.552734	  -0.583777
  36.562500	  -0.664135
  36.572266	  -0.844266
  36.582031	  -1.083049
  36.591797	  -1.318628
  36.601562	  -1.487623
  36.611328	  -1.545270
  36.621094	  -1.479467
  36.630859	  -1.313743
  36.640625	  -1.098030
  36.650391	  -0.890408
  36.660156	  -0.736225
  36.669922	  -0.651964
  36.679688	  -0.619589
  36.689453	  -0.593411
  36.699219	  -0.517086
  36.708984	  -0.344748
  36.718750	  -0.058789
  36.728516	   0.322029
  36.738281	   0.747046
  36.748047	   1.149249
  36.757812	   1.466457
  36.767578	   1.660801
  36.777344	   1.729752
  36.787109	   1.705019
  36.796875	   1.639924
  36.806641	   1.589885
  36.816406	   1.593026
  36.826172	   1.657688
  36.835938	   1.761079
  36.845703	   1.859192
  36.855469	   1.904073
  36.865234	   1.861979
  36.875000	   1.725746
  36.884766	   1.516959
  36.894531	   1.277349
  36.904297	   1.052829
  36.914062	   0.876297
  36.923828	   0.755746
  36.933594	   0.672232
  36.943359	   0.588520
  36.953125	   0.465270
  36.962891	   0.278709
  36.972656	   0.033136
  36.982422	  -0.236616
  36.992188	  -0.473987
  37.001953	  -0.617924
  37.011719	  -0.622543
  37.021484	  -0.472331
  37.031250	  -0.187457
  37.041016	   0.182668
  37.050781	   0.575319
  37.060547	   0.934222
  37.070312	   1.226165
  37.080078	   1.448671
  37.089844	   1.626195
  37.099609	   1.796477
  37.109375	   1.992230
  37.119141	   2.225010
  37.128906	   2.477286
  37.138672	   2.705723
  37.148438	   2.854596
  37.158203	   2.874570
  37.167969	   2.740108
  37.177734	   2.459244
  37.187500	   2.072195
  37.197266	   1.639251
  37.207031	   1.222211
  37.216797	   0.865842
  37.226562	   0.585784
  37.236328	   0.366888
  37.246094	   0.172223
  37.255859	  -0.040845
  37.265625	  -0.303515
  37.275391	  -0.623607
  37.285156	  -0.982976
  37.294922	  -1.344909
  37.304688	  -1.668418
  37.314453	  -1.923814
  37.324219	  -2.103570
  37.333984	  -2.224328
  37.343750	  -2.319286
  37.353516	  -2.423900
  37.363281	  -2.560356
  37.373047	  -2.726819
  37.382812	  -2.895713
  37.392578	  -3.021948
  37.402344	  -3.058314
  37.412109	  -2.972517
  37.421875	  -2.759685
  37.431641	  -2.445718
  37.441406	  -2.080153
  37.451172	  -1.721009
  37.460938	  -1.416972
  37.470703	  -1.193239
  37.480469	  -1.045944
  37.490234	  -0.946995
  37.500000	  -0.857279
  37.509766	  -0.743209
  37.519531	  -0.590391
  37.529297	  -0.409341
  37.539062	  -0.231217
  37.548828	  -0.095278
  37.558594	  -0.032950
  37.568359	  -0.054643
  37.578125	  -0.144484
  37.587891	  -0.265152
  37.597656	  -0.371139
  37.607422	  -0.425552
  37.617188	  -0.414014
  37.626953	  -0.350222
  37.636719	  -0.270645
  37.646484	  -0.219908
  37.656250	  -0.231979
  37.666016	  -0.314054
  37.675781	  -0.439376
  37.685547	  -0.552240
  37.695312	  -0.584185
  37.705078	  -0.476365
  37.714844	  -0.200697
  37.724609	   0.227400
  37.734375	   0.749267
  37.744141	   1.276530
  37.753906	   1.713838
  37.763672	   1.983692
  37.773438	   2.045720
  37.783203	   1.904670
  37.792969	   1.605253
  37.802734	   1.216261
  37.812500	   0.809710
  37.822266	   0.441946
  37.832031	   0.142462
  37.841797	  -0.086951
  37.851562	  -0.263870
  37.861328	  -0.411965
  37.871094	  -0.548322
  37.880859	  -0.676085
  37.890625	  -0.784540
  37.900391	  -0.855602
  37.910156	  -0.873080
  37.919922	  -0.830143
  37.929688	  -0.731443
  37.939453	  -0.588855
  37.949219	  -0.412772
  37.958984	  -0.203080
  37.968750	   0.055565
  37.978516	   0.391083
  37.988281	   0.833770
  37.998047	   1.401710
  38.007812	   2.087179
  38.017578	   2.849771
  38.027344	   3.619981
  38.037109	   4.313425
  38.046875	   4.851907
  38.056641	   5.184683
  38.066406	   5.302626
  38.076172	   5.240011
  38.085938	   5.062627
  38.095703	   4.845614
  38.105469	   4.648141
  38.115234	   4.493411
  38.125000	   4.360903
  38.134766	   4.193796
  38.144531	   3.919324
  38.154297	   3.475361
  38.164062	   2.834269
  38.173828	   2.015843
  38.183594	   1.084847
  38.193359	   0.133848
  38.203125	  -0.742924
  38.212891	  -1.475917
  38.222656	  -2.038000
  38.232422	  -2.447846
  38.242188	  -2.758175
  38.251953	  -3.033301
  38.261719	  -3.324044
  38.271484	  -3.648784
  38.281250	  -3.987086
  38.291016	  -4.287713
  38.300781	  -4.487700
  38.310547	  -4.535228
  38.320312	  -4.407877
  38.330078	  -4.119652
  38.339844	  -3.714450
  38.349609	  -3.248708
  38.359375	  -2.770030
  38.369141	  -2.300091
  38.378906	  -1.828581
  38.388672	  -1.320847
  38.398438	  -0.736732
  38.408203	  -0.053786
  38.417969	   0.713909
  38.427734	   1.508789
  38.437500	   2.238267
  38.447266	   2.796723
  38.457031	   3.094319
  38.466797	   3.083347
  38.476562	   2.773398
  38.486328	   2.230244
  38.496094	   1.558717
  38.505859	   0.875098
  38.515625	   0.277892
  38.525391	  -0.173866
  38.535156	  -0.468461
  38.544922	  -0.634093
  38.554688	  -0.720037
  38.564453	  -0.773864
  38.574219	  -0.823148
  38.583984	  -0.867920
  38.593750	  -0.885842
  38.603516	  -0.847161
  38.613281	  -0.732849
  38.623047	  -0.548268
  38.632812	  -0.326536
  38.642578	  -0.119829
  38.652344	   0.018343
  38.662109	   0.053220
  38.671875	  -0.016634
  38.681641	  -0.156342
  38.691406	  -0.305222
  38.701172	  -0.397702
  38.710938	  -0.387511
  38.720703	  -0.266407
  38.730469	  -0.070306
  38.740234	   0.130193
  38.750000	   0.252415
  38.759766	   0.230197
  38.769531	   0.038893
  38.779297	  -0.291903
  38.789062	  -0.682752
  38.798828	  -1.025123
  38.808594	  -1.212336
  38.818359	  -1.171098
  38.828125	  -0.883710
  38.837891	  -0.394012
  38.847656	   0.204706
  38.857422	   0.795933
  38.867188	   1.272071
  38.876953	   1.562679
  38.886719	   1.650621
  38.896484	   1.571999
  38.906250	   1.400944
  38.916016	   1.224891
  38.925781	   1.118414
  38.935547	   1.123438
  38.945312	   1.240948
  38.955078	   1.435262
  38.964844	   1.647953
  38.974609	   1.815958
  38.984375	   1.887905
  38.994141	   1.834267
  39.003906	   1.649676
  39.013672	   1.348660
  39.023438	   0.957962
  39.033203	   0.509026
  39.042969	   0.033178
  39.052734	  -0.439885
  39.062500	  -0.881505
  39.072266	  -1.263545
  39.082031	  -1.559879
  39.091797	  -1.750484
  39.101562	  -1.827008
  39.111328	  -1.797403
  39.121094	  -1.686940
  39.130859	  -1.533989
  39.140625	  -1.380845
  39.150391	  -1.262024
  39.160156	  -1.193773
  39.169922	  -1.168603
  39.179688	  -1.157154
  39.189453	  -1.117266
  39.199219	  -1.007531
  39.208984	  -0.800886
  39.218750	  -0.493642
  39.228516	  -0.106853
  39.238281	   0.320363
  39.248047	   0.743088
  39.257812	   1.123947
  39.267578	   1.442665
  39.277344	   1.698437
  39.287109	   1.904431
  39.296875	   2.076810
  39.306641	   2.222785
  39.316406	   2.332697
  39.326172	   2.379649
  39.335938	   2.327328
  39.345703	   2.143451
  39.355469	   1.813906
  39.365234	   1.352126
  39.375000	   0.799775
  39.384766	   0.217855
  39.394531	  -0.329063
  39.404297	  -0.790180
  39.414062	  -1.141293
  39.423828	  -1.388478
  39.433594	  -1.561284
  39.443359	  -1.697876
  39.453125	  -1.827628
  39.462891	  -1.957717
  39.472656	  -2.068907
  39.482422	  -2.122407
  39.492188	  -2.075530
  39.501953	  -1.900488
  39.511719	  -1.599227
  39.521484	  -1.208379
  39.531250	  -0.791827
  39.541016	  -0.422811
  39.550781	  -0.161455
  39.560547	  -0.035446
  39.570312	  -0.030814
  39.580078	  -0.096363
  39.589844	  -0.160603
  39.599609	  -0.155582
  39.609375	  -0.039513
  39.619141	   0.189617
  39.628906	   0.494166
  39.638672	   0.810608
  39.648438	   1.072066
  39.658203	   1.231604
  39.667969	   1.278041
  39.677734	   1.238689
  39.687500	   1.168172
  39.697266	   1.127456
  39.707031	   1.160801
  39.716797	   1.279093
  39.726562	   1.455713
  39.736328	   1.636542
  39.746094	   1.760491
  39.755859	   1.783053
  39.765625	   1.694131
  39.775391	   1.523368
  39.785156	   1.330677
  39.794922	   1.185063
  39.804688	   1.139197
  39.814453	   1.208931
  39.824219	   1.365395
  39.833984	   1.542990
  39.843750	   1.660939
  39.853516	   1.651194
  39.863281	   1.483070
  39.873047	   1.175886
  39.882812	   0.794957
  39.892578	   0.431939
  39.902344	   0.175915
  39.912109	   0.084840
  39.921875	   0.166826
  39.931641	   0.377411
  39.941406	   0.633520
  39.951172	   0.839262
  39.960938	   0.914853
  39.970703	   0.819252
  39.980469	   0.559546
  39.990234	   0.184903
