# Time	Amplitude (cm/s/s)
   0.000000	   0.451998
   0.009766	   0.203763
   0.019531	  -0.056706
   0.029297	  -0.272941
   0.039062	  -0.401825
   0.048828	  -0.427562
   0.058594	  -0.367137
   0.068359	  -0.265185
   0.078125	  -0.179679
   0.087891	  -0.163004
   0.097656	  -0.244557
   0.107422	  -0.420497
   0.117188	  -0.653912
   0.126953	  -0.885228
   0.136719	  -1.049411
   0.146484	  -1.094455
   0.156250	  -0.995534
   0.166016	  -0.760891
   0.175781	  -0.428438
   0.185547	  -0.055047
   0.195312	   0.297412
   0.205078	   0.574743
   0.214844	   0.738393
   0.224609	   0.767506
   0.234375	   0.656197
   0.244141	   0.408760
   0.253906	   0.035761
   0.263672	  -0.447119
   0.273438	  -1.017504
   0.283203	  -1.643801
   0.292969	  -2.284455
   0.302734	  -2.891195
   0.312500	  -3.416873
   0.322266	  -3.826217
   0.332031	  -4.106022
   0.341797	  -4.270635
   0.351562	  -4.359662
   0.361328	  -4.427243
   0.371094	  -4.525257
   0.380859	  -4.685365
   0.390625	  -4.905771
   0.400391	  -5.147565
   0.410156	  -5.342648
   0.419922	  -5.411489
   0.429688	  -5.285584
   0.439453	  -4.927657
   0.449219	  -4.343156
   0.458984	  -3.579279
   0.468750	  -2.711795
   0.478516	  -1.823958
   0.488281	  -0.984412
   0.498047	  -0.231234
   0.507812	   0.432869
   0.517578	   1.033110
   0.527344	   1.606003
   0.537109	   2.179783
   0.546875	   2.758957
   0.556641	   3.318412
   0.566406	   3.809031
   0.576172	   4.172555
   0.585938	   4.360139
   0.595703	   4.347846
   0.605469	   4.143542
   0.615234	   3.782956
   0.625000	   3.316741
   0.634766	   2.793712
   0.644531	   2.246876
   0.654297	   1.687687
   0.664062	   1.110803
   0.673828	   0.507391
   0.683594	  -0.118437
   0.693359	  -0.737082
   0.703125	  -1.290709
   0.712891	  -1.702816
   0.722656	  -1.898081
   0.732422	  -1.826392
   0.742188	  -1.482897
   0.751953	  -0.916657
   0.761719	  -0.223934
   0.771484	   0.472916
   0.781250	   1.055103
   0.791016	   1.436819
   0.800781	   1.585440
   0.810547	   1.526452
   0.820312	   1.331886
   0.830078	   1.096316
   0.839844	   0.908296
   0.849609	   0.826304
   0.859375	   0.866319
   0.869141	   1.004016
   0.878906	   1.189485
   0.888672	   1.368319
   0.898438	   1.501171
   0.908203	   1.574987
   0.917969	   1.602606
   0.927734	   1.611974
   0.937500	   1.630079
   0.947266	   1.668539
   0.957031	   1.716924
   0.966797	   1.746666
   0.976562	   1.724125
   0.986328	   1.627602
   0.996094	   1.461273
   1.005859	   1.259905
   1.015625	   1.081482
   1.025391	   0.989382
   1.035156	   1.029812
   1.044922	   1.212381
   1.054688	   1.501041
   1.064453	   1.819368
   1.074219	   2.069356
   1.083984	   2.158245
   1.093750	   2.024998
   1.103516	   1.657951
   1.113281	   1.097942
   1.123047	   0.425902
   1.132812	  -0.261050
   1.142578	  -0.877348
   1.152344	  -1.371803
   1.162109	  -1.738631
   1.171875	  -2.013811
   1.181641	  -2.258777
   1.191406	  -2.537397
   1.201172	  -2.893995
   1.210938	  -3.339320
   1.220703	  -3.848247
   1.230469	  -4.368841
   1.240234	  -4.838724
   1.250000	  -5.202641
   1.259766	  -5.425425
   1.269531	  -5.496791
   1.279297	  -5.427751
   1.289062	  -5.241459
   1.298828	  -4.962974
   1.308594	  -4.612196
   1.318359	  -4.202317
   1.328125	  -3.743393
   1.337891	  -3.248280
   1.347656	  -2.737119
   1.357422	  -2.237263
   1.367188	  -1.777644
   1.376953	  -1.379303
   1.386719	  -1.045873
   1.396484	  -0.758434
   1.406250	  -0.477919
   1.416016	  -0.155581
   1.425781	   0.251074
   1.435547	   0.761892
   1.445312	   1.362858
   1.455078	   2.004321
   1.464844	   2.609919
   1.474609	   3.093848
   1.484375	   3.381267
   1.494141	   3.425568
   1.503906	   3.217333
   1.513672	   2.782757
   1.523438	   2.172967
   1.533203	   1.448738
   1.542969	   0.666424
   1.552734	  -0.130000
   1.562500	  -0.908629
   1.572266	  -1.642497
   1.582031	  -2.299981
   1.591797	  -2.838318
   1.601562	  -3.204666
   1.611328	  -3.346071
   1.621094	  -3.225868
   1.630859	  -2.840811
   1.640625	  -2.232094
   1.650391	  -1.484749
   1.660156	  -0.713578
   1.669922	  -0.038395
   1.679688	   0.444607
   1.689453	   0.686660
   1.699219	   0.697712
   1.708984	   0.541249
   1.718750	   0.313913
   1.728516	   0.116150
   1.738281	   0.023074
   1.748047	   0.064664
   1.757812	   0.221261
   1.767578	   0.435192
   1.777344	   0.633974
   1.787109	   0.756796
   1.796875	   0.775145
   1.806641	   0.700753
   1.816406	   0.578692
   1.826172	   0.468761
   1.835938	   0.422318
   1.845703	   0.463171
   1.855469	   0.579365
   1.865234	   0.728617
   1.875000	   0.855002
   1.884766	   0.910471
   1.894531	   0.873040
   1.904297	   0.754889
   1.914062	   0.597458
   1.923828	   0.455512
   1.933594	   0.376300
   1.943359	   0.381721
   1.953125	   0.460264
   1.962891	   0.571761
   1.972656	   0.663110
   1.982422	   0.688955
   1.992188	   0.629330
   2.001953	   0.497383
   2.011719	   0.333989
   2.021484	   0.191099
   2.031250	   0.110057
   2.041016	   0.103283
   2.050781	   0.146733
   2.060547	   0.186708
   2.070312	   0.159262
   2.080078	   0.015561
   2.089844	  -0.256001
   2.099609	  -0.619470
   2.109375	  -0.997419
   2.119141	  -1.292359
   2.128906	  -1.416870
   2.138672	  -1.322446
   2.148438	  -1.017118
   2.158203	  -0.565476
   2.167969	  -0.070607
   2.177734	   0.356418
   2.187500	   0.629551
   2.197266	   0.712435
   2.207031	   0.626710
   2.216797	   0.441497
   2.226562	   0.247994
   2.236328	   0.128079
   2.246094	   0.127675
   2.255859	   0.243747
   2.265625	   0.428866
   2.275391	   0.611127
   2.285156	   0.721901
   2.294922	   0.721435
   2.304688	   0.613304
   2.314453	   0.442981
   2.324219	   0.281465
   2.333984	   0.200221
   2.343750	   0.246497
   2.353516	   0.427694
   2.363281	   0.709893
   2.373047	   1.030430
   2.382812	   1.319401
   2.392578	   1.522003
   2.402344	   1.613736
   2.412109	   1.603518
   2.421875	   1.524519
   2.431641	   1.417149
   2.441406	   1.311448
   2.451172	   1.215977
   2.460938	   1.117493
   2.470703	   0.991135
   2.480469	   0.816517
   2.490234	   0.592618
   2.500000	   0.344709
   2.509766	   0.119634
   2.519531	  -0.029502
   2.529297	  -0.063801
   2.539062	   0.023764
   2.548828	   0.200869
   2.558594	   0.402459
   2.568359	   0.550231
   2.578125	   0.578758
   2.587891	   0.459157
   2.597656	   0.211590
   2.607422	  -0.098506
   2.617188	  -0.379945
   2.626953	  -0.544917
   2.636719	  -0.537927
   2.646484	  -0.354588
   2.656250	  -0.043652
   2.666016	   0.308602
   2.675781	   0.606318
   2.685547	   0.774729
   2.695312	   0.782992
   2.705078	   0.651404
   2.714844	   0.440835
   2.724609	   0.228494
   2.734375	   0.079032
   2.744141	   0.021496
   2.753906	   0.040452
   2.763672	   0.084288
   2.773438	   0.087395
   2.783203	  -0.002224
   2.792969	  -0.200354
   2.802734	  -0.477613
   2.812500	  -0.767722
   2.822266	  -0.990210
   2.832031	  -1.079378
   2.841797	  -1.008915
   2.851562	  -0.803029
   2.861328	  -0.529809
   2.871094	  -0.278965
   2.880859	  -0.131822
   2.890625	  -0.134286
   2.900391	  -0.282475
   2.910156	  -0.526067
   2.919922	  -0.787969
   2.929688	  -0.992917
   2.939453	  -1.094375
   2.949219	  -1.089738
   2.958984	  -1.018255
   2.968750	  -0.942575
   2.978516	  -0.921035
   2.988281	  -0.981420
   2.998047	  -1.106542
   3.007812	  -1.237721
   3.017578	  -1.295522
   3.027344	  -1.210547
   3.037109	  -0.952909
   3.046875	  -0.549092
   3.056641	  -0.079042
   3.066406	   0.346611
   3.076172	   0.622078
   3.085938	   0.682595
   3.095703	   0.528503
   3.105469	   0.228237
   3.115234	  -0.101580
   3.125000	  -0.332853
   3.134766	  -0.367455
   3.144531	  -0.169516
   3.154297	   0.222395
   3.164062	   0.707338
   3.173828	   1.154263
   3.183594	   1.443554
   3.193359	   1.503958
   3.203125	   1.332736
   3.212891	   0.992828
   3.222656	   0.588785
   3.232422	   0.230387
   3.242188	  -0.003191
   3.251953	  -0.086493
   3.261719	  -0.050875
   3.271484	   0.032419
   3.281250	   0.082165
   3.291016	   0.038703
   3.300781	  -0.114269
   3.310547	  -0.345079
   3.320312	  -0.587471
   3.330078	  -0.766244
   3.339844	  -0.825134
   3.349609	  -0.746508
   3.359375	  -0.555932
   3.369141	  -0.310623
   3.378906	  -0.076948
   3.388672	   0.093919
   3.398438	   0.182693
   3.408203	   0.204823
   3.417969	   0.199022
   3.427734	   0.206695
   3.437500	   0.251191
   3.447266	   0.325779
   3.457031	   0.395723
   3.466797	   0.414022
   3.476562	   0.344584
   3.486328	   0.183211
   3.496094	  -0.032936
   3.505859	  -0.232573
   3.515625	  -0.333026
   3.525391	  -0.270904
   3.535156	  -0.029451
   3.544922	   0.348325
   3.554688	   0.767043
   3.564453	   1.105921
   3.574219	   1.257056
   3.583984	   1.162132
   3.593750	   0.834468
   3.603516	   0.357930
   3.613281	  -0.137954
   3.623047	  -0.518990
   3.632812	  -0.689851
   3.642578	  -0.625320
   3.652344	  -0.378393
   3.662109	  -0.062210
   3.671875	   0.188191
   3.681641	   0.261276
   3.691406	   0.106082
   3.701172	  -0.251637
   3.710938	  -0.719462
   3.720703	  -1.170659
   3.730469	  -1.487257
   3.740234	  -1.598712
   3.750000	  -1.502857
   3.759766	  -1.262396
   3.769531	  -0.978982
   3.779297	  -0.754880
   3.789062	  -0.656359
   3.798828	  -0.691953
   3.808594	  -0.812893
   3.818359	  -0.934712
   3.828125	  -0.971203
   3.837891	  -0.867533
   3.847656	  -0.620006
   3.857422	  -0.275294
   3.867188	   0.089994
   3.876953	   0.400923
   3.886719	   0.614263
   3.896484	   0.734811
   3.906250	   0.811300
   3.916016	   0.913265
   3.925781	   1.097947
   3.935547	   1.380592
   3.945312	   1.720679
   3.955078	   2.030817
   3.964844	   2.206371
   3.974609	   2.165613
   3.984375	   1.885458
   3.994141	   1.418610
   4.003906	   0.884173
   4.013672	   0.433242
   4.023438	   0.200381
   4.033203	   0.257622
   4.042969	   0.587486
   4.052734	   1.085366
   4.062500	   1.591467
   4.072266	   1.942021
   4.082031	   2.022384
   4.091797	   1.803643
   4.101562	   1.349907
   4.111328	   0.793722
   4.121094	   0.288334
   4.130859	  -0.046184
   4.140625	  -0.163684
   4.150391	  -0.105023
   4.160156	   0.021100
   4.169922	   0.082375
   4.179688	  -0.024155
   4.189453	  -0.330044
   4.199219	  -0.780069
   4.208984	  -1.249587
   4.218750	  -1.588672
   4.228516	  -1.677086
   4.238281	  -1.469899
   4.248047	  -1.016718
   4.257812	  -0.446892
   4.267578	   0.074560
   4.277344	   0.404738
   4.287109	   0.473531
   4.296875	   0.308620
   4.306641	   0.025300
   4.316406	  -0.215682
   4.326172	  -0.267463
   4.335938	  -0.052323
   4.345703	   0.407166
   4.355469	   0.992621
   4.365234	   1.528766
   4.375000	   1.843207
   4.384766	   1.825929
   4.394531	   1.467447
   4.404297	   0.862186
   4.414062	   0.176122
   4.423828	  -0.409477
   4.433594	  -0.758001
   4.443359	  -0.819855
   4.453125	  -0.642701
   4.462891	  -0.346959
   4.472656	  -0.076712
   4.482422	   0.055060
   4.492188	   0.006318
   4.501953	  -0.183639
   4.511719	  -0.416228
   4.521484	  -0.578592
   4.531250	  -0.593257
   4.541016	  -0.452403
   4.550781	  -0.222794
   4.560547	  -0.018986
   4.570312	   0.044914
   4.580078	  -0.094210
   4.589844	  -0.416295
   4.599609	  -0.818381
   4.609375	  -1.149134
   4.619141	  -1.265907
   4.628906	  -1.093162
   4.638672	  -0.659466
   4.648438	  -0.097330
   4.658203	   0.396374
   4.667969	   0.626843
   4.677734	   0.471278
   4.687500	  -0.073350
   4.697266	  -0.883236
   4.707031	  -1.745530
   4.716797	  -2.428791
   4.726562	  -2.761563
   4.736328	  -2.690956
   4.746094	  -2.299849
   4.755859	  -1.776093
   4.765625	  -1.344603
   4.775391	  -1.186930
   4.785156	  -1.377644
   4.794922	  -1.860730
   4.804688	  -2.474283
   4.814453	  -3.013647
   4.824219	  -3.308688
   4.833984	  -3.285603
   4.843750	  -2.989851
   4.853516	  -2.562123
   4.863281	  -2.177958
   4.873047	  -1.976202
   4.882812	  -2.006108
   4.892578	  -2.215150
   4.902344	  -2.482320
   4.912109	  -2.681397
   4.921875	  -2.743909
   4.931641	  -2.688806
   4.941406	  -2.597708
   4.951172	  -2.537383
   4.960938	  -2.456658
   4.970703	  -2.102833
   4.980469	  -1.004447
   4.990234	   1.450287
   5.000000	   5.842726
   5.009766	  12.501493
   5.019531	  21.297976
   5.029297	  31.536590
   5.039062	  41.997789
   5.048828	  51.149288
   5.058594	  57.487043
   5.068359	  59.919398
   5.078125	  58.082803
   5.087891	  52.486315
   5.097656	  44.425241
   5.107422	  35.670496
   5.117188	  28.009758
   5.126953	  22.767009
   5.136719	  20.440905
   5.146484	  20.573031
   5.156250	  21.891552
   5.166016	  22.693287
   5.175781	  21.353395
   5.185547	  16.810579
   5.195312	   8.881007
   5.205078	  -1.694295
   5.214844	 -13.481530
   5.224609	 -24.791314
   5.234375	 -34.182129
   5.244141	 -40.870656
   5.253906	 -44.919978
   5.263672	 -47.148571
   5.273438	 -48.793400
   5.283203	 -51.040040
   5.292969	 -54.575551
   5.302734	 -59.311822
   5.312500	 -64.370797
   5.322266	 -68.336891
   5.332031	 -69.694285
   5.341797	 -67.306539
   5.351562	 -60.782877
   5.361328	 -50.613712
   5.371094	 -38.034698
   5.380859	 -24.668121
   5.390625	 -12.063011
   5.400391	  -1.286851
   5.410156	   7.298118
   5.419922	  14.005269
   5.429688	  19.558887
   5.439453	  24.692979
   5.449219	  29.758836
   5.458984	  34.484035
   5.468750	  37.974514
   5.478516	  38.968974
   5.488281	  36.268603
   5.498047	  29.203600
   5.507812	  17.981628
   5.517578	   3.797422
   5.527344	 -11.343859
   5.537109	 -25.048364
   5.546875	 -35.083803
   5.556641	 -39.903228
   5.566406	 -38.997167
   5.576172	 -32.982282
   5.585938	 -23.413509
   5.595703	 -12.385074
   5.605469	  -2.039739
   5.615234	   5.879815
   5.625000	  10.329870
   5.634766	  11.062317
   5.644531	   8.530255
   5.654297	   3.664673
   5.664062	  -2.392334
   5.673828	  -8.520503
   5.683594	 -13.775223
   5.693359	 -17.457451
   5.703125	 -19.127081
   5.712891	 -18.599139
   5.722656	 -15.951612
   5.732422	 -11.548021
   5.742188	  -6.050670
   5.751953	  -0.386228
   5.761719	   4.367539
   5.771484	   7.177191
   5.781250	   7.296247
   5.791016	   4.487598
   5.800781	  -0.853042
   5.810547	  -7.733086
   5.820312	 -14.773564
   5.830078	 -20.550824
   5.839844	 -23.974943
   5.849609	 -24.586428
   5.859375	 -22.667988
   5.869141	 -19.121163
   5.878906	 -15.133086
   5.888672	 -11.732206
   5.898438	  -9.377344
   5.908203	  -7.724159
   5.917969	  -5.663522
   5.927734	  -1.641072
   5.937500	   5.827072
   5.947266	  17.599355
   5.957031	  33.495584
   5.966797	  52.171953
   5.976562	  71.346155
   5.986328	  88.325276
   5.996094	 100.690299
   6.005859	 106.935218
   6.015625	 106.865606
   6.025391	 101.630702
   6.035156	  93.373971
   6.044922	  84.604766
   6.054688	  77.480526
   6.064453	  73.216656
   6.074219	  71.800370
   6.083984	  72.088245
   6.093750	  72.245857
   6.103516	  70.380820
   6.113281	  65.162294
   6.123047	  56.229056
   6.132812	  44.261139
   6.142578	  30.702486
   6.152344	  17.236950
   6.162109	   5.199743
   6.171875	  -4.874750
   6.181641	 -13.415507
   6.191406	 -21.632159
   6.201172	 -31.046638
   6.210938	 -42.893427
   6.220703	 -57.585920
   6.230469	 -74.424967
   6.240234	 -91.647270
   6.250000	-106.802587
   6.259766	-117.345417
   6.269531	-121.262433
   6.279297	-117.551141
   6.289062	-106.418156
   6.298828	 -89.158028
   6.308594	 -67.773928
   6.318359	 -44.476837
   6.328125	 -21.226338
   6.337891	   0.552691
   6.347656	  20.014967
   6.357422	  36.727275
   6.367188	  50.388593
   6.376953	  60.572646
   6.386719	  66.612148
   6.396484	  67.685192
   6.406250	  63.083925
   6.416016	  52.572304
   6.425781	  36.699401
   6.435547	  16.941093
   6.445312	  -4.405979
   6.455078	 -24.576067
   6.464844	 -40.850453
   6.474609	 -51.103099
   6.484375	 -54.229556
   6.494141	 -50.346740
   6.503906	 -40.718063
   6.513672	 -27.435940
   6.523438	 -12.956981
   6.533203	   0.384410
   6.542969	  10.767671
   6.552734	  17.108873
   6.562500	  19.098805
   6.572266	  17.093651
   6.582031	  11.926629
   6.591797	   4.710463
   6.601562	  -3.323389
   6.611328	 -10.938918
   6.621094	 -16.984427
   6.630859	 -20.489826
   6.640625	 -20.794773
   6.650391	 -17.700493
   6.660156	 -11.604064
   6.669922	  -3.552292
   6.679688	   4.844190
   6.689453	  11.663830
   6.699219	  15.068693
   6.708984	  13.759332
   6.718750	   7.370465
   6.728516	  -3.316208
   6.738281	 -16.429406
   6.748047	 -29.354000
   6.757812	 -39.300334
   6.767578	 -43.961465
   6.777344	 -42.087007
   6.787109	 -33.815320
   6.796875	 -20.666160
   6.806641	  -5.187134
   6.816406	   9.656960
   6.826172	  21.191206
   6.835938	  27.647228
   6.845703	  28.529762
   6.855469	  24.645580
   6.865234	  17.802337
   6.875000	  10.274733
   6.884766	   4.193854
   6.894531	   1.026868
   6.904297	   1.277474
   6.914062	   4.466124
   6.923828	   9.366321
   6.933594	  14.404522
   6.943359	  18.095697
   6.953125	  19.392117
   6.962891	  17.864110
   6.972656	  13.691965
   6.982422	   7.507260
   6.992188	   0.160903
   7.001953	  -7.496075
   7.011719	 -14.754010
   7.021484	 -21.083735
   7.031250	 -26.092254
   7.041016	 -29.444743
   7.050781	 -30.810733
   7.060547	 -29.876248
   7.070312	 -26.430775
   7.080078	 -20.501429
   7.089844	 -12.480361
   7.099609	  -3.185258
   7.109375	   6.190881
   7.119141	  14.250985
   7.128906	  19.657108
   7.138672	  21.424343
   7.148438	  19.169671
   7.158203	  13.247647
   7.167969	   4.732116
   7.177734	  -4.758339
   7.187500	 -13.355155
   7.197266	 -19.290945
   7.207031	 -21.232679
   7.216797	 -18.530181
   7.226562	 -11.335212
   7.236328	  -0.575385
   7.246094	  12.204466
   7.255859	  25.099074
   7.265625	  36.150928
   7.275391	  43.659926
   7.285156	  46.448433
   7.294922	  44.044077
   7.304688	  36.753881
   7.314453	  25.616869
   7.324219	  12.238311
   7.333984	  -1.473109
   7.343750	 -13.625526
   7.353516	 -22.666943
   7.363281	 -27.649713
   7.373047	 -28.380659
   7.382812	 -25.420595
   7.392578	 -19.928235
   7.402344	 -13.379748
   7.412109	  -7.227263
   7.421875	  -2.577689
   7.431641	   0.029178
   7.441406	   0.688492
   7.451172	   0.029786
   7.460938	  -1.020369
   7.470703	  -1.542628
   7.480469	  -0.907448
   7.490234	   1.045728
   7.500000	   3.983067
   7.509766	   7.208479
   7.519531	   9.908917
   7.529297	  11.433778
   7.539062	  11.518831
   7.548828	  10.382390
   7.558594	   8.661383
   7.568359	   7.205245
   7.578125	   6.790713
   7.587891	   7.846383
   7.597656	  10.274429
   7.607422	  13.428457
   7.617188	  16.259833
   7.626953	  17.594430
   7.636719	  16.462627
   7.646484	  12.389455
   7.656250	   5.563148
   7.666016	  -3.164927
   7.675781	 -12.448725
   7.685547	 -20.738690
   7.695312	 -26.619122
   7.705078	 -29.107123
   7.714844	 -27.843694
   7.724609	 -23.140017
   7.734375	 -15.880969
   7.744141	  -7.321889
   7.753906	   1.165104
   7.763672	   8.336192
   7.773438	  13.265715
   7.783203	  15.455710
   7.792969	  14.862352
   7.802734	  11.853139
   7.812500	   7.116021
   7.822266	   1.540732
   7.832031	  -3.913040
   7.841797	  -8.351249
   7.851562	 -11.076720
   7.861328	 -11.704381
   7.871094	 -10.242895
   7.880859	  -7.121167
   7.890625	  -3.140813
   7.900391	   0.652901
   7.910156	   3.170099
   7.919922	   3.512057
   7.929688	   1.193201
   7.939453	  -3.706929
   7.949219	 -10.508234
   7.958984	 -18.032893
   7.968750	 -24.834070
   7.978516	 -29.503838
   7.988281	 -30.989340
   7.998047	 -28.839788
   8.007812	 -23.321260
   8.017578	 -15.368274
   8.027344	  -6.382300
   8.037109	   2.073612
   8.046875	   8.608971
   8.056641	  12.287903
   8.066406	  12.793999
   8.076172	  10.445153
   8.085938	   6.065007
   8.095703	   0.753043
   8.105469	  -4.382671
   8.115234	  -8.462652
   8.125000	 -10.990188
   8.134766	 -11.896587
   8.144531	 -11.482147
   8.154297	 -10.282961
   8.164062	  -8.907531
   8.173828	  -7.887110
   8.183594	  -7.571936
   8.193359	  -8.087292
   8.203125	  -9.345196
   8.212891	 -11.094881
   8.222656	 -12.990755
   8.232422	 -14.659716
   8.242188	 -15.757414
   8.251953	 -16.011171
   8.261719	 -15.252145
   8.271484	 -13.439599
   8.281250	 -10.676500
   8.291016	  -7.211011
   8.300781	  -3.415975
   8.310547	   0.259416
   8.320312	   3.364529
   8.330078	   5.537688
   8.339844	   6.591921
   8.349609	   6.571739
   8.359375	   5.760024
   8.369141	   4.625246
   8.378906	   3.715552
   8.388672	   3.522936
   8.398438	   4.352150
   8.408203	   6.231138
   8.417969	   8.890778
   8.427734	  11.823724
   8.437500	  14.409963
   8.447266	  16.076930
   8.457031	  16.450867
   8.466797	  15.457211
   8.476562	  13.341342
   8.486328	  10.603284
   8.496094	   7.864424
   8.505859	   5.703839
   8.515625	   4.510456
   8.525391	   4.392424
   8.535156	   5.168100
   8.544922	   6.439084
   8.554688	   7.721739
   8.564453	   8.596947
   8.574219	   8.833140
   8.583984	   8.446378
   8.593750	   7.680603
   8.603516	   6.915298
   8.613281	   6.529520
   8.623047	   6.764158
   8.632812	   7.624693
   8.642578	   8.854694
   8.652344	   9.989481
   8.662109	  10.476047
   8.671875	   9.826174
   8.681641	   7.760186
   8.691406	   4.301374
   8.701172	  -0.205145
   8.710938	  -5.154732
   8.720703	  -9.810713
   8.730469	 -13.464420
   8.740234	 -15.587903
   8.750000	 -15.942896
   8.759766	 -14.622341
   8.769531	 -12.018646
   8.779297	  -8.730778
   8.789062	  -5.435573
   8.798828	  -2.754205
   8.808594	  -1.142088
   8.818359	  -0.821385
   8.828125	  -1.762997
   8.837891	  -3.713331
   8.847656	  -6.253124
   8.857422	  -8.872620
   8.867188	 -11.049026
   8.876953	 -12.316550
   8.886719	 -12.324122
   8.896484	 -10.879065
   8.906250	  -7.975692
   8.916016	  -3.806490
   8.925781	   1.248156
   8.935547	   6.656029
   8.945312	  11.796632
   8.955078	  16.048322
   8.964844	  18.887793
   8.974609	  19.984044
   8.984375	  19.265773
   8.994141	  16.943438
   9.003906	  13.475435
   9.013672	   9.480489
   9.023438	   5.612306
   9.033203	   2.423675
   9.042969	   0.252014
   9.052734	  -0.845167
   9.062500	  -1.087954
   9.072266	  -0.904658
   9.082031	  -0.812531
   9.091797	  -1.278937
   9.101562	  -2.598429
   9.111328	  -4.816719
   9.121094	  -7.719595
   9.130859	 -10.887317
   9.140625	 -13.797747
   9.150391	 -15.949550
   9.160156	 -16.973272
   9.169922	 -16.703742
   9.179688	 -15.199755
   9.189453	 -12.712419
   9.199219	  -9.616905
   9.208984	  -6.329960
   9.218750	  -3.235483
   9.228516	  -0.633693
   9.238281	   1.281170
   9.248047	   2.419865
   9.257812	   2.785444
   9.267578	   2.460656
   9.277344	   1.602116
   9.287109	   0.439736
   9.296875	  -0.727375
   9.306641	  -1.550331
   9.316406	  -1.673762
   9.326172	  -0.802748
   9.335938	   1.218313
   9.345703	   4.336227
   9.355469	   8.253932
   9.365234	  12.449956
   9.375000	  16.259450
   9.384766	  19.005937
   9.394531	  20.155491
   9.404297	  19.454120
   9.414062	  17.008905
   9.423828	  13.285135
   9.433594	   9.012889
   9.443359	   5.021412
   9.453125	   2.041029
   9.462891	   0.523596
   9.472656	   0.529751
   9.482422	   1.714664
   9.492188	   3.417959
   9.501953	   4.835289
   9.511719	   5.226695
   9.521484	   4.106927
   9.531250	   1.368115
   9.541016	  -2.695903
   9.550781	  -7.467323
   9.560547	 -12.160508
   9.570312	 -16.012953
   9.580078	 -18.460254
   9.589844	 -19.251368
   9.599609	 -18.479025
   9.609375	 -16.524456
   9.619141	 -13.938342
   9.628906	 -11.294776
   9.638672	  -9.058487
   9.648438	  -7.497588
   9.658203	  -6.658037
   9.667969	  -6.397282
   9.677734	  -6.458929
   9.687500	  -6.561790
   9.697266	  -6.477085
   9.707031	  -6.075421
   9.716797	  -5.337112
   9.726562	  -4.331168
   9.736328	  -3.176194
   9.746094	  -1.998785
   9.755859	  -0.901854
   9.765625	   0.051098
   9.775391	   0.836671
   9.785156	   1.462937
   9.794922	   1.958528
   9.804688	   2.364463
   9.814453	   2.729916
   9.824219	   3.109552
   9.833984	   3.558488
   9.843750	   4.122039
   9.853516	   4.820698
   9.863281	   5.634593
   9.873047	   6.494116
   9.882812	   7.283112
   9.892578	   7.857677
   9.902344	   8.078233
   9.912109	   7.847102
   9.921875	   7.140464
   9.931641	   6.023851
   9.941406	   4.644535
   9.951172	   3.201063
   9.960938	   1.897556
   9.970703	   0.895711
   9.980469	   0.278638
   9.990234	   0.037340
  10.000000	   0.083614
  10.009766	   0.284785
  10.019531	   0.508793
  10.029297	   0.665021
  10.039062	   0.727978
  10.048828	   0.736954
  10.058594	   0.772969
  10.068359	   0.921945
  10.078125	   1.237467
  10.087891	   1.716305
  10.097656	   2.295119
  10.107422	   2.869253
  10.117188	   3.326780
  10.126953	   3.585740
  10.136719	   3.621517
  10.146484	   3.474857
  10.156250	   3.237809
  10.166016	   3.022478
  10.175781	   2.923325
  10.185547	   2.985808
  10.195312	   3.191823
  10.205078	   3.466575
  10.214844	   3.704245
  10.224609	   3.803605
  10.234375	   3.701678
  10.244141	   3.394543
  10.253906	   2.938962
  10.263672	   2.435027
  10.273438	   1.996107
  10.283203	   1.716155
  10.292969	   1.644634
  10.302734	   1.776178
  10.312500	   2.056891
  10.322266	   2.403709
  10.332031	   2.729547
  10.341797	   2.965912
  10.351562	   3.076594
  10.361328	   3.059811
  10.371094	   2.940374
  10.380859	   2.756486
  10.390625	   2.546676
  10.400391	   2.341134
  10.410156	   2.158993
  10.419922	   2.010299
  10.429688	   1.899570
  10.439453	   1.827823
  10.449219	   1.791482
  10.458984	   1.778945
  10.468750	   1.767543
  10.478516	   1.724244
  10.488281	   1.612207
  10.498047	   1.402708
  10.507812	   1.088988
  10.517578	   0.696637
  10.527344	   0.285174
  10.537109	  -0.062161
  10.546875	  -0.259346
  10.556641	  -0.243918
  10.566406	  -0.000464
  10.576172	   0.427238
  10.585938	   0.941096
  10.595703	   1.411103
  10.605469	   1.709857
  10.615234	   1.749224
  10.625000	   1.507639
  10.634766	   1.038749
  10.644531	   0.457643
  10.654297	  -0.092061
  10.664062	  -0.480613
  10.673828	  -0.630980
  10.683594	  -0.541796
  10.693359	  -0.286895
  10.703125	   0.008779
  10.712891	   0.209486
  10.722656	   0.212581
  10.732422	  -0.017930
  10.742188	  -0.438802
  10.751953	  -0.939918
  10.761719	  -1.377641
  10.771484	  -1.618585
  10.781250	  -1.580098
  10.791016	  -1.254999
  10.800781	  -0.713337
  10.810547	  -0.081275
  10.820312	   0.495729
  10.830078	   0.893742
  10.839844	   1.042845
  10.849609	   0.942212
  10.859375	   0.654665
  10.869141	   0.284037
  10.878906	  -0.056343
  10.888672	  -0.273884
  10.898438	  -0.317065
  10.908203	  -0.181391
  10.917969	   0.098367
  10.927734	   0.464718
  10.937500	   0.855865
  10.947266	   1.219745
  10.957031	   1.520334
  10.966797	   1.736510
  10.976562	   1.856796
  10.986328	   1.874460
  10.996094	   1.786477
  11.005859	   1.597232
  11.015625	   1.324879
  11.025391	   1.006194
  11.035156	   0.695693
  11.044922	   0.456724
  11.054688	   0.345598
  11.064453	   0.393213
  11.074219	   0.590649
  11.083984	   0.884882
  11.093750	   1.187960
  11.103516	   1.398620
  11.113281	   1.430758
  11.123047	   1.240232
  11.132812	   0.841214
  11.142578	   0.306060
  11.152344	  -0.252317
  11.162109	  -0.711030
  11.171875	  -0.971833
  11.181641	  -0.989277
  11.191406	  -0.783673
  11.201172	  -0.434769
  11.210938	  -0.057995
  11.220703	   0.229421
  11.230469	   0.342152
  11.240234	   0.250152
  11.250000	  -0.014968
  11.259766	  -0.371861
  11.269531	  -0.715311
  11.279297	  -0.947668
  11.289062	  -1.006240
  11.298828	  -0.878903
  11.308594	  -0.604267
  11.318359	  -0.257733
  11.328125	   0.071155
  11.337891	   0.302627
  11.347656	   0.384971
  11.357422	   0.302963
  11.367188	   0.075839
  11.376953	  -0.252470
  11.386719	  -0.626300
  11.396484	  -0.989901
  11.406250	  -1.294971
  11.416016	  -1.503636
  11.425781	  -1.588532
  11.435547	  -1.532540
  11.445312	  -1.330114
  11.455078	  -0.990549
  11.464844	  -0.541568
  11.474609	  -0.030446
  11.484375	   0.479950
  11.494141	   0.921251
  11.503906	   1.234318
  11.513672	   1.384755
  11.523438	   1.374108
  11.533203	   1.242203
  11.542969	   1.058464
  11.552734	   0.903568
  11.562500	   0.846229
  11.572266	   0.922006
  11.582031	   1.120976
  11.591797	   1.388709
  11.601562	   1.640963
  11.611328	   1.788174
  11.621094	   1.762523
  11.630859	   1.539367
  11.640625	   1.146412
  11.650391	   0.657731
  11.660156	   0.174414
  11.669922	  -0.202311
  11.679688	  -0.397453
  11.689453	  -0.380495
  11.699219	  -0.170639
  11.708984	   0.171662
  11.718750	   0.563409
  11.728516	   0.921754
  11.738281	   1.183797
  11.748047	   1.318181
  11.757812	   1.326365
  11.767578	   1.234891
  11.777344	   1.082662
  11.787109	   0.908182
  11.796875	   0.740833
  11.806641	   0.598100
  11.816406	   0.488013
  11.826172	   0.414201
  11.835938	   0.380293
  11.845703	   0.391285
  11.855469	   0.451306
  11.865234	   0.559227
  11.875000	   0.704776
  11.884766	   0.867819
  11.894531	   1.022169
  11.904297	   1.143227
  11.914062	   1.216855
  11.923828	   1.245932
  11.933594	   1.251521
  11.943359	   1.267402
  11.953125	   1.329218
  11.962891	   1.461724
  11.972656	   1.668624
  11.982422	   1.928920
  11.992188	   2.201475
  12.001953	   2.436619
  12.011719	   2.590916
  12.021484	   2.639947
  12.031250	   2.584433
  12.041016	   2.447349
  12.050781	   2.262948
  12.060547	   2.061646
  12.070312	   1.856444
  12.080078	   1.636182
  12.089844	   1.368622
  12.099609	   1.012767
  12.109375	   0.536357
  12.119141	  -0.067689
  12.128906	  -0.772049
  12.138672	  -1.516878
  12.148438	  -2.222872
  12.158203	  -2.811623
  12.167969	  -3.226611
  12.177734	  -3.447770
  12.187500	  -3.494551
  12.197266	  -3.416362
  12.207031	  -3.273612
  12.216797	  -3.115974
  12.226562	  -2.965551
  12.236328	  -2.811011
  12.246094	  -2.614962
  12.255859	  -2.332112
  12.265625	  -1.931819
  12.275391	  -1.416857
  12.285156	  -0.831268
  12.294922	  -0.253747
  12.304688	   0.222040
  12.314453	   0.514268
  12.324219	   0.578268
  12.333984	   0.421961
  12.343750	   0.106048
  12.353516	  -0.271544
  12.363281	  -0.602385
  12.373047	  -0.797315
  12.382812	  -0.810212
  12.392578	  -0.648759
  12.402344	  -0.369412
  12.412109	  -0.058801
  12.421875	   0.192132
  12.431641	   0.313048
  12.441406	   0.270846
  12.451172	   0.073826
  12.460938	  -0.236500
  12.470703	  -0.601900
  12.480469	  -0.965940
  12.490234	  -1.288309
  12.500000	  -1.550948
  12.509766	  -1.755346
  12.519531	  -1.913646
  12.529297	  -2.038139
  12.539062	  -2.133775
  12.548828	  -2.196528
  12.558594	  -2.217674
  12.568359	  -2.191400
  12.578125	  -2.121735
  12.587891	  -2.025123
  12.597656	  -1.926842
  12.607422	  -1.852255
  12.617188	  -1.816238
  12.626953	  -1.815277
  12.636719	  -1.826010
  12.646484	  -1.811658
  12.656250	  -1.734748
  12.666016	  -1.571860
  12.675781	  -1.324954
  12.685547	  -1.024671
  12.695312	  -0.723633
  12.705078	  -0.481302
  12.714844	  -0.345134
  12.724609	  -0.334395
  12.734375	  -0.432389
  12.744141	  -0.590230
  12.753906	  -0.741337
  12.763672	  -0.822171
  12.773438	  -0.792396
  12.783203	  -0.647705
  12.792969	  -0.420896
  12.802734	  -0.170752
  12.812500	   0.037648
  12.822266	   0.154567
  12.832031	   0.161941
  12.841797	   0.078931
  12.851562	  -0.045103
  12.861328	  -0.147723
  12.871094	  -0.174749
  12.880859	  -0.098547
  12.890625	   0.072853
  12.900391	   0.298750
  12.910156	   0.519643
  12.919922	   0.677080
  12.929688	   0.732640
  12.939453	   0.679668
  12.949219	   0.543971
  12.958984	   0.373532
  12.968750	   0.221035
  12.978516	   0.125339
  12.988281	   0.098180
  12.998047	   0.120483
  13.007812	   0.149221
  13.017578	   0.132252
  13.027344	   0.025968
  13.037109	  -0.190074
  13.046875	  -0.506098
  13.056641	  -0.884423
  13.066406	  -1.269780
  13.076172	  -1.603820
  13.085938	  -1.838983
  13.095703	  -1.947704
  13.105469	  -1.924952
  13.115234	  -1.784633
  13.125000	  -1.552399
  13.134766	  -1.258201
  13.144531	  -0.931312
  13.154297	  -0.598892
  13.164062	  -0.287262
  13.173828	  -0.023641
  13.183594	   0.164086
  13.193359	   0.251009
  13.203125	   0.221848
  13.212891	   0.078380
  13.222656	  -0.155650
  13.232422	  -0.435139
  13.242188	  -0.701127
  13.251953	  -0.894097
  13.261719	  -0.969646
  13.271484	  -0.911692
  13.281250	  -0.738682
  13.291016	  -0.500143
  13.300781	  -0.263935
  13.310547	  -0.097609
  13.320312	  -0.049400
  13.330078	  -0.134671
  13.339844	  -0.332068
  13.349609	  -0.590576
  13.359375	  -0.845202
  13.369141	  -1.036271
  13.378906	  -1.126226
  13.388672	  -1.108745
  13.398438	  -1.007645
  13.408203	  -0.866393
  13.417969	  -0.732134
  13.427734	  -0.639748
  13.437500	  -0.601194
  13.447266	  -0.603396
  13.457031	  -0.614855
  13.466797	  -0.598250
  13.476562	  -0.524389
  13.486328	  -0.382665
  13.496094	  -0.184677
  13.505859	   0.039785
  13.515625	   0.252514
  13.525391	   0.418688
  13.535156	   0.516538
  13.544922	   0.541834
  13.554688	   0.506239
  13.564453	   0.430875
  13.574219	   0.338065
  13.583984	   0.244574
  13.593750	   0.158746
  13.603516	   0.082102
  13.613281	   0.014008
  13.623047	  -0.043217
  13.632812	  -0.081523
  13.642578	  -0.088326
  13.652344	  -0.051510
  13.662109	   0.033764
  13.671875	   0.159480
  13.681641	   0.303267
  13.691406	   0.432392
  13.701172	   0.512555
  13.710938	   0.518753
  13.720703	   0.444378
  13.730469	   0.305018
  13.740234	   0.135056
  13.750000	  -0.022315
  13.759766	  -0.128651
  13.769531	  -0.162914
  13.779297	  -0.128852
  13.789062	  -0.054353
  13.798828	   0.017267
  13.808594	   0.041298
  13.818359	  -0.013614
  13.828125	  -0.154965
  13.837891	  -0.363662
  13.847656	  -0.599982
  13.857422	  -0.816129
  13.867188	  -0.971121
  13.876953	  -1.042941
  13.886719	  -1.033960
  13.896484	  -0.968041
  13.906250	  -0.880668
  13.916016	  -0.805840
  13.925781	  -0.764499
  13.935547	  -0.758550
  13.945312	  -0.772370
  13.955078	  -0.780899
  13.964844	  -0.761018
  13.974609	  -0.701726
  13.984375	  -0.609201
  13.994141	  -0.504793
  14.003906	  -0.416720
  14.013672	  -0.368664
  14.023438	  -0.369661
  14.033203	  -0.409272
  14.042969	  -0.460055
  14.052734	  -0.486673
  14.062500	  -0.458420
  14.072266	  -0.360636
  14.082031	  -0.200789
  14.091797	  -0.006865
  14.101562	   0.181483
  14.111328	   0.325950
  14.121094	   0.402134
  14.130859	   0.407109
  14.140625	   0.359322
  14.150391	   0.290846
  14.160156	   0.234854
  14.169922	   0.212910
  14.179688	   0.226761
  14.189453	   0.257688
  14.199219	   0.273691
  14.208984	   0.241905
  14.218750	   0.141695
  14.228516	  -0.026448
  14.238281	  -0.239555
  14.248047	  -0.459028
  14.257812	  -0.643282
  14.267578	  -0.761681
  14.277344	  -0.804675
  14.287109	  -0.786414
  14.296875	  -0.738822
  14.306641	  -0.699210
  14.316406	  -0.695926
  14.326172	  -0.737306
  14.335938	  -0.808069
  14.345703	  -0.874615
  14.355469	  -0.897441
  14.365234	  -0.846262
  14.375000	  -0.712279
  14.384766	  -0.513000
  14.394531	  -0.287571
  14.404297	  -0.083979
  14.414062	   0.057545
  14.423828	   0.119084
  14.433594	   0.112306
  14.443359	   0.075588
  14.453125	   0.061627
  14.462891	   0.119506
  14.472656	   0.277146
  14.482422	   0.530084
  14.492188	   0.840450
  14.501953	   1.146637
  14.511719	   1.380644
  14.521484	   1.487540
  14.531250	   1.440917
  14.541016	   1.249606
  14.550781	   0.953908
  14.560547	   0.613056
  14.570312	   0.288304
  14.580078	   0.027259
  14.589844	  -0.145835
  14.599609	  -0.231414
  14.609375	  -0.248195
  14.619141	  -0.222261
  14.628906	  -0.176164
  14.638672	  -0.122066
  14.648438	  -0.061069
  14.658203	   0.011789
  14.667969	   0.099634
  14.677734	   0.196854
  14.687500	   0.286599
  14.697266	   0.344242
  14.707031	   0.345866
  14.716797	   0.278631
  14.726562	   0.148886
  14.736328	  -0.015542
  14.746094	  -0.170495
  14.755859	  -0.266998
  14.765625	  -0.265663
  14.775391	  -0.149308
  14.785156	   0.070533
  14.794922	   0.355548
  14.804688	   0.650662
  14.814453	   0.899010
  14.824219	   1.057192
  14.833984	   1.106048
  14.843750	   1.053800
  14.853516	   0.930980
  14.863281	   0.779290
  14.873047	   0.638370
  14.882812	   0.534935
  14.892578	   0.477558
  14.902344	   0.458225
  14.912109	   0.459294
  14.921875	   0.462684
  14.931641	   0.457593
  14.941406	   0.443854
  14.951172	   0.429992
  14.960938	   0.427189
  14.970703	   0.441987
  14.980469	   0.471016
  14.990234	   0.500184
  15.000000	   0.508911
  15.009766	   0.477930
  15.019531	   0.397641
  15.029297	   0.273625
  15.039062	   0.126912
  15.048828	  -0.011558
  15.058594	  -0.110580
  15.068359	  -0.149184
  15.078125	  -0.124229
  15.087891	  -0.052290
  15.097656	   0.035034
  15.107422	   0.100940
  15.117188	   0.115089
  15.126953	   0.063207
  15.136719	  -0.048609
  15.146484	  -0.196248
  15.156250	  -0.345635
  15.166016	  -0.463606
  15.175781	  -0.527823
  15.185547	  -0.532433
  15.195312	  -0.487807
  15.205078	  -0.414864
  15.214844	  -0.336375
  15.224609	  -0.268617
  15.234375	  -0.216414
  15.244141	  -0.173154
  15.253906	  -0.125415
  15.263672	  -0.060009
  15.273438	   0.029538
  15.283203	   0.139806
  15.292969	   0.258844
  15.302734	   0.371472
  15.312500	   0.466219
  15.322266	   0.540852
  15.332031	   0.603935
  15.341797	   0.671405
  15.351562	   0.759168
  15.361328	   0.874480
  15.371094	   1.009588
  15.380859	   1.140537
  15.390625	   1.232279
  15.400391	   1.248894
  15.410156	   1.165731
  15.419922	   0.979294
  15.429688	   0.711212
  15.439453	   0.404498
  15.449219	   0.112846
  15.458984	  -0.113807
  15.468750	  -0.242926
  15.478516	  -0.267796
  15.488281	  -0.208022
  15.498047	  -0.102016
  15.507812	   0.005930
  15.517578	   0.079617
  15.527344	   0.101331
  15.537109	   0.075354
  15.546875	   0.023779
  15.556641	  -0.023535
  15.566406	  -0.040993
  15.576172	  -0.016867
  15.585938	   0.042922
  15.595703	   0.118024
  15.605469	   0.182451
  15.615234	   0.215449
  15.625000	   0.210265
  15.634766	   0.177422
  15.644531	   0.141206
  15.654297	   0.130641
  15.664062	   0.168277
  15.673828	   0.261000
  15.683594	   0.396326
  15.693359	   0.545685
  15.703125	   0.673587
  15.712891	   0.749424
  15.722656	   0.757648
  15.732422	   0.702634
  15.742188	   0.606475
  15.751953	   0.500528
  15.761719	   0.413842
  15.771484	   0.362728
  15.781250	   0.345372
  15.791016	   0.343479
  15.800781	   0.330393
  15.810547	   0.282657
  15.820312	   0.190678
  15.830078	   0.064372
  15.839844	  -0.068554
  15.849609	  -0.171339
  15.859375	  -0.211035
  15.869141	  -0.170943
  15.878906	  -0.058115
  15.888672	   0.096969
  15.898438	   0.248761
  15.908203	   0.350408
  15.917969	   0.368392
  15.927734	   0.293118
  15.937500	   0.141899
  15.947266	  -0.046673
  15.957031	  -0.225017
  15.966797	  -0.351373
  15.976562	  -0.402190
  15.986328	  -0.378076
  15.996094	  -0.301616
  16.005859	  -0.208147
  16.015625	  -0.132980
  16.025391	  -0.099603
  16.035156	  -0.112878
  16.044922	  -0.159287
  16.054688	  -0.213681
  16.064453	  -0.249699
  16.074219	  -0.249795
  16.083984	  -0.211168
  16.093750	  -0.145557
  16.103516	  -0.073233
  16.113281	  -0.013770
  16.123047	   0.022699
  16.132812	   0.040214
  16.142578	   0.055796
  16.152344	   0.092703
  16.162109	   0.170657
  16.171875	   0.296798
  16.181641	   0.460899
  16.191406	   0.636878
  16.201172	   0.790280
  16.210938	   0.889216
  16.220703	   0.914900
  16.230469	   0.867989
  16.240234	   0.768406
  16.250000	   0.648646
  16.259766	   0.542878
  16.269531	   0.475688
  16.279297	   0.454404
  16.289062	   0.467662
  16.298828	   0.490612
  16.308594	   0.494793
  16.318359	   0.459041
  16.328125	   0.377487
  16.337891	   0.261807
  16.347656	   0.137014
  16.357422	   0.032440
  16.367188	  -0.028692
  16.376953	  -0.037272
  16.386719	  -0.000964
  16.396484	   0.059366
  16.406250	   0.117991
  16.416016	   0.154248
  16.425781	   0.160238
  16.435547	   0.143363
  16.445312	   0.122731
  16.455078	   0.120759
  16.464844	   0.153158
  16.474609	   0.221181
  16.484375	   0.309193
  16.494141	   0.388728
  16.503906	   0.427788
  16.513672	   0.402152
  16.523438	   0.304629
  16.533203	   0.148837
  16.542969	  -0.034030
  16.552734	  -0.204510
  16.562500	  -0.327144
  16.572266	  -0.381515
  16.582031	  -0.368274
  16.591797	  -0.308099
  16.601562	  -0.234018
  16.611328	  -0.179815
  16.621094	  -0.168595
  16.630859	  -0.205440
  16.640625	  -0.276596
  16.650391	  -0.355297
  16.660156	  -0.411955
  16.669922	  -0.424990
  16.679688	  -0.388431
  16.689453	  -0.313668
  16.699219	  -0.224931
  16.708984	  -0.150331
  16.718750	  -0.111863
  16.728516	  -0.118058
  16.738281	  -0.161895
  16.748047	  -0.224551
  16.757812	  -0.283389
  16.767578	  -0.321032
  16.777344	  -0.331975
  16.787109	  -0.324227
  16.796875	  -0.315350
  16.806641	  -0.324464
  16.816406	  -0.363338
  16.826172	  -0.430086
  16.835938	  -0.508056
  16.845703	  -0.570562
  16.855469	  -0.589911
  16.865234	  -0.547489
  16.875000	  -0.441221
  16.884766	  -0.287531
  16.894531	  -0.116928
  16.904297	   0.035408
  16.914062	   0.140800
  16.923828	   0.186125
  16.933594	   0.177542
  16.943359	   0.137611
  16.953125	   0.096823
  16.962891	   0.082588
  16.972656	   0.109580
  16.982422	   0.174841
  16.992188	   0.259331
  17.001953	   0.335243
  17.011719	   0.376372
  17.021484	   0.367741
  17.031250	   0.310996
  17.041016	   0.223668
  17.050781	   0.132660
  17.060547	   0.064397
  17.070312	   0.035319
  17.080078	   0.046202
  17.089844	   0.082377
  17.099609	   0.119715
  17.109375	   0.134127
  17.119141	   0.110999
  17.128906	   0.051057
  17.138672	  -0.029594
  17.148438	  -0.105278
  17.158203	  -0.150323
  17.167969	  -0.148873
  17.177734	  -0.101288
  17.187500	  -0.024732
  17.197266	   0.052383
  17.207031	   0.100148
  17.216797	   0.097641
  17.226562	   0.040382
  17.236328	  -0.057928
  17.246094	  -0.170010
  17.255859	  -0.264322
  17.265625	  -0.315740
  17.275391	  -0.313839
  17.285156	  -0.265847
  17.294922	  -0.193351
  17.304688	  -0.124046
  17.314453	  -0.081627
  17.324219	  -0.077531
  17.333984	  -0.107495
  17.343750	  -0.154093
  17.353516	  -0.194159
  17.363281	  -0.208225
  17.373047	  -0.188332
  17.382812	  -0.141261
  17.392578	  -0.085905
  17.402344	  -0.045789
  17.412109	  -0.039553
  17.421875	  -0.073063
  17.431641	  -0.136241
  17.441406	  -0.205978
  17.451172	  -0.254252
  17.460938	  -0.258555
  17.470703	  -0.210815
  17.480469	  -0.121417
  17.490234	  -0.016661
  17.500000	   0.069692
  17.509766	   0.107917
  17.519531	   0.082868
  17.529297	  -0.000228
  17.539062	  -0.116892
  17.548828	  -0.231201
  17.558594	  -0.307695
  17.568359	  -0.323336
  17.578125	  -0.275396
  17.587891	  -0.182558
  17.597656	  -0.078832
  17.607422	  -0.002374
  17.617188	   0.016983
  17.626953	  -0.032736
  17.636719	  -0.142195
  17.646484	  -0.284367
  17.656250	  -0.423821
  17.666016	  -0.528309
  17.675781	  -0.578666
  17.685547	  -0.573734
  17.695312	  -0.528890
  17.705078	  -0.469056
  17.714844	  -0.418976
  17.724609	  -0.394373
  17.734375	  -0.397108
  17.744141	  -0.415874
  17.753906	  -0.431822
  17.763672	  -0.426740
  17.773438	  -0.390522
  17.783203	  -0.325041
  17.792969	  -0.243033
  17.802734	  -0.162521
  17.812500	  -0.099087
  17.822266	  -0.059101
  17.832031	  -0.036668
  17.841797	  -0.015607
  17.851562	   0.024145
  17.861328	   0.098089
  17.871094	   0.209880
  17.880859	   0.348094
  17.890625	   0.488468
  17.900391	   0.601055
  17.910156	   0.659872
  17.919922	   0.651657
  17.929688	   0.580583
  17.939453	   0.467176
  17.949219	   0.341732
  17.958984	   0.234488
  17.968750	   0.165960
  17.978516	   0.140825
  17.988281	   0.147424
  17.998047	   0.162986
  18.007812	   0.162627
  18.017578	   0.128838
  18.027344	   0.058077
  18.037109	  -0.037883
  18.046875	  -0.136242
  18.056641	  -0.211473
  18.066406	  -0.244582
  18.076172	  -0.229948
  18.085938	  -0.177307
  18.095703	  -0.108200
  18.105469	  -0.048271
  18.115234	  -0.018217
  18.125000	  -0.026709
  18.134766	  -0.067786
  18.144531	  -0.123581
  18.154297	  -0.171276
  18.164062	  -0.191659
  18.173828	  -0.176111
  18.183594	  -0.129505
  18.193359	  -0.068033
  18.203125	  -0.012881
  18.212891	   0.017811
  18.222656	   0.015646
  18.232422	  -0.015149
  18.242188	  -0.059697
  18.251953	  -0.098488
  18.261719	  -0.115099
  18.271484	  -0.102652
  18.281250	  -0.066540
  18.291016	  -0.022374
  18.300781	   0.010096
  18.310547	   0.014749
  18.320312	  -0.014388
  18.330078	  -0.070410
  18.339844	  -0.135691
  18.349609	  -0.188194
  18.359375	  -0.209629
  18.369141	  -0.192410
  18.378906	  -0.142788
  18.388672	  -0.078928
  18.398438	  -0.024564
  18.408203	  -0.000542
  18.417969	  -0.017353
  18.427734	  -0.071432
  18.437500	  -0.146605
  18.447266	  -0.220187
  18.457031	  -0.271443
  18.466797	  -0.289280
  18.476562	  -0.276238
  18.486328	  -0.247261
  18.496094	  -0.223618
  18.505859	  -0.224249
  18.515625	  -0.257762
  18.525391	  -0.318179
  18.535156	  -0.386166
  18.544922	  -0.435478
  18.554688	  -0.442395
  18.564453	  -0.394730
  18.574219	  -0.297078
  18.583984	  -0.170251
  18.593750	  -0.044911
  18.603516	   0.048453
  18.613281	   0.089693
  18.623047	   0.075696
  18.632812	   0.021144
  18.642578	  -0.046982
  18.652344	  -0.099267
  18.662109	  -0.114574
  18.671875	  -0.087784
  18.681641	  -0.031729
  18.691406	   0.027423
  18.701172	   0.059717
  18.710938	   0.042523
  18.720703	  -0.030802
  18.730469	  -0.147827
  18.740234	  -0.280709
  18.750000	  -0.395358
  18.759766	  -0.462883
  18.769531	  -0.469266
  18.779297	  -0.419816
  18.789062	  -0.336844
  18.798828	  -0.251373
  18.808594	  -0.191882
  18.818359	  -0.174114
  18.828125	  -0.195605
  18.837891	  -0.236912
  18.847656	  -0.269083
  18.857422	  -0.264694
  18.867188	  -0.208465
  18.876953	  -0.103614
  18.886719	   0.028374
  18.896484	   0.154562
  18.906250	   0.241572
  18.916016	   0.266948
  18.925781	   0.226870
  18.935547	   0.137513
  18.945312	   0.029608
  18.955078	  -0.061874
  18.964844	  -0.109285
  18.974609	  -0.101097
  18.984375	  -0.044946
  18.994141	   0.035977
  19.003906	   0.111756
  19.013672	   0.156532
  19.023438	   0.157374
  19.033203	   0.118161
  19.042969	   0.057249
  19.052734	  -0.000025
  19.062500	  -0.031100
  19.072266	  -0.024593
  19.082031	   0.015733
  19.091797	   0.072779
  19.101562	   0.122902
  19.111328	   0.145050
  19.121094	   0.128774
  19.130859	   0.078118
  19.140625	   0.009941
  19.150391	  -0.052640
  19.160156	  -0.089207
  19.169922	  -0.089985
  19.179688	  -0.059751
  19.189453	  -0.016180
  19.199219	   0.016816
  19.208984	   0.018336
  19.218750	  -0.021113
  19.228516	  -0.095222
  19.238281	  -0.183189
  19.248047	  -0.256407
  19.257812	  -0.288165
  19.267578	  -0.262944
  19.277344	  -0.181956
  19.287109	  -0.062921
  19.296875	   0.065844
  19.306641	   0.174951
  19.316406	   0.243676
  19.326172	   0.266496
  19.335938	   0.254129
  19.345703	   0.228825
  19.355469	   0.215689
  19.365234	   0.233227
  19.375000	   0.286547
  19.384766	   0.365637
  19.394531	   0.449242
  19.404297	   0.512835
  19.414062	   0.537676
  19.423828	   0.517601
  19.433594	   0.461056
  19.443359	   0.387673
  19.453125	   0.320706
  19.462891	   0.278208
  19.472656	   0.266248
  19.482422	   0.276749
  19.492188	   0.290761
  19.501953	   0.285990
  19.511719	   0.245787
  19.521484	   0.166229
  19.531250	   0.058601
  19.541016	  -0.053730
  19.550781	  -0.143039
  19.560547	  -0.186808
  19.570312	  -0.175709
  19.580078	  -0.117096
  19.589844	  -0.032701
  19.599609	   0.048684
  19.609375	   0.100982
  19.619141	   0.109594
  19.628906	   0.076084
  19.638672	   0.017159
  19.648438	  -0.041616
  19.658203	  -0.075061
  19.667969	  -0.067255
  19.677734	  -0.016889
  19.687500	   0.062739
  19.697266	   0.148950
  19.707031	   0.218118
  19.716797	   0.254168
  19.726562	   0.254020
  19.736328	   0.228045
  19.746094	   0.195461
  19.755859	   0.176476
  19.765625	   0.184154
  19.775391	   0.219075
  19.785156	   0.268779
  19.794922	   0.312198
  19.804688	   0.327406
  19.814453	   0.299814
  19.824219	   0.227733
  19.833984	   0.123266
  19.843750	   0.008186
  19.853516	  -0.093653
  19.863281	  -0.164551
  19.873047	  -0.198787
  19.882812	  -0.203894
  19.892578	  -0.196933
  19.902344	  -0.197212
  19.912109	  -0.218218
  19.921875	  -0.261836
  19.931641	  -0.317093
  19.941406	  -0.363936
  19.951172	  -0.380708
  19.960938	  -0.352498
  19.970703	  -0.277235
  19.980469	  -0.167154
  19.990234	  -0.044958
  20.000000	   0.063984
  20.009766	   0.140608
  20.019531	   0.178944
  20.029297	   0.188171
  20.039062	   0.189029
  20.048828	   0.205796
  20.058594	   0.256667
  20.068359	   0.346051
  20.078125	   0.461665
  20.087891	   0.577634
  20.097656	   0.662659
  20.107422	   0.690466
  20.117188	   0.648892
  20.126953	   0.544388
  20.136719	   0.400318
  20.146484	   0.249583
  20.156250	   0.124129
  20.166016	   0.044950
  20.175781	   0.016031
  20.185547	   0.024254
  20.195312	   0.045149
  20.205078	   0.052352
  20.214844	   0.027303
  20.224609	  -0.034241
  20.234375	  -0.121157
  20.244141	  -0.211564
  20.253906	  -0.281292
  20.263672	  -0.312988
  20.273438	  -0.302480
  20.283203	  -0.260077
  20.292969	  -0.206398
  20.302734	  -0.164332
  20.312500	  -0.150219
  20.322266	  -0.167575
  20.332031	  -0.205764
  20.341797	  -0.244157
  20.351562	  -0.260262
  20.361328	  -0.238806
  20.371094	  -0.178344
  20.380859	  -0.092863
  20.390625	  -0.007634
  20.400391	   0.049297
  20.410156	   0.056980
  20.419922	   0.009248
  20.429688	  -0.082588
  20.439453	  -0.193058
  20.449219	  -0.290764
  20.458984	  -0.348624
  20.468750	  -0.352557
  20.478516	  -0.305554
  20.488281	  -0.225791
  20.498047	  -0.139556
  20.507812	  -0.071620
  20.517578	  -0.036576
  20.527344	  -0.034255
  20.537109	  -0.050800
  20.546875	  -0.064884
  20.556641	  -0.056663
  20.566406	  -0.016048
  20.576172	   0.052824
  20.585938	   0.132635
  20.595703	   0.199082
  20.605469	   0.229908
  20.615234	   0.213396
  20.625000	   0.153106
  20.634766	   0.066991
  20.644531	  -0.018851
  20.654297	  -0.079580
  20.664062	  -0.100686
  20.673828	  -0.083358
  20.683594	  -0.044049
  20.693359	  -0.008280
  20.703125	  -0.000822
  20.712891	  -0.035829
  20.722656	  -0.110549
  20.732422	  -0.205067
  20.742188	  -0.288365
  20.751953	  -0.328719
  20.761719	  -0.304854
  20.771484	  -0.213902
  20.781250	  -0.073297
  20.791016	   0.084193
  20.800781	   0.220675
  20.810547	   0.305128
  20.820312	   0.323090
  20.830078	   0.280726
  20.839844	   0.201926
  20.849609	   0.119534
  20.859375	   0.063784
  20.869141	   0.052019
  20.878906	   0.083223
  20.888672	   0.139161
  20.898438	   0.191601
  20.908203	   0.212926
  20.917969	   0.186304
  20.927734	   0.111826
  20.937500	   0.006470
  20.947266	  -0.101959
  20.957031	  -0.184674
  20.966797	  -0.221946
  20.976562	  -0.209756
  20.986328	  -0.160738
  20.996094	  -0.099164
  21.005859	  -0.051890
  21.015625	  -0.038534
  21.025391	  -0.064437
  21.035156	  -0.118863
  21.044922	  -0.178967
  21.054688	  -0.218022
  21.064453	  -0.214854
  21.074219	  -0.161123
  21.083984	  -0.063893
  21.093750	   0.057262
  21.103516	   0.177420
  21.113281	   0.274999
  21.123047	   0.338787
  21.132812	   0.370808
  21.142578	   0.384124
  21.152344	   0.396595
  21.162109	   0.423058
  21.171875	   0.468961
  21.181641	   0.527857
  21.191406	   0.583679
  21.201172	   0.616870
  21.210938	   0.612021
  21.220703	   0.564052
  21.230469	   0.480589
  21.240234	   0.379575
  21.250000	   0.283003
  21.259766	   0.209089
  21.269531	   0.165836
  21.279297	   0.148411
  21.289062	   0.141340
  21.298828	   0.124735
  21.308594	   0.082217
  21.318359	   0.007573
  21.328125	  -0.092383
  21.337891	  -0.199883
  21.347656	  -0.292478
  21.357422	  -0.351240
  21.367188	  -0.367815
  21.376953	  -0.347667
  21.386719	  -0.308205
  21.396484	  -0.272366
  21.406250	  -0.259942
  21.416016	  -0.279779
  21.425781	  -0.325769
  21.435547	  -0.378193
  21.445312	  -0.410089
  21.455078	  -0.396479
  21.464844	  -0.323274
  21.474609	  -0.192707
  21.484375	  -0.023397
  21.494141	   0.155016
  21.503906	   0.310800
  21.513672	   0.419546
  21.523438	   0.470865
  21.533203	   0.470183
  21.542969	   0.435206
  21.552734	   0.388534
  21.562500	   0.349212
  21.572266	   0.326283
  21.582031	   0.316589
  21.591797	   0.307409
  21.601562	   0.282750
  21.611328	   0.230723
  21.621094	   0.149138
  21.630859	   0.047150
  21.640625	  -0.057668
  21.650391	  -0.145659
  21.660156	  -0.202397
  21.669922	  -0.224122
  21.679688	  -0.219170
  21.689453	  -0.204786
  21.699219	  -0.200464
  21.708984	  -0.220313
  21.718750	  -0.267355
  21.728516	  -0.331995
  21.738281	  -0.395331
  21.748047	  -0.436194
  21.757812	  -0.439320
  21.767578	  -0.401622
  21.777344	  -0.334100
  21.787109	  -0.258555
  21.796875	  -0.200141
  21.806641	  -0.178364
  21.816406	  -0.199803
  21.826172	  -0.255240
  21.835938	  -0.322365
  21.845703	  -0.373231
  21.855469	  -0.383879
  21.865234	  -0.342753
  21.875000	  -0.254908
  21.884766	  -0.140471
  21.894531	  -0.027881
  21.904297	   0.055742
  21.914062	   0.093690
  21.923828	   0.085020
  21.933594	   0.044310
  21.943359	  -0.004052
  21.953125	  -0.034923
  21.962891	  -0.031544
  21.972656	   0.008554
  21.982422	   0.072968
  21.992188	   0.139310
  22.001953	   0.183748
  22.011719	   0.190001
  22.021484	   0.155497
  22.031250	   0.092392
  22.041016	   0.023064
  22.050781	  -0.028264
  22.060547	  -0.044710
  22.070312	  -0.023320
  22.080078	   0.023407
  22.089844	   0.071717
  22.099609	   0.095064
  22.109375	   0.073851
  22.119141	   0.002943
  22.128906	  -0.105774
  22.138672	  -0.226754
  22.148438	  -0.328950
  22.158203	  -0.385909
  22.167969	  -0.384290
  22.177734	  -0.327839
  22.187500	  -0.235504
  22.197266	  -0.134453
  22.207031	  -0.050542
  22.216797	   0.000304
  22.226562	   0.016795
  22.236328	   0.011438
  22.246094	   0.004638
  22.255859	   0.016004
  22.265625	   0.056132
  22.275391	   0.121936
  22.285156	   0.197238
  22.294922	   0.258421
  22.304688	   0.283030
  22.314453	   0.258174
  22.324219	   0.185623
  22.333984	   0.081698
  22.343750	  -0.028017
  22.353516	  -0.117278
  22.363281	  -0.167985
  22.373047	  -0.176057
  22.382812	  -0.152284
  22.392578	  -0.117927
  22.402344	  -0.096689
  22.412109	  -0.106022
  22.421875	  -0.150896
  22.431641	  -0.222248
  22.441406	  -0.300580
  22.451172	  -0.363286
  22.460938	  -0.392954
  22.470703	  -0.383547
  22.480469	  -0.342215
  22.490234	  -0.286101
  22.500000	  -0.235422
  22.509766	  -0.205445
  22.519531	  -0.200431
  22.529297	  -0.211837
  22.539062	  -0.221526
  22.548828	  -0.208812
  22.558594	  -0.158746
  22.568359	  -0.068556
  22.578125	   0.050222
  22.587891	   0.174798
  22.597656	   0.278367
  22.607422	   0.338989
  22.617188	   0.346939
  22.626953	   0.307902
  22.636719	   0.240876
  22.646484	   0.171532
  22.656250	   0.123440
  22.666016	   0.110282
  22.675781	   0.131796
  22.685547	   0.174830
  22.695312	   0.218957
  22.705078	   0.244513
  22.714844	   0.240003
  22.724609	   0.206131
  22.734375	   0.155016
  22.744141	   0.104944
  22.753906	   0.072718
  22.763672	   0.066588
  22.773438	   0.082495
  22.783203	   0.105175
  22.792969	   0.113796
  22.802734	   0.090098
  22.812500	   0.025993
  22.822266	  -0.072262
  22.832031	  -0.185028
  22.841797	  -0.285190
  22.851562	  -0.347018
  22.861328	  -0.354845
  22.871094	  -0.308449
  22.880859	  -0.223153
  22.890625	  -0.124548
  22.900391	  -0.039682
  22.910156	   0.012183
  22.919922	   0.025938
  22.929688	   0.011872
  22.939453	  -0.008630
  22.949219	  -0.011352
  22.958984	   0.021536
  22.968750	   0.094660
  22.978516	   0.197499
  22.988281	   0.307992
  22.998047	   0.400382
  23.007812	   0.454396
  23.017578	   0.462396
  23.027344	   0.431871
  23.037109	   0.382349
  23.046875	   0.337851
  23.056641	   0.317679
  23.066406	   0.328930
  23.076172	   0.363557
  23.085938	   0.401115
  23.095703	   0.416266
  23.105469	   0.388364
  23.115234	   0.309613
  23.125000	   0.188789
  23.134766	   0.049073
  23.144531	  -0.079348
  23.154297	  -0.169354
  23.164062	  -0.206097
  23.173828	  -0.192058
  23.183594	  -0.146150
  23.193359	  -0.097134
  23.203125	  -0.073649
  23.212891	  -0.094334
  23.222656	  -0.161475
  23.232422	  -0.260344
  23.242188	  -0.364391
  23.251953	  -0.444340
  23.261719	  -0.477967
  23.271484	  -0.457099
  23.281250	  -0.389482
  23.291016	  -0.295030
  23.300781	  -0.198019
  23.310547	  -0.118211
  23.320312	  -0.064206
  23.330078	  -0.031427
  23.339844	  -0.005370
  23.349609	   0.031251
  23.359375	   0.090283
  23.369141	   0.172068
  23.378906	   0.263955
  23.388672	   0.344084
  23.398438	   0.389142
  23.408203	   0.383251
  23.417969	   0.324657
  23.427734	   0.227607
  23.437500	   0.118526
  23.447266	   0.027659
  23.457031	  -0.020964
  23.466797	  -0.017725
  23.476562	   0.029163
  23.486328	   0.096301
  23.496094	   0.152961
  23.505859	   0.171501
  23.515625	   0.136726
  23.525391	   0.051003
  23.535156	  -0.066608
  23.544922	  -0.186833
  23.554688	  -0.279953
  23.564453	  -0.325441
  23.574219	  -0.318156
  23.583984	  -0.269055
  23.593750	  -0.200362
  23.603516	  -0.137090
  23.613281	  -0.098056
  23.623047	  -0.089594
  23.632812	  -0.104141
  23.642578	  -0.124014
  23.652344	  -0.128829
  23.662109	  -0.103696
  23.671875	  -0.045137
  23.681641	   0.037438
  23.691406	   0.125148
  23.701172	   0.196593
  23.710938	   0.235660
  23.720703	   0.237246
  23.730469	   0.208746
  23.740234	   0.166798
  23.750000	   0.130543
  23.759766	   0.114001
  23.769531	   0.120481
  23.779297	   0.141177
  23.789062	   0.158552
  23.798828	   0.153273
  23.808594	   0.112117
  23.818359	   0.033851
  23.828125	  -0.069195
  23.837891	  -0.174588
  23.847656	  -0.257155
  23.857422	  -0.297631
  23.867188	  -0.289496
  23.876953	  -0.241470
  23.886719	  -0.174702
  23.896484	  -0.115564
  23.906250	  -0.086590
  23.916016	  -0.098725
  23.925781	  -0.147652
  23.935547	  -0.215470
  23.945312	  -0.277109
  23.955078	  -0.309195
  23.964844	  -0.298191
  23.974609	  -0.244974
  23.984375	  -0.164262
  23.994141	  -0.079218
  24.003906	  -0.013229
  24.013672	   0.018133
  24.023438	   0.012092
  24.033203	  -0.021118
  24.042969	  -0.062746
  24.052734	  -0.092953
  24.062500	  -0.098343
  24.072266	  -0.076810
  24.082031	  -0.037906
  24.091797	   0.001314
  24.101562	   0.023350
  24.111328	   0.017497
  24.121094	  -0.015520
  24.130859	  -0.063306
  24.140625	  -0.106109
  24.150391	  -0.124111
  24.160156	  -0.104987
  24.169922	  -0.048890
  24.179688	   0.031058
  24.189453	   0.113042
  24.199219	   0.174095
  24.208984	   0.198187
  24.218750	   0.181903
  24.228516	   0.135599
  24.238281	   0.079586
  24.248047	   0.036658
  24.257812	   0.023703
  24.267578	   0.045417
  24.277344	   0.092458
  24.287109	   0.144733
  24.296875	   0.178685
  24.306641	   0.175951
  24.316406	   0.130277
  24.326172	   0.050183
  24.335938	  -0.043612
  24.345703	  -0.125081
  24.355469	  -0.171662
  24.365234	  -0.171757
  24.375000	  -0.128323
  24.384766	  -0.057311
  24.394531	   0.018409
  24.404297	   0.077377
  24.414062	   0.107071
  24.423828	   0.107911
  24.433594	   0.092320
  24.443359	   0.079266
  24.453125	   0.086370
  24.462891	   0.122553
  24.472656	   0.183997
  24.482422	   0.254955
  24.492188	   0.313163
  24.501953	   0.337885
  24.511719	   0.317636
  24.521484	   0.254721
  24.531250	   0.164876
  24.541016	   0.072081
  24.550781	   0.000358
  24.560547	  -0.034490
  24.570312	  -0.030238
  24.580078	   0.001233
  24.589844	   0.038434
  24.599609	   0.058155
  24.609375	   0.043900
  24.619141	  -0.008164
  24.628906	  -0.087859
  24.638672	  -0.174687
  24.648438	  -0.245155
  24.658203	  -0.281045
  24.667969	  -0.275596
  24.677734	  -0.235372
  24.687500	  -0.177198
  24.697266	  -0.121366
  24.707031	  -0.083694
  24.716797	  -0.069429
  24.726562	  -0.071324
  24.736328	  -0.072607
  24.746094	  -0.053803
  24.755859	  -0.000845
  24.765625	   0.088558
  24.775391	   0.202746
  24.785156	   0.319074
  24.794922	   0.411058
  24.804688	   0.457227
  24.814453	   0.448514
  24.824219	   0.391525
  24.833984	   0.306445
  24.843750	   0.220283
  24.853516	   0.157799
  24.863281	   0.133291
  24.873047	   0.146139
  24.882812	   0.181620
  24.892578	   0.216680
  24.902344	   0.228544
  24.912109	   0.203076
  24.921875	   0.139927
  24.931641	   0.052659
  24.941406	  -0.036121
  24.951172	  -0.102825
  24.960938	  -0.131216
  24.970703	  -0.118026
  24.980469	  -0.073913
  24.990234	  -0.019476
  25.000000	   0.022140
  25.009766	   0.033350
  25.019531	   0.008030
  25.029297	  -0.046828
  25.039062	  -0.114173
  25.048828	  -0.173413
  25.058594	  -0.207900
  25.068359	  -0.210627
  25.078125	  -0.186099
  25.087891	  -0.147811
  25.097656	  -0.112461
  25.107422	  -0.093172
  25.117188	  -0.094391
  25.126953	  -0.110398
  25.136719	  -0.127979
  25.146484	  -0.132196
  25.156250	  -0.112948
  25.166016	  -0.069758
  25.175781	  -0.012807
  25.185547	   0.040281
  25.195312	   0.070799
  25.205078	   0.066103
  25.214844	   0.024812
  25.224609	  -0.041970
  25.234375	  -0.114050
  25.244141	  -0.169018
  25.253906	  -0.190170
  25.263672	  -0.172575
  25.273438	  -0.124999
  25.283203	  -0.066882
  25.292969	  -0.021358
  25.302734	  -0.006783
  25.312500	  -0.029829
  25.322266	  -0.082687
  25.332031	  -0.145473
  25.341797	  -0.193054
  25.351562	  -0.203909
  25.361328	  -0.167881
  25.371094	  -0.090022
  25.380859	   0.010855
  25.390625	   0.108424
  25.400391	   0.177695
  25.410156	   0.203294
  25.419922	   0.184261
  25.429688	   0.133672
  25.439453	   0.073318
  25.449219	   0.025422
  25.458984	   0.004477
  25.468750	   0.012212
  25.478516	   0.037530
  25.488281	   0.061431
  25.498047	   0.065054
  25.507812	   0.037813
  25.517578	  -0.017480
  25.527344	  -0.084544
  25.537109	  -0.138787
  25.546875	  -0.155969
  25.556641	  -0.121273
  25.566406	  -0.035500
  25.576172	   0.083964
  25.585938	   0.207919
  25.595703	   0.304346
  25.605469	   0.348581
  25.615234	   0.331206
  25.625000	   0.260916
  25.634766	   0.161425
  25.644531	   0.063473
  25.654297	  -0.005263
  25.664062	  -0.028909
  25.673828	  -0.007854
  25.683594	   0.042453
  25.693359	   0.097724
  25.703125	   0.133727
  25.712891	   0.134607
  25.722656	   0.097758
  25.732422	   0.033679
  25.742188	  -0.038850
  25.751953	  -0.100254
  25.761719	  -0.137374
  25.771484	  -0.147688
  25.781250	  -0.139029
  25.791016	  -0.125092
  25.800781	  -0.118637
  25.810547	  -0.125204
  25.820312	  -0.139971
  25.830078	  -0.149155
  25.839844	  -0.135587
  25.849609	  -0.086414
  25.859375	   0.000055
  25.869141	   0.111162
  25.878906	   0.221918
  25.888672	   0.301893
  25.898438	   0.324791
  25.908203	   0.277451
  25.917969	   0.165038
  25.927734	   0.010424
  25.937500	  -0.152267
  25.947266	  -0.287944
  25.957031	  -0.371297
  25.966797	  -0.394400
  25.976562	  -0.368633
  25.986328	  -0.320288
  25.996094	  -0.281389
  26.005859	  -0.278857
  26.015625	  -0.325689
  26.025391	  -0.417060
  26.035156	  -0.532511
  26.044922	  -0.643270
  26.054688	  -0.722022
  26.064453	  -0.751669
  26.074219	  -0.730095
  26.083984	  -0.669472
  26.093750	  -0.590616
  26.103516	  -0.514643
  26.113281	  -0.455091
  26.123047	  -0.413362
  26.132812	  -0.379047
  26.142578	  -0.334864
  26.152344	  -0.264216
  26.162109	  -0.158455
  26.171875	  -0.021119
  26.181641	   0.132458
  26.191406	   0.279971
  26.201172	   0.399594
  26.210938	   0.477262
  26.220703	   0.511091
  26.230469	   0.511325
  26.240234	   0.495886
  26.250000	   0.483242
  26.259766	   0.485280
  26.269531	   0.502887
  26.279297	   0.525870
  26.289062	   0.537242
  26.298828	   0.520247
  26.308594	   0.465467
  26.318359	   0.375307
  26.328125	   0.264156
  26.337891	   0.154088
  26.347656	   0.067679
  26.357422	   0.020558
  26.367188	   0.016431
  26.376953	   0.046398
  26.386719	   0.092782
  26.396484	   0.135997
  26.406250	   0.161859
  26.416016	   0.166560
  26.425781	   0.157429
  26.435547	   0.149170
  26.445312	   0.157030
  26.455078	   0.189531
  26.464844	   0.243641
  26.474609	   0.304401
  26.484375	   0.349372
  26.494141	   0.356472
  26.503906	   0.312404
  26.513672	   0.218561
  26.523438	   0.092092
  26.533203	  -0.038517
  26.542969	  -0.142019
  26.552734	  -0.194305
  26.562500	  -0.186216
  26.572266	  -0.126545
  26.582031	  -0.039111
  26.591797	   0.045139
  26.601562	   0.098327
  26.611328	   0.104673
  26.621094	   0.065286
  26.630859	  -0.002858
  26.640625	  -0.073297
  26.650391	  -0.119518
  26.660156	  -0.124130
  26.669922	  -0.084610
  26.679688	  -0.013717
  26.689453	   0.065400
  26.699219	   0.127517
  26.708984	   0.154044
  26.718750	   0.139035
  26.728516	   0.090479
  26.738281	   0.026615
  26.748047	  -0.031213
  26.757812	  -0.066388
  26.767578	  -0.072670
  26.777344	  -0.055651
  26.787109	  -0.029646
  26.796875	  -0.011380
  26.806641	  -0.013000
  26.816406	  -0.037146
  26.826172	  -0.075980
  26.835938	  -0.114522
  26.845703	  -0.136929
  26.855469	  -0.133236
  26.865234	  -0.103841
  26.875000	  -0.059866
  26.884766	  -0.019120
  26.894531	   0.000927
  26.904297	  -0.009508
  26.914062	  -0.047703
  26.923828	  -0.098164
  26.933594	  -0.137298
  26.943359	  -0.141542
  26.953125	  -0.096124
  26.962891	  -0.001309
  26.972656	   0.126282
  26.982422	   0.257937
  26.992188	   0.361439
  27.001953	   0.411109
  27.011719	   0.395902
  27.021484	   0.322765
  27.031250	   0.214096
  27.041016	   0.100205
  27.050781	   0.009371
  27.060547	  -0.041056
  27.070312	  -0.049484
  27.080078	  -0.029302
  27.089844	  -0.002915
  27.099609	   0.007111
  27.109375	  -0.013444
  27.119141	  -0.065357
  27.128906	  -0.136054
  27.138672	  -0.204728
  27.148438	  -0.250502
  27.158203	  -0.260566
  27.167969	  -0.235238
  27.177734	  -0.188081
  27.187500	  -0.141027
  27.197266	  -0.116302
  27.207031	  -0.128125
  27.216797	  -0.177230
  27.226562	  -0.250230
  27.236328	  -0.324056
  27.246094	  -0.373859
  27.255859	  -0.381515
  27.265625	  -0.341668
  27.275391	  -0.263168
  27.285156	  -0.165455
  27.294922	  -0.071322
  27.304688	   0.001240
  27.314453	   0.045076
  27.324219	   0.065576
  27.333984	   0.077503
  27.343750	   0.098205
  27.353516	   0.139856
  27.363281	   0.203726
  27.373047	   0.278743
  27.382812	   0.344984
  27.392578	   0.380865
  27.402344	   0.371386
  27.412109	   0.314323
  27.421875	   0.221967
  27.431641	   0.117606
  27.441406	   0.027914
  27.451172	  -0.026112
  27.460938	  -0.036364
  27.470703	  -0.010368
  27.480469	   0.031520
  27.490234	   0.063524
  27.500000	   0.063852
  27.509766	   0.022718
  27.519531	  -0.053898
  27.529297	  -0.146159
  27.539062	  -0.227262
  27.548828	  -0.272887
  27.558594	  -0.269794
  27.568359	  -0.220496
  27.578125	  -0.142323
  27.587891	  -0.061230
  27.597656	  -0.002590
  27.607422	   0.017684
  27.617188	  -0.001503
  27.626953	  -0.046533
  27.636719	  -0.094576
  27.646484	  -0.122442
  27.656250	  -0.115546
  27.666016	  -0.073670
  27.675781	  -0.011380
  27.685547	   0.047087
  27.695312	   0.076658
  27.705078	   0.060781
  27.714844	  -0.002098
  27.724609	  -0.097310
  27.734375	  -0.198506
  27.744141	  -0.276363
  27.753906	  -0.308409
  27.763672	  -0.286475
  27.773438	  -0.219167
  27.783203	  -0.128548
  27.792969	  -0.042263
  27.802734	   0.016014
  27.812500	   0.034385
  27.822266	   0.016063
  27.832031	  -0.022863
  27.841797	  -0.060246
  27.851562	  -0.076656
  27.861328	  -0.062820
  27.871094	  -0.022949
  27.880859	   0.027217
  27.890625	   0.066862
  27.900391	   0.078523
  27.910156	   0.055262
  27.919922	   0.003780
  27.929688	  -0.057778
  27.939453	  -0.106597
  27.949219	  -0.124035
  27.958984	  -0.103202
  27.968750	  -0.052328
  27.978516	   0.007522
  27.988281	   0.049739
  27.998047	   0.051950
  28.007812	   0.004762
  28.017578	  -0.083788
  28.027344	  -0.189860
  28.037109	  -0.281156
  28.046875	  -0.327551
  28.056641	  -0.311358
  28.066406	  -0.233615
  28.076172	  -0.114137
  28.085938	   0.014793
  28.095703	   0.118960
  28.105469	   0.173403
  28.115234	   0.170400
  28.125000	   0.121555
  28.134766	   0.053302
  28.144531	  -0.002522
  28.154297	  -0.019742
  28.164062	   0.013319
  28.173828	   0.090210
  28.183594	   0.189081
  28.193359	   0.280648
  28.203125	   0.338475
  28.212891	   0.347916
  28.222656	   0.310614
  28.232422	   0.243146
  28.242188	   0.170476
  28.251953	   0.116768
  28.261719	   0.096943
  28.271484	   0.112008
  28.281250	   0.149732
  28.291016	   0.190219
  28.300781	   0.214150
  28.310547	   0.210525
  28.320312	   0.180975
  28.330078	   0.139055
  28.339844	   0.104845
  28.349609	   0.096932
  28.359375	   0.124853
  28.369141	   0.184883
  28.378906	   0.260805
  28.388672	   0.329420
  28.398438	   0.368802
  28.408203	   0.366213
  28.417969	   0.322761
  28.427734	   0.253013
  28.437500	   0.179692
  28.447266	   0.125368
  28.457031	   0.104205
  28.466797	   0.116826
  28.476562	   0.150210
  28.486328	   0.182707
  28.496094	   0.192355
  28.505859	   0.165447
  28.515625	   0.102174
  28.525391	   0.017206
  28.535156	  -0.065090
  28.544922	  -0.119135
  28.554688	  -0.127315
  28.564453	  -0.086526
  28.574219	  -0.009712
  28.583984	   0.078219
  28.593750	   0.148682
  28.603516	   0.178997
  28.613281	   0.159886
  28.623047	   0.098274
  28.632812	   0.014435
  28.642578	  -0.065403
  28.652344	  -0.118325
  28.662109	  -0.132530
  28.671875	  -0.110922
  28.681641	  -0.069303
  28.691406	  -0.029947
  28.701172	  -0.012997
  28.710938	  -0.028897
  28.720703	  -0.074619
  28.730469	  -0.135037
  28.740234	  -0.188871
  28.750000	  -0.216933
  28.759766	  -0.209586
  28.769531	  -0.170602
  28.779297	  -0.115981
  28.789062	  -0.068140
  28.798828	  -0.047611
  28.808594	  -0.065327
  28.818359	  -0.118337
  28.828125	  -0.190580
  28.837891	  -0.258454
  28.847656	  -0.299183
  28.857422	  -0.298947
  28.867188	  -0.257810
  28.876953	  -0.189674
  28.886719	  -0.117266
  28.896484	  -0.064006
  28.906250	  -0.045716
  28.916016	  -0.065162
  28.925781	  -0.111409
  28.935547	  -0.164152
  28.945312	  -0.201415
  28.955078	  -0.207737
  28.964844	  -0.179843
  28.974609	  -0.127715
  28.984375	  -0.070702
  28.994141	  -0.030121
  29.003906	  -0.021115
  29.013672	  -0.046796
  29.023438	  -0.096853
  29.033203	  -0.151170
  29.042969	  -0.187127
  29.052734	  -0.187915
  29.062500	  -0.148799
  29.072266	  -0.079023
  29.082031	   0.001377
  29.091797	   0.068684
  29.101562	   0.103966
  29.111328	   0.099804
  29.121094	   0.062824
  29.130859	   0.011125
  29.140625	  -0.032471
  29.150391	  -0.048872
  29.160156	  -0.029811
  29.169922	   0.019000
  29.179688	   0.079779
  29.189453	   0.128929
  29.199219	   0.145361
  29.208984	   0.117884
  29.218750	   0.049029
  29.228516	  -0.045979
  29.238281	  -0.144616
  29.248047	  -0.224747
  29.257812	  -0.271764
  29.267578	  -0.282602
  29.277344	  -0.265300
  29.287109	  -0.234489
  29.296875	  -0.204734
  29.306641	  -0.184412
  29.316406	  -0.172584
  29.326172	  -0.160064
  29.335938	  -0.134226
  29.345703	  -0.085555
  29.355469	  -0.013203
  29.365234	   0.072882
  29.375000	   0.154386
  29.384766	   0.210966
  29.394531	   0.228240
  29.404297	   0.204360
  29.414062	   0.152467
  29.423828	   0.097705
  29.433594	   0.069463
  29.443359	   0.091339
  29.453125	   0.172315
  29.462891	   0.302373
  29.472656	   0.454364
  29.482422	   0.591772
  29.492188	   0.679940
  29.501953	   0.696984
  29.511719	   0.640675
  29.521484	   0.528854
  29.531250	   0.393172
  29.541016	   0.268269
  29.550781	   0.180118
  29.560547	   0.137559
  29.570312	   0.129979
  29.580078	   0.131911
  29.589844	   0.112920
  29.599609	   0.049253
  29.609375	  -0.066874
  29.619141	  -0.223648
  29.628906	  -0.392994
  29.638672	  -0.539673
  29.648438	  -0.632944
  29.658203	  -0.656662
  29.667969	  -0.614260
  29.677734	  -0.526917
  29.687500	  -0.425630
  29.697266	  -0.340083
  29.707031	  -0.288359
  29.716797	  -0.271152
  29.726562	  -0.272567
  29.736328	  -0.267129
  29.746094	  -0.230416
  29.755859	  -0.149401
  29.765625	  -0.028659
  29.775391	   0.109886
  29.785156	   0.233710
  29.794922	   0.310589
  29.804688	   0.319826
  29.814453	   0.259794
  29.824219	   0.149105
  29.833984	   0.020919
  29.843750	  -0.087666
  29.853516	  -0.147480
  29.863281	  -0.146344
  29.873047	  -0.092268
  29.882812	  -0.009813
  29.892578	   0.068961
  29.902344	   0.115698
  29.912109	   0.115157
  29.921875	   0.069643
  29.931641	  -0.002865
  29.941406	  -0.075958
  29.951172	  -0.124572
  29.960938	  -0.133670
  29.970703	  -0.102740
  29.980469	  -0.044660
  29.990234	   0.020352
  30.000000	   0.073201
  30.009766	   0.103397
  30.019531	   0.112667
  30.029297	   0.113327
  30.039062	   0.122120
  30.048828	   0.152042
  30.058594	   0.205478
  30.068359	   0.271544
  30.078125	   0.328953
  30.087891	   0.353584
  30.097656	   0.328065
  30.107422	   0.249748
  30.117188	   0.133889
  30.126953	   0.010465
  30.136719	  -0.084663
  30.146484	  -0.121410
  30.156250	  -0.085978
  30.166016	   0.013539
  30.175781	   0.148621
  30.185547	   0.278649
  30.195312	   0.363489
  30.205078	   0.376240
  30.214844	   0.311900
  30.224609	   0.189063
  30.234375	   0.044071
  30.244141	  -0.080437
  30.253906	  -0.148767
  30.263672	  -0.142887
  30.273438	  -0.067215
  30.283203	   0.053866
  30.292969	   0.184606
  30.302734	   0.289504
  30.312500	   0.343918
  30.322266	   0.340253
  30.332031	   0.287961
  30.341797	   0.207884
  30.351562	   0.123361
  30.361328	   0.051565
  30.371094	  -0.001820
  30.380859	  -0.042840
  30.390625	  -0.084731
  30.400391	  -0.140650
  30.410156	  -0.216735
  30.419922	  -0.308281
  30.429688	  -0.400574
  30.439453	  -0.474033
  30.449219	  -0.511650
  30.458984	  -0.505779
  30.468750	  -0.461578
  30.478516	  -0.395658
  30.488281	  -0.330328
  30.498047	  -0.285509
  30.507812	  -0.271329
  30.517578	  -0.284184
  30.527344	  -0.307813
  30.537109	  -0.319092
  30.546875	  -0.296477
  30.556641	  -0.228057
  30.566406	  -0.116289
  30.576172	   0.022333
  30.585938	   0.162520
  30.595703	   0.278454
  30.605469	   0.352044
  30.615234	   0.378198
  30.625000	   0.365252
  30.634766	   0.330522
  30.644531	   0.292778
  30.654297	   0.264582
  30.664062	   0.247474
  30.673828	   0.231916
  30.683594	   0.202044
  30.693359	   0.143441
  30.703125	   0.050891
  30.712891	  -0.067015
  30.722656	  -0.188454
  30.732422	  -0.284281
  30.742188	  -0.327399
  30.751953	  -0.302347
  30.761719	  -0.211626
  30.771484	  -0.076319
  30.781250	   0.069491
  30.791016	   0.188808
  30.800781	   0.252997
  30.810547	   0.250453
  30.820312	   0.189708
  30.830078	   0.095940
  30.839844	   0.002112
  30.849609	  -0.062184
  30.859375	  -0.080315
  30.869141	  -0.053386
  30.878906	   0.001328
  30.888672	   0.057569
  30.898438	   0.090199
  30.908203	   0.084543
  30.917969	   0.041621
  30.927734	  -0.022540
  30.937500	  -0.083159
  30.947266	  -0.116157
  30.957031	  -0.107322
  30.966797	  -0.057809
  30.976562	   0.016017
  30.986328	   0.088309
  30.996094	   0.132970
  31.005859	   0.133009
  31.015625	   0.086654
  31.025391	   0.008057
  31.035156	  -0.077626
  31.044922	  -0.142944
  31.054688	  -0.167466
  31.064453	  -0.144376
  31.074219	  -0.082032
  31.083984	  -0.000071
  31.093750	   0.078355
  31.103516	   0.135238
  31.113281	   0.163996
  31.123047	   0.171061
  31.132812	   0.172233
  31.142578	   0.185262
  31.152344	   0.221564
  31.162109	   0.280319
  31.171875	   0.347343
  31.181641	   0.399344
  31.191406	   0.412134
  31.201172	   0.369832
  31.210938	   0.271661
  31.220703	   0.133676
  31.230469	  -0.015400
  31.240234	  -0.142966
  31.250000	  -0.223004
  31.259766	  -0.244558
  31.269531	  -0.215278
  31.279297	  -0.158714
  31.289062	  -0.106298
  31.298828	  -0.086733
  31.308594	  -0.116477
  31.318359	  -0.194539
  31.328125	  -0.303301
  31.337891	  -0.414934
  31.347656	  -0.501025
  31.357422	  -0.541968
  31.367188	  -0.532820
  31.376953	  -0.483702
  31.386719	  -0.414805
  31.396484	  -0.348031
  31.406250	  -0.298467
  31.416016	  -0.268879
  31.425781	  -0.249236
  31.435547	  -0.221354
  31.445312	  -0.166861
  31.455078	  -0.075395
  31.464844	   0.050080
  31.474609	   0.192929
  31.484375	   0.327690
  31.494141	   0.428397
  31.503906	   0.477364
  31.513672	   0.471218
  31.523438	   0.421951
  31.533203	   0.352560
  31.542969	   0.288830
  31.552734	   0.250228
  31.562500	   0.243194
  31.572266	   0.259277
  31.582031	   0.278803
  31.591797	   0.278734
  31.601562	   0.241885
  31.611328	   0.164121
  31.621094	   0.056891
  31.630859	  -0.055872
  31.640625	  -0.145470
  31.650391	  -0.188075
  31.660156	  -0.172916
  31.669922	  -0.106157
  31.679688	  -0.009137
  31.689453	   0.088384
  31.699219	   0.157606
  31.708984	   0.179461
  31.718750	   0.149843
  31.728516	   0.079688
  31.738281	  -0.009871
  31.748047	  -0.095311
  31.757812	  -0.158605
  31.767578	  -0.192395
  31.777344	  -0.200814
  31.787109	  -0.195975
  31.796875	  -0.191768
  31.806641	  -0.197525
  31.816406	  -0.214068
  31.826172	  -0.233620
  31.835938	  -0.243513
  31.845703	  -0.232099
  31.855469	  -0.194431
  31.865234	  -0.135328
  31.875000	  -0.068481
  31.884766	  -0.011808
  31.894531	   0.019266
  31.904297	   0.018052
  31.914062	  -0.010085
  31.923828	  -0.048740
  31.933594	  -0.075601
  31.943359	  -0.069969
  31.953125	  -0.019985
  31.962891	   0.073058
  31.972656	   0.194894
  31.982422	   0.322918
  31.992188	   0.433613
  32.001953	   0.510073
  32.011719	   0.546906
  32.021484	   0.550797
  32.031250	   0.536594
  32.041016	   0.520485
  32.050781	   0.512907
  32.060547	   0.513927
  32.070312	   0.512924
  32.080078	   0.492741
  32.089844	   0.436797
  32.099609	   0.336468
  32.109375	   0.195900
  32.119141	   0.032293
  32.128906	  -0.128605
  32.138672	  -0.260309
  32.148438	  -0.343936
  32.158203	  -0.374048
  32.167969	  -0.359851
  32.177734	  -0.321247
  32.187500	  -0.281161
  32.197266	  -0.256932
  32.207031	  -0.253948
  32.216797	  -0.263906
  32.226562	  -0.268407
  32.236328	  -0.246613
  32.246094	  -0.184167
  32.255859	  -0.080026
  32.265625	   0.051392
  32.275391	   0.183747
  32.285156	   0.286866
  32.294922	   0.336599
  32.304688	   0.322940
  32.314453	   0.253470
  32.324219	   0.150814
  32.333984	   0.044930
  32.343750	  -0.037075
  32.353516	  -0.080016
  32.363281	  -0.085379
  32.373047	  -0.070056
  32.382812	  -0.059554
  32.392578	  -0.078135
  32.402344	  -0.139443
  32.412109	  -0.241029
  32.421875	  -0.364732
  32.431641	  -0.482776
  32.441406	  -0.567368
  32.451172	  -0.600288
  32.460938	  -0.578986
  32.470703	  -0.516968
  32.480469	  -0.438341
  32.490234	  -0.368541
  32.500000	  -0.324686
  32.509766	  -0.309141
  32.519531	  -0.308757
  32.529297	  -0.300143
  32.539062	  -0.259112
  32.548828	  -0.170874
  32.558594	  -0.037175
  32.568359	   0.122354
  32.578125	   0.275358
  32.587891	   0.386798
  32.597656	   0.430433
  32.607422	   0.397770
  32.617188	   0.301278
  32.626953	   0.170698
  32.636719	   0.043616
  32.646484	  -0.046472
  32.656250	  -0.080558
  32.666016	  -0.059463
  32.675781	  -0.002393
  32.685547	   0.060628
  32.695312	   0.099700
  32.705078	   0.095474
  32.714844	   0.045447
  32.724609	  -0.035919
  32.734375	  -0.123089
  32.744141	  -0.189032
  32.753906	  -0.214913
  32.763672	  -0.196381
  32.773438	  -0.144269
  32.783203	  -0.079629
  32.792969	  -0.025115
  32.802734	   0.003949
  32.812500	   0.005413
  32.822266	  -0.009156
  32.832031	  -0.019425
  32.841797	  -0.004841
  32.851562	   0.046472
  32.861328	   0.131909
  32.871094	   0.233976
  32.880859	   0.325609
  32.890625	   0.379415
  32.900391	   0.377528
  32.910156	   0.318507
  32.919922	   0.218670
  32.929688	   0.107253
  32.939453	   0.016965
  32.949219	  -0.026823
  32.958984	  -0.014500
  32.968750	   0.044638
  32.978516	   0.125621
  32.988281	   0.196203
  32.998047	   0.227516
  33.007812	   0.203258
  33.017578	   0.124344
  33.027344	   0.007599
  33.037109	  -0.120790
  33.046875	  -0.234510
  33.056641	  -0.315622
  33.066406	  -0.359335
  33.076172	  -0.373504
  33.085938	  -0.373385
  33.095703	  -0.373893
  33.105469	  -0.382562
  33.115234	  -0.396033
  33.125000	  -0.401511
  33.134766	  -0.382645
  33.144531	  -0.327537
  33.154297	  -0.235660
  33.164062	  -0.120777
  33.173828	  -0.008398
  33.183594	   0.071662
  33.193359	   0.095195
  33.203125	   0.052475
  33.212891	  -0.047154
  33.222656	  -0.176859
  33.232422	  -0.299797
  33.242188	  -0.380165
  33.251953	  -0.394209
  33.261719	  -0.337527
  33.271484	  -0.226245
  33.281250	  -0.091725
  33.291016	   0.029380
  33.300781	   0.106339
  33.310547	   0.123151
  33.320312	   0.082176
  33.330078	   0.001691
  33.339844	  -0.091413
  33.349609	  -0.170976
  33.359375	  -0.219607
  33.369141	  -0.232728
  33.378906	  -0.217573
  33.388672	  -0.187983
  33.398438	  -0.157380
  33.408203	  -0.132846
  33.417969	  -0.112639
  33.427734	  -0.088040
  33.437500	  -0.048592
  33.447266	   0.011561
  33.457031	   0.089029
  33.466797	   0.170356
  33.476562	   0.235685
  33.486328	   0.265704
  33.496094	   0.249353
  33.505859	   0.189236
  33.515625	   0.102480
  33.525391	   0.016324
  33.535156	  -0.040264
  33.544922	  -0.046129
  33.554688	   0.004741
  33.564453	   0.100811
  33.574219	   0.216539
  33.583984	   0.320766
  33.593750	   0.387112
  33.603516	   0.402736
  33.613281	   0.372364
  33.623047	   0.316098
  33.632812	   0.261769
  33.642578	   0.234494
  33.652344	   0.247191
  33.662109	   0.295442
  33.671875	   0.358608
  33.681641	   0.406870
  33.691406	   0.411761
  33.701172	   0.356472
  33.710938	   0.242303
  33.720703	   0.088933
  33.730469	  -0.071634
  33.740234	  -0.205357
  33.750000	  -0.287137
  33.759766	  -0.308700
  33.769531	  -0.280708
  33.779297	  -0.228451
  33.789062	  -0.182722
  33.798828	  -0.169115
  33.808594	  -0.199452
  33.818359	  -0.268250
  33.828125	  -0.355266
  33.837891	  -0.433024
  33.847656	  -0.476526
  33.857422	  -0.471654
  33.867188	  -0.419390
  33.876953	  -0.334580
  33.886719	  -0.239948
  33.896484	  -0.157774
  33.906250	  -0.102362
  33.916016	  -0.076005
  33.925781	  -0.069730
  33.935547	  -0.068261
  33.945312	  -0.057066
  33.955078	  -0.028633
  33.964844	   0.014489
  33.974609	   0.061022
  33.984375	   0.096065
  33.994141	   0.107841
  34.003906	   0.093350
  34.013672	   0.060566
  34.023438	   0.026167
  34.033203	   0.009549
  34.042969	   0.025364
  34.052734	   0.077435
  34.062500	   0.156505
  34.072266	   0.242830
  34.082031	   0.312823
  34.091797	   0.347396
  34.101562	   0.338918
  34.111328	   0.294162
  34.121094	   0.232049
  34.130859	   0.176891
  34.140625	   0.149549
  34.150391	   0.159709
  34.160156	   0.202150
  34.169922	   0.258407
  34.179688	   0.303269
  34.189453	   0.313754
  34.199219	   0.277241
  34.208984	   0.195732
  34.218750	   0.084625
  34.228516	  -0.033571
  34.238281	  -0.138234
  34.248047	  -0.218906
  34.257812	  -0.279635
  34.267578	  -0.337524
  34.277344	  -0.415835
  34.287109	  -0.534005
  34.296875	  -0.698256
  34.306641	  -0.896372
  34.316406	  -1.098868
  34.326172	  -1.266518
  34.335938	  -1.361923
  34.345703	  -1.361235
  34.355469	  -1.262016
  34.365234	  -1.084401
  34.375000	  -0.865045
  34.384766	  -0.645808
  34.394531	  -0.460962
  34.404297	  -0.327256
  34.414062	  -0.240157
  34.423828	  -0.177471
  34.433594	  -0.108953
  34.443359	  -0.008459
  34.453125	   0.135643
  34.462891	   0.315441
  34.472656	   0.505505
  34.482422	   0.671163
  34.492188	   0.780010
  34.501953	   0.812567
  34.511719	   0.768377
  34.521484	   0.665530
  34.531250	   0.533975
  34.541016	   0.405207
  34.550781	   0.302105
  34.560547	   0.232552
  34.570312	   0.188979
  34.580078	   0.153711
  34.589844	   0.107866
  34.599609	   0.040260
  34.609375	  -0.047149
  34.619141	  -0.139393
  34.628906	  -0.214124
  34.638672	  -0.250569
  34.648438	  -0.238282
  34.658203	  -0.182219
  34.667969	  -0.101992
  34.677734	  -0.025318
  34.687500	   0.022059
  34.697266	   0.026312
  34.707031	  -0.008423
  34.716797	  -0.060347
  34.726562	  -0.096852
  34.736328	  -0.085753
  34.746094	  -0.007078
  34.755859	   0.138716
  34.765625	   0.329081
  34.775391	   0.525011
  34.785156	   0.682219
  34.794922	   0.764201
  34.804688	   0.752888
  34.814453	   0.653468
  34.824219	   0.491977
  34.833984	   0.306739
  34.843750	   0.136764
  34.853516	   0.011078
  34.863281	  -0.057562
  34.873047	  -0.072892
  34.882812	  -0.049876
  34.892578	  -0.006483
  34.902344	   0.044043
  34.912109	   0.097399
  34.921875	   0.157459
  34.931641	   0.231190
  34.941406	   0.321675
  34.951172	   0.422515
  34.960938	   0.516353
  34.970703	   0.578653
  34.980469	   0.585693
  34.990234	   0.523933
  35.000000	   0.397111
  35.009766	   0.228016
  35.019531	   0.053693
  35.029297	  -0.084796
  35.039062	  -0.154856
  35.048828	  -0.142888
  35.058594	  -0.059152
  35.068359	   0.064917
  35.078125	   0.186258
  35.087891	   0.263503
  35.097656	   0.269674
  35.107422	   0.200013
  35.117188	   0.072375
  35.126953	  -0.079793
  35.136719	  -0.219331
  35.146484	  -0.317873
  35.156250	  -0.364638
  35.166016	  -0.368538
  35.175781	  -0.353093
  35.185547	  -0.346225
  35.195312	  -0.368806
  35.205078	  -0.426205
  35.214844	  -0.505920
  35.224609	  -0.582065
  35.234375	  -0.624955
  35.244141	  -0.612127
  35.253906	  -0.536667
  35.263672	  -0.409714
  35.273438	  -0.256251
  35.283203	  -0.105811
  35.292969	   0.018316
  35.302734	   0.107216
  35.312500	   0.168629
  35.322266	   0.222381
  35.332031	   0.290610
  35.341797	   0.386485
  35.351562	   0.505821
  35.361328	   0.625089
  35.371094	   0.707065
  35.380859	   0.712541
  35.390625	   0.614227
  35.400391	   0.407992
  35.410156	   0.117314
  35.419922	  -0.210945
  35.429688	  -0.518360
  35.439453	  -0.750681
  35.449219	  -0.872400
  35.458984	  -0.875456
  35.468750	  -0.779388
  35.478516	  -0.623157
  35.488281	  -0.451662
  35.498047	  -0.301693
  35.507812	  -0.192042
  35.517578	  -0.120876
  35.527344	  -0.070724
  35.537109	  -0.018708
  35.546875	   0.052194
  35.556641	   0.145262
  35.566406	   0.248525
  35.576172	   0.340058
  35.585938	   0.397874
  35.595703	   0.410346
  35.605469	   0.382854
  35.615234	   0.337740
  35.625000	   0.307193
  35.634766	   0.321453
  35.644531	   0.396636
  35.654297	   0.526826
  35.664062	   0.683714
  35.673828	   0.824356
  35.683594	   0.904708
  35.693359	   0.894332
  35.703125	   0.787125
  35.712891	   0.604131
  35.722656	   0.387239
  35.732422	   0.185756
  35.742188	   0.040414
  35.751953	  -0.029656
  35.761719	  -0.032407
  35.771484	   0.001138
  35.781250	   0.029017
  35.791016	   0.014321
  35.800781	  -0.060652
  35.810547	  -0.187142
  35.820312	  -0.332272
  35.830078	  -0.450311
  35.839844	  -0.499010
  35.849609	  -0.455325
  35.859375	  -0.325017
  35.869141	  -0.142645
  35.878906	   0.038192
  35.888672	   0.161189
  35.898438	   0.184810
  35.908203	   0.095089
  35.917969	  -0.090414
  35.927734	  -0.328659
  35.937500	  -0.564941
  35.947266	  -0.749711
  35.957031	  -0.852786
  35.966797	  -0.870412
  35.976562	  -0.823270
  35.986328	  -0.746685
  35.996094	  -0.676884
  36.005859	  -0.638337
  36.015625	  -0.636484
  36.025391	  -0.658049
  36.035156	  -0.678236
  36.044922	  -0.671661
  36.054688	  -0.622663
  36.064453	  -0.531089
  36.074219	  -0.411526
  36.083984	  -0.286580
  36.093750	  -0.177024
  36.103516	  -0.092874
  36.113281	  -0.028955
  36.123047	   0.033212
  36.132812	   0.117870
  36.142578	   0.244722
  36.152344	   0.419847
  36.162109	   0.631409
  36.171875	   0.851980
  36.181641	   1.046762
  36.191406	   1.184798
  36.201172	   1.249072
  36.210938	   1.241745
  36.220703	   1.182598
  36.230469	   1.101193
  36.240234	   1.025679
  36.250000	   0.972382
  36.259766	   0.940079
  36.269531	   0.911129
  36.279297	   0.859072
  36.289062	   0.759896
  36.298828	   0.602727
  36.308594	   0.395904
  36.318359	   0.166004
  36.328125	  -0.049974
  36.337891	  -0.216554
  36.347656	  -0.311555
  36.357422	  -0.333394
  36.367188	  -0.301220
  36.376953	  -0.247795
  36.386719	  -0.207666
  36.396484	  -0.204985
  36.406250	  -0.245431
  36.416016	  -0.315254
  36.425781	  -0.387787
  36.435547	  -0.435020
  36.445312	  -0.439851
  36.455078	  -0.404308
  36.464844	  -0.350390
  36.474609	  -0.312875
  36.484375	  -0.326389
  36.494141	  -0.411254
  36.503906	  -0.563281
  36.513672	  -0.751422
  36.523438	  -0.924588
  36.533203	  -1.025745
  36.542969	  -1.008825
  36.552734	  -0.852947
  36.562500	  -0.569274
  36.572266	  -0.198272
  36.582031	   0.201648
  36.591797	   0.570303
  36.601562	   0.861430
  36.611328	   1.052928
  36.621094	   1.148755
  36.630859	   1.172513
  36.640625	   1.155601
  36.650391	   1.124529
  36.660156	   1.091960
  36.669922	   1.054429
  36.679688	   0.997030
  36.689453	   0.902722
  36.699219	   0.762261
  36.708984	   0.580636
  36.718750	   0.377396
  36.728516	   0.180698
  36.738281	   0.017423
  36.748047	  -0.096726
  36.757812	  -0.163166
  36.767578	  -0.199905
  36.777344	  -0.234553
  36.787109	  -0.293359
  36.796875	  -0.390407
  36.806641	  -0.521154
  36.816406	  -0.662967
  36.826172	  -0.782717
  36.835938	  -0.848818
  36.845703	  -0.843324
  36.855469	  -0.769508
  36.865234	  -0.651877
  36.875000	  -0.528293
  36.884766	  -0.436765
  36.894531	  -0.401544
  36.904297	  -0.423558
  36.914062	  -0.478841
  36.923828	  -0.525837
  36.933594	  -0.519304
  36.943359	  -0.426173
  36.953125	  -0.237883
  36.962891	   0.025143
  36.972656	   0.318540
  36.982422	   0.586970
  36.992188	   0.780690
  37.001953	   0.870151
  37.011719	   0.853821
  37.021484	   0.756767
  37.031250	   0.620797
  37.041016	   0.489819
  37.050781	   0.395647
  37.060547	   0.349130
  37.070312	   0.339463
  37.080078	   0.341468
  37.089844	   0.327780
  37.099609	   0.281141
  37.109375	   0.202100
  37.119141	   0.109234
  37.128906	   0.031845
  37.138672	  -0.002011
  37.148438	   0.022433
  37.158203	   0.099260
  37.167969	   0.202106
  37.177734	   0.292233
  37.187500	   0.331702
  37.197266	   0.296980
  37.207031	   0.188038
  37.216797	   0.029535
  37.226562	  -0.136512
  37.236328	  -0.264191
  37.246094	  -0.318683
  37.255859	  -0.287653
  37.265625	  -0.185166
  37.275391	  -0.046880
  37.285156	   0.081662
  37.294922	   0.159532
  37.304688	   0.162669
  37.314453	   0.089871
  37.324219	  -0.039185
  37.333984	  -0.192673
  37.343750	  -0.338551
  37.353516	  -0.455137
  37.363281	  -0.536521
  37.373047	  -0.591127
  37.382812	  -0.634459
  37.392578	  -0.679309
  37.402344	  -0.727645
  37.412109	  -0.767695
  37.421875	  -0.777609
  37.431641	  -0.734420
  37.441406	  -0.624793
  37.451172	  -0.453149
  37.460938	  -0.243564
  37.470703	  -0.034098
  37.480469	   0.134894
  37.490234	   0.234513
  37.500000	   0.258102
  37.509766	   0.224841
  37.519531	   0.174331
  37.529297	   0.153532
  37.539062	   0.200245
  37.548828	   0.328798
  37.558594	   0.523028
  37.568359	   0.739367
  37.578125	   0.919375
  37.587891	   1.007852
  37.597656	   0.970627
  37.607422	   0.806142
  37.617188	   0.546956
  37.626953	   0.250621
  37.636719	  -0.017083
  37.646484	  -0.201068
  37.656250	  -0.271928
  37.666016	  -0.232351
  37.675781	  -0.113290
  37.685547	   0.038312
  37.695312	   0.175693
  37.705078	   0.266758
  37.714844	   0.302137
  37.724609	   0.294624
  37.734375	   0.270943
  37.744141	   0.259429
  37.753906	   0.278511
  37.763672	   0.330251
  37.773438	   0.401073
  37.783203	   0.468977
  37.792969	   0.514030
  37.802734	   0.527730
  37.812500	   0.517362
  37.822266	   0.503459
  37.832031	   0.511258
  37.841797	   0.559394
  37.851562	   0.650319
  37.861328	   0.766354
  37.871094	   0.873296
  37.880859	   0.930677
  37.890625	   0.905254
  37.900391	   0.783001
  37.910156	   0.575275
  37.919922	   0.316795
  37.929688	   0.055979
  37.939453	  -0.159167
  37.949219	  -0.294808
  37.958984	  -0.340055
  37.968750	  -0.307920
  37.978516	  -0.228388
  37.988281	  -0.136339
  37.998047	  -0.058800
  38.007812	  -0.006102
  38.017578	   0.030017
  38.027344	   0.070964
  38.037109	   0.140823
  38.046875	   0.255023
  38.056641	   0.412520
  38.066406	   0.594527
  38.076172	   0.770252
  38.085938	   0.907491
  38.095703	   0.984029
  38.105469	   0.995499
  38.115234	   0.956679
  38.125000	   0.895660
  38.134766	   0.843043
  38.144531	   0.820189
  38.154297	   0.830996
  38.164062	   0.860349
  38.173828	   0.879940
  38.183594	   0.859359
  38.193359	   0.778339
  38.203125	   0.635506
  38.212891	   0.450247
  38.222656	   0.256763
  38.232422	   0.092359
  38.242188	  -0.015838
  38.251953	  -0.060792
  38.261719	  -0.058319
  38.271484	  -0.041422
  38.281250	  -0.048028
  38.291016	  -0.106389
  38.300781	  -0.223410
  38.310547	  -0.380217
  38.320312	  -0.536812
  38.330078	  -0.644467
  38.339844	  -0.661735
  38.349609	  -0.568645
  38.359375	  -0.374226
  38.369141	  -0.114774
  38.378906	   0.156522
  38.388672	   0.385047
  38.398438	   0.530098
  38.408203	   0.575050
  38.417969	   0.529234
  38.427734	   0.421424
  38.437500	   0.287712
  38.447266	   0.158417
  38.457031	   0.048757
  38.466797	  -0.043619
  38.476562	  -0.133865
  38.486328	  -0.240301
  38.496094	  -0.374087
  38.505859	  -0.532505
  38.515625	  -0.698616
  38.525391	  -0.847453
  38.535156	  -0.956260
  38.544922	  -1.014539
  38.554688	  -1.029673
  38.564453	  -1.025463
  38.574219	  -1.033694
  38.583984	  -1.081609
  38.593750	  -1.179977
  38.603516	  -1.316474
  38.613281	  -1.457352
  38.623047	  -1.557402
  38.632812	  -1.575071
  38.642578	  -1.487529
  38.652344	  -1.300180
  38.662109	  -1.046885
  38.671875	  -0.780295
  38.681641	  -0.555257
  38.691406	  -0.410783
  38.701172	  -0.356810
  38.710938	  -0.370489
  38.720703	  -0.403551
  38.730469	  -0.398497
  38.740234	  -0.308278
  38.750000	  -0.112837
  38.759766	   0.173073
  38.769531	   0.503477
  38.779297	   0.814941
  38.789062	   1.045846
  38.798828	   1.154688
  38.808594	   1.131352
  38.818359	   0.997831
  38.828125	   0.798598
  38.837891	   0.584382
  38.847656	   0.395298
  38.857422	   0.249317
  38.867188	   0.139936
  38.876953	   0.043475
  38.886719	  -0.067130
  38.896484	  -0.207535
  38.906250	  -0.371994
  38.916016	  -0.532163
  38.925781	  -0.645390
  38.935547	  -0.669636
  38.945312	  -0.579604
  38.955078	  -0.378091
  38.964844	  -0.098163
  38.974609	   0.205062
  38.984375	   0.470528
  38.994141	   0.649947
  39.003906	   0.722776
  39.013672	   0.702380
  39.023438	   0.631273
  39.033203	   0.567030
  39.042969	   0.563627
  39.052734	   0.654380
  39.062500	   0.842021
  39.072266	   1.098869
  39.082031	   1.376579
  39.091797	   1.621749
  39.101562	   1.791893
  39.111328	   1.866478
  39.121094	   1.849740
  39.130859	   1.765099
  39.140625	   1.643945
  39.150391	   1.513398
  39.160156	   1.387673
  39.169922	   1.265994
  39.179688	   1.137299
  39.189453	   0.989307
  39.199219	   0.817844
  39.208984	   0.632363
  39.218750	   0.455190
  39.228516	   0.314608
  39.238281	   0.234429
  39.248047	   0.224224
  39.257812	   0.274245
  39.267578	   0.357387
  39.277344	   0.437837
  39.287109	   0.483468
  39.296875	   0.477426
  39.306641	   0.424494
  39.316406	   0.349599
  39.326172	   0.288647
  39.335938	   0.274748
  39.345703	   0.324702
  39.355469	   0.430695
  39.365234	   0.560452
  39.375000	   0.666168
  39.384766	   0.699417
  39.394531	   0.627085
  39.404297	   0.442915
  39.414062	   0.170683
  39.423828	  -0.142139
  39.433594	  -0.438151
  39.443359	  -0.666669
  39.453125	  -0.797789
  39.462891	  -0.829436
  39.472656	  -0.785441
  39.482422	  -0.705798
  39.492188	  -0.632795
  39.501953	  -0.597919
  39.511719	  -0.613801
  39.521484	  -0.673415
  39.531250	  -0.755973
  39.541016	  -0.836607
  39.550781	  -0.895773
  39.560547	  -0.924747
  39.570312	  -0.925463
  39.580078	  -0.905365
  39.589844	  -0.870027
  39.599609	  -0.817228
  39.609375	  -0.735513
  39.619141	  -0.608349
  39.628906	  -0.422542
  39.638672	  -0.177561
  39.648438	   0.108307
  39.658203	   0.398140
  39.667969	   0.643868
  39.677734	   0.799205
  39.687500	   0.833939
  39.697266	   0.744582
  39.707031	   0.557348
  39.716797	   0.321843
  39.726562	   0.097071
  39.736328	  -0.065930
  39.746094	  -0.139177
  39.755859	  -0.125523
  39.765625	  -0.056501
  39.775391	   0.019080
  39.785156	   0.051954
  39.794922	   0.008963
  39.804688	  -0.116132
  39.814453	  -0.301082
  39.824219	  -0.503070
  39.833984	  -0.673112
  39.843750	  -0.771781
  39.853516	  -0.780804
  39.863281	  -0.706754
  39.873047	  -0.575990
  39.882812	  -0.423208
  39.892578	  -0.278175
  39.902344	  -0.155750
  39.912109	  -0.052850
  39.921875	   0.046711
  39.931641	   0.161673
  39.941406	   0.301494
  39.951172	   0.458158
  39.960938	   0.605256
  39.970703	   0.705157
  39.980469	   0.721987
  39.990234	   0.635714
