# Time	Amplitude (cm/s/s)
   0.000000	   0.114701
   0.009766	   0.006422
   0.019531	  -0.062131
   0.029297	  -0.082177
   0.039062	  -0.055675
   0.048828	   0.006193
   0.058594	   0.086673
   0.068359	   0.167987
   0.078125	   0.235396
   0.087891	   0.279698
   0.097656	   0.297679
   0.107422	   0.290775
   0.117188	   0.262720
   0.126953	   0.217237
   0.136719	   0.156620
   0.146484	   0.081665
   0.156250	  -0.007238
   0.166016	  -0.108431
   0.175781	  -0.217599
   0.185547	  -0.327315
   0.195312	  -0.427844
   0.205078	  -0.508970
   0.214844	  -0.562228
   0.224609	  -0.582739
   0.234375	  -0.570002
   0.244141	  -0.527385
   0.253906	  -0.460548
   0.263672	  -0.375434
   0.273438	  -0.276613
   0.283203	  -0.166605
   0.292969	  -0.046411
   0.302734	   0.083006
   0.312500	   0.218974
   0.322266	   0.355894
   0.332031	   0.485193
   0.341797	   0.596659
   0.351562	   0.680823
   0.361328	   0.731630
   0.371094	   0.748439
   0.380859	   0.736584
   0.390625	   0.706171
   0.400391	   0.669368
   0.410156	   0.636988
   0.419922	   0.615422
   0.429688	   0.604854
   0.439453	   0.599348
   0.449219	   0.588715
   0.458984	   0.561564
   0.468750	   0.508559
   0.478516	   0.424883
   0.488281	   0.311273
   0.498047	   0.173451
   0.507812	   0.020394
   0.517578	  -0.137839
   0.527344	  -0.291879
   0.537109	  -0.433888
   0.546875	  -0.557363
   0.556641	  -0.656294
   0.566406	  -0.724339
   0.576172	  -0.754701
   0.585938	  -0.741076
   0.595703	  -0.679549
   0.605469	  -0.570838
   0.615234	  -0.421979
   0.625000	  -0.246618
   0.634766	  -0.063444
   0.644531	   0.107078
   0.654297	   0.246913
   0.664062	   0.344403
   0.673828	   0.396770
   0.683594	   0.410329
   0.693359	   0.398264
   0.703125	   0.376581
   0.712891	   0.359419
   0.722656	   0.355141
   0.732422	   0.364348
   0.742188	   0.380377
   0.751953	   0.392037
   0.761719	   0.387622
   0.771484	   0.358891
   0.781250	   0.303724
   0.791016	   0.226678
   0.800781	   0.137357
   0.810547	   0.047267
   0.820312	  -0.033737
   0.830078	  -0.100185
   0.839844	  -0.152046
   0.849609	  -0.193841
   0.859375	  -0.232245
   0.869141	  -0.273111
   0.878906	  -0.319008
   0.888672	  -0.368140
   0.898438	  -0.414989
   0.908203	  -0.452389
   0.917969	  -0.474238
   0.927734	  -0.477848
   0.937500	  -0.465084
   0.947266	  -0.441890
   0.957031	  -0.416372
   0.966797	  -0.396153
   0.976562	  -0.385885
   0.986328	  -0.385813
   0.996094	  -0.391814
   1.005859	  -0.396888
   1.015625	  -0.393517
   1.025391	  -0.376087
   1.035156	  -0.342542
   1.044922	  -0.294767
   1.054688	  -0.237643
   1.064453	  -0.177187
   1.074219	  -0.118464
   1.083984	  -0.064012
   1.093750	  -0.013282
   1.103516	   0.036776
   1.113281	   0.090248
   1.123047	   0.150460
   1.132812	   0.218467
   1.142578	   0.292271
   1.152344	   0.366971
   1.162109	   0.435675
   1.171875	   0.490847
   1.181641	   0.525672
   1.191406	   0.535117
   1.201172	   0.516585
   1.210938	   0.470218
   1.220703	   0.398992
   1.230469	   0.308741
   1.240234	   0.208070
   1.250000	   0.108000
   1.259766	   0.021098
   1.269531	  -0.040080
   1.279297	  -0.065165
   1.289062	  -0.048417
   1.298828	   0.009200
   1.308594	   0.099022
   1.318359	   0.205335
   1.328125	   0.307839
   1.337891	   0.385568
   1.347656	   0.421391
   1.357422	   0.405950
   1.367188	   0.339924
   1.376953	   0.233899
   1.386719	   0.105804
   1.396484	  -0.023450
   1.406250	  -0.134921
   1.416016	  -0.215812
   1.425781	  -0.261718
   1.435547	  -0.276411
   1.445312	  -0.269375
   1.455078	  -0.252009
   1.464844	  -0.233782
   1.474609	  -0.219583
   1.484375	  -0.209057
   1.494141	  -0.197994
   1.503906	  -0.181124
   1.513672	  -0.155192
   1.523438	  -0.121117
   1.533203	  -0.084373
   1.542969	  -0.053418
   1.552734	  -0.036681
   1.562500	  -0.039224
   1.572266	  -0.060301
   1.582031	  -0.092821
   1.591797	  -0.125052
   1.601562	  -0.144162
   1.611328	  -0.140532
   1.621094	  -0.111483
   1.630859	  -0.063167
   1.640625	  -0.009967
   1.650391	   0.028536
   1.660156	   0.032177
   1.669922	  -0.014885
   1.679688	  -0.120346
   1.689453	  -0.282033
   1.699219	  -0.488632
   1.708984	  -0.722510
   1.718750	  -0.963705
   1.728516	  -1.193899
   1.738281	  -1.399338
   1.748047	  -1.572107
   1.757812	  -1.709717
   1.767578	  -1.813496
   1.777344	  -1.886522
   1.787109	  -1.931871
   1.796875	  -1.951663
   1.806641	  -1.947004
   1.816406	  -1.918575
   1.826172	  -1.867399
   1.835938	  -1.795342
   1.845703	  -1.705087
   1.855469	  -1.599609
   1.865234	  -1.481433
   1.875000	  -1.352030
   1.884766	  -1.211691
   1.894531	  -1.059952
   1.904297	  -0.896442
   1.914062	  -0.721819
   1.923828	  -0.538414
   1.933594	  -0.350329
   1.943359	  -0.162957
   1.953125	   0.017880
   1.962891	   0.186823
   1.972656	   0.339561
   1.982422	   0.472914
   1.992188	   0.584483
   2.001953	   0.672146
   2.011719	   0.733753
   2.021484	   0.767345
   2.031250	   0.771930
   2.041016	   0.748604
   2.050781	   0.701533
   2.060547	   0.638265
   2.070312	   0.569016
   2.080078	   0.504883
   2.089844	   0.455400
   2.099609	   0.426131
   2.109375	   0.417140
   2.119141	   0.422934
   2.128906	   0.434081
   2.138672	   0.440100
   2.148438	   0.432779
   2.158203	   0.408846
   2.167969	   0.371059
   2.177734	   0.327277
   2.187500	   0.287719
   2.197266	   0.261257
   2.207031	   0.251984
   2.216797	   0.257243
   2.226562	   0.267889
   2.236328	   0.270815
   2.246094	   0.253015
   2.255859	   0.205907
   2.265625	   0.128471
   2.275391	   0.028132
   2.285156	  -0.081018
   2.294922	  -0.182172
   2.304688	  -0.260723
   2.314453	  -0.308600
   2.324219	  -0.326618
   2.333984	  -0.324066
   2.343750	  -0.315625
   2.353516	  -0.316573
   2.363281	  -0.337786
   2.373047	  -0.382107
   2.382812	  -0.443234
   2.392578	  -0.507466
   2.402344	  -0.557750
   2.412109	  -0.578765
   2.421875	  -0.561464
   2.431641	  -0.505700
   2.441406	  -0.420178
   2.451172	  -0.319826
   2.460938	  -0.221422
   2.470703	  -0.138853
   2.480469	  -0.079382
   2.490234	  -0.041988
   2.500000	  -0.018118
   2.509766	   0.005471
   2.519531	   0.042711
   2.529297	   0.104243
   2.539062	   0.194525
   2.548828	   0.310707
   2.558594	   0.443412
   2.568359	   0.579062
   2.578125	   0.703014
   2.587891	   0.802724
   2.597656	   0.870208
   2.607422	   0.903378
   2.617188	   0.906104
   2.626953	   0.887130
   2.636719	   0.858132
   2.646484	   0.831309
   2.656250	   0.816921
   2.666016	   0.821185
   2.675781	   0.844908
   2.685547	   0.883199
   2.695312	   0.926411
   2.705078	   0.962284
   2.714844	   0.978950
   2.724609	   0.968153
   2.734375	   0.927862
   2.744141	   0.863452
   2.753906	   0.786896
   2.763672	   0.713897
   2.773438	   0.659528
   2.783203	   0.633453
   2.792969	   0.636149
   2.802734	   0.657379
   2.812500	   0.677689
   2.822266	   0.672841
   2.832031	   0.620186
   2.841797	   0.505320
   2.851562	   0.327077
   2.861328	   0.099293
   2.871094	  -0.151412
   2.880859	  -0.391433
   2.890625	  -0.588113
   2.900391	  -0.717630
   2.910156	  -0.770660
   2.919922	  -0.754169
   2.929688	  -0.688864
   2.939453	  -0.603044
   2.949219	  -0.524687
   2.958984	  -0.474095
   2.968750	  -0.459194
   2.978516	  -0.474769
   2.988281	  -0.505653
   2.998047	  -0.532701
   3.007812	  -0.539549
   3.017578	  -0.517990
   3.027344	  -0.470328
   3.037109	  -0.408064
   3.046875	  -0.347510
   3.056641	  -0.303851
   3.066406	  -0.285673
   3.076172	  -0.291744
   3.085938	  -0.311077
   3.095703	  -0.326214
   3.105469	  -0.318655
   3.115234	  -0.274689
   3.125000	  -0.189801
   3.134766	  -0.070338
   3.144531	   0.068029
   3.154297	   0.204492
   3.164062	   0.318639
   3.173828	   0.395681
   3.183594	   0.429894
   3.193359	   0.425414
   3.203125	   0.394328
   3.212891	   0.352767
   3.222656	   0.316208
   3.232422	   0.295315
   3.242188	   0.293352
   3.251953	   0.305731
   3.261719	   0.321620
   3.271484	   0.327057
   3.281250	   0.308739
   3.291016	   0.257555
   3.300781	   0.171138
   3.310547	   0.054953
   3.320312	  -0.078244
   3.330078	  -0.210449
   3.339844	  -0.321587
   3.349609	  -0.393259
   3.359375	  -0.412395
   3.369141	  -0.374077
   3.378906	  -0.282872
   3.388672	  -0.152252
   3.398438	  -0.002002
   3.408203	   0.145955
   3.417969	   0.272482
   3.427734	   0.365676
   3.437500	   0.423658
   3.447266	   0.454769
   3.457031	   0.474937
   3.466797	   0.502743
   3.476562	   0.553499
   3.486328	   0.634034
   3.496094	   0.739851
   3.505859	   0.855667
   3.515625	   0.959416
   3.525391	   1.028636
   3.535156	   1.047382
   3.544922	   1.011476
   3.554688	   0.930326
   3.564453	   0.824527
   3.574219	   0.719796
   3.583984	   0.639005
   3.593750	   0.594775
   3.603516	   0.585033
   3.613281	   0.593110
   3.623047	   0.592527
   3.632812	   0.555142
   3.642578	   0.460210
   3.652344	   0.301517
   3.662109	   0.090343
   3.671875	  -0.146776
   3.681641	  -0.374841
   3.691406	  -0.559687
   3.701172	  -0.676954
   3.710938	  -0.718011
   3.720703	  -0.691158
   3.730469	  -0.617905
   3.740234	  -0.525750
   3.750000	  -0.439884
   3.759766	  -0.376509
   3.769531	  -0.339776
   3.779297	  -0.323015
   3.789062	  -0.313463
   3.798828	  -0.298501
   3.808594	  -0.271034
   3.818359	  -0.232062
   3.828125	  -0.189640
   3.837891	  -0.154830
   3.847656	  -0.136373
   3.857422	  -0.136318
   3.867188	  -0.148444
   3.876953	  -0.160255
   3.886719	  -0.157924
   3.896484	  -0.132370
   3.906250	  -0.084111
   3.916016	  -0.024873
   3.925781	   0.024947
   3.935547	   0.042386
   3.945312	   0.009619
   3.955078	  -0.079397
   3.964844	  -0.215778
   3.974609	  -0.377409
   3.984375	  -0.535181
   3.994141	  -0.661853
   4.003906	  -0.740624
   4.013672	  -0.770482
   4.023438	  -0.766349
   4.033203	  -0.753774
   4.042969	  -0.759741
   4.052734	  -0.802565
   4.062500	  -0.884224
   4.072266	  -0.987834
   4.082031	  -1.081301
   4.091797	  -1.126251
   4.101562	  -1.089575
   4.111328	  -0.954024
   4.121094	  -0.724541
   4.130859	  -0.428288
   4.140625	  -0.108287
   4.150391	   0.187493
   4.160156	   0.418368
   4.169922	   0.560941
   4.179688	   0.614064
   4.189453	   0.597546
   4.199219	   0.545251
   4.208984	   0.494864
   4.218750	   0.477404
   4.228516	   0.509436
   4.238281	   0.589923
   4.248047	   0.702151
   4.257812	   0.819665
   4.267578	   0.914130
   4.277344	   0.962709
   4.287109	   0.953007
   4.296875	   0.884591
   4.306641	   0.767218
   4.316406	   0.616816
   4.326172	   0.450722
   4.335938	   0.283628
   4.345703	   0.125167
   4.355469	  -0.020538
   4.365234	  -0.153706
   4.375000	  -0.276764
   4.384766	  -0.392037
   4.394531	  -0.499865
   4.404297	  -0.597512
   4.414062	  -0.679006
   4.423828	  -0.735907
   4.433594	  -0.758881
   4.443359	  -0.739953
   4.453125	  -0.675129
   4.462891	  -0.566919
   4.472656	  -0.426079
   4.482422	  -0.271832
   4.492188	  -0.129954
   4.501953	  -0.028610
   4.511719	   0.007532
   4.521484	  -0.036362
   4.531250	  -0.160253
   4.541016	  -0.347204
   4.550781	  -0.565539
   4.560547	  -0.775196
   4.570312	  -0.936999
   4.580078	  -1.022459
   4.589844	  -1.021235
   4.599609	  -0.943804
   4.609375	  -0.818172
   4.619141	  -0.681235
   4.628906	  -0.567164
   4.638672	  -0.496356
   4.648438	  -0.468519
   4.658203	  -0.462365
   4.667969	  -0.442363
   4.677734	  -0.370691
   4.687500	  -0.220711
   4.697266	   0.012417
   4.707031	   0.307663
   4.716797	   0.622269
   4.726562	   0.903164
   4.736328	   1.102220
   4.746094	   1.190529
   4.755859	   1.166991
   4.765625	   1.058242
   4.775391	   0.909689
   4.785156	   0.770402
   4.794922	   0.676729
   4.804688	   0.640066
   4.814453	   0.642992
   4.824219	   0.645300
   4.833984	   0.598163
   4.843750	   0.461925
   4.853516	   0.221618
   4.863281	  -0.105084
   4.873047	  -0.470438
   4.882812	  -0.809281
   4.892578	  -1.057998
   4.902344	  -1.173871
   4.912109	  -1.148605
   4.921875	  -1.011599
   4.931641	  -0.821701
   4.941406	  -0.649845
   4.951172	  -0.557879
   4.960938	  -0.580075
   4.970703	  -0.712966
   4.980469	  -0.916542
   4.990234	  -1.126265
   5.000000	  -1.272064
   5.009766	  -1.298445
   5.019531	  -1.179722
   5.029297	  -0.926108
   5.039062	  -0.579389
   5.048828	  -0.200169
   5.058594	   0.148951
   5.068359	   0.418970
   5.078125	   0.584420
   5.087891	   0.645401
   5.097656	   0.622156
   5.107422	   0.544976
   5.117188	   0.443367
   5.126953	   0.338129
   5.136719	   0.238514
   5.146484	   0.144507
   5.156250	   0.052401
   5.166016	  -0.039189
   5.175781	  -0.125598
   5.185547	  -0.196157
   5.195312	  -0.237851
   5.205078	  -0.240869
   5.214844	  -0.203560
   5.224609	  -0.134602
   5.234375	  -0.051293
   5.244141	   0.025494
   5.253906	   0.077833
   5.263672	   0.096288
   5.273438	   0.082352
   5.283203	   0.046916
   5.292969	   0.005432
   5.302734	  -0.028292
   5.312500	  -0.047159
   5.322266	  -0.052740
   5.332031	  -0.053352
   5.341797	  -0.059126
   5.351562	  -0.076175
   5.361328	  -0.102401
   5.371094	  -0.126897
   5.380859	  -0.133488
   5.390625	  -0.107251
   5.400391	  -0.041519
   5.410156	   0.057516
   5.419922	   0.170743
   5.429688	   0.271148
   5.439453	   0.332472
   5.449219	   0.338527
   5.458984	   0.289723
   5.468750	   0.204104
   5.478516	   0.112082
   5.488281	   0.046310
   5.498047	   0.030062
   5.507812	   0.068239
   5.517578	   0.144445
   5.527344	   0.225602
   5.537109	   0.272958
   5.546875	   0.255978
   5.556641	   0.164405
   5.566406	   0.014137
   5.576172	  -0.155490
   5.585938	  -0.292618
   5.595703	  -0.348716
   5.605469	  -0.294355
   5.615234	  -0.129697
   5.625000	   0.113862
   5.634766	   0.381663
   5.644531	   0.610988
   5.654297	   0.748750
   5.664062	   0.766149
   5.673828	   0.665760
   5.683594	   0.479064
   5.693359	   0.255523
   5.703125	   0.047003
   5.712891	  -0.107319
   5.722656	  -0.190809
   5.732422	  -0.211235
   5.742188	  -0.194652
   5.751953	  -0.174022
   5.761719	  -0.176852
   5.771484	  -0.216165
   5.781250	  -0.287651
   5.791016	  -0.373406
   5.800781	  -0.450316
   5.810547	  -0.499513
   5.820312	  -0.513251
   5.830078	  -0.496694
   5.839844	  -0.464291
   5.849609	  -0.432481
   5.859375	  -0.411946
   5.869141	  -0.402632
   5.878906	  -0.393636
   5.888672	  -0.367991
   5.898438	  -0.310398
   5.908203	  -0.214693
   5.917969	  -0.087909
   5.927734	   0.050901
   5.937500	   0.176820
   5.947266	   0.267896
   5.957031	   0.313168
   5.966797	   0.316570
   5.976562	   0.294942
   5.986328	   0.270645
   5.996094	   0.261513
   6.005859	   0.272112
   6.015625	   0.290019
   6.025391	   0.289085
   6.035156	   0.239032
   6.044922	   0.118160
   6.054688	  -0.075542
   6.064453	  -0.319357
   6.074219	  -0.569459
   6.083984	  -0.772676
   6.093750	  -0.882889
   6.103516	  -0.876534
   6.113281	  -0.761656
   6.123047	  -0.576879
   6.132812	  -0.380059
   6.142578	  -0.229997
   6.152344	  -0.167246
   6.162109	  -0.200582
   6.171875	  -0.304059
   6.181641	  -0.425987
   6.191406	  -0.507085
   6.201172	  -0.501745
   6.210938	  -0.395037
   6.220703	  -0.209399
   6.230469	   0.001646
   6.240234	   0.170904
   6.250000	   0.240274
   6.259766	   0.181051
   6.269531	   0.004626
   6.279297	  -0.240385
   6.289062	  -0.483915
   6.298828	  -0.657924
   6.308594	  -0.719631
   6.318359	  -0.666469
   6.328125	  -0.537476
   6.337891	  -0.400464
   6.347656	  -0.329224
   6.357422	  -0.378482
   6.367188	  -0.565176
   6.376953	  -0.862423
   6.386719	  -1.208151
   6.396484	  -1.525247
   6.406250	  -1.746040
   6.416016	  -1.832481
   6.425781	  -1.784993
   6.435547	  -1.637096
   6.445312	  -1.438161
   6.455078	  -1.231004
   6.464844	  -1.032998
   6.474609	  -0.828104
   6.484375	  -0.573114
   6.494141	  -0.215907
   6.503906	   0.281363
   6.513672	   0.923645
   6.523438	   1.677341
   6.533203	   2.481615
   6.542969	   3.274307
   6.552734	   4.024087
   6.562500	   4.756933
   6.572266	   5.565508
   6.582031	   6.594675
   6.591797	   8.003929
   6.601562	   9.915654
   6.611328	  12.364035
   6.621094	  15.261044
   6.630859	  18.392360
   6.640625	  21.448002
   6.650391	  24.082323
   6.660156	  25.988737
   6.669922	  26.969154
   6.679688	  26.978421
   6.689453	  26.130322
   6.699219	  24.662167
   6.708984	  22.866798
   6.718750	  21.010445
   6.728516	  19.259405
   6.738281	  17.636519
   6.748047	  16.020361
   6.757812	  14.188112
   6.767578	  11.890683
   6.777344	   8.939236
   6.787109	   5.278634
   6.796875	   1.026458
   6.806641	  -3.534638
   6.816406	  -8.010874
   6.826172	 -11.984580
   6.835938	 -15.112438
   6.845703	 -17.208999
   6.855469	 -18.293132
   6.865234	 -18.584245
   6.875000	 -18.447870
   6.884766	 -18.303092
   6.894531	 -18.514206
   6.904297	 -19.293302
   6.914062	 -20.638225
   6.923828	 -22.322086
   6.933594	 -23.938198
   6.943359	 -24.990946
   6.953125	 -25.011982
   6.962891	 -23.674731
   6.972656	 -20.880262
   6.982422	 -16.794007
   6.992188	 -11.824145
   7.001953	  -6.546113
   7.011719	  -1.590339
   7.021484	   2.481068
   7.031250	   5.280459
   7.041016	   6.659749
   7.050781	   6.720753
   7.060547	   5.770528
   7.070312	   4.234918
   7.080078	   2.553472
   7.089844	   1.082740
   7.099609	   0.031710
   7.109375	  -0.556401
   7.119141	  -0.774975
   7.128906	  -0.789671
   7.138672	  -0.760702
   7.148438	  -0.776527
   7.158203	  -0.819557
   7.167969	  -0.774009
   7.177734	  -0.472651
   7.187500	   0.233368
   7.197266	   1.405056
   7.207031	   2.970323
   7.216797	   4.719674
   7.226562	   6.346943
   7.236328	   7.524845
   7.246094	   7.993632
   7.255859	   7.635993
   7.265625	   6.514600
   7.275391	   4.859274
   7.285156	   3.005887
   7.294922	   1.303889
   7.304688	   0.019414
   7.314453	  -0.737095
   7.324219	  -1.036693
   7.333984	  -1.102852
   7.343750	  -1.235676
   7.353516	  -1.711828
   7.363281	  -2.690118
   7.373047	  -4.151167
   7.382812	  -5.889440
   7.392578	  -7.560242
   7.402344	  -8.767893
   7.412109	  -9.169171
   7.421875	  -8.561993
   7.431641	  -6.934261
   7.441406	  -4.460225
   7.451172	  -1.447634
   7.460938	   1.746656
   7.470703	   4.806400
   7.480469	   7.524572
   7.490234	   9.832360
   7.500000	  11.783281
   7.509766	  13.501401
   7.519531	  15.113337
   7.529297	  16.687646
   7.539062	  18.201356
   7.548828	  19.543419
   7.558594	  20.552115
   7.568359	  21.072288
   7.578125	  21.012162
   7.587891	  20.380251
   7.597656	  19.289953
   7.607422	  17.930257
   7.617188	  16.511961
   7.626953	  15.206332
   7.636719	  14.094966
   7.646484	  13.145560
   7.656250	  12.219872
   7.666016	  11.110394
   7.675781	   9.594338
   7.685547	   7.489750
   7.695312	   4.699707
   7.705078	   1.235714
   7.714844	  -2.781645
   7.724609	  -7.140525
   7.734375	 -11.566428
   7.744141	 -15.753921
   7.753906	 -19.396658
   7.763672	 -22.214754
   7.773438	 -23.981356
   7.783203	 -24.550561
   7.792969	 -23.886271
   7.802734	 -22.087311
   7.812500	 -19.400197
   7.822266	 -16.209566
   7.832031	 -12.998943
   7.841797	 -10.281265
   7.851562	  -8.507803
   7.861328	  -7.972954
   7.871094	  -8.737675
   7.880859	 -10.593676
   7.890625	 -13.083136
   7.900391	 -15.576060
   7.910156	 -17.392606
   7.919922	 -17.944954
   7.929688	 -16.866400
   7.939453	 -14.096676
   7.949219	  -9.902107
   7.958984	  -4.824754
   7.968750	   0.427916
   7.978516	   5.126753
   7.988281	   8.664145
   7.998047	  10.663901
   8.007812	  11.034305
   8.017578	   9.955911
   8.027344	   7.812077
   8.037109	   5.083777
   8.046875	   2.237274
   8.056641	  -0.367529
   8.066406	  -2.528179
   8.076172	  -4.202764
   8.085938	  -5.470781
   8.095703	  -6.468023
   8.105469	  -7.316847
   8.115234	  -8.072036
   8.125000	  -8.696112
   8.134766	  -9.068395
   8.144531	  -9.022502
   8.154297	  -8.399627
   8.164062	  -7.101830
   8.173828	  -5.130841
   8.183594	  -2.602898
   8.193359	   0.262972
   8.203125	   3.178927
   8.212891	   5.835259
   8.222656	   7.948904
   8.232422	   9.303052
   8.242188	   9.770893
   8.251953	   9.321213
   8.261719	   8.008258
   8.271484	   5.951631
   8.281250	   3.313334
   8.291016	   0.278214
   8.300781	  -2.958566
   8.310547	  -6.196883
   8.320312	  -9.232965
   8.330078	 -11.861732
   8.339844	 -13.885223
   8.349609	 -15.130066
   8.359375	 -15.473184
   8.369141	 -14.870734
   8.378906	 -13.381901
   8.388672	 -11.178041
   8.398438	  -8.529551
   8.408203	  -5.767732
   8.417969	  -3.225817
   8.427734	  -1.170428
   8.437500	   0.260203
   8.447266	   1.093782
   8.457031	   1.523675
   8.466797	   1.865676
   8.476562	   2.477962
   8.486328	   3.661441
   8.496094	   5.565256
   8.505859	   8.123645
   8.515625	  11.044423
   8.525391	  13.857104
   8.535156	  16.012954
   8.544922	  17.014344
   8.554688	  16.541054
   8.564453	  14.539827
   8.574219	  11.251520
   8.583984	   7.165890
   8.593750	   2.913342
   8.603516	  -0.879543
   8.613281	  -3.733236
   8.623047	  -5.419347
   8.632812	  -5.997884
   8.642578	  -5.778183
   8.652344	  -5.215129
   8.662109	  -4.770277
   8.671875	  -4.777118
   8.681641	  -5.348151
   8.691406	  -6.349058
   8.701172	  -7.445718
   8.710938	  -8.208800
   8.720703	  -8.244388
   8.730469	  -7.312214
   8.740234	  -5.397570
   8.750000	  -2.717246
   8.759766	   0.340442
   8.769531	   3.322215
   8.779297	   5.830712
   8.789062	   7.624212
   8.798828	   8.667165
   8.808594	   9.118910
   8.818359	   9.266583
   8.828125	   9.424400
   8.837891	   9.830513
   8.847656	  10.572129
   8.857422	  11.560046
   8.867188	  12.558386
   8.876953	  13.258950
   8.886719	  13.376974
   8.896484	  12.739808
   8.906250	  11.343107
   8.916016	   9.359326
   8.925781	   7.097251
   8.935547	   4.924758
   8.945312	   3.176389
   8.955078	   2.070272
   8.964844	   1.655200
   8.974609	   1.799890
   8.984375	   2.225347
   8.994141	   2.570927
   9.003906	   2.477609
   9.013672	   1.669399
   9.023438	   0.015714
   9.033203	  -2.437108
   9.042969	  -5.470002
   9.052734	  -8.728774
   9.062500	 -11.786925
   9.072266	 -14.221546
   9.082031	 -15.688420
   9.091797	 -15.982862
   9.101562	 -15.075353
   9.111328	 -13.115202
   9.121094	 -10.401141
   9.130859	  -7.324014
   9.140625	  -4.292668
   9.150391	  -1.658364
   9.160156	   0.345744
   9.169922	   1.636117
   9.179688	   2.273746
   9.189453	   2.423858
   9.199219	   2.291194
   9.208984	   2.048863
   9.218750	   1.781399
   9.228516	   1.459485
   9.238281	   0.955188
   9.248047	   0.094648
   9.257812	  -1.266731
   9.267578	  -3.169610
   9.277344	  -5.501169
   9.287109	  -7.989290
   9.296875	 -10.246855
   9.306641	 -11.857487
   9.316406	 -12.480651
   9.326172	 -11.946534
   9.335938	 -10.312205
   9.345703	  -7.860381
   9.355469	  -5.038036
   9.365234	  -2.349593
   9.375000	  -0.233171
   9.384766	   1.045849
   9.394531	   1.453980
   9.404297	   1.184694
   9.414062	   0.590981
   9.423828	   0.074996
   9.433594	  -0.033188
   9.443359	   0.427134
   9.453125	   1.401502
   9.462891	   2.638015
   9.472656	   3.761859
   9.482422	   4.383470
   9.492188	   4.207995
   9.501953	   3.114455
   9.511719	   1.183146
   9.521484	  -1.333868
   9.531250	  -4.087097
   9.541016	  -6.723801
   9.550781	  -8.972311
   9.560547	 -10.691484
   9.570312	 -11.872613
   9.580078	 -12.596978
   9.589844	 -12.966563
   9.599609	 -13.033727
   9.609375	 -12.755380
   9.619141	 -11.988682
   9.628906	 -10.531302
   9.638672	  -8.194349
   9.648438	  -4.884838
   9.658203	  -0.670651
   9.667969	   4.194694
   9.677734	   9.298559
   9.687500	  14.143100
   9.697266	  18.248485
   9.707031	  21.258326
   9.716797	  23.018800
   9.726562	  23.609629
   9.736328	  23.317752
   9.746094	  22.559780
   9.755859	  21.772797
   9.765625	  21.301339
   9.775391	  21.309256
   9.785156	  21.738674
   9.794922	  22.326188
   9.804688	  22.672065
   9.814453	  22.345083
   9.824219	  20.997068
   9.833984	  18.458964
   9.843750	  14.794942
   9.853516	  10.301185
   9.863281	   5.449196
   9.873047	   0.786653
   9.882812	  -3.181125
   9.892578	  -6.101344
   9.902344	  -7.849503
   9.912109	  -8.552575
   9.921875	  -8.553532
   9.931641	  -8.324930
   9.941406	  -8.351422
   9.951172	  -9.008799
   9.960938	 -10.468464
   9.970703	 -12.650580
   9.980469	 -15.237781
   9.990234	 -17.746730
  10.000000	 -19.640693
  10.009766	 -20.456008
  10.019531	 -19.911808
  10.029297	 -17.976471
  10.039062	 -14.875225
  10.048828	 -11.038274
  10.058594	  -7.003884
  10.068359	  -3.301923
  10.078125	  -0.347530
  10.087891	   1.629353
  10.097656	   2.603640
  10.107422	   2.723504
  10.117188	   2.241197
  10.126953	   1.429415
  10.136719	   0.508673
  10.146484	  -0.394236
  10.156250	  -1.247882
  10.166016	  -2.082526
  10.175781	  -2.937089
  10.185547	  -3.808377
  10.195312	  -4.622481
  10.205078	  -5.239813
  10.214844	  -5.492927
  10.224609	  -5.244208
  10.234375	  -4.442788
  10.244141	  -3.159314
  10.253906	  -1.583831
  10.263672	   0.015973
  10.273438	   1.365514
  10.283203	   2.261955
  10.292969	   2.635759
  10.302734	   2.574271
  10.312500	   2.297544
  10.322266	   2.091288
  10.332031	   2.215511
  10.341797	   2.815792
  10.351562	   3.864361
  10.361328	   5.150122
  10.371094	   6.322665
  10.380859	   6.979513
  10.390625	   6.773015
  10.400391	   5.507369
  10.410156	   3.198910
  10.419922	   0.083195
  10.429688	  -3.432624
  10.439453	  -6.858659
  10.449219	  -9.728131
  10.458984	 -11.692501
  10.468750	 -12.582597
  10.478516	 -12.423137
  10.488281	 -11.401435
  10.498047	  -9.803253
  10.507812	  -7.936177
  10.517578	  -6.061853
  10.527344	  -4.353213
  10.537109	  -2.883561
  10.546875	  -1.644288
  10.556641	  -0.580166
  10.566406	   0.372282
  10.576172	   1.256230
  10.585938	   2.083305
  10.595703	   2.839972
  10.605469	   3.505528
  10.615234	   4.072193
  10.625000	   4.557938
  10.634766	   5.006193
  10.644531	   5.471778
  10.654297	   5.997666
  10.664062	   6.590452
  10.673828	   7.203113
  10.683594	   7.731409
  10.693359	   8.026394
  10.703125	   7.920947
  10.712891	   7.264649
  10.722656	   5.959432
  10.732422	   3.988493
  10.742188	   1.432713
  10.751953	  -1.528629
  10.761719	  -4.633253
  10.771484	  -7.565497
  10.781250	  -9.996435
  10.791016	 -11.629523
  10.800781	 -12.245861
  10.810547	 -11.742542
  10.820312	 -10.157490
  10.830078	  -7.675051
  10.839844	  -4.608741
  10.849609	  -1.361074
  10.859375	   1.635117
  10.869141	   3.984906
  10.878906	   5.396792
  10.888672	   5.732252
  10.898438	   5.028286
  10.908203	   3.487031
  10.917969	   1.433669
  10.927734	  -0.748826
  10.937500	  -2.693934
  10.947266	  -4.118465
  10.957031	  -4.867635
  10.966797	  -4.929525
  10.976562	  -4.417938
  10.986328	  -3.530533
  10.996094	  -2.494762
  11.005859	  -1.516163
  11.015625	  -0.741389
  11.025391	  -0.242977
  11.035156	  -0.025932
  11.044922	  -0.049995
  11.054688	  -0.257739
  11.064453	  -0.598383
  11.074219	  -1.040258
  11.083984	  -1.569860
  11.093750	  -2.180593
  11.103516	  -2.857869
  11.113281	  -3.567982
  11.123047	  -4.256107
  11.132812	  -4.854717
  11.142578	  -5.299291
  11.152344	  -5.545059
  11.162109	  -5.577870
  11.171875	  -5.414342
  11.181641	  -5.090482
  11.191406	  -4.642546
  11.201172	  -4.087243
  11.210938	  -3.409348
  11.220703	  -2.562720
  11.230469	  -1.486401
  11.240234	  -0.132155
  11.250000	   1.504668
  11.259766	   3.361136
  11.269531	   5.298681
  11.279297	   7.115966
  11.289062	   8.581769
  11.298828	   9.480986
  11.308594	   9.662684
  11.318359	   9.077922
  11.328125	   7.797274
  11.337891	   6.002933
  11.347656	   3.956586
  11.357422	   1.950192
  11.367188	   0.250740
  11.376953	  -0.948799
  11.386719	  -1.562021
  11.396484	  -1.619018
  11.406250	  -1.252816
  11.416016	  -0.666479
  11.425781	  -0.088634
  11.435547	   0.273208
  11.445312	   0.272568
  11.455078	  -0.149676
  11.464844	  -0.956397
  11.474609	  -2.023241
  11.484375	  -3.163081
  11.494141	  -4.161124
  11.503906	  -4.814425
  11.513672	  -4.969120
  11.523438	  -4.549063
  11.533203	  -3.570974
  11.542969	  -2.143339
  11.552734	  -0.449100
  11.562500	   1.284873
  11.572266	   2.825957
  11.582031	   3.974384
  11.591797	   4.594923
  11.601562	   4.635718
  11.611328	   4.131217
  11.621094	   3.189668
  11.630859	   1.969084
  11.640625	   0.647854
  11.650391	  -0.603227
  11.660156	  -1.641975
  11.669922	  -2.366028
  11.679688	  -2.714567
  11.689453	  -2.663547
  11.699219	  -2.218757
  11.708984	  -1.410593
  11.718750	  -0.292504
  11.728516	   1.057573
  11.738281	   2.535763
  11.748047	   4.014810
  11.757812	   5.353801
  11.767578	   6.415848
  11.777344	   7.091207
  11.787109	   7.320380
  11.796875	   7.110341
  11.806641	   6.537764
  11.816406	   5.736193
  11.826172	   4.868457
  11.835938	   4.090210
  11.845703	   3.513605
  11.855469	   3.180775
  11.865234	   3.054613
  11.875000	   3.029820
  11.884766	   2.961606
  11.894531	   2.704516
  11.904297	   2.150972
  11.914062	   1.259340
  11.923828	   0.064363
  11.933594	  -1.332048
  11.943359	  -2.786221
  11.953125	  -4.146558
  11.962891	  -5.286241
  11.972656	  -6.126324
  11.982422	  -6.644244
  11.992188	  -6.867451
  12.001953	  -6.856224
  12.011719	  -6.682357
  12.021484	  -6.410665
  12.031250	  -6.088206
  12.041016	  -5.742684
  12.050781	  -5.387961
  12.060547	  -5.032268
  12.070312	  -4.684264
  12.080078	  -4.353711
  12.089844	  -4.046381
  12.099609	  -3.755831
  12.109375	  -3.456602
  12.119141	  -3.103420
  12.128906	  -2.639067
  12.138672	  -2.010262
  12.148438	  -1.187476
  12.158203	  -0.182267
  12.167969	   0.944478
  12.177734	   2.087875
  12.187500	   3.118457
  12.197266	   3.911640
  12.207031	   4.379542
  12.216797	   4.495956
  12.226562	   4.306591
  12.236328	   3.920534
  12.246094	   3.484196
  12.255859	   3.144231
  12.265625	   3.009402
  12.275391	   3.122032
  12.285156	   3.447245
  12.294922	   3.883321
  12.304688	   4.290522
  12.314453	   4.530545
  12.324219	   4.505680
  12.333984	   4.186820
  12.343750	   3.622625
  12.353516	   2.927403
  12.363281	   2.251189
  12.373047	   1.740355
  12.382812	   1.499549
  12.392578	   1.565165
  12.402344	   1.897161
  12.412109	   2.390932
  12.421875	   2.905449
  12.431641	   3.299694
  12.441406	   3.467490
  12.451172	   3.361686
  12.460938	   3.001878
  12.470703	   2.464535
  12.480469	   1.859075
  12.490234	   1.297021
  12.500000	   0.862806
  12.509766	   0.593868
  12.519531	   0.474830
  12.529297	   0.446497
  12.539062	   0.426467
  12.548828	   0.335209
  12.558594	   0.120335
  12.568359	  -0.227331
  12.578125	  -0.669822
  12.587891	  -1.130732
  12.597656	  -1.513745
  12.607422	  -1.725749
  12.617188	  -1.698394
  12.626953	  -1.402743
  12.636719	  -0.853791
  12.646484	  -0.104512
  12.656250	   0.768152
  12.666016	   1.680986
  12.675781	   2.560922
  12.685547	   3.356017
  12.695312	   4.038787
  12.705078	   4.602122
  12.714844	   5.050225
  12.724609	   5.388378
  12.734375	   5.615391
  12.744141	   5.721438
  12.753906	   5.691944
  12.763672	   5.515939
  12.773438	   5.195603
  12.783203	   4.753039
  12.792969	   4.231064
  12.802734	   3.686620
  12.812500	   3.177896
  12.822266	   2.748539
  12.832031	   2.413740
  12.841797	   2.152925
  12.851562	   1.912285
  12.861328	   1.617650
  12.871094	   1.195168
  12.880859	   0.594687
  12.890625	  -0.190559
  12.900391	  -1.113822
  12.910156	  -2.077959
  12.919922	  -2.952104
  12.929688	  -3.598557
  12.939453	  -3.903708
  12.949219	  -3.805437
  12.958984	  -3.310096
  12.968750	  -2.494635
  12.978516	  -1.493043
  12.988281	  -0.470117
  12.998047	   0.411349
  13.007812	   1.022446
  13.017578	   1.291966
  13.027344	   1.217228
  13.037109	   0.860225
  13.046875	   0.330871
  13.056641	  -0.238053
  13.066406	  -0.718208
  13.076172	  -1.009299
  13.085938	  -1.054523
  13.095703	  -0.845755
  13.105469	  -0.418955
  13.115234	   0.157726
  13.125000	   0.799480
  13.134766	   1.420338
  13.144531	   1.945738
  13.154297	   2.320656
  13.164062	   2.513141
  13.173828	   2.514153
  13.183594	   2.335081
  13.193359	   2.004211
  13.203125	   1.562960
  13.212891	   1.062075
  13.222656	   0.557542
  13.232422	   0.105853
  13.242188	  -0.241553
  13.251953	  -0.444317
  13.261719	  -0.478846
  13.271484	  -0.342422
  13.281250	  -0.054549
  13.291016	   0.345333
  13.300781	   0.803865
  13.310547	   1.262755
  13.320312	   1.669136
  13.330078	   1.985161
  13.339844	   2.194637
  13.349609	   2.304985
  13.359375	   2.343754
  13.369141	   2.350180
  13.378906	   2.363515
  13.388672	   2.410812
  13.398438	   2.497228
  13.408203	   2.601549
  13.417969	   2.678576
  13.427734	   2.668403
  13.437500	   2.510886
  13.447266	   2.162066
  13.457031	   1.608556
  13.466797	   0.876018
  13.476562	   0.029069
  13.486328	  -0.838092
  13.496094	  -1.618750
  13.505859	  -2.214760
  13.515625	  -2.556775
  13.525391	  -2.618698
  13.535156	  -2.422675
  13.544922	  -2.033232
  13.554688	  -1.541852
  13.564453	  -1.045733
  13.574219	  -0.625960
  13.583984	  -0.330470
  13.593750	  -0.165900
  13.603516	  -0.100027
  13.613281	  -0.073735
  13.623047	  -0.018990
  13.632812	   0.122144
  13.642578	   0.382416
  13.652344	   0.761879
  13.662109	   1.229354
  13.671875	   1.731683
  13.681641	   2.207600
  13.691406	   2.601984
  13.701172	   2.876621
  13.710938	   3.014928
  13.720703	   3.020201
  13.730469	   2.908906
  13.740234	   2.701905
  13.750000	   2.416861
  13.759766	   2.064304
  13.769531	   1.648404
  13.779297	   1.171733
  13.789062	   0.641939
  13.798828	   0.077620
  13.808594	  -0.489023
  13.818359	  -1.014083
  13.828125	  -1.448258
  13.837891	  -1.746048
  13.847656	  -1.875439
  13.857422	  -1.825542
  13.867188	  -1.610230
  13.876953	  -1.266938
  13.886719	  -0.850970
  13.896484	  -0.426652
  13.906250	  -0.057223
  13.916016	   0.204643
  13.925781	   0.324178
  13.935547	   0.288815
  13.945312	   0.109107
  13.955078	  -0.183603
  13.964844	  -0.542325
  13.974609	  -0.911774
  13.984375	  -1.237109
  13.994141	  -1.472974
  14.003906	  -1.591515
  14.013672	  -1.587851
  14.023438	  -1.481625
  14.033203	  -1.313773
  14.042969	  -1.138583
  14.052734	  -1.012262
  14.062500	  -0.980323
  14.072266	  -1.066705
  14.082031	  -1.267478
  14.091797	  -1.551025
  14.101562	  -1.865043
  14.111328	  -2.148846
  14.121094	  -2.347915
  14.130859	  -2.426853
  14.140625	  -2.377229
  14.150391	  -2.218100
  14.160156	  -1.989101
  14.169922	  -1.738090
  14.179688	  -1.506954
  14.189453	  -1.319700
  14.199219	  -1.176267
  14.208984	  -1.053748
  14.218750	  -0.914471
  14.228516	  -0.718360
  14.238281	  -0.435726
  14.248047	  -0.056690
  14.257812	   0.405462
  14.267578	   0.917682
  14.277344	   1.435921
  14.287109	   1.916247
  14.296875	   2.324785
  14.306641	   2.643502
  14.316406	   2.870452
  14.326172	   3.014991
  14.335938	   3.090121
  14.345703	   3.105007
  14.355469	   3.060430
  14.365234	   2.948778
  14.375000	   2.758466
  14.384766	   2.481006
  14.394531	   2.118018
  14.404297	   1.685422
  14.414062	   1.213034
  14.423828	   0.739386
  14.433594	   0.303231
  14.443359	  -0.065628
  14.453125	  -0.353254
  14.462891	  -0.564045
  14.472656	  -0.717920
  14.482422	  -0.843131
  14.492188	  -0.966905
  14.501953	  -1.106800
  14.511719	  -1.265310
  14.521484	  -1.429201
  14.531250	  -1.573540
  14.541016	  -1.668984
  14.550781	  -1.690019
  14.560547	  -1.621734
  14.570312	  -1.463368
  14.580078	  -1.227996
  14.589844	  -0.938935
  14.599609	  -0.624313
  14.609375	  -0.311623
  14.619141	  -0.023719
  14.628906	   0.222942
  14.638672	   0.417933
  14.648438	   0.555161
  14.658203	   0.630921
  14.667969	   0.642697
  14.677734	   0.589169
  14.687500	   0.471359
  14.697266	   0.294340
  14.707031	   0.068749
  14.716797	  -0.188553
  14.726562	  -0.455029
  14.736328	  -0.704183
  14.746094	  -0.908143
  14.755859	  -1.040702
  14.765625	  -1.080444
  14.775391	  -1.013720
  14.785156	  -0.837279
  14.794922	  -0.560307
  14.804688	  -0.205458
  14.814453	   0.191698
  14.824219	   0.585386
  14.833984	   0.924800
  14.843750	   1.161423
  14.853516	   1.257473
  14.863281	   1.193715
  14.873047	   0.974601
  14.882812	   0.628960
  14.892578	   0.205343
  14.902344	  -0.237478
  14.912109	  -0.642939
  14.921875	  -0.969056
  14.931641	  -1.197448
  14.941406	  -1.336421
  14.951172	  -1.417034
  14.960938	  -1.483053
  14.970703	  -1.577503
  14.980469	  -1.729653
  14.990234	  -1.946216
  15.000000	  -2.209357
  15.009766	  -2.482098
  15.019531	  -2.719421
  15.029297	  -2.881626
  15.039062	  -2.945806
  15.048828	  -2.911878
  15.058594	  -2.801373
  15.068359	  -2.649475
  15.078125	  -2.492987
  15.087891	  -2.358153
  15.097656	  -2.252320
  15.107422	  -2.162098
  15.117188	  -2.058554
  15.126953	  -1.907669
  15.136719	  -1.682587
  15.146484	  -1.373623
  15.156250	  -0.992826
  15.166016	  -0.571685
  15.175781	  -0.152858
  15.185547	   0.221268
  15.195312	   0.519442
  15.205078	   0.728380
  15.214844	   0.853598
  15.224609	   0.914354
  15.234375	   0.934790
  15.244141	   0.934579
  15.253906	   0.922413
  15.263672	   0.894533
  15.273438	   0.838614
  15.283203	   0.741359
  15.292969	   0.596816
  15.302734	   0.412140
  15.312500	   0.208460
  15.322266	   0.016241
  15.332031	  -0.133456
  15.341797	  -0.218908
  15.351562	  -0.235408
  15.361328	  -0.197911
  15.371094	  -0.137514
  15.380859	  -0.092663
  15.390625	  -0.097782
  15.400391	  -0.172866
  15.410156	  -0.317334
  15.419922	  -0.510049
  15.429688	  -0.715443
  15.439453	  -0.893774
  15.449219	  -1.012263
  15.458984	  -1.053700
  15.468750	  -1.020037
  15.478516	  -0.930152
  15.488281	  -0.812849
  15.498047	  -0.697614
  15.507812	  -0.606170
  15.517578	  -0.547425
  15.527344	  -0.517119
  15.537109	  -0.501842
  15.546875	  -0.485698
  15.556641	  -0.457128
  15.566406	  -0.413566
  15.576172	  -0.362492
  15.585938	  -0.318774
  15.595703	  -0.299451
  15.605469	  -0.317856
  15.615234	  -0.379075
  15.625000	  -0.478074
  15.634766	  -0.600856
  15.644531	  -0.727943
  15.654297	  -0.838830
  15.664062	  -0.915926
  15.673828	  -0.946925
  15.683594	  -0.925315
  15.693359	  -0.849486
  15.703125	  -0.721371
  15.712891	  -0.545559
  15.722656	  -0.329401
  15.732422	  -0.083964
  15.742188	   0.174875
  15.751953	   0.426194
  15.761719	   0.645432
  15.771484	   0.807645
  15.781250	   0.892053
  15.791016	   0.886689
  15.800781	   0.791709
  15.810547	   0.620180
  15.820312	   0.395881
  15.830078	   0.148552
  15.839844	  -0.092178
  15.849609	  -0.302521
  15.859375	  -0.468431
  15.869141	  -0.586759
  15.878906	  -0.663653
  15.888672	  -0.711048
  15.898438	  -0.742543
  15.908203	  -0.770015
  15.917969	  -0.801818
  15.927734	  -0.842710
  15.937500	  -0.894928
  15.947266	  -0.959448
  15.957031	  -1.036506
  15.966797	  -1.124931
  15.976562	  -1.220536
  15.986328	  -1.314410
  15.996094	  -1.392238
  16.005859	  -1.435525
  16.015625	  -1.424970
  16.025391	  -1.345373
  16.035156	  -1.190699
  16.044922	  -0.967642
  16.054688	  -0.696271
  16.064453	  -0.407160
  16.074219	  -0.135482
  16.083984	   0.086447
  16.093750	   0.236116
  16.103516	   0.305278
  16.113281	   0.300689
  16.123047	   0.241006
  16.132812	   0.150937
  16.142578	   0.054508
  16.152344	  -0.030455
  16.162109	  -0.095094
  16.171875	  -0.138989
  16.181641	  -0.166926
  16.191406	  -0.184505
  16.201172	  -0.194385
  16.210938	  -0.194643
  16.220703	  -0.179826
  16.230469	  -0.144148
  16.240234	  -0.085451
  16.250000	  -0.008153
  16.259766	   0.076231
  16.269531	   0.151519
  16.279297	   0.201651
  16.289062	   0.216240
  16.298828	   0.194916
  16.308594	   0.148737
  16.318359	   0.097900
  16.328125	   0.066214
  16.337891	   0.073956
  16.347656	   0.131370
  16.357422	   0.234951
  16.367188	   0.367821
  16.376953	   0.504214
  16.386719	   0.616739
  16.396484	   0.684199
  16.406250	   0.697543
  16.416016	   0.662112
  16.425781	   0.595535
  16.435547	   0.521992
  16.445312	   0.464674
  16.455078	   0.438797
  16.464844	   0.447237
  16.474609	   0.479997
  16.484375	   0.517440
  16.494141	   0.536118
  16.503906	   0.515292
  16.513672	   0.442227
  16.523438	   0.314876
  16.533203	   0.141529
  16.542969	  -0.062001
  16.552734	  -0.276448
  16.562500	  -0.482980
  16.572266	  -0.665849
  16.582031	  -0.813370
  16.591797	  -0.917553
  16.601562	  -0.973167
  16.611328	  -0.977116
  16.621094	  -0.928674
  16.630859	  -0.830550
  16.640625	  -0.690218
  16.650391	  -0.520586
  16.660156	  -0.339253
  16.669922	  -0.166006
  16.679688	  -0.018971
  16.689453	   0.089589
  16.699219	   0.156502
  16.708984	   0.188730
  16.718750	   0.201673
  16.728516	   0.214965
  16.738281	   0.246862
  16.748047	   0.308814
  16.757812	   0.401816
  16.767578	   0.515648
  16.777344	   0.631233
  16.787109	   0.725416
  16.796875	   0.776776
  16.806641	   0.770812
  16.816406	   0.703130
  16.826172	   0.579925
  16.835938	   0.415900
  16.845703	   0.230492
  16.855469	   0.043650
  16.865234	  -0.127621
  16.875000	  -0.271214
  16.884766	  -0.380204
  16.894531	  -0.451909
  16.904297	  -0.486475
  16.914062	  -0.485715
  16.923828	  -0.452634
  16.933594	  -0.391607
  16.943359	  -0.308832
  16.953125	  -0.212500
  16.962891	  -0.112263
  16.972656	  -0.017940
  16.982422	   0.062211
  16.992188	   0.123019
  17.001953	   0.163115
  17.011719	   0.184442
  17.021484	   0.190680
  17.031250	   0.185142
  17.041016	   0.168997
  17.050781	   0.140592
  17.060547	   0.096314
  17.070312	   0.032766
  17.080078	  -0.050475
  17.089844	  -0.148663
  17.099609	  -0.251265
  17.109375	  -0.343482
  17.119141	  -0.409733
  17.128906	  -0.438102
  17.138672	  -0.424345
  17.148438	  -0.373953
  17.158203	  -0.301361
  17.167969	  -0.226231
  17.177734	  -0.167755
  17.187500	  -0.138655
  17.197266	  -0.140791
  17.207031	  -0.163876
  17.216797	  -0.187901
  17.226562	  -0.188683
  17.236328	  -0.144965
  17.246094	  -0.044928
  17.255859	   0.109870
  17.265625	   0.304372
  17.275391	   0.513770
  17.285156	   0.710008
  17.294922	   0.869063
  17.304688	   0.976856
  17.314453	   1.032069
  17.324219	   1.045173
  17.333984	   1.034155
  17.343750	   1.018393
  17.353516	   1.012651
  17.363281	   1.022998
  17.373047	   1.045748
  17.382812	   1.069500
  17.392578	   1.079387
  17.402344	   1.062014
  17.412109	   1.009505
  17.421875	   0.921478
  17.431641	   0.804595
  17.441406	   0.670119
  17.451172	   0.530534
  17.460938	   0.396459
  17.470703	   0.274812
  17.480469	   0.168613
  17.490234	   0.078179
  17.500000	   0.002933
  17.509766	  -0.057041
  17.519531	  -0.100407
  17.529297	  -0.125150
  17.539062	  -0.130004
  17.548828	  -0.116036
  17.558594	  -0.087618
  17.568359	  -0.052226
  17.578125	  -0.019007
  17.587891	   0.003485
  17.597656	   0.009618
  17.607422	  -0.001717
  17.617188	  -0.026824
  17.626953	  -0.058309
  17.636719	  -0.087229
  17.646484	  -0.105540
  17.656250	  -0.108073
  17.666016	  -0.093470
  17.675781	  -0.063927
  17.685547	  -0.024030
  17.695312	   0.020738
  17.705078	   0.065217
  17.714844	   0.105104
  17.724609	   0.136787
  17.734375	   0.156829
  17.744141	   0.161614
  17.753906	   0.147654
  17.763672	   0.112684
  17.773438	   0.057300
  17.783203	  -0.013530
  17.792969	  -0.089849
  17.802734	  -0.157589
  17.812500	  -0.201082
  17.822266	  -0.206711
  17.832031	  -0.166730
  17.841797	  -0.082030
  17.851562	   0.037166
  17.861328	   0.173125
  17.871094	   0.304606
  17.880859	   0.411993
  17.890625	   0.482040
  17.900391	   0.510793
  17.910156	   0.503761
  17.919922	   0.473278
  17.929688	   0.433869
  17.939453	   0.397145
  17.949219	   0.367856
  17.958984	   0.342425
  17.968750	   0.310455
  17.978516	   0.258711
  17.988281	   0.176283
  17.998047	   0.059231
  18.007812	  -0.086858
  18.017578	  -0.247260
  18.027344	  -0.401403
  18.037109	  -0.528045
  18.046875	  -0.610759
  18.056641	  -0.642056
  18.066406	  -0.624934
  18.076172	  -0.571458
  18.085938	  -0.498909
  18.095703	  -0.424750
  18.105469	  -0.361948
  18.115234	  -0.315992
  18.125000	  -0.284341
  18.134766	  -0.258235
  18.144531	  -0.226113
  18.154297	  -0.177457
  18.164062	  -0.105920
  18.173828	  -0.010914
  18.183594	   0.102555
  18.193359	   0.225453
  18.203125	   0.347007
  18.212891	   0.456903
  18.222656	   0.546840
  18.232422	   0.611225
  18.242188	   0.647143
  18.251953	   0.653997
  18.261719	   0.633160
  18.271484	   0.587847
  18.281250	   0.523134
  18.291016	   0.445856
  18.300781	   0.364098
  18.310547	   0.286109
  18.320312	   0.218804
  18.330078	   0.166238
  18.339844	   0.128646
  18.349609	   0.102502
  18.359375	   0.081785
  18.369141	   0.060178
  18.378906	   0.033546
  18.388672	   0.001827
  18.398438	  -0.030420
  18.408203	  -0.055151
  18.417969	  -0.063452
  18.427734	  -0.048828
  18.437500	  -0.010077
  18.447266	   0.047303
  18.457031	   0.111822
  18.466797	   0.168763
  18.476562	   0.204249
  18.486328	   0.209373
  18.496094	   0.183037
  18.505859	   0.132535
  18.515625	   0.071594
  18.525391	   0.016427
  18.535156	  -0.018995
  18.544922	  -0.026960
  18.554688	  -0.008067
  18.564453	   0.029338
  18.574219	   0.072102
  18.583984	   0.106602
  18.593750	   0.123024
  18.603516	   0.118207
  18.613281	   0.096168
  18.623047	   0.066220
  18.632812	   0.039418
  18.642578	   0.024617
  18.652344	   0.025503
  18.662109	   0.039607
  18.671875	   0.059573
  18.681641	   0.076168
  18.691406	   0.081907
  18.701172	   0.073991
  18.710938	   0.055488
  18.720703	   0.034360
  18.730469	   0.020676
  18.740234	   0.023005
  18.750000	   0.045253
  18.759766	   0.085057
  18.769531	   0.134265
  18.779297	   0.181349
  18.789062	   0.214903
  18.798828	   0.227040
  18.808594	   0.215576
  18.818359	   0.184318
  18.828125	   0.141452
  18.837891	   0.096677
  18.847656	   0.058087
  18.857422	   0.029887
  18.867188	   0.011638
  18.876953	  -0.000842
  18.886719	  -0.013351
  18.896484	  -0.030821
  18.906250	  -0.055400
  18.916016	  -0.085729
  18.925781	  -0.117625
  18.935547	  -0.145771
  18.945312	  -0.165742
  18.955078	  -0.175563
  18.964844	  -0.176249
  18.974609	  -0.171195
  18.984375	  -0.164746
  18.994141	  -0.160568
  19.003906	  -0.160492
  19.013672	  -0.164278
  19.023438	  -0.170333
  19.033203	  -0.177008
  19.042969	  -0.183858
  19.052734	  -0.192255
  19.062500	  -0.205004
  19.072266	  -0.225067
  19.082031	  -0.253886
  19.091797	  -0.290024
  19.101562	  -0.328801
  19.111328	  -0.363221
  19.121094	  -0.386038
  19.130859	  -0.392282
  19.140625	  -0.381349
  19.150391	  -0.357825
  19.160156	  -0.330570
  19.169922	  -0.310243
  19.179688	  -0.305952
  19.189453	  -0.322132
  19.199219	  -0.356705
  19.208984	  -0.401217
  19.218750	  -0.442997
  19.228516	  -0.468725
  19.238281	  -0.468273
  19.248047	  -0.437618
  19.257812	  -0.379885
  19.267578	  -0.304202
  19.277344	  -0.222781
  19.287109	  -0.147216
  19.296875	  -0.085206
  19.306641	  -0.038788
  19.316406	  -0.004564
  19.326172	   0.024231
  19.335938	   0.054650
  19.345703	   0.091053
  19.355469	   0.133291
  19.365234	   0.176672
  19.375000	   0.213657
  19.384766	   0.236649
  19.394531	   0.240835
  19.404297	   0.226055
  19.414062	   0.197048
  19.423828	   0.161995
  19.433594	   0.129916
  19.443359	   0.107840
  19.453125	   0.098746
  19.462891	   0.100940
  19.472656	   0.109040
  19.482422	   0.116112
  19.492188	   0.116144
  19.501953	   0.105949
  19.511719	   0.085844
  19.521484	   0.058944
  19.531250	   0.029441
  19.541016	   0.000631
  19.550781	  -0.026497
  19.560547	  -0.053514
  19.570312	  -0.083545
  19.580078	  -0.119417
  19.589844	  -0.161728
  19.599609	  -0.207676
  19.609375	  -0.251220
  19.619141	  -0.284646
  19.628906	  -0.301041
  19.638672	  -0.296829
  19.648438	  -0.273401
  19.658203	  -0.237190
  19.667969	  -0.198026
  19.677734	  -0.166272
  19.687500	  -0.149642
  19.697266	  -0.150796
  19.707031	  -0.166522
  19.716797	  -0.188827
  19.726562	  -0.207561
  19.736328	  -0.213722
  19.746094	  -0.202308
  19.755859	  -0.173784
  19.765625	  -0.133697
  19.775391	  -0.090622
  19.785156	  -0.053214
  19.794922	  -0.027403
  19.804688	  -0.014722
  19.814453	  -0.012308
  19.824219	  -0.014510
  19.833984	  -0.015443
  19.843750	  -0.011517
  19.853516	  -0.002964
  19.863281	   0.006206
  19.873047	   0.009814
  19.882812	   0.002083
  19.892578	  -0.019789
  19.902344	  -0.054030
  19.912109	  -0.094308
  19.921875	  -0.131397
  19.931641	  -0.155957
  19.941406	  -0.161472
  19.951172	  -0.146311
  19.960938	  -0.114205
  19.970703	  -0.072973
  19.980469	  -0.031941
  19.990234	   0.001029
  20.000000	   0.021881
  20.009766	   0.031282
  20.019531	   0.033837
  20.029297	   0.035937
  20.039062	   0.043049
  20.048828	   0.057440
  20.058594	   0.077149
  20.068359	   0.096558
  20.078125	   0.108325
  20.087891	   0.105978
  20.097656	   0.086208
  20.107422	   0.050082
  20.117188	   0.002753
  20.126953	  -0.048172
  20.136719	  -0.094977
  20.146484	  -0.132059
  20.156250	  -0.157223
  20.166016	  -0.171687
  20.175781	  -0.178868
  20.185547	  -0.182528
  20.195312	  -0.185044
  20.205078	  -0.186500
  20.214844	  -0.184947
  20.224609	  -0.177682
  20.234375	  -0.162982
  20.244141	  -0.141519
  20.253906	  -0.116798
  20.263672	  -0.094338
  20.273438	  -0.079815
  20.283203	  -0.076834
  20.292969	  -0.085216
  20.302734	  -0.100510
  20.312500	  -0.115075
  20.322266	  -0.120468
  20.332031	  -0.110370
  20.341797	  -0.083046
  20.351562	  -0.042408
  20.361328	   0.002765
  20.371094	   0.041317
  20.380859	   0.063137
  20.390625	   0.062390
  20.400391	   0.039482
  20.410156	   0.001052
  20.419922	  -0.042036
  20.429688	  -0.078060
  20.439453	  -0.098069
  20.449219	  -0.098568
  20.458984	  -0.082380
  20.468750	  -0.057432
  20.478516	  -0.033899
  20.488281	  -0.020693
  20.498047	  -0.022511
  20.507812	  -0.038392
  20.517578	  -0.062265
  20.527344	  -0.085212
  20.537109	  -0.098635
  20.546875	  -0.097203
  20.556641	  -0.080570
  20.566406	  -0.053314
  20.576172	  -0.023164
  20.585938	   0.001785
  20.595703	   0.015886
  20.605469	   0.017782
  20.615234	   0.010663
  20.625000	   0.000915
  20.634766	  -0.004321
  20.644531	   0.000235
  20.654297	   0.016130
  20.664062	   0.040682
  20.673828	   0.067979
  20.683594	   0.090947
  20.693359	   0.103711
  20.703125	   0.103392
  20.712891	   0.090755
  20.722656	   0.069546
  20.732422	   0.044869
  20.742188	   0.021283
  20.751953	   0.001363
  20.761719	  -0.014747
  20.771484	  -0.028672
  20.781250	  -0.042403
  20.791016	  -0.056765
  20.800781	  -0.070460
  20.810547	  -0.080140
  20.820312	  -0.081525
  20.830078	  -0.071158
  20.839844	  -0.048102
  20.849609	  -0.014848
  20.859375	   0.023009
  20.869141	   0.058310
  20.878906	   0.084618
  20.888672	   0.098430
  20.898438	   0.100491
  20.908203	   0.095677
  20.917969	   0.091394
  20.927734	   0.094997
  20.937500	   0.111105
  20.947266	   0.139756
  20.957031	   0.176086
  20.966797	   0.211687
  20.976562	   0.237219
  20.986328	   0.245397
  20.996094	   0.233319
  21.005859	   0.203331
  21.015625	   0.162134
  21.025391	   0.118420
  21.035156	   0.079906
  21.044922	   0.050777
  21.054688	   0.030474
  21.064453	   0.014236
  21.074219	  -0.004781
  21.083984	  -0.032580
  21.093750	  -0.071634
  21.103516	  -0.119409
  21.113281	  -0.168665
  21.123047	  -0.209464
  21.132812	  -0.232222
  21.142578	  -0.230787
  21.152344	  -0.204485
  21.162109	  -0.158466
  21.171875	  -0.102231
  21.181641	  -0.046864
  21.191406	  -0.001903
  21.201172	   0.027117
  21.210938	   0.039678
  21.220703	   0.039598
  21.230469	   0.033017
  21.240234	   0.025833
  21.250000	   0.021538
  21.259766	   0.020228
  21.269531	   0.019066
  21.279297	   0.013974
  21.289062	   0.001827
  21.298828	  -0.017694
  21.308594	  -0.041342
  21.318359	  -0.062942
  21.328125	  -0.075217
  21.337891	  -0.072165
  21.347656	  -0.051121
  21.357422	  -0.013781
  21.367188	   0.034197
  21.376953	   0.084847
  21.386719	   0.130257
  21.396484	   0.164803
  21.406250	   0.186537
  21.416016	   0.197288
  21.425781	   0.201555
  21.435547	   0.204630
  21.445312	   0.210688
  21.455078	   0.221498
  21.464844	   0.236163
  21.474609	   0.251866
  21.484375	   0.265232
  21.494141	   0.273696
  21.503906	   0.276324
  21.513672	   0.273789
  21.523438	   0.267566
  21.533203	   0.258787
  21.542969	   0.247315
  21.552734	   0.231531
  21.562500	   0.209014
  21.572266	   0.177906
  21.582031	   0.138417
  21.591797	   0.093789
  21.601562	   0.050205
  21.611328	   0.015458
  21.621094	  -0.003270
  21.630859	  -0.001835
  21.640625	   0.019111
  21.650391	   0.053742
  21.660156	   0.092337
  21.669922	   0.123918
  21.679688	   0.139462
  21.689453	   0.134647
  21.699219	   0.111195
  21.708984	   0.076307
  21.718750	   0.040324
  21.728516	   0.013343
  21.738281	   0.001904
  21.748047	   0.006854
  21.757812	   0.023110
  21.767578	   0.041432
  21.777344	   0.051602
  21.787109	   0.045966
  21.796875	   0.022110
  21.806641	  -0.016203
  21.816406	  -0.060178
  21.826172	  -0.098819
  21.835938	  -0.122480
  21.845703	  -0.125953
  21.855469	  -0.110046
  21.865234	  -0.081155
  21.875000	  -0.049004
  21.884766	  -0.023346
  21.894531	  -0.010768
  21.904297	  -0.012674
  21.914062	  -0.025089
  21.923828	  -0.040309
  21.933594	  -0.049760
  21.943359	  -0.047055
  21.953125	  -0.030186
  21.962891	  -0.002116
  21.972656	   0.030378
  21.982422	   0.059155
  21.992188	   0.077554
  22.001953	   0.082631
  22.011719	   0.076009
  22.021484	   0.063103
  22.031250	   0.051030
  22.041016	   0.045978
  22.050781	   0.050982
  22.060547	   0.064875
  22.070312	   0.082745
  22.080078	   0.097705
  22.089844	   0.103311
  22.099609	   0.095779
  22.109375	   0.075257
  22.119141	   0.045746
  22.128906	   0.013780
  22.138672	  -0.013623
  22.148438	  -0.031005
  22.158203	  -0.035826
  22.167969	  -0.028750
  22.177734	  -0.012890
  22.187500	   0.007577
  22.197266	   0.028848
  22.207031	   0.048415
  22.216797	   0.065194
  22.226562	   0.078934
  22.236328	   0.089278
  22.246094	   0.095003
  22.255859	   0.093883
  22.265625	   0.083310
  22.275391	   0.061501
  22.285156	   0.028786
  22.294922	  -0.011601
  22.304688	  -0.053670
  22.314453	  -0.089871
  22.324219	  -0.113048
  22.333984	  -0.118538
  22.343750	  -0.105671
  22.353516	  -0.078129
  22.363281	  -0.042949
  22.373047	  -0.008451
  22.382812	   0.018246
  22.392578	   0.033287
  22.402344	   0.037040
  22.412109	   0.033601
  22.421875	   0.029045
  22.431641	   0.029029
  22.441406	   0.036615
  22.451172	   0.051079
  22.460938	   0.068152
  22.470703	   0.081605
  22.480469	   0.085608
  22.490234	   0.077020
  22.500000	   0.056763
  22.509766	   0.029771
  22.519531	   0.003494
  22.529297	  -0.014534
  22.539062	  -0.019222
  22.548828	  -0.009650
  22.558594	   0.010608
  22.568359	   0.034694
  22.578125	   0.054792
  22.587891	   0.064755
  22.597656	   0.062129
  22.607422	   0.048865
  22.617188	   0.030483
  22.626953	   0.014002
  22.636719	   0.005361
  22.646484	   0.007265
  22.656250	   0.018190
  22.666016	   0.032913
  22.675781	   0.044356
  22.685547	   0.046110
  22.695312	   0.034750
  22.705078	   0.011142
  22.714844	  -0.019687
  22.724609	  -0.050052
  22.734375	  -0.071960
  22.744141	  -0.079492
  22.753906	  -0.070437
  22.763672	  -0.046678
  22.773438	  -0.013282
  22.783203	   0.023316
  22.792969	   0.057333
  22.802734	   0.085179
  22.812500	   0.106023
  22.822266	   0.121304
  22.832031	   0.133491
  22.841797	   0.144658
  22.851562	   0.155484
  22.861328	   0.165046
  22.871094	   0.171470
  22.880859	   0.173107
  22.890625	   0.169685
  22.900391	   0.162923
  22.910156	   0.156256
  22.919922	   0.153731
  22.929688	   0.158449
  22.939453	   0.171166
  22.949219	   0.189622
  22.958984	   0.208927
  22.968750	   0.222948
  22.978516	   0.226251
  22.988281	   0.215917
  22.998047	   0.192592
  23.007812	   0.160342
  23.017578	   0.125365
  23.027344	   0.093969
  23.037109	   0.070539
  23.046875	   0.056219
  23.056641	   0.048769
  23.066406	   0.043653
  23.076172	   0.035946
  23.085938	   0.022352
  23.095703	   0.002571
  23.105469	  -0.020509
  23.115234	  -0.041897
  23.125000	  -0.056456
  23.134766	  -0.061030
  23.144531	  -0.055905
  23.154297	  -0.045038
  23.164062	  -0.034882
  23.173828	  -0.032195
  23.183594	  -0.041580
  23.193359	  -0.063647
  23.203125	  -0.094497
  23.212891	  -0.126780
  23.222656	  -0.152018
  23.232422	  -0.163418
  23.242188	  -0.158237
  23.251953	  -0.138825
  23.261719	  -0.111982
  23.271484	  -0.086791
  23.281250	  -0.071630
  23.291016	  -0.071383
  23.300781	  -0.085770
  23.310547	  -0.109400
  23.320312	  -0.133506
  23.330078	  -0.148818
  23.339844	  -0.148588
  23.349609	  -0.130773
  23.359375	  -0.098662
  23.369141	  -0.059763
  23.378906	  -0.023348
  23.388672	   0.002483
  23.398438	   0.013264
  23.408203	   0.009320
  23.417969	  -0.004680
  23.427734	  -0.021564
  23.437500	  -0.034209
  23.447266	  -0.037896
  23.457031	  -0.031694
  23.466797	  -0.018440
  23.476562	  -0.003422
  23.486328	   0.007708
  23.496094	   0.011006
  23.505859	   0.005560
  23.515625	  -0.006362
  23.525391	  -0.020332
  23.535156	  -0.031500
  23.544922	  -0.036403
  23.554688	  -0.034146
  23.564453	  -0.026575
  23.574219	  -0.017420
  23.583984	  -0.010765
  23.593750	  -0.009475
  23.603516	  -0.014157
  23.613281	  -0.023044
  23.623047	  -0.032813
  23.632812	  -0.039991
  23.642578	  -0.042395
  23.652344	  -0.040033
  23.662109	  -0.035140
  23.671875	  -0.031317
  23.681641	  -0.032138
  23.691406	  -0.039743
  23.701172	  -0.053972
  23.710938	  -0.072354
  23.720703	  -0.090973
  23.730469	  -0.105839
  23.740234	  -0.114268
  23.750000	  -0.115713
  23.759766	  -0.111749
  23.769531	  -0.105210
  23.779297	  -0.098839
  23.789062	  -0.093986
  23.798828	  -0.089888
  23.808594	  -0.083837
  23.818359	  -0.072218
  23.828125	  -0.052039
  23.837891	  -0.022375
  23.847656	   0.014840
  23.857422	   0.055014
  23.867188	   0.092067
  23.876953	   0.120193
  23.886719	   0.135602
  23.896484	   0.137617
  23.906250	   0.128732
  23.916016	   0.113613
  23.925781	   0.097399
  23.935547	   0.083917
  23.945312	   0.074479
  23.955078	   0.067676
  23.964844	   0.060246
  23.974609	   0.048671
  23.984375	   0.030887
  23.994141	   0.007421
  24.003906	  -0.018489
  24.013672	  -0.041901
  24.023438	  -0.057942
  24.033203	  -0.063706
  24.042969	  -0.059552
  24.052734	  -0.049268
  24.062500	  -0.038978
  24.072266	  -0.035117
  24.082031	  -0.042166
  24.091797	  -0.060956
  24.101562	  -0.088161
  24.111328	  -0.117224
  24.121094	  -0.140429
  24.130859	  -0.151447
  24.140625	  -0.147471
  24.150391	  -0.130206
  24.160156	  -0.105346
  24.169922	  -0.080701
  24.179688	  -0.063600
  24.189453	  -0.058462
  24.199219	  -0.065357
  24.208984	  -0.080064
  24.218750	  -0.095578
  24.228516	  -0.104569
  24.238281	  -0.101910
  24.248047	  -0.086425
  24.257812	  -0.061248
  24.267578	  -0.032698
  24.277344	  -0.008066
  24.287109	   0.006895
  24.296875	   0.009908
  24.306641	   0.002878
  24.316406	  -0.008859
  24.326172	  -0.018455
  24.335938	  -0.019945
  24.345703	  -0.010277
  24.355469	   0.009704
  24.365234	   0.035646
  24.375000	   0.061263
  24.384766	   0.080510
  24.394531	   0.089576
  24.404297	   0.088014
  24.414062	   0.078636
  24.423828	   0.066271
  24.433594	   0.055868
  24.443359	   0.050663
  24.453125	   0.051057
  24.462891	   0.054600
  24.472656	   0.057028
  24.482422	   0.053957
  24.492188	   0.042575
  24.501953	   0.022717
  24.511719	  -0.003050
  24.521484	  -0.030338
  24.531250	  -0.054473
  24.541016	  -0.072067
  24.550781	  -0.082053
  24.560547	  -0.085810
  24.570312	  -0.086377
  24.580078	  -0.087099
  24.589844	  -0.090233
  24.599609	  -0.096074
  24.609375	  -0.102924
  24.619141	  -0.107897
  24.628906	  -0.108226
  24.638672	  -0.102531
  24.648438	  -0.091526
  24.658203	  -0.077858
  24.667969	  -0.065117
  24.677734	  -0.056391
  24.687500	  -0.052918
  24.697266	  -0.053412
  24.707031	  -0.054352
  24.716797	  -0.051193
  24.726562	  -0.040098
  24.736328	  -0.019555
  24.746094	   0.008739
  24.755859	   0.040090
  24.765625	   0.068120
  24.775391	   0.086743
  24.785156	   0.092157
  24.794922	   0.084129
  24.804688	   0.066131
  24.814453	   0.044224
  24.824219	   0.025092
  24.833984	   0.013866
  24.843750	   0.012505
  24.853516	   0.019290
  24.863281	   0.029586
  24.873047	   0.037599
  24.882812	   0.038501
  24.892578	   0.030146
  24.902344	   0.013795
  24.912109	  -0.006421
  24.921875	  -0.025069
  24.931641	  -0.037453
  24.941406	  -0.041349
  24.951172	  -0.037826
  24.960938	  -0.030817
  24.970703	  -0.025615
  24.980469	  -0.026812
  24.990234	  -0.036444
  25.000000	  -0.053022
  25.009766	  -0.071817
  25.019531	  -0.086325
  25.029297	  -0.090427
  25.039062	  -0.080502
  25.048828	  -0.056762
  25.058594	  -0.023360
  25.068359	   0.012775
  25.078125	   0.043958
  25.087891	   0.063964
  25.097656	   0.069694
  25.107422	   0.061789
  25.117188	   0.044045
  25.126953	   0.021923
  25.136719	   0.000710
  25.146484	  -0.015999
  25.156250	  -0.027022
  25.166016	  -0.033330
  25.175781	  -0.037031
  25.185547	  -0.040072
  25.195312	  -0.043220
  25.205078	  -0.045734
  25.214844	  -0.045849
  25.224609	  -0.041833
  25.234375	  -0.033146
  25.244141	  -0.021169
  25.253906	  -0.009136
  25.263672	  -0.001217
  25.273438	  -0.001052
  25.283203	  -0.010270
  25.292969	  -0.027598
  25.302734	  -0.048936
  25.312500	  -0.068479
  25.322266	  -0.080535
  25.332031	  -0.081435
  25.341797	  -0.070865
  25.351562	  -0.052111
  25.361328	  -0.031097
  25.371094	  -0.014514
  25.380859	  -0.007660
  25.390625	  -0.012728
  25.400391	  -0.028149
  25.410156	  -0.049192
  25.419922	  -0.069623
  25.429688	  -0.083833
  25.439453	  -0.088674
  25.449219	  -0.084365
  25.458984	  -0.074165
  25.468750	  -0.062947
  25.478516	  -0.055220
  25.488281	  -0.053331
  25.498047	  -0.056526
  25.507812	  -0.061225
  25.517578	  -0.062413
  25.527344	  -0.055653
  25.537109	  -0.038954
  25.546875	  -0.013797
  25.556641	   0.015097
  25.566406	   0.041230
  25.576172	   0.058514
  25.585938	   0.063433
  25.595703	   0.056392
  25.605469	   0.041742
  25.615234	   0.026436
  25.625000	   0.017748
  25.634766	   0.020809
  25.644531	   0.036820
  25.654297	   0.062548
  25.664062	   0.091298
  25.673828	   0.115043
  25.683594	   0.126991
  25.693359	   0.123754
  25.703125	   0.106378
  25.712891	   0.079940
  25.722656	   0.051856
  25.732422	   0.029516
  25.742188	   0.018030
  25.751953	   0.018830
  25.761719	   0.029548
  25.771484	   0.045129
  25.781250	   0.059741
  25.791016	   0.068764
  25.800781	   0.070189
  25.810547	   0.064976
  25.820312	   0.056327
  25.830078	   0.048213
  25.839844	   0.043761
  25.849609	   0.044085
  25.859375	   0.048004
  25.869141	   0.052674
  25.878906	   0.054868
  25.888672	   0.052377
  25.898438	   0.044964
  25.908203	   0.034537
  25.917969	   0.024461
  25.927734	   0.018308
  25.937500	   0.018522
  25.947266	   0.025525
  25.957031	   0.037591
  25.966797	   0.051540
  25.976562	   0.063945
  25.986328	   0.072408
  25.996094	   0.076379
  26.005859	   0.077216
  26.015625	   0.077472
  26.025391	   0.079692
  26.035156	   0.085210
  26.044922	   0.093436
  26.054688	   0.101944
  26.064453	   0.107337
  26.074219	   0.106588
  26.083984	   0.098325
  26.093750	   0.083548
  26.103516	   0.065462
  26.113281	   0.048436
  26.123047	   0.036460
  26.132812	   0.031641
  26.142578	   0.033332
  26.152344	   0.038250
  26.162109	   0.041586
  26.171875	   0.038742
  26.181641	   0.027080
  26.191406	   0.007039
  26.201172	  -0.017815
  26.210938	  -0.041881
  26.220703	  -0.059374
  26.230469	  -0.066335
  26.240234	  -0.062051
  26.250000	  -0.049375
  26.259766	  -0.033798
  26.269531	  -0.021580
  26.279297	  -0.017569
  26.289062	  -0.023490
  26.298828	  -0.037309
  26.308594	  -0.053923
  26.318359	  -0.066944
  26.328125	  -0.070980
  26.337891	  -0.063603
  26.347656	  -0.046319
  26.357422	  -0.024185
  26.367188	  -0.004198
  26.376953	   0.007001
  26.386719	   0.005312
  26.396484	  -0.009490
  26.406250	  -0.033729
  26.416016	  -0.061094
  26.425781	  -0.084737
  26.435547	  -0.099478
  26.445312	  -0.103335
  26.455078	  -0.097881
  26.464844	  -0.087335
  26.474609	  -0.076768
  26.484375	  -0.070074
  26.494141	  -0.068482
  26.503906	  -0.070114
  26.513672	  -0.070761
  26.523438	  -0.065559
  26.533203	  -0.050944
  26.542969	  -0.026163
  26.552734	   0.006221
  26.562500	   0.041021
  26.572266	   0.072064
  26.582031	   0.094198
  26.591797	   0.104940
  26.601562	   0.105188
  26.611328	   0.098755
  26.621094	   0.090901
  26.630859	   0.086410
  26.640625	   0.087903
  26.650391	   0.094983
  26.660156	   0.104500
  26.669922	   0.111809
  26.679688	   0.112526
  26.689453	   0.104146
  26.699219	   0.086902
  26.708984	   0.063581
  26.718750	   0.038390
  26.728516	   0.015302
  26.738281	  -0.003449
  26.748047	  -0.018169
  26.757812	  -0.031472
  26.767578	  -0.047106
  26.777344	  -0.068271
  26.787109	  -0.096078
  26.796875	  -0.128753
  26.806641	  -0.161918
  26.816406	  -0.189895
  26.826172	  -0.207579
  26.835938	  -0.212228
  26.845703	  -0.204490
  26.855469	  -0.188302
  26.865234	  -0.169626
  26.875000	  -0.154474
  26.884766	  -0.146872
  26.894531	  -0.147489
  26.904297	  -0.153407
  26.914062	  -0.159116
  26.923828	  -0.158402
  26.933594	  -0.146469
  26.943359	  -0.121576
  26.953125	  -0.085642
  26.962891	  -0.043620
  26.972656	  -0.001909
  26.982422	   0.033655
  26.992188	   0.059500
  27.001953	   0.075170
  27.011719	   0.083051
  27.021484	   0.087160
  27.031250	   0.091456
  27.041016	   0.098337
  27.050781	   0.107846
  27.060547	   0.117867
  27.070312	   0.125179
  27.080078	   0.126942
  27.089844	   0.122020
  27.099609	   0.111619
  27.109375	   0.099002
  27.119141	   0.088371
  27.128906	   0.083361
  27.138672	   0.085695
  27.148438	   0.094535
  27.158203	   0.106769
  27.167969	   0.118128
  27.177734	   0.124732
  27.187500	   0.124465
  27.197266	   0.117677
  27.207031	   0.106932
  27.216797	   0.095905
  27.226562	   0.087836
  27.236328	   0.084134
  27.246094	   0.083667
  27.255859	   0.083031
  27.265625	   0.077735
  27.275391	   0.063862
  27.285156	   0.039631
  27.294922	   0.006250
  27.304688	  -0.032242
  27.314453	  -0.070137
  27.324219	  -0.101806
  27.333984	  -0.123429
  27.343750	  -0.134086
  27.353516	  -0.135837
  27.363281	  -0.132760
  27.373047	  -0.129313
  27.382812	  -0.128630
  27.392578	  -0.131364
  27.402344	  -0.135516
  27.412109	  -0.137288
  27.421875	  -0.132657
  27.431641	  -0.119053
  27.441406	  -0.096526
  27.451172	  -0.067940
  27.460938	  -0.038097
  27.470703	  -0.012115
  27.480469	   0.006361
  27.490234	   0.016453
  27.500000	   0.020354
  27.509766	   0.022496
  27.519531	   0.027888
  27.529297	   0.040196
  27.539062	   0.060262
  27.548828	   0.085629
  27.558594	   0.111247
  27.568359	   0.131139
  27.578125	   0.140446
  27.587891	   0.137115
  27.597656	   0.122638
  27.607422	   0.101559
  27.617188	   0.079921
  27.626953	   0.063194
  27.636719	   0.054422
  27.646484	   0.053249
  27.656250	   0.056166
  27.666016	   0.057889
  27.675781	   0.053381
  27.685547	   0.039786
  27.695312	   0.017590
  27.705078	  -0.009414
  27.714844	  -0.035340
  27.724609	  -0.054172
  27.734375	  -0.061784
  27.744141	  -0.057304
  27.753906	  -0.043354
  27.763672	  -0.025091
  27.773438	  -0.008419
  27.783203	   0.001988
  27.792969	   0.004141
  27.802734	  -0.000823
  27.812500	  -0.009355
  27.822266	  -0.017050
  27.832031	  -0.020458
  27.841797	  -0.018451
  27.851562	  -0.012645
  27.861328	  -0.006715
  27.871094	  -0.004863
  27.880859	  -0.010027
  27.890625	  -0.022505
  27.900391	  -0.039542
  27.910156	  -0.056061
  27.919922	  -0.066310
  27.929688	  -0.065853
  27.939453	  -0.053191
  27.949219	  -0.030430
  27.958984	  -0.002735
  27.968750	   0.023259
  27.978516	   0.041537
  27.988281	   0.048581
  27.998047	   0.044391
  28.007812	   0.032320
  28.017578	   0.017797
  28.027344	   0.006410
  28.037109	   0.002026
  28.046875	   0.005611
  28.056641	   0.015112
  28.066406	   0.026435
  28.076172	   0.035086
  28.085938	   0.037892
  28.095703	   0.034139
  28.105469	   0.025750
  28.115234	   0.016457
  28.125000	   0.010303
  28.134766	   0.010053
  28.144531	   0.016131
  28.154297	   0.026452
  28.164062	   0.037234
  28.173828	   0.044453
  28.183594	   0.045389
  28.193359	   0.039673
  28.203125	   0.029422
  28.212891	   0.018416
  28.222656	   0.010594
  28.232422	   0.008463
  28.242188	   0.012003
  28.251953	   0.018513
  28.261719	   0.023475
  28.271484	   0.022151
  28.281250	   0.011349
  28.291016	  -0.009294
  28.300781	  -0.036984
  28.310547	  -0.066536
  28.320312	  -0.091985
  28.330078	  -0.108494
  28.339844	  -0.113879
  28.349609	  -0.109226
  28.359375	  -0.098399
  28.369141	  -0.086600
  28.378906	  -0.078519
  28.388672	  -0.076715
  28.398438	  -0.080801
  28.408203	  -0.087700
  28.417969	  -0.092850
  28.427734	  -0.091917
  28.437500	  -0.082373
  28.447266	  -0.064383
  28.457031	  -0.040688
  28.466797	  -0.015565
  28.476562	   0.006740
  28.486328	   0.023504
  28.496094	   0.034396
  28.505859	   0.041394
  28.515625	   0.047809
  28.525391	   0.056784
  28.535156	   0.069862
  28.544922	   0.086177
  28.554688	   0.102590
  28.564453	   0.114760
  28.574219	   0.118767
  28.583984	   0.112684
  28.593750	   0.097534
  28.603516	   0.077229
  28.613281	   0.057489
  28.623047	   0.044077
  28.632812	   0.040948
  28.642578	   0.048945
  28.652344	   0.065476
  28.662109	   0.085288
  28.671875	   0.102059
  28.681641	   0.110279
  28.691406	   0.106781
  28.701172	   0.091451
  28.710938	   0.066932
  28.720703	   0.037505
  28.730469	   0.007574
  28.740234	  -0.019669
  28.750000	  -0.042959
  28.759766	  -0.062876
  28.769531	  -0.081064
  28.779297	  -0.099167
  28.789062	  -0.117908
  28.798828	  -0.136728
  28.808594	  -0.154082
  28.818359	  -0.168247
  28.828125	  -0.178264
  28.837891	  -0.184568
  28.847656	  -0.188989
  28.857422	  -0.194060
  28.867188	  -0.201879
  28.876953	  -0.212968
  28.886719	  -0.225630
  28.896484	  -0.236126
  28.906250	  -0.239711
  28.916016	  -0.232219
  28.925781	  -0.211639
  28.935547	  -0.179094
  28.945312	  -0.138788
  28.955078	  -0.096865
  28.964844	  -0.059490
  28.974609	  -0.030812
  28.984375	  -0.011496
  28.994141	   0.001572
  29.003906	   0.014265
  29.013672	   0.033135
  29.023438	   0.062947
  29.033203	   0.104658
  29.042969	   0.154573
  29.052734	   0.205007
  29.062500	   0.246329
  29.072266	   0.269755
  29.082031	   0.270013
  29.091797	   0.247016
  29.101562	   0.206001
  29.111328	   0.156082
  29.121094	   0.107686
  29.130859	   0.069685
  29.140625	   0.047151
  29.150391	   0.040391
  29.160156	   0.045523
  29.169922	   0.056299
  29.179688	   0.066510
  29.189453	   0.072109
  29.199219	   0.072363
  29.208984	   0.069681
  29.218750	   0.068250
  29.228516	   0.072054
  29.238281	   0.083013
  29.248047	   0.099942
  29.257812	   0.118709
  29.267578	   0.133522
  29.277344	   0.138884
  29.287109	   0.131496
  29.296875	   0.111445
  29.306641	   0.082243
  29.316406	   0.049718
  29.326172	   0.020158
  29.335938	  -0.001651
  29.345703	  -0.013811
  29.355469	  -0.017662
  29.365234	  -0.017022
  29.375000	  -0.016610
  29.384766	  -0.020239
  29.394531	  -0.029422
  29.404297	  -0.042851
  29.414062	  -0.056899
  29.423828	  -0.066931
  29.433594	  -0.068919
  29.443359	  -0.060781
  29.453125	  -0.042995
  29.462891	  -0.018321
  29.472656	   0.009235
  29.482422	   0.035772
  29.492188	   0.058663
  29.501953	   0.077142
  29.511719	   0.092124
  29.521484	   0.105402
  29.531250	   0.118570
  29.541016	   0.132119
  29.550781	   0.145061
  29.560547	   0.155201
  29.570312	   0.159928
  29.580078	   0.157191
  29.589844	   0.146252
  29.599609	   0.127924
  29.609375	   0.104202
  29.619141	   0.077470
  29.628906	   0.049601
  29.638672	   0.021361
  29.648438	  -0.007650
  29.658203	  -0.038484
  29.667969	  -0.071975
  29.677734	  -0.107911
  29.687500	  -0.144629
  29.697266	  -0.179278
  29.707031	  -0.208712
  29.716797	  -0.230706
  29.726562	  -0.245006
  29.736328	  -0.253761
  29.746094	  -0.261040
  29.755859	  -0.271502
  29.765625	  -0.288612
  29.775391	  -0.313001
  29.785156	  -0.341611
  29.794922	  -0.368027
  29.804688	  -0.384020
  29.814453	  -0.381915
  29.824219	  -0.357059
  29.833984	  -0.309604
  29.843750	  -0.244978
  29.853516	  -0.172809
  29.863281	  -0.104559
  29.873047	  -0.050548
  29.882812	  -0.017243
  29.892578	  -0.005625
  29.902344	  -0.011105
  29.912109	  -0.024988
  29.921875	  -0.037017
  29.931641	  -0.038194
  29.941406	  -0.023062
  29.951172	   0.009188
  29.960938	   0.054985
  29.970703	   0.107804
  29.980469	   0.160186
  29.990234	   0.205645
  30.000000	   0.239919
  30.009766	   0.261265
  30.019531	   0.269921
  30.029297	   0.267110
  30.039062	   0.254102
  30.048828	   0.231744
  30.058594	   0.200630
  30.068359	   0.161770
  30.078125	   0.117369
  30.087891	   0.071285
  30.097656	   0.028808
  30.107422	  -0.004289
  30.117188	  -0.023176
  30.126953	  -0.025412
  30.136719	  -0.011864
  30.146484	   0.013283
  30.156250	   0.043515
  30.166016	   0.071700
  30.175781	   0.092013
  30.185547	   0.101437
  30.195312	   0.100359
  30.205078	   0.092089
  30.214844	   0.081460
  30.224609	   0.073034
  30.234375	   0.069507
  30.244141	   0.070869
  30.253906	   0.074558
  30.263672	   0.076534
  30.273438	   0.072820
  30.283203	   0.060964
  30.292969	   0.040897
  30.302734	   0.014900
  30.312500	  -0.013236
  30.322266	  -0.039512
  30.332031	  -0.060950
  30.341797	  -0.076275
  30.351562	  -0.085824
  30.361328	  -0.090756
  30.371094	  -0.091940
  30.380859	  -0.089045
  30.390625	  -0.080273
  30.400391	  -0.062927
  30.410156	  -0.034672
  30.419922	   0.004986
  30.429688	   0.053606
  30.439453	   0.105610
  30.449219	   0.153220
  30.458984	   0.188338
  30.468750	   0.204830
  30.478516	   0.200462
  30.488281	   0.177814
  30.498047	   0.143765
  30.507812	   0.107652
  30.517578	   0.078610
  30.527344	   0.062905
  30.537109	   0.062128
  30.546875	   0.072793
  30.556641	   0.087514
  30.566406	   0.097343
  30.576172	   0.094547
  30.585938	   0.074929
  30.595703	   0.038987
  30.605469	  -0.008426
  30.615234	  -0.059734
  30.625000	  -0.106993
  30.634766	  -0.144144
  30.644531	  -0.168454
  30.654297	  -0.180718
  30.664062	  -0.184275
  30.673828	  -0.183282
  30.683594	  -0.180922
  30.693359	  -0.178228
  30.703125	  -0.173920
  30.712891	  -0.165264
  30.722656	  -0.149588
  30.732422	  -0.125824
  30.742188	  -0.095481
  30.751953	  -0.062632
  30.761719	  -0.032923
  30.771484	  -0.011913
  30.781250	  -0.003374
  30.791016	  -0.008120
  30.800781	  -0.023799
  30.810547	  -0.045686
  30.820312	  -0.068189
  30.830078	  -0.086508
  30.839844	  -0.097869
  30.849609	  -0.101931
  30.859375	  -0.100283
  30.869141	  -0.095294
  30.878906	  -0.088822
  30.888672	  -0.081315
  30.898438	  -0.071671
  30.908203	  -0.057908
  30.917969	  -0.038358
  30.927734	  -0.012875
  30.937500	   0.016478
  30.947266	   0.045616
  30.957031	   0.069498
  30.966797	   0.083749
  30.976562	   0.086244
  30.986328	   0.078050
  30.996094	   0.063330
  31.005859	   0.048151
  31.015625	   0.038558
  31.025391	   0.038555
  31.035156	   0.048694
  31.044922	   0.065791
  31.054688	   0.083907
  31.064453	   0.096297
  31.074219	   0.097676
  31.083984	   0.086052
  31.093750	   0.063475
  31.103516	   0.035451
  31.113281	   0.009220
  31.123047	  -0.008545
  31.132812	  -0.013810
  31.142578	  -0.006362
  31.152344	   0.010299
  31.162109	   0.030276
  31.171875	   0.047312
  31.181641	   0.056835
  31.191406	   0.057293
  31.201172	   0.050361
  31.210938	   0.039981
  31.220703	   0.030651
  31.230469	   0.025600
  31.240234	   0.025546
  31.250000	   0.028476
  31.259766	   0.030522
  31.269531	   0.027589
  31.279297	   0.017109
  31.289062	  -0.000729
  31.298828	  -0.022759
  31.308594	  -0.043723
  31.318359	  -0.057950
  31.328125	  -0.061255
  31.337891	  -0.052364
  31.347656	  -0.033368
  31.357422	  -0.009052
  31.367188	   0.014660
  31.376953	   0.032601
  31.386719	   0.041926
  31.396484	   0.042824
  31.406250	   0.038170
  31.416016	   0.032292
  31.425781	   0.029332
  31.435547	   0.031827
  31.445312	   0.040002
  31.455078	   0.052004
  31.464844	   0.064920
  31.474609	   0.076144
  31.484375	   0.084509
  31.494141	   0.090728
  31.503906	   0.096937
  31.513672	   0.105544
  31.523438	   0.117818
  31.533203	   0.132833
  31.542969	   0.147230
  31.552734	   0.155986
  31.562500	   0.153985
  31.572266	   0.137856
  31.582031	   0.107428
  31.591797	   0.066233
  31.601562	   0.020798
  31.611328	  -0.021083
  31.621094	  -0.052594
  31.630859	  -0.069893
  31.640625	  -0.073220
  31.650391	  -0.066733
  31.660156	  -0.057121
  31.669922	  -0.051474
  31.679688	  -0.055119
  31.689453	  -0.070123
  31.699219	  -0.094956
  31.708984	  -0.125344
  31.718750	  -0.155973
  31.728516	  -0.182393
  31.738281	  -0.202435
  31.748047	  -0.216657
  31.757812	  -0.227694
  31.767578	  -0.238816
  31.777344	  -0.252272
  31.787109	  -0.268072
  31.796875	  -0.283699
  31.806641	  -0.294864
  31.816406	  -0.297050
  31.826172	  -0.287251
  31.835938	  -0.265261
  31.845703	  -0.233997
  31.855469	  -0.198714
  31.865234	  -0.165340
  31.875000	  -0.138533
  31.884766	  -0.120134
  31.894531	  -0.108571
  31.904297	  -0.099457
  31.914062	  -0.087156
  31.923828	  -0.066802
  31.933594	  -0.036042
  31.943359	   0.004083
  31.953125	   0.049425
  31.962891	   0.094068
  31.972656	   0.132231
  31.982422	   0.160071
  31.992188	   0.176760
  32.001953	   0.184489
  32.011719	   0.187451
  32.021484	   0.190209
  32.031250	   0.196064
  32.041016	   0.206016
  32.050781	   0.218671
  32.060547	   0.231064
  32.070312	   0.240048
  32.080078	   0.243658
  32.089844	   0.241899
  32.099609	   0.236655
  32.109375	   0.230737
  32.119141	   0.226473
  32.128906	   0.224431
  32.138672	   0.222821
  32.148438	   0.217906
  32.158203	   0.205333
  32.167969	   0.181951
  32.177734	   0.147434
  32.187500	   0.105067
  32.197266	   0.061310
  32.207031	   0.024180
  32.216797	   0.000912
  32.226562	  -0.004337
  32.236328	   0.008034
  32.246094	   0.032957
  32.255859	   0.062030
  32.265625	   0.085928
  32.275391	   0.097128
  32.285156	   0.092087
  32.294922	   0.072169
  32.304688	   0.043062
  32.314453	   0.012876
  32.324219	  -0.010411
  32.333984	  -0.021336
  32.343750	  -0.018398
  32.353516	  -0.004149
  32.363281	   0.016001
  32.373047	   0.035811
  32.382812	   0.050304
  32.392578	   0.057227
  32.402344	   0.057421
  32.412109	   0.054044
  32.421875	   0.051033
  32.431641	   0.051413
  32.441406	   0.056106
  32.451172	   0.063657
  32.460938	   0.070959
  32.470703	   0.074625
  32.480469	   0.072474
  32.490234	   0.064516
  32.500000	   0.053045
  32.509766	   0.041799
  32.519531	   0.034499
  32.529297	   0.033322
  32.539062	   0.037917
  32.548828	   0.045335
  32.558594	   0.050949
  32.568359	   0.050033
  32.578125	   0.039436
  32.587891	   0.018736
  32.597656	  -0.009557
  32.607422	  -0.040826
  32.617188	  -0.069914
  32.626953	  -0.092848
  32.636719	  -0.108108
  32.646484	  -0.116949
  32.656250	  -0.122674
  32.666016	  -0.129120
  32.675781	  -0.138910
  32.685547	  -0.152146
  32.695312	  -0.166038
  32.705078	  -0.175652
  32.714844	  -0.175530
  32.724609	  -0.161645
  32.734375	  -0.132993
  32.744141	  -0.092240
  32.753906	  -0.045207
  32.763672	   0.000688
  32.773438	   0.038483
  32.783203	   0.063540
  32.792969	   0.074626
  32.802734	   0.073843
  32.812500	   0.065508
  32.822266	   0.054393
  32.832031	   0.043979
  32.841797	   0.035344
  32.851562	   0.027054
  32.861328	   0.016056
  32.871094	  -0.000798
  32.880859	  -0.025179
  32.890625	  -0.056265
  32.900391	  -0.090664
  32.910156	  -0.123318
  32.919922	  -0.149054
  32.929688	  -0.164230
  32.939453	  -0.167889
  32.949219	  -0.161996
  32.958984	  -0.150708
  32.968750	  -0.138918
  32.978516	  -0.130618
  32.988281	  -0.127637
  32.998047	  -0.129186
  33.007812	  -0.132324
  33.017578	  -0.133145
  33.027344	  -0.128214
  33.037109	  -0.115735
  33.046875	  -0.096053
  33.056641	  -0.071354
  33.066406	  -0.044745
  33.076172	  -0.019114
  33.085938	   0.003759
  33.095703	   0.023518
  33.105469	   0.040856
  33.115234	   0.056680
  33.125000	   0.071194
  33.134766	   0.083352
  33.144531	   0.090954
  33.154297	   0.091423
  33.164062	   0.082972
  33.173828	   0.065699
  33.183594	   0.042127
  33.193359	   0.016875
  33.203125	  -0.004511
  33.212891	  -0.017237
  33.222656	  -0.018878
  33.232422	  -0.010322
  33.242188	   0.004337
  33.251953	   0.019017
  33.261719	   0.027601
  33.271484	   0.026010
  33.281250	   0.013668
  33.291016	  -0.006177
  33.300781	  -0.027407
  33.310547	  -0.043005
  33.320312	  -0.047381
  33.330078	  -0.038265
  33.339844	  -0.017524
  33.349609	   0.009403
  33.359375	   0.035277
  33.369141	   0.053438
  33.378906	   0.059999
  33.388672	   0.055098
  33.398438	   0.042786
  33.408203	   0.029599
  33.417969	   0.022297
  33.427734	   0.025551
  33.437500	   0.040370
  33.447266	   0.063783
  33.457031	   0.089876
  33.466797	   0.111806
  33.476562	   0.124071
  33.486328	   0.124280
  33.496094	   0.113810
  33.505859	   0.097174
  33.515625	   0.080356
  33.525391	   0.068731
  33.535156	   0.065307
  33.544922	   0.069904
  33.554688	   0.079502
  33.564453	   0.089603
  33.574219	   0.096060
  33.583984	   0.096686
  33.593750	   0.092047
  33.603516	   0.085166
  33.613281	   0.080249
  33.623047	   0.080939
  33.632812	   0.088731
  33.642578	   0.102172
  33.652344	   0.117127
  33.662109	   0.128045
  33.671875	   0.129784
  33.681641	   0.119331
  33.691406	   0.096832
  33.701172	   0.065564
  33.710938	   0.030864
  33.720703	  -0.001581
  33.730469	  -0.027498
  33.740234	  -0.045229
  33.750000	  -0.055978
  33.759766	  -0.063062
  33.769531	  -0.070482
  33.779297	  -0.081341
  33.789062	  -0.096702
  33.798828	  -0.115255
  33.808594	  -0.133885
  33.818359	  -0.148886
  33.828125	  -0.157323
  33.837891	  -0.158052
  33.847656	  -0.152010
  33.857422	  -0.141711
  33.867188	  -0.130183
  33.876953	  -0.119781
  33.886719	  -0.111353
  33.896484	  -0.104071
  33.906250	  -0.095982
  33.916016	  -0.085019
  33.925781	  -0.070045
  33.935547	  -0.051475
  33.945312	  -0.031203
  33.955078	  -0.011838
  33.964844	   0.004434
  33.974609	   0.016897
  33.984375	   0.026764
  33.994141	   0.036797
  34.003906	   0.050122
  34.013672	   0.068660
  34.023438	   0.091744
  34.033203	   0.115513
  34.042969	   0.133451
  34.052734	   0.138021
  34.062500	   0.122955
  34.072266	   0.085491
  34.082031	   0.027792
  34.091797	  -0.043006
  34.101562	  -0.116231
  34.111328	  -0.180245
  34.121094	  -0.225419
  34.130859	  -0.246604
  34.140625	  -0.244362
  34.150391	  -0.224577
  34.160156	  -0.196571
  34.169922	  -0.170324
  34.179688	  -0.153637
  34.189453	  -0.150097
  34.199219	  -0.158388
  34.208984	  -0.173077
  34.218750	  -0.186529
  34.228516	  -0.191271
  34.238281	  -0.182056
  34.248047	  -0.157027
  34.257812	  -0.117739
  34.267578	  -0.068186
  34.277344	  -0.013298
  34.287109	   0.042517
  34.296875	   0.096284
  34.306641	   0.146606
  34.316406	   0.193133
  34.326172	   0.235694
  34.335938	   0.273540
  34.345703	   0.305048
  34.355469	   0.328022
  34.365234	   0.340457
  34.375000	   0.341420
  34.384766	   0.331656
  34.394531	   0.313631
  34.404297	   0.290951
  34.414062	   0.267348
  34.423828	   0.245617
  34.433594	   0.226908
  34.443359	   0.210635
  34.453125	   0.195047
  34.462891	   0.178218
  34.472656	   0.159061
  34.482422	   0.137945
  34.492188	   0.116656
  34.501953	   0.097701
  34.511719	   0.083233
  34.521484	   0.074040
  34.531250	   0.069027
  34.541016	   0.065461
  34.550781	   0.059926
  34.560547	   0.049655
  34.570312	   0.033720
  34.580078	   0.013574
  34.589844	  -0.007340
  34.599609	  -0.024851
  34.609375	  -0.035781
  34.619141	  -0.039492
  34.628906	  -0.038630
  34.638672	  -0.038694
  34.648438	  -0.046431
  34.658203	  -0.067544
  34.667969	  -0.104440
  34.677734	  -0.154817
  34.687500	  -0.211679
  34.697266	  -0.264857
  34.707031	  -0.303677
  34.716797	  -0.319939
  34.726562	  -0.310289
  34.736328	  -0.277184
  34.746094	  -0.228137
  34.755859	  -0.173439
  34.765625	  -0.123111
  34.775391	  -0.084036
  34.785156	  -0.058213
  34.794922	  -0.042650
  34.804688	  -0.030883
  34.814453	  -0.015560
  34.824219	   0.008828
  34.833984	   0.044015
  34.843750	   0.087455
  34.853516	   0.133382
  34.863281	   0.174989
  34.873047	   0.206889
  34.882812	   0.226949
  34.892578	   0.236774
  34.902344	   0.240679
  34.912109	   0.243504
  34.921875	   0.248090
  34.931641	   0.253406
  34.941406	   0.254093
  34.951172	   0.241731
  34.960938	   0.207514
  34.970703	   0.145495
  34.980469	   0.055322
  34.990234	  -0.056528
  35.000000	  -0.177521
  35.009766	  -0.291761
  35.019531	  -0.383852
  35.029297	  -0.442805
  35.039062	  -0.464827
  35.048828	  -0.454141
  35.058594	  -0.421598
  35.068359	  -0.381513
  35.078125	  -0.347658
  35.087891	  -0.329600
  35.097656	  -0.330420
  35.107422	  -0.346365
  35.117188	  -0.368450
  35.126953	  -0.385382
  35.136719	  -0.386893
  35.146484	  -0.366483
  35.156250	  -0.322861
  35.166016	  -0.259800
  35.175781	  -0.184632
  35.185547	  -0.105985
  35.195312	  -0.031504
  35.205078	   0.033792
  35.214844	   0.088139
  35.224609	   0.132651
  35.234375	   0.170203
  35.244141	   0.204071
  35.253906	   0.236749
  35.263672	   0.269276
  35.273438	   0.301125
  35.283203	   0.330571
  35.292969	   0.355279
  35.302734	   0.372904
  35.312500	   0.381528
  35.322266	   0.379917
  35.332031	   0.367626
  35.341797	   0.345047
  35.351562	   0.313428
  35.361328	   0.274863
  35.371094	   0.232173
  35.380859	   0.188600
  35.390625	   0.147335
  35.400391	   0.110929
  35.410156	   0.080795
  35.419922	   0.056979
  35.429688	   0.038347
  35.439453	   0.023188
  35.449219	   0.010062
  35.458984	  -0.001415
  35.468750	  -0.010174
  35.478516	  -0.013911
  35.488281	  -0.009947
  35.498047	   0.003512
  35.507812	   0.026141
  35.517578	   0.054795
  35.527344	   0.083683
  35.537109	   0.105537
  35.546875	   0.113502
  35.556641	   0.103205
  35.566406	   0.074314
  35.576172	   0.031019
  35.585938	  -0.018849
  35.595703	  -0.065877
  35.605469	  -0.101737
  35.615234	  -0.121627
  35.625000	  -0.125697
  35.634766	  -0.118944
  35.644531	  -0.109563
  35.654297	  -0.106242
  35.664062	  -0.115266
  35.673828	  -0.138372
  35.683594	  -0.172090
  35.693359	  -0.208802
  35.703125	  -0.239196
  35.712891	  -0.255312
  35.722656	  -0.253163
  35.732422	  -0.234048
  35.742188	  -0.204103
  35.751953	  -0.172231
  35.761719	  -0.147120
  35.771484	  -0.134340
  35.781250	  -0.134537
  35.791016	  -0.143338
  35.800781	  -0.153017
  35.810547	  -0.155362
  35.820312	  -0.144769
  35.830078	  -0.120482
  35.839844	  -0.087212
  35.849609	  -0.053867
  35.859375	  -0.030807
  35.869141	  -0.026505
  35.878906	  -0.044730
  35.888672	  -0.083174
  35.898438	  -0.133996
  35.908203	  -0.186096
  35.917969	  -0.228390
  35.927734	  -0.253026
  35.937500	  -0.257526
  35.947266	  -0.245196
  35.957031	  -0.223749
  35.966797	  -0.202623
  35.976562	  -0.189901
  35.986328	  -0.189818
  35.996094	  -0.201581
  36.005859	  -0.219784
  36.015625	  -0.236146
  36.025391	  -0.241933
  36.035156	  -0.230236
  36.044922	  -0.197446
  36.054688	  -0.143606
  36.064453	  -0.071751
  36.074219	   0.013312
  36.083984	   0.106194
  36.093750	   0.201625
  36.103516	   0.294491
  36.113281	   0.379392
  36.123047	   0.450162
  36.132812	   0.499866
  36.142578	   0.521571
  36.152344	   0.509891
  36.162109	   0.462877
  36.171875	   0.383586
  36.181641	   0.280654
  36.191406	   0.167403
  36.201172	   0.059501
  36.210938	  -0.028324
  36.220703	  -0.085653
  36.230469	  -0.108816
  36.240234	  -0.101653
  36.250000	  -0.074271
  36.259766	  -0.040112
  36.269531	  -0.012141
  36.279297	   0.000736
  36.289062	  -0.004007
  36.298828	  -0.022113
  36.308594	  -0.044131
  36.318359	  -0.058449
  36.328125	  -0.054830
  36.337891	  -0.027369
  36.347656	   0.023972
  36.357422	   0.093633
  36.367188	   0.172325
  36.376953	   0.249822
  36.386719	   0.317753
  36.396484	   0.371540
  36.406250	   0.410949
  36.416016	   0.439195
  36.425781	   0.461026
  36.435547	   0.480489
  36.445312	   0.499131
  36.455078	   0.515233
  36.464844	   0.524242
  36.474609	   0.520236
  36.484375	   0.497903
  36.494141	   0.454388
  36.503906	   0.390461
  36.513672	   0.310685
  36.523438	   0.222574
  36.533203	   0.135017
  36.542969	   0.056434
  36.552734	  -0.006882
  36.562500	  -0.051834
  36.572266	  -0.078842
  36.582031	  -0.091402
  36.591797	  -0.095062
  36.601562	  -0.096079
  36.611328	  -0.100029
  36.621094	  -0.110631
  36.630859	  -0.128975
  36.640625	  -0.153289
  36.650391	  -0.179295
  36.660156	  -0.201121
  36.669922	  -0.212638
  36.679688	  -0.208976
  36.689453	  -0.187884
  36.699219	  -0.150600
  36.708984	  -0.101933
  36.718750	  -0.049450
  36.728516	  -0.001890
  36.738281	   0.032823
  36.748047	   0.049439
  36.757812	   0.046551
  36.767578	   0.026682
  36.777344	  -0.004804
  36.787109	  -0.041668
  36.796875	  -0.079033
  36.806641	  -0.115129
  36.816406	  -0.151902
  36.826172	  -0.194158
  36.835938	  -0.247419
  36.845703	  -0.315135
  36.855469	  -0.396174
  36.865234	  -0.483560
  36.875000	  -0.565048
  36.884766	  -0.625614
  36.894531	  -0.651247
  36.904297	  -0.632983
  36.914062	  -0.569910
  36.923828	  -0.470101
  36.933594	  -0.349049
  36.943359	  -0.225903
  36.953125	  -0.118550
  36.962891	  -0.038985
  36.972656	   0.009592
  36.982422	   0.033039
  36.992188	   0.043749
  37.001953	   0.056092
  37.011719	   0.081245
  37.021484	   0.123027
  37.031250	   0.176110
  37.041016	   0.227205
  37.050781	   0.258916
  37.060547	   0.255073
  37.070312	   0.205879
  37.080078	   0.111249
  37.089844	  -0.018736
  37.099609	  -0.166434
  37.109375	  -0.311495
  37.119141	  -0.436467
  37.128906	  -0.531416
  37.138672	  -0.596126
  37.148438	  -0.639234
  37.158203	  -0.674593
  37.167969	  -0.716052
  37.177734	  -0.772295
  37.187500	  -0.843366
  37.197266	  -0.919949
  37.207031	  -0.985616
  37.216797	  -1.021333
  37.226562	  -1.010851
  37.236328	  -0.945374
  37.246094	  -0.826132
  37.255859	  -0.664194
  37.265625	  -0.477633
  37.275391	  -0.286962
  37.285156	  -0.110179
  37.294922	   0.041201
  37.304688	   0.164111
  37.314453	   0.263519
  37.324219	   0.349944
  37.333984	   0.435738
  37.343750	   0.531219
  37.353516	   0.641669
  37.363281	   0.765858
  37.373047	   0.896284
  37.382812	   1.020875
  37.392578	   1.125601
  37.402344	   1.197293
  37.412109	   1.226104
  37.421875	   1.207177
  37.431641	   1.141364
  37.441406	   1.034986
  37.451172	   0.898800
  37.460938	   0.746353
  37.470703	   0.591967
  37.480469	   0.448615
  37.490234	   0.325979
  37.500000	   0.229016
  37.509766	   0.157324
  37.519531	   0.105513
  37.529297	   0.064599
  37.539062	   0.024192
  37.548828	  -0.024965
  37.558594	  -0.088713
  37.568359	  -0.168025
  37.578125	  -0.258778
  37.587891	  -0.352843
  37.597656	  -0.440163
  37.607422	  -0.511261
  37.617188	  -0.559432
  37.626953	  -0.582020
  37.636719	  -0.580438
  37.646484	  -0.559034
  37.656250	  -0.523244
  37.666016	  -0.477716
  37.675781	  -0.425080
  37.685547	  -0.365767
  37.695312	  -0.298912
  37.705078	  -0.223962
  37.714844	  -0.142328
  37.724609	  -0.058407
  37.734375	   0.020507
  37.744141	   0.085500
  37.753906	   0.128144
  37.763672	   0.142769
  37.773438	   0.128112
  37.783203	   0.087787
  37.792969	   0.029366
  37.802734	  -0.037651
  37.812500	  -0.104307
  37.822266	  -0.164289
  37.832031	  -0.214975
  37.841797	  -0.257088
  37.851562	  -0.293131
  37.861328	  -0.325193
  37.871094	  -0.352958
  37.880859	  -0.372697
  37.890625	  -0.377675
  37.900391	  -0.359955
  37.910156	  -0.313062
  37.919922	  -0.234686
  37.929688	  -0.128525
  37.939453	  -0.004649
  37.949219	   0.121822
  37.958984	   0.233398
  37.968750	   0.313575
  37.978516	   0.349987
  37.988281	   0.336591
  37.998047	   0.274453
  38.007812	   0.171083
  38.017578	   0.038679
  38.027344	  -0.108161
  38.037109	  -0.254698
  38.046875	  -0.387850
  38.056641	  -0.497385
  38.066406	  -0.576545
  38.076172	  -0.622284
  38.085938	  -0.635276
  38.095703	  -0.619719
  38.105469	  -0.582859
  38.115234	  -0.534055
  38.125000	  -0.483319
  38.134766	  -0.439418
  38.144531	  -0.407884
  38.154297	  -0.389449
  38.164062	  -0.379468
  38.173828	  -0.368678
  38.183594	  -0.345331
  38.193359	  -0.298254
  38.203125	  -0.220065
  38.212891	  -0.109613
  38.222656	   0.027137
  38.232422	   0.178143
  38.242188	   0.328025
  38.251953	   0.461764
  38.261719	   0.568258
  38.271484	   0.642669
  38.281250	   0.686839
  38.291016	   0.707682
  38.300781	   0.714087
  38.310547	   0.713408
  38.320312	   0.708706
  38.330078	   0.697725
  38.339844	   0.673948
  38.349609	   0.629415
  38.359375	   0.558334
  38.369141	   0.460238
  38.378906	   0.341550
  38.388672	   0.214934
  38.398438	   0.096529
  38.408203	   0.001887
  38.417969	  -0.058109
  38.427734	  -0.080042
  38.437500	  -0.068547
  38.447266	  -0.034473
  38.457031	   0.008820
  38.466797	   0.049865
  38.476562	   0.082781
  38.486328	   0.109105
  38.496094	   0.137156
  38.505859	   0.179124
  38.515625	   0.246803
  38.525391	   0.347243
  38.535156	   0.479685
  38.544922	   0.634641
  38.554688	   0.795417
  38.564453	   0.941577
  38.574219	   1.053372
  38.583984	   1.115905
  38.593750	   1.121969
  38.603516	   1.072959
  38.613281	   0.977799
  38.623047	   0.850380
  38.632812	   0.706316
  38.642578	   0.559854
  38.652344	   0.421618
  38.662109	   0.297484
  38.671875	   0.188582
  38.681641	   0.092125
  38.691406	   0.002704
  38.701172	  -0.086290
  38.710938	  -0.181321
  38.720703	  -0.287533
  38.730469	  -0.407770
  38.740234	  -0.541846
  38.750000	  -0.686162
  38.759766	  -0.833840
  38.769531	  -0.975479
  38.779297	  -1.100548
  38.789062	  -1.199200
  38.798828	  -1.264141
  38.808594	  -1.292055
  38.818359	  -1.284163
  38.828125	  -1.245685
  38.837891	  -1.184346
  38.847656	  -1.108316
  38.857422	  -1.024257
  38.867188	  -0.936073
  38.876953	  -0.844790
  38.886719	  -0.749550
  38.896484	  -0.649350
  38.906250	  -0.544822
  38.916016	  -0.439330
  38.925781	  -0.338882
  38.935547	  -0.250792
  38.945312	  -0.181493
  38.955078	  -0.134306
  38.964844	  -0.108019
  38.974609	  -0.096939
  38.984375	  -0.092558
  38.994141	  -0.086398
  39.003906	  -0.073103
  39.013672	  -0.052674
  39.023438	  -0.030940
  39.033203	  -0.017895
  39.042969	  -0.024279
  39.052734	  -0.057398
  39.062500	  -0.117565
  39.072266	  -0.196420
  39.082031	  -0.277890
  39.091797	  -0.341703
  39.101562	  -0.368558
  39.111328	  -0.345442
  39.121094	  -0.269494
  39.130859	  -0.149175
  39.140625	  -0.002330
  39.150391	   0.148337
  39.160156	   0.281047
  39.169922	   0.380278
  39.179688	   0.440070
  39.189453	   0.464396
  39.199219	   0.464615
  39.208984	   0.454912
  39.218750	   0.447265
  39.228516	   0.447541
  39.238281	   0.453934
  39.248047	   0.458120
  39.257812	   0.448646
  39.267578	   0.415325
  39.277344	   0.353162
  39.287109	   0.264510
  39.296875	   0.158822
  39.306641	   0.050161
  39.316406	  -0.046634
  39.326172	  -0.119821
  39.335938	  -0.163405
  39.345703	  -0.177784
  39.355469	  -0.168299
  39.365234	  -0.142311
  39.375000	  -0.105880
  39.384766	  -0.061223
  39.394531	  -0.005795
  39.404297	   0.066750
  39.414062	   0.164075
  39.423828	   0.292050
  39.433594	   0.452030
  39.443359	   0.639404
  39.453125	   0.843824
  39.462891	   1.050984
  39.472656	   1.245342
  39.482422	   1.412955
  39.492188	   1.543650
  39.501953	   1.632029
  39.511719	   1.677268
  39.521484	   1.681976
  39.531250	   1.650660
  39.541016	   1.588309
  39.550781	   1.499442
  39.560547	   1.387728
  39.570312	   1.256022
  39.580078	   1.106573
  39.589844	   0.941193
  39.599609	   0.761300
  39.609375	   0.567925
  39.619141	   0.361872
  39.628906	   0.144175
  39.638672	  -0.083113
  39.648438	  -0.316013
  39.658203	  -0.547917
  39.667969	  -0.769489
  39.677734	  -0.969414
  39.687500	  -1.135976
  39.697266	  -1.259140
  39.707031	  -1.332577
  39.716797	  -1.355008
  39.726562	  -1.330416
  39.736328	  -1.267011
  39.746094	  -1.175252
  39.755859	  -1.065527
  39.765625	  -0.946244
  39.775391	  -0.822911
  39.785156	  -0.698432
  39.794922	  -0.574384
  39.804688	  -0.452668
  39.814453	  -0.336746
  39.824219	  -0.231851
  39.833984	  -0.143930
  39.843750	  -0.077620
  39.853516	  -0.033991
  39.863281	  -0.009008
  39.873047	   0.006491
  39.882812	   0.024979
  39.892578	   0.058894
  39.902344	   0.116686
  39.912109	   0.199490
  39.921875	   0.299620
  39.931641	   0.401579
  39.941406	   0.485530
  39.951172	   0.532390
  39.960938	   0.529135
  39.970703	   0.472774
  39.980469	   0.371772
  39.990234	   0.244439
