# Time	Amplitude (cm/s/s)
   0.000000	  -0.222385
   0.009766	  -0.240219
   0.019531	  -0.227280
   0.029297	  -0.190432
   0.039062	  -0.140929
   0.048828	  -0.090854
   0.058594	  -0.049957
   0.068359	  -0.023925
   0.078125	  -0.014480
   0.087891	  -0.020917
   0.097656	  -0.042087
   0.107422	  -0.077696
   0.117188	  -0.128139
   0.126953	  -0.192813
   0.136719	  -0.267642
   0.146484	  -0.343089
   0.156250	  -0.403934
   0.166016	  -0.431555
   0.175781	  -0.408506
   0.185547	  -0.324204
   0.195312	  -0.179853
   0.205078	   0.009273
   0.214844	   0.215422
   0.224609	   0.403875
   0.234375	   0.541083
   0.244141	   0.603164
   0.253906	   0.582190
   0.263672	   0.488220
   0.273438	   0.346317
   0.283203	   0.189306
   0.292969	   0.048439
   0.302734	  -0.055225
   0.312500	  -0.116073
   0.322266	  -0.144263
   0.332031	  -0.161125
   0.341797	  -0.191218
   0.351562	  -0.253633
   0.361328	  -0.355360
   0.371094	  -0.488761
   0.380859	  -0.633826
   0.390625	  -0.764311
   0.400391	  -0.855629
   0.410156	  -0.891894
   0.419922	  -0.869903
   0.429688	  -0.798952
   0.439453	  -0.696838
   0.449219	  -0.583600
   0.458984	  -0.475250
   0.468750	  -0.379545
   0.478516	  -0.295062
   0.488281	  -0.213581
   0.498047	  -0.124649
   0.507812	  -0.020514
   0.517578	   0.100361
   0.527344	   0.232366
   0.537109	   0.364515
   0.546875	   0.484049
   0.556641	   0.580393
   0.566406	   0.647956
   0.576172	   0.686845
   0.585938	   0.701416
   0.595703	   0.697482
   0.605469	   0.679467
   0.615234	   0.648765
   0.625000	   0.604002
   0.634766	   0.543025
   0.644531	   0.465683
   0.654297	   0.376061
   0.664062	   0.282963
   0.673828	   0.198148
   0.683594	   0.132731
   0.693359	   0.092982
   0.703125	   0.077167
   0.712891	   0.074837
   0.722656	   0.069166
   0.732422	   0.041861
   0.742188	  -0.020810
   0.751953	  -0.122892
   0.761719	  -0.256305
   0.771484	  -0.402105
   0.781250	  -0.535218
   0.791016	  -0.631240
   0.800781	  -0.673166
   0.810547	  -0.655903
   0.820312	  -0.587135
   0.830078	  -0.484344
   0.839844	  -0.369047
   0.849609	  -0.260263
   0.859375	  -0.169393
   0.869141	  -0.098188
   0.878906	  -0.040317
   0.888672	   0.014211
   0.898438	   0.073541
   0.908203	   0.139483
   0.917969	   0.205741
   0.927734	   0.259530
   0.937500	   0.285989
   0.947266	   0.273744
   0.957031	   0.219546
   0.966797	   0.130231
   0.976562	   0.021189
   0.986328	  -0.088175
   0.996094	  -0.180432
   1.005859	  -0.245443
   1.015625	  -0.283129
   1.025391	  -0.302670
   1.035156	  -0.318438
   1.044922	  -0.344101
   1.054688	  -0.387009
   1.064453	  -0.444906
   1.074219	  -0.506168
   1.083984	  -0.553550
   1.093750	  -0.570164
   1.103516	  -0.545613
   1.113281	  -0.480156
   1.123047	  -0.385421
   1.132812	  -0.281399
   1.142578	  -0.190714
   1.152344	  -0.132076
   1.162109	  -0.115083
   1.171875	  -0.138033
   1.181641	  -0.189352
   1.191406	  -0.252009
   1.201172	  -0.309307
   1.210938	  -0.350048
   1.220703	  -0.371387
   1.230469	  -0.378559
   1.240234	  -0.381804
   1.250000	  -0.391768
   1.259766	  -0.415091
   1.269531	  -0.451771
   1.279297	  -0.495113
   1.289062	  -0.534129
   1.298828	  -0.557369
   1.308594	  -0.556706
   1.318359	  -0.529733
   1.328125	  -0.480012
   1.337891	  -0.415286
   1.347656	  -0.344506
   1.357422	  -0.274931
   1.367188	  -0.210390
   1.376953	  -0.151273
   1.386719	  -0.096038
   1.396484	  -0.043370
   1.406250	   0.006124
   1.416016	   0.049568
   1.425781	   0.083106
   1.435547	   0.104316
   1.445312	   0.114667
   1.455078	   0.120746
   1.464844	   0.133378
   1.474609	   0.164514
   1.484375	   0.222680
   1.494141	   0.308508
   1.503906	   0.412017
   1.513672	   0.512939
   1.523438	   0.584436
   1.533203	   0.599437
   1.542969	   0.537890
   1.552734	   0.392824
   1.562500	   0.173365
   1.572266	  -0.096237
   1.582031	  -0.381345
   1.591797	  -0.644063
   1.601562	  -0.850761
   1.611328	  -0.977950
   1.621094	  -1.015151
   1.630859	  -0.964408
   1.640625	  -0.837150
   1.650391	  -0.649835
   1.660156	  -0.419907
   1.669922	  -0.163215
   1.679688	   0.106812
   1.689453	   0.378708
   1.699219	   0.642252
   1.708984	   0.888452
   1.718750	   1.110732
   1.728516	   1.307004
   1.738281	   1.481628
   1.748047	   1.645954
   1.757812	   1.816451
   1.767578	   2.010250
   1.777344	   2.239003
   1.787109	   2.502883
   1.796875	   2.786908
   1.806641	   3.061336
   1.816406	   3.286777
   1.826172	   3.423135
   1.835938	   3.440079
   1.845703	   3.325997
   1.855469	   3.092538
   1.865234	   2.772978
   1.875000	   2.414468
   1.884766	   2.066081
   1.894531	   1.765996
   1.904297	   1.531556
   1.914062	   1.355163
   1.923828	   1.207340
   1.933594	   1.046127
   1.943359	   0.830122
   1.953125	   0.531385
   1.962891	   0.144536
   1.972656	  -0.310472
   1.982422	  -0.792494
   1.992188	  -1.248817
   2.001953	  -1.627386
   2.011719	  -1.888131
   2.021484	  -2.010496
   2.031250	  -1.995564
   2.041016	  -1.862927
   2.050781	  -1.643914
   2.060547	  -1.373629
   2.070312	  -1.084198
   2.080078	  -0.800796
   2.089844	  -0.540851
   2.099609	  -0.315611
   2.109375	  -0.132618
   2.119141	   0.002443
   2.128906	   0.085443
   2.138672	   0.115091
   2.148438	   0.094985
   2.158203	   0.035169
   2.167969	  -0.047954
   2.177734	  -0.133877
   2.187500	  -0.202058
   2.197266	  -0.236665
   2.207031	  -0.230473
   2.216797	  -0.186588
   2.226562	  -0.117320
   2.236328	  -0.040469
   2.246094	   0.025875
   2.255859	   0.068441
   2.265625	   0.082314
   2.275391	   0.071934
   2.285156	   0.049481
   2.294922	   0.031314
   2.304688	   0.033673
   2.314453	   0.068894
   2.324219	   0.143001
   2.333984	   0.254977
   2.343750	   0.397409
   2.353516	   0.557881
   2.363281	   0.720510
   2.373047	   0.867305
   2.382812	   0.979429
   2.392578	   1.038732
   2.402344	   1.029897
   2.412109	   0.943238
   2.421875	   0.777667
   2.431641	   0.542923
   2.441406	   0.259979
   2.451172	  -0.041120
   2.460938	  -0.326053
   2.470703	  -0.562790
   2.480469	  -0.728279
   2.490234	  -0.813324
   2.500000	  -0.824006
   2.509766	  -0.779011
   2.519531	  -0.703461
   2.529297	  -0.621059
   2.539062	  -0.547028
   2.548828	  -0.484174
   2.558594	  -0.423448
   2.568359	  -0.348875
   2.578125	  -0.245209
   2.587891	  -0.105618
   2.597656	   0.063431
   2.607422	   0.242049
   2.617188	   0.401950
   2.626953	   0.515163
   2.636719	   0.563591
   2.646484	   0.546071
   2.656250	   0.480258
   2.666016	   0.398278
   2.675781	   0.337160
   2.685547	   0.326912
   2.695312	   0.380021
   2.705078	   0.485923
   2.714844	   0.612472
   2.724609	   0.714302
   2.734375	   0.745718
   2.744141	   0.674282
   2.753906	   0.490973
   2.763672	   0.213819
   2.773438	  -0.116077
   2.783203	  -0.444856
   2.792969	  -0.719413
   2.802734	  -0.900058
   2.812500	  -0.968759
   2.822266	  -0.930916
   2.832031	  -0.810741
   2.841797	  -0.642284
   2.851562	  -0.459326
   2.861328	  -0.287377
   2.871094	  -0.139980
   2.880859	  -0.019797
   2.890625	   0.076758
   2.900391	   0.153748
   2.910156	   0.211387
   2.919922	   0.244904
   2.929688	   0.246969
   2.939453	   0.212471
   2.949219	   0.143487
   2.958984	   0.052097
   2.968750	  -0.040472
   2.978516	  -0.108516
   2.988281	  -0.128996
   2.998047	  -0.088756
   3.007812	   0.010683
   3.017578	   0.152558
   3.027344	   0.308869
   3.037109	   0.447785
   3.046875	   0.542097
   3.056641	   0.576072
   3.066406	   0.548622
   3.076172	   0.471995
   3.085938	   0.366716
   3.095703	   0.254688
   3.105469	   0.152853
   3.115234	   0.069405
   3.125000	   0.003514
   3.134766	  -0.051844
   3.144531	  -0.105403
   3.154297	  -0.163413
   3.164062	  -0.227318
   3.173828	  -0.294002
   3.183594	  -0.358138
   3.193359	  -0.415285
   3.203125	  -0.464118
   3.212891	  -0.506615
   3.222656	  -0.545966
   3.232422	  -0.583126
   3.242188	  -0.613644
   3.251953	  -0.626513
   3.261719	  -0.606089
   3.271484	  -0.536935
   3.281250	  -0.410141
   3.291016	  -0.228852
   3.300781	  -0.010703
   3.310547	   0.214279
   3.320312	   0.410223
   3.330078	   0.544706
   3.339844	   0.597967
   3.349609	   0.568962
   3.359375	   0.476075
   3.369141	   0.351952
   3.378906	   0.233891
   3.388672	   0.152735
   3.398438	   0.123814
   3.408203	   0.142868
   3.417969	   0.188267
   3.427734	   0.228746
   3.437500	   0.234058
   3.447266	   0.184978
   3.457031	   0.079363
   3.466797	  -0.067642
   3.476562	  -0.229119
   3.486328	  -0.375534
   3.496094	  -0.484262
   3.505859	  -0.546164
   3.515625	  -0.567053
   3.525391	  -0.563782
   3.535156	  -0.556594
   3.544922	  -0.560726
   3.554688	  -0.580415
   3.564453	  -0.607511
   3.574219	  -0.625129
   3.583984	  -0.614878
   3.593750	  -0.564845
   3.603516	  -0.475265
   3.613281	  -0.359653
   3.623047	  -0.240926
   3.632812	  -0.143905
   3.642578	  -0.086996
   3.652344	  -0.076162
   3.662109	  -0.103458
   3.671875	  -0.150672
   3.681641	  -0.196680
   3.691406	  -0.225662
   3.701172	  -0.232979
   3.710938	  -0.226330
   3.720703	  -0.221644
   3.730469	  -0.235180
   3.740234	  -0.274919
   3.750000	  -0.334715
   3.759766	  -0.393841
   3.769531	  -0.422571
   3.779297	  -0.392167
   3.789062	  -0.285834
   3.798828	  -0.106562
   3.808594	   0.121317
   3.818359	   0.357957
   3.828125	   0.559669
   3.837891	   0.692663
   3.847656	   0.744137
   3.857422	   0.726651
   3.867188	   0.673888
   3.876953	   0.628847
   3.886719	   0.628248
   3.896484	   0.688421
   3.906250	   0.797693
   3.916016	   0.918255
   3.925781	   0.997351
   3.935547	   0.984405
   3.945312	   0.848532
   3.955078	   0.590540
   3.964844	   0.245137
   3.974609	  -0.127776
   3.984375	  -0.460271
   3.994141	  -0.696682
   4.003906	  -0.810530
   4.013672	  -0.812560
   4.023438	  -0.747160
   4.033203	  -0.678146
   4.042969	  -0.668330
   4.052734	  -0.759301
   4.062500	  -0.957776
   4.072266	  -1.232800
   4.082031	  -1.524601
   4.091797	  -1.762248
   4.101562	  -1.884570
   4.111328	  -1.857848
   4.121094	  -1.685023
   4.130859	  -1.403844
   4.140625	  -1.074938
   4.150391	  -0.763747
   4.160156	  -0.521998
   4.169922	  -0.374187
   4.179688	  -0.312756
   4.189453	  -0.302795
   4.199219	  -0.294256
   4.208984	  -0.237571
   4.218750	  -0.097992
   4.228516	   0.135266
   4.238281	   0.447057
   4.248047	   0.801261
   4.257812	   1.150509
   4.267578	   1.447544
   4.277344	   1.655135
   4.287109	   1.752420
   4.296875	   1.736865
   4.306641	   1.622336
   4.316406	   1.434507
   4.326172	   1.205118
   4.335938	   0.966263
   4.345703	   0.745482
   4.355469	   0.562036
   4.365234	   0.424576
   4.375000	   0.330483
   4.384766	   0.267188
   4.394531	   0.215663
   4.404297	   0.155832
   4.414062	   0.072965
   4.423828	  -0.036553
   4.433594	  -0.161971
   4.443359	  -0.279058
   4.453125	  -0.355674
   4.462891	  -0.361124
   4.472656	  -0.276848
   4.482422	  -0.105122
   4.492188	   0.127485
   4.501953	   0.373860
   4.511719	   0.577117
   4.521484	   0.685811
   4.531250	   0.669183
   4.541016	   0.527556
   4.550781	   0.294056
   4.560547	   0.026380
   4.570312	  -0.209511
   4.580078	  -0.359083
   4.589844	  -0.396149
   4.599609	  -0.331385
   4.609375	  -0.209211
   4.619141	  -0.093500
   4.628906	  -0.046248
   4.638672	  -0.105915
   4.648438	  -0.272566
   4.658203	  -0.505028
   4.667969	  -0.731547
   4.677734	  -0.871074
   4.687500	  -0.858708
   4.697266	  -0.667239
   4.707031	  -0.317762
   4.716797	   0.124335
   4.726562	   0.567089
   4.736328	   0.918029
   4.746094	   1.110523
   4.755859	   1.122160
   4.765625	   0.979445
   4.775391	   0.747474
   4.785156	   0.508048
   4.794922	   0.333380
   4.804688	   0.263826
   4.814453	   0.296692
   4.824219	   0.389410
   4.833984	   0.475673
   4.843750	   0.488920
   4.853516	   0.385311
   4.863281	   0.158677
   4.873047	  -0.157227
   4.882812	  -0.499566
   4.892578	  -0.796454
   4.902344	  -0.989366
   4.912109	  -1.050573
   4.921875	  -0.990129
   4.931641	  -0.850572
   4.941406	  -0.691575
   4.951172	  -0.569975
   4.960938	  -0.521859
   4.970703	  -0.552347
   4.980469	  -0.635899
   4.990234	  -0.726342
   5.000000	  -0.772725
   5.009766	  -0.735464
   5.019531	  -0.597613
   5.029297	  -0.368162
   5.039062	  -0.077207
   5.048828	   0.234446
   5.058594	   0.527054
   5.068359	   0.770997
   5.078125	   0.950520
   5.087891	   1.061906
   5.097656	   1.108009
   5.107422	   1.092310
   5.117188	   1.015470
   5.126953	   0.875969
   5.136719	   0.674367
   5.146484	   0.418929
   5.156250	   0.129567
   5.166016	  -0.162458
   5.175781	  -0.419923
   5.185547	  -0.608837
   5.195312	  -0.708369
   5.205078	  -0.717791
   5.214844	  -0.657487
   5.224609	  -0.563116
   5.234375	  -0.474471
   5.244141	  -0.422695
   5.253906	  -0.420281
   5.263672	  -0.457520
   5.273438	  -0.506863
   5.283203	  -0.533848
   5.292969	  -0.510789
   5.302734	  -0.428292
   5.312500	  -0.300266
   5.322266	  -0.160300
   5.332031	  -0.050370
   5.341797	  -0.005613
   5.351562	  -0.040545
   5.361328	  -0.141745
   5.371094	  -0.269971
   5.380859	  -0.371434
   5.390625	  -0.394746
   5.400391	  -0.307976
   5.410156	  -0.110038
   5.419922	   0.167563
   5.429688	   0.469416
   5.439453	   0.732595
   5.449219	   0.905417
   5.458984	   0.962436
   5.468750	   0.910788
   5.478516	   0.785934
   5.488281	   0.638413
   5.498047	   0.516227
   5.507812	   0.448836
   5.517578	   0.438141
   5.527344	   0.459335
   5.537109	   0.471116
   5.546875	   0.431617
   5.556641	   0.314491
   5.566406	   0.119709
   5.576172	  -0.124550
   5.585938	  -0.369426
   5.595703	  -0.559758
   5.605469	  -0.650520
   5.615234	  -0.620075
   5.625000	  -0.476190
   5.634766	  -0.253314
   5.644531	  -0.002443
   5.654297	   0.222885
   5.664062	   0.379988
   5.673828	   0.446034
   5.683594	   0.420583
   5.693359	   0.321930
   5.703125	   0.179387
   5.712891	   0.024547
   5.722656	  -0.115712
   5.732422	  -0.222922
   5.742188	  -0.287433
   5.751953	  -0.306771
   5.761719	  -0.283660
   5.771484	  -0.224997
   5.781250	  -0.142037
   5.791016	  -0.050955
   5.800781	   0.027604
   5.810547	   0.071200
   5.820312	   0.060677
   5.830078	  -0.013494
   5.839844	  -0.145828
   5.849609	  -0.313888
   5.859375	  -0.481500
   5.869141	  -0.607099
   5.878906	  -0.655265
   5.888672	  -0.607919
   5.898438	  -0.471301
   5.908203	  -0.275865
   5.917969	  -0.068409
   5.927734	   0.101551
   5.937500	   0.196976
   5.947266	   0.205024
   5.957031	   0.141110
   5.966797	   0.043559
   5.976562	  -0.039741
   5.986328	  -0.068366
   5.996094	  -0.024297
   6.005859	   0.080552
   6.015625	   0.207176
   6.025391	   0.302129
   6.035156	   0.315994
   6.044922	   0.221454
   6.054688	   0.024686
   6.064453	  -0.234147
   6.074219	  -0.491896
   6.083984	  -0.681588
   6.093750	  -0.753542
   6.103516	  -0.691381
   6.113281	  -0.517527
   6.123047	  -0.286152
   6.132812	  -0.065834
   6.142578	   0.082393
   6.152344	   0.124326
   6.162109	   0.062829
   6.171875	  -0.064312
   6.181641	  -0.198034
   6.191406	  -0.278445
   6.201172	  -0.265098
   6.210938	  -0.150297
   6.220703	   0.038870
   6.230469	   0.250232
   6.240234	   0.424375
   6.250000	   0.514423
   6.259766	   0.501035
   6.269531	   0.397722
   6.279297	   0.245071
   6.289062	   0.096270
   6.298828	  -0.000787
   6.308594	  -0.018574
   6.318359	   0.042780
   6.328125	   0.158032
   6.337891	   0.287714
   6.347656	   0.393049
   6.357422	   0.449366
   6.367188	   0.453374
   6.376953	   0.422055
   6.386719	   0.384133
   6.396484	   0.367656
   6.406250	   0.388488
   6.416016	   0.443871
   6.425781	   0.513127
   6.435547	   0.564826
   6.445312	   0.567398
   6.455078	   0.499103
   6.464844	   0.353792
   6.474609	   0.140751
   6.484375	  -0.120739
   6.494141	  -0.409546
   6.503906	  -0.710232
   6.513672	  -1.017343
   6.523438	  -1.335526
   6.533203	  -1.676506
   6.542969	  -2.055285
   6.552734	  -2.488001
   6.562500	  -2.992615
   6.572266	  -3.591634
   6.582031	  -4.314232
   6.591797	  -5.194512
   6.601562	  -6.263628
   6.611328	  -7.536018
   6.621094	  -8.993122
   6.630859	 -10.570448
   6.640625	 -12.154409
   6.650391	 -13.593413
   6.660156	 -14.723483
   6.669922	 -15.403505
   6.679688	 -15.550739
   6.689453	 -15.165463
   6.699219	 -14.335340
   6.708984	 -13.215478
   6.718750	 -11.987556
   6.728516	 -10.808598
   6.738281	  -9.764514
   6.748047	  -8.843490
   6.757812	  -7.939297
   6.767578	  -6.885845
   6.777344	  -5.514320
   6.787109	  -3.716312
   6.796875	  -1.493153
   6.806641	   1.025385
   6.816406	   3.601291
   6.826172	   5.943987
   6.835938	   7.786667
   6.845703	   8.961218
   6.855469	   9.448854
   6.865234	   9.389884
   6.875000	   9.047742
   6.884766	   8.735972
   6.894531	   8.728266
   6.904297	   9.177237
   6.914062	  10.065622
   6.923828	  11.204522
   6.933594	  12.279787
   6.943359	  12.933858
   6.953125	  12.860314
   6.962891	  11.885101
   6.972656	  10.012708
   6.982422	   7.426008
   6.992188	   4.441730
   7.001953	   1.435647
   7.011719	  -1.241018
   7.021484	  -3.331671
   7.031250	  -4.714227
   7.041016	  -5.404023
   7.050781	  -5.523983
   7.060547	  -5.254798
   7.070312	  -4.781847
   7.080078	  -4.253986
   7.089844	  -3.763484
   7.099609	  -3.348416
   7.109375	  -3.011599
   7.119141	  -2.745865
   7.128906	  -2.555147
   7.138672	  -2.464107
   7.148438	  -2.514320
   7.158203	  -2.750254
   7.167969	  -3.201713
   7.177734	  -3.869935
   7.187500	  -4.722496
   7.197266	  -5.698447
   7.207031	  -6.721340
   7.216797	  -7.715344
   7.226562	  -8.619179
   7.236328	  -9.394029
   7.246094	 -10.024179
   7.255859	 -10.511611
   7.265625	 -10.867373
   7.275391	 -11.102739
   7.285156	 -11.222220
   7.294922	 -11.219135
   7.304688	 -11.073426
   7.314453	 -10.751241
   7.324219	 -10.206464
   7.333984	  -9.385245
   7.343750	  -8.234963
   7.353516	  -6.718176
   7.363281	  -4.830129
   7.373047	  -2.615718
   7.382812	  -0.179818
   7.392578	   2.315317
   7.402344	   4.669465
   7.412109	   6.679768
   7.421875	   8.185188
   7.431641	   9.108368
   7.441406	   9.481267
   7.451172	   9.443540
   7.460938	   9.209665
   7.470703	   9.010579
   7.480469	   9.025200
   7.490234	   9.323146
   7.500000	   9.839667
   7.509766	  10.396243
   7.519531	  10.767160
   7.529297	  10.776950
   7.539062	  10.401027
   7.548828	   9.836364
   7.558594	   9.513575
   7.568359	  10.036016
   7.578125	  12.052070
   7.587891	  16.088099
   7.597656	  22.384885
   7.607422	  30.784646
   7.617188	  40.706382
   7.626953	  51.226011
   7.636719	  61.249825
   7.646484	  69.742799
   7.656250	  75.955242
   7.666016	  79.587859
   7.675781	  80.848477
   7.685547	  80.380511
   7.695312	  79.076985
   7.705078	  77.825379
   7.714844	  77.248973
   7.724609	  77.513668
   7.734375	  78.254079
   7.744141	  78.642599
   7.753906	  77.587880
   7.763672	  74.014703
   7.773438	  67.154635
   7.783203	  56.772465
   7.792969	  43.268459
   7.802734	  27.627303
   7.812500	  11.223229
   7.822266	  -4.472563
   7.832031	 -18.210943
   7.841797	 -29.231784
   7.851562	 -37.412594
   7.861328	 -43.261581
   7.871094	 -47.756078
   7.880859	 -52.065321
   7.890625	 -57.225063
   7.900391	 -63.843515
   7.910156	 -71.910863
   7.919922	 -80.759795
   7.929688	 -89.188344
   7.939453	 -95.717471
   7.949219	 -98.923668
   7.958984	 -97.769021
   7.968750	 -91.851953
   7.978516	 -81.520900
   7.988281	 -67.825874
   7.998047	 -52.321215
   8.007812	 -36.767441
   8.017578	 -22.802667
   8.027344	 -11.658977
   8.037109	  -3.985488
   8.046875	   0.188757
   8.056641	   1.354940
   8.066406	   0.324576
   8.076172	  -2.010353
   8.085938	  -4.890927
   8.095703	  -7.824160
   8.105469	 -10.607546
   8.115234	 -13.251159
   8.125000	 -15.833901
   8.134766	 -18.349423
   8.144531	 -20.598795
   8.154297	 -22.170670
   8.164062	 -22.520405
   8.173828	 -21.126177
   8.183594	 -17.672961
   8.193359	 -12.203066
   8.203125	  -5.178930
   8.212891	   2.571311
   8.222656	  10.019526
   8.232422	  16.173301
   8.242188	  20.316091
   8.251953	  22.181219
   8.261719	  22.005605
   8.271484	  20.442996
   8.281250	  18.357914
   8.291016	  16.558251
   8.300781	  15.544813
   8.310547	  15.353518
   8.320312	  15.540287
   8.330078	  15.317196
   8.339844	  13.803109
   8.349609	  10.316686
   8.359375	   4.625013
   8.369141	  -2.927746
   8.378906	 -11.453434
   8.388672	 -19.709487
   8.398438	 -26.393781
   8.408203	 -30.462100
   8.417969	 -31.378425
   8.427734	 -29.227572
   8.437500	 -24.659829
   8.447266	 -18.686293
   8.457031	 -12.386858
   8.466797	  -6.617416
   8.476562	  -1.801584
   8.486328	   2.134314
   8.496094	   5.668065
   8.505859	   9.462886
   8.515625	  14.093263
   8.525391	  19.801250
   8.535156	  26.359170
   8.544922	  33.082064
   8.554688	  38.987985
   8.564453	  43.059910
   8.574219	  44.532686
   8.583984	  43.120741
   8.593750	  39.119203
   8.603516	  33.347235
   8.613281	  26.947082
   8.623047	  21.092717
   8.632812	  16.686680
   8.642578	  14.126432
   8.652344	  13.202086
   8.662109	  13.151877
   8.671875	  12.860359
   8.681641	  11.148227
   8.691406	   7.081096
   8.701172	   0.222133
   8.710938	  -9.230356
   8.720703	 -20.449850
   8.730469	 -32.127969
   8.740234	 -42.724218
   8.750000	 -50.762583
   8.759766	 -55.112006
   8.769531	 -55.195265
   8.779297	 -51.089054
   8.789062	 -43.501876
   8.798828	 -33.640430
   8.808594	 -22.994678
   8.818359	 -13.083957
   8.828125	  -5.210127
   8.837891	  -0.259354
   8.847656	   1.416715
   8.857422	   0.024641
   8.867188	  -3.741267
   8.876953	  -8.846748
   8.886719	 -14.113314
   8.896484	 -18.425252
   8.906250	 -20.910618
   8.916016	 -21.065300
   8.925781	 -18.801461
   8.935547	 -14.417467
   8.945312	  -8.502449
   8.955078	  -1.801205
   8.964844	   4.928582
   8.974609	  11.036431
   8.984375	  16.054872
   8.994141	  19.722916
   9.003906	  21.963442
   9.013672	  22.831877
   9.023438	  22.458423
   9.033203	  21.003584
   9.042969	  18.638212
   9.052734	  15.547802
   9.062500	  11.950428
   9.072266	   8.112096
   9.082031	   4.344383
   9.091797	   0.976536
   9.101562	  -1.694809
   9.111328	  -3.464597
   9.121094	  -4.267149
   9.130859	  -4.193784
   9.140625	  -3.469339
   9.150391	  -2.389673
   9.160156	  -1.235930
   9.169922	  -0.191048
   9.179688	   0.713990
   9.189453	   1.603656
   9.199219	   2.705034
   9.208984	   4.250288
   9.218750	   6.361684
   9.228516	   8.954759
   9.238281	  11.693294
   9.248047	  14.017294
   9.257812	  15.245458
   9.267578	  14.731913
   9.277344	  12.039659
   9.287109	   7.085262
   9.296875	   0.213609
   9.306641	  -7.822790
   9.316406	 -15.982276
   9.326172	 -23.127898
   9.335938	 -28.254521
   9.345703	 -30.697410
   9.355469	 -30.273564
   9.365234	 -27.322036
   9.375000	 -22.632638
   9.384766	 -17.278098
   9.394531	 -12.386740
   9.404297	  -8.905937
   9.414062	  -7.408144
   9.423828	  -7.981052
   9.433594	 -10.224097
   9.443359	 -13.349717
   9.453125	 -16.364871
   9.462891	 -18.291466
   9.472656	 -18.376982
   9.482422	 -16.250198
   9.492188	 -11.990321
   9.501953	  -6.097896
   9.511719	   0.622022
   9.521484	   7.234770
   9.531250	  12.867567
   9.541016	  16.874083
   9.550781	  18.936893
   9.560547	  19.089090
   9.570312	  17.656854
   9.580078	  15.144242
   9.589844	  12.094833
   9.599609	   8.968722
   9.609375	   6.066589
   9.619141	   3.517096
   9.628906	   1.324013
   9.638672	  -0.549095
   9.648438	  -2.090485
   9.658203	  -3.183110
   9.667969	  -3.603594
   9.677734	  -3.083391
   9.687500	  -1.416405
   9.697266	   1.420824
   9.707031	   5.178774
   9.716797	   9.312218
   9.726562	  13.045698
   9.736328	  15.522264
   9.746094	  16.004059
   9.755859	  14.073919
   9.765625	   9.781175
   9.775391	   3.685234
   9.785156	  -3.224875
   9.794922	  -9.724105
   9.804688	 -14.615633
   9.814453	 -17.001714
   9.824219	 -16.492410
   9.833984	 -13.297359
   9.843750	  -8.175090
   9.853516	  -2.251182
   9.863281	   3.249158
   9.873047	   7.286355
   9.882812	   9.237807
   9.892578	   9.018748
   9.902344	   7.066061
   9.912109	   4.194815
   9.921875	   1.369834
   9.931641	  -0.545306
   9.941406	  -0.996906
   9.951172	   0.142696
   9.960938	   2.574235
   9.970703	   5.677125
   9.980469	   8.685805
   9.990234	  10.885849
  10.000000	  11.778476
  10.009766	  11.175616
  10.019531	   9.209871
  10.029297	   6.267765
  10.039062	   2.873527
  10.048828	  -0.440262
  10.058594	  -3.240948
  10.068359	  -5.260007
  10.078125	  -6.406106
  10.087891	  -6.735106
  10.097656	  -6.395294
  10.107422	  -5.568978
  10.117188	  -4.427476
  10.126953	  -3.108020
  10.136719	  -1.711628
  10.146484	  -0.314020
  10.156250	   1.020962
  10.166016	   2.234008
  10.175781	   3.272611
  10.185547	   4.100821
  10.195312	   4.710336
  10.205078	   5.125945
  10.214844	   5.400666
  10.224609	   5.600268
  10.234375	   5.781439
  10.244141	   5.970684
  10.253906	   6.151234
  10.263672	   6.262701
  10.273438	   6.214069
  10.283203	   5.906401
  10.292969	   5.258864
  10.302734	   4.231211
  10.312500	   2.837582
  10.322266	   1.149551
  10.332031	  -0.710533
  10.341797	  -2.582892
  10.351562	  -4.286938
  10.361328	  -5.638831
  10.371094	  -6.469240
  10.380859	  -6.641698
  10.390625	  -6.071765
  10.400391	  -4.745721
  10.410156	  -2.735312
  10.419922	  -0.203358
  10.429688	   2.605037
  10.439453	   5.388617
  10.449219	   7.832100
  10.458984	   9.657699
  10.468750	  10.675141
  10.478516	  10.817607
  10.488281	  10.153043
  10.498047	   8.865937
  10.507812	   7.212414
  10.517578	   5.459240
  10.527344	   3.822442
  10.537109	   2.422010
  10.546875	   1.264975
  10.556641	   0.261151
  10.566406	  -0.733737
  10.576172	  -1.860946
  10.585938	  -3.205214
  10.595703	  -4.761264
  10.605469	  -6.430447
  10.615234	  -8.048257
  10.625000	  -9.433743
  10.634766	 -10.445006
  10.644531	 -11.023013
  10.654297	 -11.209562
  10.664062	 -11.133321
  10.673828	 -10.967800
  10.683594	 -10.873898
  10.693359	 -10.944596
  10.703125	 -11.168937
  10.712891	 -11.426835
  10.722656	 -11.517256
  10.732422	 -11.212604
  10.742188	 -10.324573
  10.751953	  -8.763463
  10.761719	  -6.574728
  10.771484	  -3.942704
  10.781250	  -1.160114
  10.791016	   1.429316
  10.800781	   3.501375
  10.810547	   4.818534
  10.820312	   5.278733
  10.830078	   4.935597
  10.839844	   3.986662
  10.849609	   2.733175
  10.859375	   1.520586
  10.869141	   0.672092
  10.878906	   0.428137
  10.888672	   0.902886
  10.898438	   2.065073
  10.908203	   3.745991
  10.917969	   5.672593
  10.927734	   7.519342
  10.937500	   8.969216
  10.947266	   9.772530
  10.957031	   9.792508
  10.966797	   9.028764
  10.976562	   7.614011
  10.986328	   5.784679
  10.996094	   3.831689
  11.005859	   2.042094
  11.015625	   0.644551
  11.025391	  -0.229308
  11.035156	  -0.559348
  11.044922	  -0.425121
  11.054688	   0.027656
  11.064453	   0.632208
  11.074219	   1.244577
  11.083984	   1.774373
  11.093750	   2.194914
  11.103516	   2.531763
  11.113281	   2.835362
  11.123047	   3.148193
  11.132812	   3.478179
  11.142578	   3.787518
  11.152344	   4.000590
  11.162109	   4.027859
  11.171875	   3.797116
  11.181641	   3.280771
  11.191406	   2.509209
  11.201172	   1.565044
  11.210938	   0.559834
  11.220703	  -0.398926
  11.230469	  -1.238969
  11.240234	  -1.941352
  11.250000	  -2.538517
  11.259766	  -3.092270
  11.269531	  -3.658869
  11.279297	  -4.253490
  11.289062	  -4.827339
  11.298828	  -5.267200
  11.308594	  -5.420122
  11.318359	  -5.137513
  11.328125	  -4.325937
  11.337891	  -2.988662
  11.347656	  -1.243822
  11.357422	   0.688580
  11.367188	   2.529432
  11.376953	   4.002583
  11.386719	   4.899591
  11.396484	   5.129146
  11.406250	   4.737212
  11.416016	   3.892037
  11.425781	   2.838107
  11.435547	   1.831753
  11.445312	   1.076073
  11.455078	   0.672588
  11.464844	   0.601969
  11.474609	   0.737738
  11.484375	   0.887717
  11.494141	   0.850761
  11.503906	   0.472917
  11.513672	  -0.311652
  11.523438	  -1.464545
  11.533203	  -2.854107
  11.542969	  -4.288529
  11.552734	  -5.560902
  11.562500	  -6.494059
  11.572266	  -6.974527
  11.582031	  -6.968940
  11.591797	  -6.521486
  11.601562	  -5.735741
  11.611328	  -4.747391
  11.621094	  -3.695311
  11.630859	  -2.697458
  11.640625	  -1.835618
  11.650391	  -1.150316
  11.660156	  -0.644754
  11.669922	  -0.295168
  11.679688	  -0.064361
  11.689453	   0.084637
  11.699219	   0.177274
  11.708984	   0.220324
  11.718750	   0.199977
  11.728516	   0.085457
  11.738281	  -0.162348
  11.748047	  -0.578786
  11.757812	  -1.182336
  11.767578	  -1.963594
  11.777344	  -2.879432
  11.787109	  -3.854557
  11.796875	  -4.791017
  11.806641	  -5.584143
  11.816406	  -6.141482
  11.826172	  -6.400107
  11.835938	  -6.337890
  11.845703	  -5.975708
  11.855469	  -5.370065
  11.865234	  -4.598265
  11.875000	  -3.740413
  11.884766	  -2.863322
  11.894531	  -2.010619
  11.904297	  -1.201245
  11.914062	  -0.435759
  11.923828	   0.292634
  11.933594	   0.986801
  11.943359	   1.638377
  11.953125	   2.227032
  11.962891	   2.726293
  11.972656	   3.113433
  11.982422	   3.379383
  11.992188	   3.534568
  12.001953	   3.608068
  12.011719	   3.639982
  12.021484	   3.669406
  12.031250	   3.722136
  12.041016	   3.802436
  12.050781	   3.891824
  12.060547	   3.955397
  12.070312	   3.953530
  12.080078	   3.854918
  12.089844	   3.646433
  12.099609	   3.336486
  12.109375	   2.950897
  12.119141	   2.523038
  12.128906	   2.082008
  12.138672	   1.643290
  12.148438	   1.205337
  12.158203	   0.753287
  12.167969	   0.268322
  12.177734	  -0.260959
  12.187500	  -0.829506
  12.197266	  -1.412662
  12.207031	  -1.970170
  12.216797	  -2.455967
  12.226562	  -2.830200
  12.236328	  -3.069071
  12.246094	  -3.168961
  12.255859	  -3.143515
  12.265625	  -3.015118
  12.275391	  -2.804434
  12.285156	  -2.522495
  12.294922	  -2.168887
  12.304688	  -1.737127
  12.314453	  -1.225290
  12.324219	  -0.647521
  12.333984	  -0.041143
  12.343750	   0.534735
  12.353516	   1.010336
  12.363281	   1.323586
  12.373047	   1.440117
  12.382812	   1.367913
  12.392578	   1.160644
  12.402344	   0.906995
  12.412109	   0.707861
  12.421875	   0.647550
  12.431641	   0.767690
  12.441406	   1.052356
  12.451172	   1.429893
  12.460938	   1.791897
  12.470703	   2.024393
  12.480469	   2.042160
  12.490234	   1.815799
  12.500000	   1.383054
  12.509766	   0.840532
  12.519531	   0.317920
  12.529297	  -0.057838
  12.539062	  -0.197827
  12.548828	  -0.075548
  12.558594	   0.266625
  12.568359	   0.730382
  12.578125	   1.189446
  12.587891	   1.523827
  12.597656	   1.650046
  12.607422	   1.538766
  12.617188	   1.215538
  12.626953	   0.745847
  12.636719	   0.210461
  12.646484	  -0.320285
  12.656250	  -0.804888
  12.666016	  -1.236370
  12.675781	  -1.634489
  12.685547	  -2.028307
  12.695312	  -2.436091
  12.705078	  -2.850176
  12.714844	  -3.232442
  12.724609	  -3.522259
  12.734375	  -3.654349
  12.744141	  -3.580650
  12.753906	  -3.288788
  12.763672	  -2.810884
  12.773438	  -2.219425
  12.783203	  -1.611003
  12.792969	  -1.082480
  12.802734	  -0.706338
  12.812500	  -0.512183
  12.822266	  -0.479437
  12.832031	  -0.543021
  12.841797	  -0.610242
  12.851562	  -0.584239
  12.861328	  -0.387973
  12.871094	   0.016971
  12.880859	   0.620785
  12.890625	   1.366549
  12.900391	   2.161098
  12.910156	   2.892764
  12.919922	   3.452154
  12.929688	   3.752049
  12.939453	   3.743170
  12.949219	   3.423482
  12.958984	   2.839810
  12.968750	   2.081525
  12.978516	   1.267059
  12.988281	   0.524981
  12.998047	  -0.027664
  13.007812	  -0.306233
  13.017578	  -0.274675
  13.027344	   0.046540
  13.037109	   0.583076
  13.046875	   1.220284
  13.056641	   1.825475
  13.066406	   2.274480
  13.076172	   2.476661
  13.085938	   2.392558
  13.095703	   2.039934
  13.105469	   1.486803
  13.115234	   0.833335
  13.125000	   0.187469
  13.134766	  -0.359380
  13.144531	  -0.750314
  13.154297	  -0.970431
  13.164062	  -1.042694
  13.173828	  -1.014497
  13.183594	  -0.939721
  13.193359	  -0.862078
  13.203125	  -0.804604
  13.212891	  -0.767837
  13.222656	  -0.736152
  13.232422	  -0.689044
  13.242188	  -0.612749
  13.251953	  -0.507778
  13.261719	  -0.389726
  13.271484	  -0.283350
  13.281250	  -0.212430
  13.291016	  -0.189498
  13.300781	  -0.209550
  13.310547	  -0.250372
  13.320312	  -0.279654
  13.330078	  -0.266545
  13.339844	  -0.193544
  13.349609	  -0.064388
  13.359375	   0.095160
  13.369141	   0.244315
  13.378906	   0.340046
  13.388672	   0.351585
  13.398438	   0.271876
  13.408203	   0.122088
  13.417969	  -0.052525
  13.427734	  -0.194376
  13.437500	  -0.249423
  13.447266	  -0.182455
  13.457031	   0.012764
  13.466797	   0.311339
  13.476562	   0.663483
  13.486328	   1.007051
  13.496094	   1.282541
  13.505859	   1.446321
  13.515625	   1.478690
  13.525391	   1.385235
  13.535156	   1.192028
  13.544922	   0.936897
  13.554688	   0.659768
  13.564453	   0.394800
  13.574219	   0.165910
  13.583984	  -0.014128
  13.593750	  -0.141993
  13.603516	  -0.221137
  13.613281	  -0.259459
  13.623047	  -0.267989
  13.632812	  -0.260316
  13.642578	  -0.251882
  13.652344	  -0.258232
  13.662109	  -0.291843
  13.671875	  -0.358029
  13.681641	  -0.451266
  13.691406	  -0.553591
  13.701172	  -0.636390
  13.710938	  -0.665880
  13.720703	  -0.611272
  13.730469	  -0.453449
  13.740234	  -0.191504
  13.750000	   0.155132
  13.759766	   0.550018
  13.769531	   0.947802
  13.779297	   1.304872
  13.789062	   1.589363
  13.798828	   1.787465
  13.808594	   1.904099
  13.818359	   1.957830
  13.828125	   1.971790
  13.837891	   1.963728
  13.847656	   1.938595
  13.857422	   1.886254
  13.867188	   1.785184
  13.876953	   1.611033
  13.886719	   1.347197
  13.896484	   0.993894
  13.906250	   0.572594
  13.916016	   0.124172
  13.925781	  -0.298906
  13.935547	  -0.644123
  13.945312	  -0.870824
  13.955078	  -0.959027
  13.964844	  -0.912713
  13.974609	  -0.756859
  13.984375	  -0.529404
  13.994141	  -0.270723
  14.003906	  -0.013781
  14.013672	   0.222330
  14.023438	   0.433986
  14.033203	   0.629854
  14.042969	   0.824447
  14.052734	   1.030724
  14.062500	   1.254068
  14.072266	   1.489284
  14.082031	   1.721189
  14.091797	   1.928211
  14.101562	   2.087677
  14.111328	   2.181173
  14.121094	   2.198621
  14.130859	   2.140287
  14.140625	   2.016594
  14.150391	   1.846110
  14.160156	   1.652340
  14.169922	   1.459947
  14.179688	   1.290916
  14.189453	   1.161039
  14.199219	   1.077125
  14.208984	   1.035367
  14.218750	   1.021374
  14.228516	   1.012273
  14.238281	   0.980934
  14.248047	   0.901826
  14.257812	   0.757374
  14.267578	   0.543251
  14.277344	   0.270993
  14.287109	  -0.033199
  14.296875	  -0.333617
  14.306641	  -0.593154
  14.316406	  -0.782320
  14.326172	  -0.886619
  14.335938	  -0.910053
  14.345703	  -0.873525
  14.355469	  -0.808458
  14.365234	  -0.747449
  14.375000	  -0.714798
  14.384766	  -0.719874
  14.394531	  -0.755414
  14.404297	  -0.801287
  14.414062	  -0.832410
  14.423828	  -0.828080
  14.433594	  -0.779481
  14.443359	  -0.692675
  14.453125	  -0.585964
  14.462891	  -0.482470
  14.472656	  -0.400576
  14.482422	  -0.345734
  14.492188	  -0.306853
  14.501953	  -0.258973
  14.511719	  -0.171767
  14.521484	  -0.021275
  14.531250	   0.199095
  14.541016	   0.472293
  14.550781	   0.758792
  14.560547	   1.005515
  14.570312	   1.160317
  14.580078	   1.187776
  14.589844	   1.081386
  14.599609	   0.868058
  14.609375	   0.603112
  14.619141	   0.356759
  14.628906	   0.195786
  14.638672	   0.165669
  14.648438	   0.278338
  14.658203	   0.509180
  14.667969	   0.804115
  14.677734	   1.094617
  14.687500	   1.316246
  14.697266	   1.425306
  14.707031	   1.408981
  14.716797	   1.286372
  14.726562	   1.100624
  14.736328	   0.904973
  14.746094	   0.747110
  14.755859	   0.656524
  14.765625	   0.638241
  14.775391	   0.674241
  14.785156	   0.731431
  14.794922	   0.773191
  14.804688	   0.770719
  14.814453	   0.710809
  14.824219	   0.598146
  14.833984	   0.452071
  14.843750	   0.299489
  14.853516	   0.166577
  14.863281	   0.072025
  14.873047	   0.023676
  14.882812	   0.019124
  14.892578	   0.049437
  14.902344	   0.104274
  14.912109	   0.176394
  14.921875	   0.264057
  14.931641	   0.370708
  14.941406	   0.502369
  14.951172	   0.663898
  14.960938	   0.855560
  14.970703	   1.071082
  14.980469	   1.297740
  14.990234	   1.518318
  15.000000	   1.714212
  15.009766	   1.868690
  15.019531	   1.969489
  15.029297	   2.010256
  15.039062	   1.990783
  15.048828	   1.916311
  15.058594	   1.796284
  15.068359	   1.642866
  15.078125	   1.469370
  15.087891	   1.288597
  15.097656	   1.111128
  15.107422	   0.943699
  15.117188	   0.788041
  15.126953	   0.640648
  15.136719	   0.493892
  15.146484	   0.338572
  15.156250	   0.167510
  15.166016	  -0.020703
  15.175781	  -0.218980
  15.185547	  -0.411133
  15.195312	  -0.574022
  15.205078	  -0.682268
  15.214844	  -0.714527
  15.224609	  -0.659656
  15.234375	  -0.520981
  15.244141	  -0.317247
  15.253906	  -0.079750
  15.263672	   0.153775
  15.273438	   0.346930
  15.283203	   0.472059
  15.292969	   0.515308
  15.302734	   0.478124
  15.312500	   0.375050
  15.322266	   0.228767
  15.332031	   0.064069
  15.341797	  -0.097383
  15.351562	  -0.240147
  15.361328	  -0.355450
  15.371094	  -0.439492
  15.380859	  -0.490827
  15.390625	  -0.508258
  15.400391	  -0.490268
  15.410156	  -0.436268
  15.419922	  -0.349011
  15.429688	  -0.236906
  15.439453	  -0.114856
  15.449219	  -0.002695
  15.458984	   0.078788
  15.468750	   0.113276
  15.478516	   0.094110
  15.488281	   0.027413
  15.498047	  -0.068154
  15.507812	  -0.165303
  15.517578	  -0.234785
  15.527344	  -0.252959
  15.537109	  -0.208044
  15.546875	  -0.103195
  15.556641	   0.044486
  15.566406	   0.208627
  15.576172	   0.360444
  15.585938	   0.475661
  15.595703	   0.539469
  15.605469	   0.548272
  15.615234	   0.508097
  15.625000	   0.430663
  15.634766	   0.328802
  15.644531	   0.212941
  15.654297	   0.089789
  15.664062	  -0.036640
  15.673828	  -0.162515
  15.683594	  -0.281653
  15.693359	  -0.384425
  15.703125	  -0.458947
  15.712891	  -0.494393
  15.722656	  -0.485302
  15.732422	  -0.435138
  15.742188	  -0.357451
  15.751953	  -0.273732
  15.761719	  -0.208191
  15.771484	  -0.180896
  15.781250	  -0.201425
  15.791016	  -0.265234
  15.800781	  -0.354162
  15.810547	  -0.441203
  15.820312	  -0.498253
  15.830078	  -0.504475
  15.839844	  -0.452650
  15.849609	  -0.351437
  15.859375	  -0.222758
  15.869141	  -0.095077
  15.878906	   0.005315
  15.888672	   0.062258
  15.898438	   0.074408
  15.908203	   0.055223
  15.917969	   0.028316
  15.927734	   0.019750
  15.937500	   0.049759
  15.947266	   0.126486
  15.957031	   0.243605
  15.966797	   0.382354
  15.976562	   0.517081
  15.986328	   0.622363
  15.996094	   0.679368
  16.005859	   0.679607
  16.015625	   0.625217
  16.025391	   0.526200
  16.035156	   0.396022
  16.044922	   0.247406
  16.054688	   0.089877
  16.064453	  -0.070242
  16.074219	  -0.227739
  16.083984	  -0.375595
  16.093750	  -0.502837
  16.103516	  -0.594505
  16.113281	  -0.634211
  16.123047	  -0.608708
  16.132812	  -0.513009
  16.142578	  -0.354168
  16.152344	  -0.152157
  16.162109	   0.062886
  16.171875	   0.256588
  16.181641	   0.397941
  16.191406	   0.466475
  16.201172	   0.456958
  16.210938	   0.380309
  16.220703	   0.260520
  16.230469	   0.128525
  16.240234	   0.014777
  16.250000	  -0.057457
  16.259766	  -0.076477
  16.269531	  -0.043358
  16.279297	   0.029821
  16.289062	   0.123823
  16.298828	   0.216825
  16.308594	   0.288491
  16.318359	   0.322788
  16.328125	   0.309379
  16.337891	   0.243919
  16.347656	   0.127825
  16.357422	  -0.032075
  16.367188	  -0.223877
  16.376953	  -0.431202
  16.386719	  -0.634474
  16.396484	  -0.813198
  16.406250	  -0.949194
  16.416016	  -1.030191
  16.425781	  -1.052852
  16.435547	  -1.024154
  16.445312	  -0.960393
  16.455078	  -0.883727
  16.464844	  -0.816960
  16.474609	  -0.777915
  16.484375	  -0.775018
  16.494141	  -0.805431
  16.503906	  -0.856341
  16.513672	  -0.909069
  16.523438	  -0.944719
  16.533203	  -0.949650
  16.542969	  -0.919064
  16.552734	  -0.857672
  16.562500	  -0.777338
  16.572266	  -0.692642
  16.582031	  -0.615916
  16.591797	  -0.553493
  16.601562	  -0.504354
  16.611328	  -0.461559
  16.621094	  -0.415775
  16.630859	  -0.359528
  16.640625	  -0.290567
  16.650391	  -0.213084
  16.660156	  -0.136350
  16.669922	  -0.071330
  16.679688	  -0.026536
  16.689453	  -0.004749
  16.699219	  -0.001851
  16.708984	  -0.008292
  16.718750	  -0.012707
  16.728516	  -0.006377
  16.738281	   0.013107
  16.748047	   0.040378
  16.757812	   0.063692
  16.767578	   0.068803
  16.777344	   0.044069
  16.787109	  -0.014965
  16.796875	  -0.103090
  16.806641	  -0.206001
  16.816406	  -0.303775
  16.826172	  -0.376195
  16.835938	  -0.408229
  16.845703	  -0.393931
  16.855469	  -0.337620
  16.865234	  -0.252081
  16.875000	  -0.154546
  16.884766	  -0.061882
  16.894531	   0.013433
  16.904297	   0.065355
  16.914062	   0.093923
  16.923828	   0.103025
  16.933594	   0.097392
  16.943359	   0.080161
  16.953125	   0.051989
  16.962891	   0.011997
  16.972656	  -0.039978
  16.982422	  -0.100949
  16.992188	  -0.163401
  17.001953	  -0.215852
  17.011719	  -0.245465
  17.021484	  -0.241997
  17.031250	  -0.201741
  17.041016	  -0.129968
  17.050781	  -0.040794
  17.060547	   0.045781
  17.070312	   0.108946
  17.080078	   0.132780
  17.089844	   0.110806
  17.099609	   0.047946
  17.109375	  -0.040789
  17.119141	  -0.134491
  17.128906	  -0.212136
  17.138672	  -0.258180
  17.148438	  -0.266302
  17.158203	  -0.240271
  17.167969	  -0.191879
  17.177734	  -0.136819
  17.187500	  -0.089985
  17.197266	  -0.061734
  17.207031	  -0.056185
  17.216797	  -0.071844
  17.226562	  -0.103966
  17.236328	  -0.147522
  17.246094	  -0.199504
  17.255859	  -0.259670
  17.265625	  -0.329541
  17.275391	  -0.410185
  17.285156	  -0.499879
  17.294922	  -0.592753
  17.304688	  -0.679205
  17.314453	  -0.748121
  17.324219	  -0.790232
  17.333984	  -0.801391
  17.343750	  -0.784530
  17.353516	  -0.749417
  17.363281	  -0.710123
  17.373047	  -0.680908
  17.382812	  -0.671829
  17.392578	  -0.685532
  17.402344	  -0.716338
  17.412109	  -0.751946
  17.421875	  -0.777258
  17.431641	  -0.779069
  17.441406	  -0.750107
  17.451172	  -0.691150
  17.460938	  -0.610574
  17.470703	  -0.521590
  17.480469	  -0.438142
  17.490234	  -0.370886
  17.500000	  -0.324514
  17.509766	  -0.297235
  17.519531	  -0.282374
  17.529297	  -0.271385
  17.539062	  -0.257098
  17.548828	  -0.236037
  17.558594	  -0.209061
  17.568359	  -0.180240
  17.578125	  -0.154572
  17.587891	  -0.135505
  17.597656	  -0.123308
  17.607422	  -0.114929
  17.617188	  -0.105385
  17.626953	  -0.090115
  17.636719	  -0.067336
  17.646484	  -0.039434
  17.656250	  -0.012768
  17.666016	   0.004137
  17.675781	   0.003413
  17.685547	  -0.019283
  17.695312	  -0.062878
  17.705078	  -0.120656
  17.714844	  -0.181806
  17.724609	  -0.234247
  17.734375	  -0.267798
  17.744141	  -0.276683
  17.753906	  -0.260620
  17.763672	  -0.224283
  17.773438	  -0.175452
  17.783203	  -0.122633
  17.792969	  -0.072984
  17.802734	  -0.031219
  17.812500	   0.000337
  17.822266	   0.020814
  17.832031	   0.029618
  17.841797	   0.025682
  17.851562	   0.007585
  17.861328	  -0.025463
  17.871094	  -0.072239
  17.880859	  -0.128423
  17.890625	  -0.186512
  17.900391	  -0.237060
  17.910156	  -0.271043
  17.919922	  -0.282653
  17.929688	  -0.271528
  17.939453	  -0.243518
  17.949219	  -0.209497
  17.958984	  -0.182414
  17.968750	  -0.173389
  17.978516	  -0.188094
  17.988281	  -0.224610
  17.998047	  -0.273576
  18.007812	  -0.320646
  18.017578	  -0.350584
  18.027344	  -0.351699
  18.037109	  -0.319229
  18.046875	  -0.256610
  18.056641	  -0.174256
  18.066406	  -0.086302
  18.076172	  -0.006430
  18.085938	   0.055833
  18.095703	   0.097157
  18.105469	   0.120217
  18.115234	   0.131480
  18.125000	   0.137886
  18.134766	   0.143698
  18.144531	   0.148680
  18.154297	   0.148247
  18.164062	   0.135475
  18.173828	   0.104163
  18.183594	   0.051765
  18.193359	  -0.018973
  18.203125	  -0.100312
  18.212891	  -0.181700
  18.222656	  -0.253073
  18.232422	  -0.308072
  18.242188	  -0.345995
  18.251953	  -0.371748
  18.261719	  -0.393766
  18.271484	  -0.420646
  18.281250	  -0.457659
  18.291016	  -0.504430
  18.300781	  -0.554627
  18.310547	  -0.597803
  18.320312	  -0.622788
  18.330078	  -0.621449
  18.339844	  -0.591528
  18.349609	  -0.537559
  18.359375	  -0.469568
  18.369141	  -0.400011
  18.378906	  -0.340014
  18.388672	  -0.296201
  18.398438	  -0.269160
  18.408203	  -0.253996
  18.417969	  -0.242666
  18.427734	  -0.227188
  18.437500	  -0.202519
  18.447266	  -0.168084
  18.457031	  -0.127460
  18.466797	  -0.086424
  18.476562	  -0.050196
  18.486328	  -0.021002
  18.496094	   0.003071
  18.505859	   0.027419
  18.515625	   0.058693
  18.525391	   0.101803
  18.535156	   0.157315
  18.544922	   0.220264
  18.554688	   0.280945
  18.564453	   0.327504
  18.574219	   0.349528
  18.583984	   0.341416
  18.593750	   0.304388
  18.603516	   0.246413
  18.613281	   0.180055
  18.623047	   0.118949
  18.632812	   0.074049
  18.642578	   0.050864
  18.652344	   0.048530
  18.662109	   0.060908
  18.671875	   0.079206
  18.681641	   0.095127
  18.691406	   0.103413
  18.701172	   0.102936
  18.710938	   0.096073
  18.720703	   0.086734
  18.730469	   0.077925
  18.740234	   0.069858
  18.750000	   0.059412
  18.759766	   0.041173
  18.769531	   0.009701
  18.779297	  -0.037859
  18.789062	  -0.099827
  18.798828	  -0.169534
  18.808594	  -0.236617
  18.818359	  -0.289730
  18.828125	  -0.319791
  18.837891	  -0.322684
  18.847656	  -0.300482
  18.857422	  -0.260804
  18.867188	  -0.214476
  18.876953	  -0.172312
  18.886719	  -0.142031
  18.896484	  -0.126311
  18.906250	  -0.122514
  18.916016	  -0.124057
  18.925781	  -0.122869
  18.935547	  -0.112018
  18.945312	  -0.087650
  18.955078	  -0.049676
  18.964844	  -0.001146
  18.974609	   0.053263
  18.984375	   0.108953
  18.994141	   0.162610
  19.003906	   0.212490
  19.013672	   0.257802
  19.023438	   0.297606
  19.033203	   0.329848
  19.042969	   0.351097
  19.052734	   0.357226
  19.062500	   0.344859
  19.072266	   0.313035
  19.082031	   0.264360
  19.091797	   0.205079
  19.101562	   0.143856
  19.111328	   0.089546
  19.121094	   0.048694
  19.130859	   0.023601
  19.140625	   0.011723
  19.150391	   0.006668
  19.160156	   0.000516
  19.169922	  -0.013285
  19.179688	  -0.037469
  19.189453	  -0.069820
  19.199219	  -0.103771
  19.208984	  -0.130571
  19.218750	  -0.142262
  19.228516	  -0.134425
  19.238281	  -0.107708
  19.248047	  -0.067604
  19.257812	  -0.022547
  19.267578	   0.018983
  19.277344	   0.051273
  19.287109	   0.073090
  19.296875	   0.087654
  19.306641	   0.100873
  19.316406	   0.118510
  19.326172	   0.143354
  19.335938	   0.173500
  19.345703	   0.202460
  19.355469	   0.221164
  19.365234	   0.221195
  19.375000	   0.198121
  19.384766	   0.153697
  19.394531	   0.096046
  19.404297	   0.037637
  19.414062	  -0.008356
  19.423828	  -0.032136
  19.433594	  -0.030428
  19.443359	  -0.007579
  19.453125	   0.025800
  19.462891	   0.056258
  19.472656	   0.071883
  19.482422	   0.066187
  19.492188	   0.040216
  19.501953	   0.002180
  19.511719	  -0.035260
  19.521484	  -0.059125
  19.531250	  -0.060306
  19.541016	  -0.036429
  19.550781	   0.007519
  19.560547	   0.060925
  19.570312	   0.111008
  19.580078	   0.146797
  19.589844	   0.162302
  19.599609	   0.157897
  19.609375	   0.139558
  19.619141	   0.116370
  19.628906	   0.097276
  19.638672	   0.088220
  19.648438	   0.090644
  19.658203	   0.101741
  19.667969	   0.116205
  19.677734	   0.128698
  19.687500	   0.136032
  19.697266	   0.138237
  19.707031	   0.138164
  19.716797	   0.139852
  19.726562	   0.146392
  19.736328	   0.158174
  19.746094	   0.172293
  19.755859	   0.183363
  19.765625	   0.185502
  19.775391	   0.174698
  19.785156	   0.150674
  19.794922	   0.117473
  19.804688	   0.082501
  19.814453	   0.054307
  19.824219	   0.039885
  19.833984	   0.042445
  19.843750	   0.060484
  19.853516	   0.088466
  19.863281	   0.118869
  19.873047	   0.144848
  19.882812	   0.162524
  19.892578	   0.172061
  19.902344	   0.177159
  19.912109	   0.183153
  19.921875	   0.194487
  19.931641	   0.212523
  19.941406	   0.234568
  19.951172	   0.254526
  19.960938	   0.265001
  19.970703	   0.260073
  19.980469	   0.237744
  19.990234	   0.201101
  20.000000	   0.157714
  20.009766	   0.117406
  20.019531	   0.089142
  20.029297	   0.078123
  20.039062	   0.084106
  20.048828	   0.101571
  20.058594	   0.121690
  20.068359	   0.135407
  20.078125	   0.136565
  20.087891	   0.123957
  20.097656	   0.101596
  20.107422	   0.077118
  20.117188	   0.058914
  20.126953	   0.053029
  20.136719	   0.060978
  20.146484	   0.079240
  20.156250	   0.100645
  20.166016	   0.117111
  20.175781	   0.122731
  20.185547	   0.116063
  20.195312	   0.100749
  20.205078	   0.084214
  20.214844	   0.074888
  20.224609	   0.078945
  20.234375	   0.097758
  20.244141	   0.127023
  20.253906	   0.157921
  20.263672	   0.179969
  20.273438	   0.184574
  20.283203	   0.168061
  20.292969	   0.133100
  20.302734	   0.087989
  20.312500	   0.044032
  20.322266	   0.011870
  20.332031	  -0.001959
  20.341797	   0.002926
  20.351562	   0.020786
  20.361328	   0.041862
  20.371094	   0.055802
  20.380859	   0.055227
  20.390625	   0.038214
  20.400391	   0.008878
  20.410156	  -0.024129
  20.419922	  -0.050628
  20.429688	  -0.062384
  20.439453	  -0.055834
  20.449219	  -0.033169
  20.458984	  -0.001445
  20.468750	   0.029919
  20.478516	   0.052336
  20.488281	   0.060846
  20.498047	   0.055573
  20.507812	   0.041417
  20.517578	   0.026177
  20.527344	   0.017811
  20.537109	   0.021826
  20.546875	   0.039652
  20.556641	   0.068476
  20.566406	   0.102485
  20.576172	   0.134939
  20.585938	   0.160317
  20.595703	   0.175766
  20.605469	   0.181447
  20.615234	   0.179819
  20.625000	   0.174279
  20.634766	   0.167788
  20.644531	   0.162056
  20.654297	   0.157541
  20.664062	   0.154131
  20.673828	   0.152083
  20.683594	   0.152646
  20.693359	   0.157957
  20.703125	   0.170138
  20.712891	   0.189908
  20.722656	   0.215316
  20.732422	   0.241257
  20.742188	   0.260182
  20.751953	   0.263986
  20.761719	   0.246553
  20.771484	   0.206144
  20.781250	   0.146698
  20.791016	   0.077464
  20.800781	   0.010896
  20.810547	  -0.040670
  20.820312	  -0.068520
  20.830078	  -0.070141
  20.839844	  -0.049965
  20.849609	  -0.017976
  20.859375	   0.013415
  20.869141	   0.033253
  20.878906	   0.035396
  20.888672	   0.020261
  20.898438	  -0.005633
  20.908203	  -0.032144
  20.917969	  -0.049163
  20.927734	  -0.050174
  20.937500	  -0.034522
  20.947266	  -0.007605
  20.957031	   0.021062
  20.966797	   0.041197
  20.976562	   0.045368
  20.986328	   0.031587
  20.996094	   0.004008
  21.005859	  -0.028524
  21.015625	  -0.055522
  21.025391	  -0.068443
  21.035156	  -0.063538
  21.044922	  -0.042989
  21.054688	  -0.013943
  21.064453	   0.014176
  21.074219	   0.033116
  21.083984	   0.038760
  21.093750	   0.032568
  21.103516	   0.020977
  21.113281	   0.012998
  21.123047	   0.016861
  21.132812	   0.036895
  21.142578	   0.071760
  21.152344	   0.114625
  21.162109	   0.155252
  21.171875	   0.183224
  21.181641	   0.191222
  21.191406	   0.177220
  21.201172	   0.144874
  21.210938	   0.102039
  21.220703	   0.057970
  21.230469	   0.020243
  21.240234	  -0.007541
  21.250000	  -0.026489
  21.259766	  -0.041394
  21.269531	  -0.058394
  21.279297	  -0.082217
  21.289062	  -0.114018
  21.298828	  -0.150613
  21.308594	  -0.185350
  21.318359	  -0.210301
  21.328125	  -0.218980
  21.337891	  -0.208609
  21.347656	  -0.181166
  21.357422	  -0.142855
  21.367188	  -0.102246
  21.376953	  -0.067733
  21.386719	  -0.045207
  21.396484	  -0.036687
  21.406250	  -0.040278
  21.416016	  -0.051350
  21.425781	  -0.064382
  21.435547	  -0.074755
  21.445312	  -0.079861
  21.455078	  -0.079211
  21.464844	  -0.073679
  21.474609	  -0.064347
  21.484375	  -0.051567
  21.494141	  -0.034730
  21.503906	  -0.012880
  21.513672	   0.014081
  21.523438	   0.044171
  21.533203	   0.072744
  21.542969	   0.092993
  21.552734	   0.097587
  21.562500	   0.081008
  21.572266	   0.041819
  21.582031	  -0.015995
  21.591797	  -0.083226
  21.601562	  -0.147319
  21.611328	  -0.195472
  21.621094	  -0.218060
  21.630859	  -0.211324
  21.640625	  -0.178435
  21.650391	  -0.128579
  21.660156	  -0.074292
  21.669922	  -0.027900
  21.679688	   0.001831
  21.689453	   0.011812
  21.699219	   0.004877
  21.708984	  -0.011795
  21.718750	  -0.029475
  21.728516	  -0.040895
  21.738281	  -0.042431
  21.748047	  -0.034785
  21.757812	  -0.022017
  21.767578	  -0.009405
  21.777344	  -0.001005
  21.787109	   0.002154
  21.796875	   0.002533
  21.806641	   0.005055
  21.816406	   0.014990
  21.826172	   0.035566
  21.835938	   0.066258
  21.845703	   0.102430
  21.855469	   0.136529
  21.865234	   0.160465
  21.875000	   0.168334
  21.884766	   0.158513
  21.894531	   0.134370
  21.904297	   0.103289
  21.914062	   0.074313
  21.923828	   0.055205
  21.933594	   0.049924
  21.943359	   0.057384
  21.953125	   0.071913
  21.962891	   0.085254
  21.972656	   0.089409
  21.982422	   0.079361
  21.992188	   0.054757
  22.001953	   0.020010
  22.011719	  -0.017170
  22.021484	  -0.048280
  22.031250	  -0.066686
  22.041016	  -0.069578
  22.050781	  -0.058586
  22.060547	  -0.038959
  22.070312	  -0.017679
  22.080078	  -0.001211
  22.089844	   0.006312
  22.099609	   0.003917
  22.109375	  -0.006539
  22.119141	  -0.021591
  22.128906	  -0.037704
  22.138672	  -0.052501
  22.148438	  -0.065225
  22.158203	  -0.076350
  22.167969	  -0.086598
  22.177734	  -0.095899
  22.187500	  -0.102814
  22.197266	  -0.104764
  22.207031	  -0.099027
  22.216797	  -0.084116
  22.226562	  -0.060965
  22.236328	  -0.033335
  22.246094	  -0.007158
  22.255859	   0.011084
  22.265625	   0.016441
  22.275391	   0.007314
  22.285156	  -0.013685
  22.294922	  -0.040220
  22.304688	  -0.064003
  22.314453	  -0.077307
  22.324219	  -0.075403
  22.333984	  -0.058089
  22.343750	  -0.029767
  22.353516	   0.001974
  22.363281	   0.028804
  22.373047	   0.044305
  22.382812	   0.045892
  22.392578	   0.035392
  22.402344	   0.018059
  22.412109	   0.000428
  22.421875	  -0.012212
  22.431641	  -0.017795
  22.441406	  -0.018183
  22.451172	  -0.018322
  22.460938	  -0.024154
  22.470703	  -0.040036
  22.480469	  -0.066636
  22.490234	  -0.100091
  22.500000	  -0.132810
  22.509766	  -0.155695
  22.519531	  -0.161062
  22.529297	  -0.145273
  22.539062	  -0.110157
  22.548828	  -0.062713
  22.558594	  -0.013170
  22.568359	   0.027986
  22.578125	   0.053040
  22.587891	   0.059162
  22.597656	   0.048931
  22.607422	   0.029180
  22.617188	   0.008578
  22.626953	  -0.005177
  22.636719	  -0.007628
  22.646484	   0.001433
  22.656250	   0.018457
  22.666016	   0.037850
  22.675781	   0.054211
  22.685547	   0.064250
  22.695312	   0.067726
  22.705078	   0.067107
  22.714844	   0.066172
  22.724609	   0.068150
  22.734375	   0.074132
  22.744141	   0.082401
  22.753906	   0.088921
  22.763672	   0.088817
  22.773438	   0.078274
  22.783203	   0.056136
  22.792969	   0.024604
  22.802734	  -0.011252
  22.812500	  -0.045007
  22.822266	  -0.070871
  22.832031	  -0.085466
  22.841797	  -0.088764
  22.851562	  -0.083867
  22.861328	  -0.075754
  22.871094	  -0.069457
  22.880859	  -0.068345
  22.890625	  -0.073107
  22.900391	  -0.081777
  22.910156	  -0.090723
  22.919922	  -0.096184
  22.929688	  -0.095751
  22.939453	  -0.089236
  22.949219	  -0.078614
  22.958984	  -0.067115
  22.968750	  -0.057845
  22.978516	  -0.052523
  22.988281	  -0.050819
  22.998047	  -0.050588
  23.007812	  -0.048870
  23.017578	  -0.043270
  23.027344	  -0.033134
  23.037109	  -0.020015
  23.046875	  -0.007226
  23.056641	   0.001406
  23.066406	   0.003100
  23.076172	  -0.002607
  23.085938	  -0.013429
  23.095703	  -0.024942
  23.105469	  -0.032098
  23.115234	  -0.031091
  23.125000	  -0.020906
  23.134766	  -0.003913
  23.144531	   0.014753
  23.154297	   0.028881
  23.164062	   0.033382
  23.173828	   0.026215
  23.183594	   0.009321
  23.193359	  -0.011805
  23.203125	  -0.029825
  23.212891	  -0.037995
  23.222656	  -0.032488
  23.232422	  -0.013790
  23.242188	   0.013340
  23.251953	   0.041378
  23.261719	   0.062503
  23.271484	   0.071184
  23.281250	   0.066000
  23.291016	   0.050042
  23.300781	   0.029766
  23.310547	   0.012672
  23.320312	   0.004632
  23.330078	   0.007799
  23.339844	   0.019827
  23.349609	   0.034687
  23.359375	   0.044803
  23.369141	   0.043765
  23.378906	   0.028680
  23.388672	   0.001351
  23.398438	  -0.032141
  23.408203	  -0.063287
  23.417969	  -0.083825
  23.427734	  -0.088315
  23.437500	  -0.075779
  23.447266	  -0.049857
  23.457031	  -0.017503
  23.466797	   0.013318
  23.476562	   0.036102
  23.486328	   0.047637
  23.496094	   0.048608
  23.505859	   0.042861
  23.515625	   0.035678
  23.525391	   0.031739
  23.535156	   0.033517
  23.544922	   0.040643
  23.554688	   0.050411
  23.564453	   0.059132
  23.574219	   0.063767
  23.583984	   0.063198
  23.593750	   0.058622
  23.603516	   0.052975
  23.613281	   0.049625
  23.623047	   0.050886
  23.632812	   0.056949
  23.642578	   0.065684
  23.652344	   0.073384
  23.662109	   0.076192
  23.671875	   0.071637
  23.681641	   0.059691
  23.691406	   0.042911
  23.701172	   0.025584
  23.710938	   0.012189
  23.720703	   0.005737
  23.730469	   0.006625
  23.740234	   0.012451
  23.750000	   0.018880
  23.759766	   0.021246
  23.769531	   0.016305
  23.779297	   0.003482
  23.789062	  -0.014875
  23.798828	  -0.034338
  23.808594	  -0.050029
  23.818359	  -0.058443
  23.828125	  -0.058755
  23.837891	  -0.053116
  23.847656	  -0.045788
  23.857422	  -0.041438
  23.867188	  -0.043211
  23.876953	  -0.051327
  23.886719	  -0.062779
  23.896484	  -0.072277
  23.906250	  -0.074176
  23.916016	  -0.064679
  23.925781	  -0.043529
  23.935547	  -0.014517
  23.945312	   0.015447
  23.955078	   0.038435
  23.964844	   0.048095
  23.974609	   0.041835
  23.984375	   0.021829
  23.994141	  -0.005550
  24.003906	  -0.031724
  24.013672	  -0.048659
  24.023438	  -0.051472
  24.033203	  -0.039985
  24.042969	  -0.018705
  24.052734	   0.004774
  24.062500	   0.022399
  24.072266	   0.028413
  24.082031	   0.021309
  24.091797	   0.004292
  24.101562	  -0.015865
  24.111328	  -0.031191
  24.121094	  -0.035280
  24.130859	  -0.025493
  24.140625	  -0.003864
  24.150391	   0.023594
  24.160156	   0.048910
  24.169922	   0.064815
  24.179688	   0.067116
  24.189453	   0.056002
  24.199219	   0.035878
  24.208984	   0.013824
  24.218750	  -0.002760
  24.228516	  -0.008506
  24.238281	  -0.001669
  24.248047	   0.015524
  24.257812	   0.037795
  24.267578	   0.058601
  24.277344	   0.072132
  24.287109	   0.074846
  24.296875	   0.066088
  24.306641	   0.047720
  24.316406	   0.023033
  24.326172	  -0.004543
  24.335938	  -0.032409
  24.345703	  -0.059126
  24.355469	  -0.084056
  24.365234	  -0.106617
  24.375000	  -0.125563
  24.384766	  -0.138734
  24.394531	  -0.143448
  24.404297	  -0.137445
  24.414062	  -0.120006
  24.423828	  -0.092753
  24.433594	  -0.059709
  24.443359	  -0.026485
  24.453125	   0.001231
  24.462891	   0.019368
  24.472656	   0.026754
  24.482422	   0.025478
  24.492188	   0.020142
  24.501953	   0.016211
  24.511719	   0.018019
  24.521484	   0.027136
  24.531250	   0.041712
  24.541016	   0.057064
  24.550781	   0.067351
  24.560547	   0.067744
  24.570312	   0.056328
  24.580078	   0.035024
  24.589844	   0.009154
  24.599609	  -0.014248
  24.609375	  -0.028798
  24.619141	  -0.030998
  24.628906	  -0.021503
  24.638672	  -0.004968
  24.648438	   0.011536
  24.658203	   0.021001
  24.667969	   0.019000
  24.677734	   0.005350
  24.687500	  -0.015694
  24.697266	  -0.036809
  24.707031	  -0.050106
  24.716797	  -0.049891
  24.726562	  -0.034739
  24.736328	  -0.008137
  24.746094	   0.022553
  24.755859	   0.048460
  24.765625	   0.062115
  24.775391	   0.059901
  24.785156	   0.043199
  24.794922	   0.017849
  24.804688	  -0.007878
  24.814453	  -0.026101
  24.824219	  -0.031946
  24.833984	  -0.025073
  24.843750	  -0.009593
  24.853516	   0.007571
  24.863281	   0.019268
  24.873047	   0.020747
  24.882812	   0.011378
  24.892578	  -0.005104
  24.902344	  -0.021939
  24.912109	  -0.031750
  24.921875	  -0.029183
  24.931641	  -0.012854
  24.941406	   0.014079
  24.951172	   0.044895
  24.960938	   0.071494
  24.970703	   0.087011
  24.980469	   0.087986
  24.990234	   0.075344
  25.000000	   0.053927
  25.009766	   0.030768
  25.019531	   0.012759
  25.029297	   0.004523
  25.039062	   0.007195
  25.048828	   0.018451
  25.058594	   0.033692
  25.068359	   0.047854
  25.078125	   0.057169
  25.087891	   0.060244
  25.097656	   0.058118
  25.107422	   0.053389
  25.117188	   0.048830
  25.126953	   0.046090
  25.136719	   0.045017
  25.146484	   0.043861
  25.156250	   0.040233
  25.166016	   0.032406
  25.175781	   0.020375
  25.185547	   0.006202
  25.195312	  -0.006550
  25.205078	  -0.014116
  25.214844	  -0.014068
  25.224609	  -0.006485
  25.234375	   0.005745
  25.244141	   0.017687
  25.253906	   0.023949
  25.263672	   0.020579
  25.273438	   0.006559
  25.283203	  -0.015669
  25.292969	  -0.040869
  25.302734	  -0.062690
  25.312500	  -0.075768
  25.322266	  -0.077517
  25.332031	  -0.068953
  25.341797	  -0.054242
  25.351562	  -0.039124
  25.361328	  -0.028764
  25.371094	  -0.025817
  25.380859	  -0.029423
  25.390625	  -0.035505
  25.400391	  -0.038299
  25.410156	  -0.032569
  25.419922	  -0.015711
  25.429688	   0.011035
  25.439453	   0.042723
  25.449219	   0.072190
  25.458984	   0.092377
  25.468750	   0.098694
  25.478516	   0.090563
  25.488281	   0.071613
  25.498047	   0.048417
  25.507812	   0.028217
  25.517578	   0.016446
  25.527344	   0.014907
  25.537109	   0.021263
  25.546875	   0.030029
  25.556641	   0.034698
  25.566406	   0.030254
  25.576172	   0.015159
  25.585938	  -0.007901
  25.595703	  -0.032787
  25.605469	  -0.051949
  25.615234	  -0.059023
  25.625000	  -0.051075
  25.634766	  -0.029700
  25.644531	  -0.000597
  25.654297	   0.028246
  25.664062	   0.049126
  25.673828	   0.057076
  25.683594	   0.051355
  25.693359	   0.035504
  25.703125	   0.015967
  25.712891	  -0.000195
  25.722656	  -0.007699
  25.732422	  -0.004708
  25.742188	   0.006760
  25.751953	   0.021770
  25.761719	   0.034363
  25.771484	   0.039686
  25.781250	   0.035587
  25.791016	   0.023150
  25.800781	   0.006010
  25.810547	  -0.011205
  25.820312	  -0.024694
  25.830078	  -0.032856
  25.839844	  -0.036702
  25.849609	  -0.039193
  25.859375	  -0.043768
  25.869141	  -0.052697
  25.878906	  -0.065880
  25.888672	  -0.080623
  25.898438	  -0.092467
  25.908203	  -0.096797
  25.917969	  -0.090621
  25.927734	  -0.073844
  25.937500	  -0.049542
  25.947266	  -0.023106
  25.957031	  -0.000546
  25.966797	   0.013437
  25.976562	   0.016922
  25.986328	   0.011242
  25.996094	   0.000313
  26.005859	  -0.010930
  26.015625	  -0.018391
  26.025391	  -0.020271
  26.035156	  -0.017572
  26.044922	  -0.013477
  26.054688	  -0.011835
  26.064453	  -0.015367
  26.074219	  -0.024284
  26.083984	  -0.035907
  26.093750	  -0.045462
  26.103516	  -0.047820
  26.113281	  -0.039546
  26.123047	  -0.020489
  26.132812	   0.005725
  26.142578	   0.032536
  26.152344	   0.052430
  26.162109	   0.059377
  26.171875	   0.050912
  26.181641	   0.029108
  26.191406	   0.000057
  26.201172	  -0.027976
  26.210938	  -0.047154
  26.220703	  -0.052527
  26.230469	  -0.043533
  26.240234	  -0.024032
  26.250000	  -0.000884
  26.259766	   0.018441
  26.269531	   0.028371
  26.279297	   0.027014
  26.289062	   0.016611
  26.298828	   0.002552
  26.308594	  -0.008671
  26.318359	  -0.011812
  26.328125	  -0.004694
  26.337891	   0.011141
  26.347656	   0.031129
  26.357422	   0.049455
  26.367188	   0.061215
  26.376953	   0.064172
  26.386719	   0.059470
  26.396484	   0.051076
  26.406250	   0.044160
  26.416016	   0.043054
  26.425781	   0.049541
  26.435547	   0.062127
  26.445312	   0.076549
  26.455078	   0.087341
  26.464844	   0.089873
  26.474609	   0.082102
  26.484375	   0.065389
  26.494141	   0.044065
  26.503906	   0.023897
  26.513672	   0.010019
  26.523438	   0.005054
  26.533203	   0.008133
  26.542969	   0.015161
  26.552734	   0.020242
  26.562500	   0.017762
  26.572266	   0.004393
  26.582031	  -0.019697
  26.591797	  -0.050823
  26.601562	  -0.082972
  26.611328	  -0.109736
  26.621094	  -0.126325
  26.630859	  -0.130951
  26.640625	  -0.125135
  26.650391	  -0.112886
  26.660156	  -0.099105
  26.669922	  -0.087831
  26.679688	  -0.080979
  26.689453	  -0.077997
  26.699219	  -0.076512
  26.708984	  -0.073655
  26.718750	  -0.067480
  26.728516	  -0.057911
  26.738281	  -0.046807
  26.748047	  -0.037128
  26.757812	  -0.031547
  26.767578	  -0.031070
  26.777344	  -0.034269
  26.787109	  -0.037494
  26.796875	  -0.036041
  26.806641	  -0.025893
  26.816406	  -0.005393
  26.826172	   0.023822
  26.835938	   0.057020
  26.845703	   0.087719
  26.855469	   0.109761
  26.865234	   0.119381
  26.875000	   0.116552
  26.884766	   0.105066
  26.894531	   0.091291
  26.904297	   0.081987
  26.914062	   0.081942
  26.923828	   0.092245
  26.933594	   0.109824
  26.943359	   0.128454
  26.953125	   0.140886
  26.962891	   0.141395
  26.972656	   0.127830
  26.982422	   0.102471
  26.992188	   0.071352
  27.001953	   0.042275
  27.011719	   0.022201
  27.021484	   0.014911
  27.031250	   0.019745
  27.041016	   0.031877
  27.050781	   0.044006
  27.060547	   0.048899
  27.070312	   0.041892
  27.080078	   0.022501
  27.089844	  -0.005418
  27.099609	  -0.034997
  27.109375	  -0.058684
  27.119141	  -0.070780
  27.128906	  -0.069299
  27.138672	  -0.056521
  27.148438	  -0.038100
  27.158203	  -0.021044
  27.167969	  -0.011310
  27.177734	  -0.011843
  27.187500	  -0.021727
  27.197266	  -0.036697
  27.207031	  -0.050793
  27.216797	  -0.058546
  27.226562	  -0.056911
  27.236328	  -0.046302
  27.246094	  -0.030409
  27.255859	  -0.014914
  27.265625	  -0.005618
  27.275391	  -0.006649
  27.285156	  -0.019366
  27.294922	  -0.042286
  27.304688	  -0.071973
  27.314453	  -0.104481
  27.324219	  -0.136777
  27.333984	  -0.167611
  27.343750	  -0.197550
  27.353516	  -0.228235
  27.363281	  -0.261230
  27.373047	  -0.296953
  27.382812	  -0.334155
  27.392578	  -0.370148
  27.402344	  -0.401673
  27.412109	  -0.426039
  27.421875	  -0.442042
  27.431641	  -0.450262
  27.441406	  -0.452600
  27.451172	  -0.451236
  27.460938	  -0.447436
  27.470703	  -0.440735
  27.480469	  -0.428887
  27.490234	  -0.408671
  27.500000	  -0.377300
  27.509766	  -0.333899
  27.519531	  -0.280434
  27.529297	  -0.221650
  27.539062	  -0.163908
  27.548828	  -0.113254
  27.558594	  -0.073356
  27.568359	  -0.044074
  27.578125	  -0.021251
  27.587891	   0.002083
  27.597656	   0.033396
  27.607422	   0.077938
  27.617188	   0.136551
  27.626953	   0.204778
  27.636719	   0.273653
  27.646484	   0.332012
  27.656250	   0.369623
  27.666016	   0.380166
  27.675781	   0.363098
  27.685547	   0.323795
  27.695312	   0.271937
  27.705078	   0.218654
  27.714844	   0.173375
  27.724609	   0.141404
  27.734375	   0.122962
  27.744141	   0.113965
  27.753906	   0.108179
  27.763672	   0.099948
  27.773438	   0.086522
  27.783203	   0.069158
  27.792969	   0.052637
  27.802734	   0.043384
  27.812500	   0.046902
  27.822266	   0.065434
  27.832031	   0.096711
  27.841797	   0.134243
  27.851562	   0.169063
  27.861328	   0.192358
  27.871094	   0.198074
  27.880859	   0.184651
  27.890625	   0.155309
  27.900391	   0.116841
  27.910156	   0.077354
  27.919922	   0.043751
  27.929688	   0.019789
  27.939453	   0.005335
  27.949219	  -0.003006
  27.958984	  -0.010205
  27.968750	  -0.020702
  27.978516	  -0.036649
  27.988281	  -0.057105
  27.998047	  -0.078399
  28.007812	  -0.095480
  28.017578	  -0.103702
  28.027344	  -0.100390
  28.037109	  -0.085651
  28.046875	  -0.062180
  28.056641	  -0.034212
  28.066406	  -0.006064
  28.076172	   0.019160
  28.085938	   0.040250
  28.095703	   0.057733
  28.105469	   0.073034
  28.115234	   0.087339
  28.125000	   0.100666
  28.134766	   0.111525
  28.144531	   0.117320
  28.154297	   0.115316
  28.164062	   0.103761
  28.173828	   0.082716
  28.183594	   0.054222
  28.193359	   0.021734
  28.203125	  -0.010971
  28.212891	  -0.040969
  28.222656	  -0.066984
  28.232422	  -0.089473
  28.242188	  -0.109966
  28.251953	  -0.129928
  28.261719	  -0.149634
  28.271484	  -0.167552
  28.281250	  -0.180561
  28.291016	  -0.184989
  28.300781	  -0.178125
  28.310547	  -0.159616
  28.320312	  -0.132154
  28.330078	  -0.101091
  28.339844	  -0.072969
  28.349609	  -0.053412
  28.359375	  -0.045071
  28.369141	  -0.046387
  28.378906	  -0.051687
  28.388672	  -0.052715
  28.398438	  -0.041181
  28.408203	  -0.011547
  28.417969	   0.036861
  28.427734	   0.099154
  28.437500	   0.165875
  28.447266	   0.225432
  28.457031	   0.267235
  28.466797	   0.284553
  28.476562	   0.276209
  28.486328	   0.246603
  28.496094	   0.204114
  28.505859	   0.158445
  28.515625	   0.117815
  28.525391	   0.086906
  28.535156	   0.066192
  28.544922	   0.052743
  28.554688	   0.042127
  28.564453	   0.030608
  28.574219	   0.016812
  28.583984	   0.002248
  28.593750	  -0.009493
  28.603516	  -0.014500
  28.613281	  -0.010560
  28.623047	   0.001390
  28.632812	   0.017003
  28.642578	   0.029622
  28.652344	   0.032425
  28.662109	   0.020877
  28.671875	  -0.005386
  28.681641	  -0.041939
  28.691406	  -0.080513
  28.701172	  -0.111238
  28.710938	  -0.125497
  28.720703	  -0.118457
  28.730469	  -0.090474
  28.740234	  -0.046917
  28.750000	   0.003509
  28.759766	   0.051358
  28.769531	   0.089129
  28.779297	   0.113151
  28.789062	   0.124152
  28.798828	   0.126385
  28.808594	   0.125720
  28.818359	   0.127403
  28.828125	   0.134255
  28.837891	   0.145886
  28.847656	   0.159100
  28.857422	   0.169242
  28.867188	   0.171943
  28.876953	   0.164604
  28.886719	   0.147127
  28.896484	   0.121711
  28.906250	   0.091894
  28.916016	   0.061292
  28.925781	   0.032541
  28.935547	   0.006843
  28.945312	  -0.015777
  28.955078	  -0.035717
  28.964844	  -0.052948
  28.974609	  -0.066503
  28.984375	  -0.074603
  28.994141	  -0.075390
  29.003906	  -0.067981
  29.013672	  -0.053365
  29.023438	  -0.034679
  29.033203	  -0.016641
  29.042969	  -0.004208
  29.052734	  -0.000907
  29.062500	  -0.007422
  29.072266	  -0.021019
  29.082031	  -0.036111
  29.091797	  -0.045877
  29.101562	  -0.044453
  29.111328	  -0.028970
  29.121094	  -0.000741
  29.130859	   0.034877
  29.140625	   0.069940
  29.150391	   0.096249
  29.160156	   0.107802
  29.169922	   0.102556
  29.179688	   0.082889
  29.189453	   0.054640
  29.199219	   0.025052
  29.208984	   0.000366
  29.218750	  -0.016121
  29.228516	  -0.024827
  29.238281	  -0.029267
  29.248047	  -0.034278
  29.257812	  -0.043772
  29.267578	  -0.058876
  29.277344	  -0.077148
  29.287109	  -0.093228
  29.296875	  -0.100698
  29.306641	  -0.094522
  29.316406	  -0.073172
  29.326172	  -0.039655
  29.335938	  -0.001017
  29.345703	   0.033573
  29.355469	   0.055539
  29.365234	   0.059529
  29.375000	   0.045049
  29.384766	   0.016573
  29.394531	  -0.017940
  29.404297	  -0.049606
  29.414062	  -0.071391
  29.423828	  -0.080188
  29.433594	  -0.077516
  29.443359	  -0.068653
  29.453125	  -0.060555
  29.462891	  -0.059313
  29.472656	  -0.068039
  29.482422	  -0.085900
  29.492188	  -0.108581
  29.501953	  -0.129971
  29.511719	  -0.144410
  29.521484	  -0.148690
  29.531250	  -0.143081
  29.541016	  -0.131069
  29.550781	  -0.117901
  29.560547	  -0.108531
  29.570312	  -0.105707
  29.580078	  -0.108901
  29.589844	  -0.114459
  29.599609	  -0.116901
  29.609375	  -0.110885
  29.619141	  -0.093120
  29.628906	  -0.063559
  29.638672	  -0.025454
  29.648438	   0.015719
  29.658203	   0.054052
  29.667969	   0.085071
  29.677734	   0.107025
  29.687500	   0.121173
  29.697266	   0.131034
  29.707031	   0.140906
  29.716797	   0.154236
  29.726562	   0.172425
  29.736328	   0.194456
  29.746094	   0.217407
  29.755859	   0.237597
  29.765625	   0.251859
  29.775391	   0.258460
  29.785156	   0.257338
  29.794922	   0.249649
  29.804688	   0.236878
  29.814453	   0.219985
  29.824219	   0.198987
  29.833984	   0.173202
  29.843750	   0.142065
  29.853516	   0.106150
  29.863281	   0.067895
  29.873047	   0.031601
  29.882812	   0.002544
  29.892578	  -0.014598
  29.902344	  -0.017500
  29.912109	  -0.007448
  29.921875	   0.010442
  29.931641	   0.028278
  29.941406	   0.037524
  29.951172	   0.031576
  29.960938	   0.007960
  29.970703	  -0.030606
  29.980469	  -0.076715
  29.990234	  -0.120254
  30.000000	  -0.151288
  30.009766	  -0.162938
  30.019531	  -0.153345
  30.029297	  -0.126065
  30.039062	  -0.088808
  30.048828	  -0.050922
  30.058594	  -0.020504
  30.068359	  -0.002072
  30.078125	   0.004412
  30.087891	   0.002907
  30.097656	  -0.000688
  30.107422	  -0.001109
  30.117188	   0.004051
  30.126953	   0.013286
  30.136719	   0.021669
  30.146484	   0.022732
  30.156250	   0.011055
  30.166016	  -0.015369
  30.175781	  -0.053865
  30.185547	  -0.097393
  30.195312	  -0.136406
  30.205078	  -0.161650
  30.214844	  -0.166992
  30.224609	  -0.151328
  30.234375	  -0.118946
  30.244141	  -0.078221
  30.253906	  -0.039083
  30.263672	  -0.010085
  30.273438	   0.003968
  30.283203	   0.003118
  30.292969	  -0.008227
  30.302734	  -0.023104
  30.312500	  -0.034478
  30.322266	  -0.037541
  30.332031	  -0.031106
  30.341797	  -0.017701
  30.351562	  -0.002440
  30.361328	   0.008843
  30.371094	   0.011515
  30.380859	   0.003485
  30.390625	  -0.014426
  30.400391	  -0.039082
  30.410156	  -0.066254
  30.419922	  -0.091954
  30.429688	  -0.113383
  30.439453	  -0.129206
  30.449219	  -0.139193
  30.458984	  -0.143499
  30.468750	  -0.142007
  30.478516	  -0.134083
  30.488281	  -0.118884
  30.498047	  -0.096077
  30.507812	  -0.066609
  30.517578	  -0.033114
  30.527344	   0.000332
  30.537109	   0.029154
  30.546875	   0.049631
  30.556641	   0.060185
  30.566406	   0.062079
  30.576172	   0.059188
  30.585938	   0.056816
  30.595703	   0.059919
  30.605469	   0.071319
  30.615234	   0.090564
  30.625000	   0.113888
  30.634766	   0.135342
  30.644531	   0.148761
  30.654297	   0.149895
  30.664062	   0.137953
  30.673828	   0.115982
  30.683594	   0.089914
  30.693359	   0.066568
  30.703125	   0.051291
  30.712891	   0.046087
  30.722656	   0.048898
  30.732422	   0.054351
  30.742188	   0.055729
  30.751953	   0.047502
  30.761719	   0.027520
  30.771484	  -0.001920
  30.781250	  -0.034560
  30.791016	  -0.062094
  30.800781	  -0.076869
  30.810547	  -0.074467
  30.820312	  -0.055249
  30.830078	  -0.024326
  30.839844	   0.010076
  30.849609	   0.039286
  30.859375	   0.057007
  30.869141	   0.061285
  30.878906	   0.054975
  30.888672	   0.044518
  30.898438	   0.037475
  30.908203	   0.039680
  30.917969	   0.053006
  30.927734	   0.074540
  30.937500	   0.097460
  30.947266	   0.113339
  30.957031	   0.115054
  30.966797	   0.099341
  30.976562	   0.068078
  30.986328	   0.027880
  30.996094	  -0.011875
  31.005859	  -0.041922
  31.015625	  -0.055923
  31.025391	  -0.052304
  31.035156	  -0.034534
  31.044922	  -0.009801
  31.054688	   0.013401
  31.064453	   0.027969
  31.074219	   0.030243
  31.083984	   0.020807
  31.093750	   0.003842
  31.103516	  -0.014629
  31.113281	  -0.028940
  31.123047	  -0.035635
  31.132812	  -0.034367
  31.142578	  -0.027623
  31.152344	  -0.019477
  31.162109	  -0.013916
  31.171875	  -0.013388
  31.181641	  -0.018082
  31.191406	  -0.026151
  31.201172	  -0.034688
  31.210938	  -0.041010
  31.220703	  -0.043697
  31.230469	  -0.042976
  31.240234	  -0.040330
  31.250000	  -0.037554
  31.259766	  -0.035689
  31.269531	  -0.034351
  31.279297	  -0.031763
  31.289062	  -0.025531
  31.298828	  -0.013861
  31.308594	   0.003296
  31.318359	   0.023699
  31.328125	   0.043161
  31.337891	   0.056772
  31.347656	   0.060581
  31.357422	   0.053145
  31.367188	   0.036306
  31.376953	   0.014849
  31.386719	  -0.004941
  31.396484	  -0.017364
  31.406250	  -0.019327
  31.416016	  -0.011550
  31.425781	   0.001511
  31.435547	   0.013080
  31.445312	   0.016363
  31.455078	   0.006969
  31.464844	  -0.015407
  31.474609	  -0.046655
  31.484375	  -0.079441
  31.494141	  -0.105533
  31.503906	  -0.118499
  31.513672	  -0.115825
  31.523438	  -0.099720
  31.533203	  -0.076311
  31.542969	  -0.053480
  31.552734	  -0.038106
  31.562500	  -0.033656
  31.572266	  -0.038996
  31.582031	  -0.048838
  31.591797	  -0.055682
  31.601562	  -0.052588
  31.611328	  -0.035800
  31.621094	  -0.006283
  31.630859	   0.030363
  31.640625	   0.065636
  31.650391	   0.090908
  31.660156	   0.100310
  31.669922	   0.092736
  31.679688	   0.072269
  31.689453	   0.046896
  31.699219	   0.025935
  31.708984	   0.017061
  31.718750	   0.023928
  31.728516	   0.045162
  31.738281	   0.075047
  31.748047	   0.105598
  31.757812	   0.129302
  31.767578	   0.141546
  31.777344	   0.141951
  31.787109	   0.134168
  31.796875	   0.124301
  31.806641	   0.118537
  31.816406	   0.120860
  31.826172	   0.131629
  31.835938	   0.147496
  31.845703	   0.162625
  31.855469	   0.170745
  31.865234	   0.167272
  31.875000	   0.150782
  31.884766	   0.123334
  31.894531	   0.089617
  31.904297	   0.055286
  31.914062	   0.025115
  31.923828	   0.001638
  31.933594	  -0.015306
  31.943359	  -0.028032
  31.953125	  -0.039776
  31.962891	  -0.053310
  31.972656	  -0.069921
  31.982422	  -0.089137
  31.992188	  -0.109209
  32.001953	  -0.128068
  32.011719	  -0.144292
  32.021484	  -0.157633
  32.031250	  -0.168868
  32.041016	  -0.179048
  32.050781	  -0.188508
  32.060547	  -0.196127
  32.070312	  -0.199252
  32.080078	  -0.194439
  32.089844	  -0.178806
  32.099609	  -0.151508
  32.109375	  -0.114716
  32.119141	  -0.073623
  32.128906	  -0.035322
  32.138672	  -0.006833
  32.148438	   0.007083
  32.158203	   0.005559
  32.167969	  -0.007949
  32.177734	  -0.026678
  32.187500	  -0.042769
  32.197266	  -0.049963
  32.207031	  -0.045856
  32.216797	  -0.032890
  32.226562	  -0.017663
  32.236328	  -0.008714
  32.246094	  -0.013483
  32.255859	  -0.035490
  32.265625	  -0.072715
  32.275391	  -0.117820
  32.285156	  -0.160206
  32.294922	  -0.189290
  32.304688	  -0.197919
  32.314453	  -0.184777
  32.324219	  -0.154942
  32.333984	  -0.118357
  32.343750	  -0.086684
  32.353516	  -0.069576
  32.363281	  -0.071590
  32.373047	  -0.090769
  32.382812	  -0.119390
  32.392578	  -0.146608
  32.402344	  -0.162116
  32.412109	  -0.159599
  32.421875	  -0.138826
  32.431641	  -0.105683
  32.441406	  -0.070160
  32.451172	  -0.042987
  32.460938	  -0.032051
  32.470703	  -0.039787
  32.480469	  -0.062414
  32.490234	  -0.091215
  32.500000	  -0.115412
  32.509766	  -0.125651
  32.519531	  -0.116936
  32.529297	  -0.090068
  32.539062	  -0.051167
  32.548828	  -0.009521
  32.558594	   0.025491
  32.568359	   0.047333
  32.578125	   0.054186
  32.587891	   0.049199
  32.597656	   0.039140
  32.607422	   0.032010
  32.617188	   0.034440
  32.626953	   0.049744
  32.636719	   0.077181
  32.646484	   0.112548
  32.656250	   0.149749
  32.666016	   0.182720
  32.675781	   0.207029
  32.685547	   0.220683
  32.695312	   0.224003
  32.705078	   0.218802
  32.714844	   0.207316
  32.724609	   0.191367
  32.734375	   0.172056
  32.744141	   0.150017
  32.753906	   0.126000
  32.763672	   0.101382
  32.773438	   0.078293
  32.783203	   0.059203
  32.792969	   0.046107
  32.802734	   0.039669
  32.812500	   0.038727
  32.822266	   0.040477
  32.832031	   0.041361
  32.841797	   0.038378
  32.851562	   0.030337
  32.861328	   0.018510
  32.871094	   0.006357
  32.880859	  -0.001690
  32.890625	  -0.001981
  32.900391	   0.006688
  32.910156	   0.022171
  32.919922	   0.039296
  32.929688	   0.051409
  32.939453	   0.052693
  32.949219	   0.040481
  32.958984	   0.016672
  32.968750	  -0.012345
  32.978516	  -0.037409
  32.988281	  -0.049481
  32.998047	  -0.042803
  33.007812	  -0.017250
  33.017578	   0.021023
  33.027344	   0.060961
  33.037109	   0.089727
  33.046875	   0.096605
  33.056641	   0.076459
  33.066406	   0.031601
  33.076172	  -0.028594
  33.085938	  -0.090281
  33.095703	  -0.139156
  33.105469	  -0.164631
  33.115234	  -0.162861
  33.125000	  -0.137662
  33.134766	  -0.099044
  33.144531	  -0.059879
  33.154297	  -0.031784
  33.164062	  -0.021591
  33.173828	  -0.029489
  33.183594	  -0.049414
  33.193359	  -0.071453
  33.203125	  -0.085396
  33.212891	  -0.084215
  33.222656	  -0.066306
  33.232422	  -0.035798
  33.242188	  -0.000921
  33.251953	   0.028941
  33.261719	   0.046419
  33.271484	   0.048475
  33.281250	   0.037074
  33.291016	   0.018084
  33.300781	  -0.001153
  33.310547	  -0.014640
  33.320312	  -0.019917
  33.330078	  -0.018853
  33.339844	  -0.016780
  33.349609	  -0.020339
  33.359375	  -0.034820
  33.369141	  -0.061976
  33.378906	  -0.099088
  33.388672	  -0.139601
  33.398438	  -0.175105
  33.408203	  -0.197952
  33.417969	  -0.203618
  33.427734	  -0.192021
  33.437500	  -0.167377
  33.447266	  -0.136714
  33.457031	  -0.107597
  33.466797	  -0.085839
  33.476562	  -0.073964
  33.486328	  -0.070860
  33.496094	  -0.072629
  33.505859	  -0.074237
  33.515625	  -0.071348
  33.525391	  -0.061684
  33.535156	  -0.045537
  33.544922	  -0.025353
  33.554688	  -0.004686
  33.564453	   0.013024
  33.574219	   0.025371
  33.583984	   0.031340
  33.593750	   0.031080
  33.603516	   0.025352
  33.613281	   0.015005
  33.623047	   0.000767
  33.632812	  -0.016541
  33.642578	  -0.035530
  33.652344	  -0.053830
  33.662109	  -0.068087
  33.671875	  -0.074566
  33.681641	  -0.070267
  33.691406	  -0.054200
  33.701172	  -0.028272
  33.710938	   0.002670
  33.720703	   0.031886
  33.730469	   0.052686
  33.740234	   0.060717
  33.750000	   0.055809
  33.759766	   0.042642
  33.769531	   0.029835
  33.779297	   0.027552
  33.789062	   0.044278
  33.798828	   0.083760
  33.808594	   0.143141
  33.818359	   0.213012
  33.828125	   0.279509
  33.837891	   0.327923
  33.847656	   0.346758
  33.857422	   0.330998
  33.867188	   0.283521
  33.876953	   0.214213
  33.886719	   0.137025
  33.896484	   0.065898
  33.906250	   0.010855
  33.916016	  -0.024526
  33.925781	  -0.043468
  33.935547	  -0.054159
  33.945312	  -0.066362
  33.955078	  -0.087669
  33.964844	  -0.120643
  33.974609	  -0.161793
  33.984375	  -0.202670
  33.994141	  -0.232667
  34.003906	  -0.242517
  34.013672	  -0.227306
  34.023438	  -0.187990
  34.033203	  -0.130961
  34.042969	  -0.065904
  34.052734	  -0.002723
  34.062500	   0.051345
  34.072266	   0.093475
  34.082031	   0.125293
  34.091797	   0.151335
  34.101562	   0.176557
  34.111328	   0.203884
  34.121094	   0.232731
  34.130859	   0.259033
  34.140625	   0.276759
  34.150391	   0.280326
  34.160156	   0.266999
  34.169922	   0.238358
  34.179688	   0.200252
  34.189453	   0.161229
  34.199219	   0.129942
  34.208984	   0.112439
  34.218750	   0.110260
  34.228516	   0.119994
  34.238281	   0.134434
  34.248047	   0.144917
  34.257812	   0.144047
  34.267578	   0.127894
  34.277344	   0.096952
  34.287109	   0.055646
  34.296875	   0.010613
  34.306641	  -0.031553
  34.316406	  -0.066303
  34.326172	  -0.092211
  34.335938	  -0.110875
  34.345703	  -0.125775
  34.355469	  -0.140646
  34.365234	  -0.158007
  34.375000	  -0.178399
  34.384766	  -0.200533
  34.394531	  -0.222185
  34.404297	  -0.241370
  34.414062	  -0.257232
  34.423828	  -0.270249
  34.433594	  -0.281663
  34.443359	  -0.292419
  34.453125	  -0.302122
  34.462891	  -0.308571
  34.472656	  -0.308194
  34.482422	  -0.297350
  34.492188	  -0.274051
  34.501953	  -0.239432
  34.511719	  -0.198295
  34.521484	  -0.158338
  34.531250	  -0.128148
  34.541016	  -0.114524
  34.550781	  -0.119993
  34.560547	  -0.141442
  34.570312	  -0.170432
  34.580078	  -0.195255
  34.589844	  -0.204191
  34.599609	  -0.188971
  34.609375	  -0.147343
  34.619141	  -0.083883
  34.628906	  -0.008749
  34.638672	   0.065268
  34.648438	   0.126455
  34.658203	   0.167493
  34.667969	   0.187302
  34.677734	   0.190873
  34.687500	   0.187197
  34.697266	   0.186010
  34.707031	   0.194490
  34.716797	   0.214983
  34.726562	   0.244490
  34.736328	   0.276008
  34.746094	   0.301193
  34.755859	   0.313364
  34.765625	   0.309797
  34.775391	   0.292533
  34.785156	   0.267453
  34.794922	   0.242016
  34.804688	   0.222486
  34.814453	   0.211653
  34.824219	   0.207831
  34.833984	   0.205466
  34.843750	   0.197104
  34.853516	   0.176013
  34.863281	   0.138533
  34.873047	   0.085402
  34.882812	   0.021627
  34.892578	  -0.044947
  34.902344	  -0.105827
  34.912109	  -0.154042
  34.921875	  -0.185590
  34.931641	  -0.199781
  34.941406	  -0.198528
  34.951172	  -0.185002
  34.960938	  -0.162291
  34.970703	  -0.132575
  34.980469	  -0.097093
  34.990234	  -0.056796
  35.000000	  -0.013250
  35.009766	   0.030726
  35.019531	   0.071105
  35.029297	   0.103474
  35.039062	   0.124366
  35.048828	   0.132567
  35.058594	   0.129791
  35.068359	   0.120352
  35.078125	   0.109804
  35.087891	   0.102967
  35.097656	   0.102052
  35.107422	   0.105611
  35.117188	   0.108823
  35.126953	   0.105112
  35.136719	   0.088634
  35.146484	   0.056755
  35.156250	   0.011605
  35.166016	  -0.039948
  35.175781	  -0.088042
  35.185547	  -0.122781
  35.195312	  -0.137464
  35.205078	  -0.130965
  35.214844	  -0.108400
  35.224609	  -0.079745
  35.234375	  -0.056804
  35.244141	  -0.049491
  35.253906	  -0.062654
  35.263672	  -0.094537
  35.273438	  -0.137408
  35.283203	  -0.180180
  35.292969	  -0.212105
  35.302734	  -0.226313
  35.312500	  -0.221924
  35.322266	  -0.204039
  35.332031	  -0.181586
  35.341797	  -0.163806
  35.351562	  -0.156635
  35.361328	  -0.160316
  35.371094	  -0.169131
  35.380859	  -0.173433
  35.390625	  -0.163323
  35.400391	  -0.132690
  35.410156	  -0.082191
  35.419922	  -0.020035
  35.429688	   0.039831
  35.439453	   0.081657
  35.449219	   0.092731
  35.458984	   0.067577
  35.468750	   0.010117
  35.478516	  -0.066946
  35.488281	  -0.145403
  35.498047	  -0.206490
  35.507812	  -0.236013
  35.517578	  -0.228110
  35.527344	  -0.186564
  35.537109	  -0.123345
  35.546875	  -0.054957
  35.556641	   0.002246
  35.566406	   0.036326
  35.576172	   0.042410
  35.585938	   0.023111
  35.595703	  -0.013171
  35.605469	  -0.055288
  35.615234	  -0.092669
  35.625000	  -0.117868
  35.634766	  -0.127701
  35.644531	  -0.122885
  35.654297	  -0.106600
  35.664062	  -0.082705
  35.673828	  -0.054329
  35.683594	  -0.023297
  35.693359	   0.009561
  35.703125	   0.043554
  35.712891	   0.077255
  35.722656	   0.108099
  35.732422	   0.132700
  35.742188	   0.147769
  35.751953	   0.151260
  35.761719	   0.143214
  35.771484	   0.125927
  35.781250	   0.103305
  35.791016	   0.079640
  35.800781	   0.058276
  35.810547	   0.040687
  35.820312	   0.026359
  35.830078	   0.013500
  35.839844	   0.000297
  35.849609	  -0.013821
  35.859375	  -0.027483
  35.869141	  -0.037578
  35.878906	  -0.040339
  35.888672	  -0.032930
  35.898438	  -0.014879
  35.908203	   0.011243
  35.917969	   0.040284
  35.927734	   0.066023
  35.937500	   0.083257
  35.947266	   0.089680
  35.957031	   0.086823
  35.966797	   0.079607
  35.976562	   0.074583
  35.986328	   0.077425
  35.996094	   0.090586
  36.005859	   0.112009
  36.015625	   0.135464
  36.025391	   0.152509
  36.035156	   0.155461
  36.044922	   0.140363
  36.054688	   0.108840
  36.064453	   0.068127
  36.074219	   0.029100
  36.083984	   0.002924
  36.093750	  -0.002595
  36.103516	   0.014318
  36.113281	   0.048686
  36.123047	   0.090337
  36.132812	   0.127293
  36.142578	   0.149850
  36.152344	   0.153971
  36.162109	   0.142782
  36.171875	   0.125600
  36.181641	   0.114762
  36.191406	   0.121314
  36.201172	   0.151009
  36.210938	   0.202026
  36.220703	   0.265228
  36.230469	   0.326914
  36.240234	   0.373179
  36.250000	   0.394414
  36.259766	   0.388393
  36.269531	   0.360902
  36.279297	   0.323660
  36.289062	   0.290220
  36.298828	   0.271241
  36.308594	   0.270723
  36.318359	   0.284499
  36.328125	   0.301473
  36.337891	   0.307204
  36.347656	   0.288619
  36.357422	   0.238272
  36.367188	   0.156742
  36.376953	   0.052407
  36.386719	  -0.061264
  36.396484	  -0.169944
  36.406250	  -0.262745
  36.416016	  -0.335154
  36.425781	  -0.389682
  36.435547	  -0.434109
  36.445312	  -0.478049
  36.455078	  -0.529084
  36.464844	  -0.589835
  36.474609	  -0.656943
  36.484375	  -0.722234
  36.494141	  -0.775564
  36.503906	  -0.808277
  36.513672	  -0.816022
  36.523438	  -0.799984
  36.533203	  -0.766142
  36.542969	  -0.722926
  36.552734	  -0.678175
  36.562500	  -0.636511
  36.572266	  -0.598029
  36.582031	  -0.558723
  36.591797	  -0.512356
  36.601562	  -0.453033
  36.611328	  -0.377477
  36.621094	  -0.286171
  36.630859	  -0.183032
  36.640625	  -0.073819
  36.650391	   0.036021
  36.660156	   0.143157
  36.669922	   0.247120
  36.679688	   0.349662
  36.689453	   0.453021
  36.699219	   0.557778
  36.708984	   0.661217
  36.718750	   0.756889
  36.728516	   0.835667
  36.738281	   0.887997
  36.748047	   0.906603
  36.757812	   0.888720
  36.767578	   0.837069
  36.777344	   0.759254
  36.787109	   0.665805
  36.796875	   0.567556
  36.806641	   0.473258
  36.816406	   0.388195
  36.826172	   0.314148
  36.835938	   0.250537
  36.845703	   0.196112
  36.855469	   0.150398
  36.865234	   0.114236
  36.875000	   0.089196
  36.884766	   0.076133
  36.894531	   0.073605
  36.904297	   0.076971
  36.914062	   0.078789
  36.923828	   0.070632
  36.933594	   0.045846
  36.943359	   0.002317
  36.953125	  -0.055827
  36.962891	  -0.118363
  36.972656	  -0.171195
  36.982422	  -0.200103
  36.992188	  -0.194923
  37.001953	  -0.152797
  37.011719	  -0.079362
  37.021484	   0.012616
  37.031250	   0.106819
  37.041016	   0.188098
  37.050781	   0.246821
  37.060547	   0.281469
  37.070312	   0.298637
  37.080078	   0.310448
  37.089844	   0.330266
  37.099609	   0.368120
  37.109375	   0.427342
  37.119141	   0.503474
  37.128906	   0.585729
  37.138672	   0.660400
  37.148438	   0.714996
  37.158203	   0.741664
  37.167969	   0.738785
  37.177734	   0.710323
  37.187500	   0.663312
  37.197266	   0.604568
  37.207031	   0.537911
  37.216797	   0.462994
  37.226562	   0.376166
  37.236328	   0.273026
  37.246094	   0.151634
  37.255859	   0.015075
  37.265625	  -0.127715
  37.275391	  -0.263368
  37.285156	  -0.377382
  37.294922	  -0.458283
  37.304688	  -0.501215
  37.314453	  -0.509706
  37.324219	  -0.494925
  37.333984	  -0.472592
  37.343750	  -0.458481
  37.353516	  -0.463957
  37.363281	  -0.492919
  37.373047	  -0.541100
  37.382812	  -0.597830
  37.392578	  -0.649591
  37.402344	  -0.684110
  37.412109	  -0.693670
  37.421875	  -0.676611
  37.431641	  -0.636723
  37.441406	  -0.580948
  37.451172	  -0.516393
  37.460938	  -0.447796
  37.470703	  -0.376355
  37.480469	  -0.300248
  37.490234	  -0.216489
  37.500000	  -0.123295
  37.509766	  -0.021951
  37.519531	   0.082616
  37.529297	   0.182784
  37.539062	   0.270360
  37.548828	   0.339064
  37.558594	   0.386418
  37.568359	   0.414320
  37.578125	   0.428105
  37.587891	   0.434468
  37.597656	   0.439056
  37.607422	   0.444669
  37.617188	   0.450716
  37.626953	   0.454111
  37.636719	   0.451174
  37.646484	   0.439724
  37.656250	   0.420458
  37.666016	   0.396990
  37.675781	   0.374499
  37.685547	   0.357482
  37.695312	   0.347548
  37.705078	   0.342208
  37.714844	   0.335288
  37.724609	   0.318957
  37.734375	   0.286719
  37.744141	   0.236282
  37.753906	   0.171164
  37.763672	   0.100300
  37.773438	   0.035627
  37.783203	  -0.011630
  37.792969	  -0.034695
  37.802734	  -0.033655
  37.812500	  -0.015592
  37.822266	   0.007718
  37.832031	   0.023843
  37.841797	   0.024077
  37.851562	   0.006613
  37.861328	  -0.022705
  37.871094	  -0.052394
  37.880859	  -0.069519
  37.890625	  -0.064603
  37.900391	  -0.035529
  37.910156	   0.011046
  37.919922	   0.061382
  37.929688	   0.099007
  37.939453	   0.110316
  37.949219	   0.089501
  37.958984	   0.041069
  37.968750	  -0.021011
  37.978516	  -0.077391
  37.988281	  -0.109344
  37.998047	  -0.104743
  38.007812	  -0.062017
  38.017578	   0.009234
  38.027344	   0.091175
  38.037109	   0.163213
  38.046875	   0.208170
  38.056641	   0.217074
  38.066406	   0.191005
  38.076172	   0.139468
  38.085938	   0.076009
  38.095703	   0.012739
  38.105469	  -0.044196
  38.115234	  -0.096500
  38.125000	  -0.152282
  38.134766	  -0.221789
  38.144531	  -0.311916
  38.154297	  -0.421592
  38.164062	  -0.539911
  38.173828	  -0.647925
  38.183594	  -0.723798
  38.193359	  -0.749723
  38.203125	  -0.718373
  38.212891	  -0.636622
  38.222656	  -0.525120
  38.232422	  -0.413561
  38.242188	  -0.332890
  38.251953	  -0.306668
  38.261719	  -0.344144
  38.271484	  -0.437082
  38.281250	  -0.561269
  38.291016	  -0.682277
  38.300781	  -0.763830
  38.310547	  -0.776460
  38.320312	  -0.704202
  38.330078	  -0.547766
  38.339844	  -0.323708
  38.349609	  -0.060253
  38.359375	   0.208809
  38.369141	   0.450458
  38.378906	   0.637577
  38.388672	   0.752078
  38.398438	   0.785975
  38.408203	   0.740859
  38.417969	   0.626508
  38.427734	   0.459223
  38.437500	   0.260126
  38.447266	   0.053345
  38.457031	  -0.136191
  38.466797	  -0.285522
  38.476562	  -0.376827
  38.486328	  -0.400477
  38.496094	  -0.357120
  38.505859	  -0.258032
  38.515625	  -0.123290
  38.525391	   0.022065
  38.535156	   0.153064
  38.544922	   0.249779
  38.554688	   0.300913
  38.564453	   0.305063
  38.574219	   0.269417
  38.583984	   0.206429
  38.593750	   0.129638
  38.603516	   0.050015
  38.613281	  -0.026064
  38.623047	  -0.096757
  38.632812	  -0.162919
  38.642578	  -0.225479
  38.652344	  -0.283239
  38.662109	  -0.332093
  38.671875	  -0.366046
  38.681641	  -0.379635
  38.691406	  -0.370718
  38.701172	  -0.342378
  38.710938	  -0.302974
  38.720703	  -0.264034
  38.730469	  -0.236581
  38.740234	  -0.227128
  38.750000	  -0.234859
  38.759766	  -0.251188
  38.769531	  -0.262093
  38.779297	  -0.252615
  38.789062	  -0.212088
  38.798828	  -0.138284
  38.808594	  -0.038939
  38.818359	   0.070032
  38.828125	   0.169178
  38.837891	   0.241528
  38.847656	   0.277946
  38.857422	   0.279942
  38.867188	   0.258874
  38.876953	   0.231710
  38.886719	   0.214746
  38.896484	   0.217437
  38.906250	   0.238533
  38.916016	   0.266001
  38.925781	   0.280906
  38.935547	   0.264087
  38.945312	   0.203415
  38.955078	   0.099152
  38.964844	  -0.034531
  38.974609	  -0.172563
  38.984375	  -0.285748
  38.994141	  -0.349247
  39.003906	  -0.350121
  39.013672	  -0.291567
  39.023438	  -0.192484
  39.033203	  -0.082509
  39.042969	   0.005940
  39.052734	   0.046205
  39.062500	   0.023972
  39.072266	  -0.059901
  39.082031	  -0.190862
  39.091797	  -0.345665
  39.101562	  -0.499062
  39.111328	  -0.630045
  39.121094	  -0.725838
  39.130859	  -0.782812
  39.140625	  -0.804601
  39.150391	  -0.798599
  39.160156	  -0.772414
  39.169922	  -0.731610
  39.179688	  -0.679338
  39.189453	  -0.617604
  39.199219	  -0.549170
  39.208984	  -0.478910
  39.218750	  -0.413688
  39.228516	  -0.360576
  39.238281	  -0.324013
  39.248047	  -0.303134
  39.257812	  -0.290539
  39.267578	  -0.273371
  39.277344	  -0.236704
  39.287109	  -0.168328
  39.296875	  -0.063373
  39.306641	   0.072869
  39.316406	   0.225076
  39.326172	   0.371134
  39.335938	   0.487601
  39.345703	   0.555686
  39.355469	   0.565829
  39.365234	   0.519434
  39.375000	   0.427243
  39.384766	   0.305044
  39.394531	   0.168283
  39.404297	   0.027537
  39.414062	  -0.113572
  39.423828	  -0.257364
  39.433594	  -0.408507
  39.443359	  -0.569349
  39.453125	  -0.736102
  39.462891	  -0.897526
  39.472656	  -1.036819
  39.482422	  -1.136209
  39.492188	  -1.182661
  39.501953	  -1.172604
  39.511719	  -1.113831
  39.521484	  -1.023653
  39.531250	  -0.923735
  39.541016	  -0.833252
  39.550781	  -0.762688
  39.560547	  -0.710492
  39.570312	  -0.663866
  39.580078	  -0.603572
  39.589844	  -0.511219
  39.599609	  -0.376578
  39.609375	  -0.202380
  39.619141	  -0.004836
  39.628906	   0.190447
  39.638672	   0.355946
  39.648438	   0.470669
  39.658203	   0.526806
  39.667969	   0.532328
  39.677734	   0.508628
  39.687500	   0.483895
  39.697266	   0.484342
  39.707031	   0.526051
  39.716797	   0.610047
  39.726562	   0.722063
  39.736328	   0.836995
  39.746094	   0.926498
  39.755859	   0.967261
  39.765625	   0.947396
  39.775391	   0.869075
  39.785156	   0.746898
  39.794922	   0.602840
  39.804688	   0.459660
  39.814453	   0.335007
  39.824219	   0.238001
  39.833984	   0.169038
  39.843750	   0.122431
  39.853516	   0.090492
  39.863281	   0.067343
  39.873047	   0.050999
  39.882812	   0.043093
  39.892578	   0.046622
  39.902344	   0.062850
  39.912109	   0.088860
  39.921875	   0.116904
  39.931641	   0.135989
  39.941406	   0.135192
  39.951172	   0.107500
  39.960938	   0.052712
  39.970703	  -0.021748
  39.980469	  -0.102510
  39.990234	  -0.173904
