# Time	Amplitude (cm/s/s)
   0.000000	  -0.269852
   0.009766	  -0.259660
   0.019531	  -0.234000
   0.029297	  -0.201835
   0.039062	  -0.172827
   0.048828	  -0.154438
   0.058594	  -0.149848
   0.068359	  -0.157289
   0.078125	  -0.170992
   0.087891	  -0.183373
   0.097656	  -0.187678
   0.107422	  -0.180172
   0.117188	  -0.161111
   0.126953	  -0.134209
   0.136719	  -0.104831
   0.146484	  -0.077613
   0.156250	  -0.054446
   0.166016	  -0.033606
   0.175781	  -0.010426
   0.185547	   0.020695
   0.195312	   0.063646
   0.205078	   0.118328
   0.214844	   0.179639
   0.224609	   0.238243
   0.234375	   0.282988
   0.244141	   0.304262
   0.253906	   0.297179
   0.263672	   0.263484
   0.273438	   0.211459
   0.283203	   0.153747
   0.292969	   0.103724
   0.302734	   0.071548
   0.312500	   0.061182
   0.322266	   0.069361
   0.332031	   0.086893
   0.341797	   0.101868
   0.351562	   0.103772
   0.361328	   0.087135
   0.371094	   0.053545
   0.380859	   0.011353
   0.390625	  -0.026833
   0.400391	  -0.048042
   0.410156	  -0.042973
   0.419922	  -0.008876
   0.429688	   0.049608
   0.439453	   0.121855
   0.449219	   0.194397
   0.458984	   0.254740
   0.468750	   0.294630
   0.478516	   0.311796
   0.488281	   0.309717
   0.498047	   0.295676
   0.507812	   0.277866
   0.517578	   0.262592
   0.527344	   0.252511
   0.537109	   0.246387
   0.546875	   0.240317
   0.556641	   0.229828
   0.566406	   0.212018
   0.576172	   0.186933
   0.585938	   0.157716
   0.595703	   0.129558
   0.605469	   0.107908
   0.615234	   0.096659
   0.625000	   0.097000
   0.634766	   0.107319
   0.644531	   0.124134
   0.654297	   0.143626
   0.664062	   0.163144
   0.673828	   0.182060
   0.683594	   0.201680
   0.693359	   0.224250
   0.703125	   0.251513
   0.712891	   0.283409
   0.722656	   0.317484
   0.732422	   0.349275
   0.742188	   0.373552
   0.751953	   0.385955
   0.761719	   0.384385
   0.771484	   0.369605
   0.781250	   0.344796
   0.791016	   0.314215
   0.800781	   0.281468
   0.810547	   0.248056
   0.820312	   0.212785
   0.830078	   0.172280
   0.839844	   0.122452
   0.849609	   0.060368
   0.859375	  -0.014179
   0.869141	  -0.098032
   0.878906	  -0.185225
   0.888672	  -0.268572
   0.898438	  -0.341720
   0.908203	  -0.400908
   0.917969	  -0.445749
   0.927734	  -0.478756
   0.937500	  -0.503743
   0.947266	  -0.523734
   0.957031	  -0.539180
   0.966797	  -0.547232
   0.976562	  -0.542411
   0.986328	  -0.518534
   0.996094	  -0.471225
   1.005859	  -0.400106
   1.015625	  -0.309832
   1.025391	  -0.209481
   1.035156	  -0.110423
   1.044922	  -0.023320
   1.054688	   0.044753
   1.064453	   0.092078
   1.074219	   0.122331
   1.083984	   0.142872
   1.093750	   0.161867
   1.103516	   0.185253
   1.113281	   0.214611
   1.123047	   0.246699
   1.132812	   0.274799
   1.142578	   0.291380
   1.152344	   0.291108
   1.162109	   0.273069
   1.171875	   0.241396
   1.181641	   0.204001
   1.191406	   0.169866
   1.201172	   0.145850
   1.210938	   0.134180
   1.220703	   0.131579
   1.230469	   0.130417
   1.240234	   0.121543
   1.250000	   0.097838
   1.259766	   0.057241
   1.269531	   0.004153
   1.279297	  -0.051362
   1.289062	  -0.096376
   1.298828	  -0.119027
   1.308594	  -0.112308
   1.318359	  -0.076438
   1.328125	  -0.019058
   1.337891	   0.046834
   1.347656	   0.106514
   1.357422	   0.147545
   1.367188	   0.162907
   1.376953	   0.152285
   1.386719	   0.121241
   1.396484	   0.078688
   1.406250	   0.033640
   1.416016	  -0.007599
   1.425781	  -0.042903
   1.435547	  -0.074046
   1.445312	  -0.104972
   1.455078	  -0.139394
   1.464844	  -0.178722
   1.474609	  -0.221116
   1.484375	  -0.262009
   1.494141	  -0.295807
   1.503906	  -0.318045
   1.513672	  -0.327070
   1.523438	  -0.324542
   1.533203	  -0.314497
   1.542969	  -0.301341
   1.552734	  -0.287578
   1.562500	  -0.272242
   1.572266	  -0.250766
   1.582031	  -0.216505
   1.591797	  -0.163480
   1.601562	  -0.089398
   1.611328	   0.002168
   1.621094	   0.101352
   1.630859	   0.193622
   1.640625	   0.263087
   1.650391	   0.296476
   1.660156	   0.286498
   1.669922	   0.233496
   1.679688	   0.144820
   1.689453	   0.032149
   1.699219	  -0.092320
   1.708984	  -0.219516
   1.718750	  -0.345710
   1.728516	  -0.472577
   1.738281	  -0.605097
   1.748047	  -0.748095
   1.757812	  -0.902684
   1.767578	  -1.063922
   1.777344	  -1.220611
   1.787109	  -1.357388
   1.796875	  -1.458491
   1.806641	  -1.511989
   1.816406	  -1.513085
   1.826172	  -1.465411
   1.835938	  -1.379897
   1.845703	  -1.271568
   1.855469	  -1.155336
   1.865234	  -1.042076
   1.875000	  -0.936201
   1.884766	  -0.835371
   1.894531	  -0.732278
   1.904297	  -0.617792
   1.914062	  -0.484378
   1.923828	  -0.328732
   1.933594	  -0.152915
   1.943359	   0.036126
   1.953125	   0.228244
   1.962891	   0.412250
   1.972656	   0.577767
   1.982422	   0.716306
   1.992188	   0.821500
   2.001953	   0.888817
   2.011719	   0.915274
   2.021484	   0.899594
   2.031250	   0.842919
   2.041016	   0.749820
   2.050781	   0.629043
   2.060547	   0.493356
   2.070312	   0.358152
   2.080078	   0.238860
   2.089844	   0.147787
   2.099609	   0.091310
   2.109375	   0.068409
   2.119141	   0.071138
   2.128906	   0.087091
   2.138672	   0.103171
   2.148438	   0.109540
   2.158203	   0.102447
   2.167969	   0.084993
   2.177734	   0.065557
   2.187500	   0.054374
   2.197266	   0.059454
   2.207031	   0.083253
   2.216797	   0.121276
   2.226562	   0.163157
   2.236328	   0.195859
   2.246094	   0.207923
   2.255859	   0.193261
   2.265625	   0.153183
   2.275391	   0.095911
   2.285156	   0.033760
   2.294922	  -0.021019
   2.304688	  -0.060222
   2.314453	  -0.082083
   2.324219	  -0.091169
   2.333984	  -0.095835
   2.343750	  -0.104177
   2.353516	  -0.120006
   2.363281	  -0.140414
   2.373047	  -0.155962
   2.382812	  -0.153565
   2.392578	  -0.121167
   2.402344	  -0.052577
   2.412109	   0.049306
   2.421875	   0.172156
   2.431641	   0.297080
   2.441406	   0.403856
   2.451172	   0.476851
   2.460938	   0.509624
   2.470703	   0.506564
   2.480469	   0.480908
   2.490234	   0.449696
   2.500000	   0.427312
   2.509766	   0.419762
   2.519531	   0.421719
   2.529297	   0.417435
   2.539062	   0.385376
   2.548828	   0.305175
   2.558594	   0.164700
   2.568359	  -0.035084
   2.578125	  -0.279079
   2.587891	  -0.541267
   2.597656	  -0.791244
   2.607422	  -1.002081
   2.617188	  -1.157124
   2.626953	  -1.253668
   2.636719	  -1.302497
   2.646484	  -1.323537
   2.656250	  -1.339094
   2.666016	  -1.366817
   2.675781	  -1.414519
   2.685547	  -1.478308
   2.695312	  -1.544371
   2.705078	  -1.593606
   2.714844	  -1.607497
   2.724609	  -1.573349
   2.734375	  -1.487378
   2.744141	  -1.354965
   2.753906	  -1.188321
   2.763672	  -1.002608
   2.773438	  -0.811918
   2.783203	  -0.626369
   2.792969	  -0.451043
   2.802734	  -0.286777
   2.812500	  -0.132177
   2.822266	   0.014077
   2.832031	   0.151549
   2.841797	   0.277516
   2.851562	   0.387587
   2.861328	   0.477069
   2.871094	   0.542400
   2.880859	   0.582078
   2.890625	   0.596780
   2.900391	   0.588767
   2.910156	   0.560949
   2.919922	   0.516090
   2.929688	   0.456503
   2.939453	   0.384304
   2.949219	   0.301972
   2.958984	   0.212836
   2.968750	   0.121081
   2.978516	   0.031157
   2.988281	  -0.053247
   2.998047	  -0.130207
   3.007812	  -0.200025
   3.017578	  -0.264795
   3.027344	  -0.327069
   3.037109	  -0.388055
   3.046875	  -0.446071
   3.056641	  -0.495978
   3.066406	  -0.530062
   3.076172	  -0.540269
   3.085938	  -0.521176
   3.095703	  -0.472638
   3.105469	  -0.401061
   3.115234	  -0.318594
   3.125000	  -0.240245
   3.134766	  -0.179662
   3.144531	  -0.144922
   3.154297	  -0.135779
   3.164062	  -0.143470
   3.173828	  -0.153354
   3.183594	  -0.149697
   3.193359	  -0.121133
   3.203125	  -0.064956
   3.212891	   0.011281
   3.222656	   0.091585
   3.232422	   0.156336
   3.242188	   0.188650
   3.251953	   0.180234
   3.261719	   0.134777
   3.271484	   0.067633
   3.281250	   0.001782
   3.291016	  -0.038769
   3.300781	  -0.036068
   3.310547	   0.016431
   3.320312	   0.111964
   3.330078	   0.232549
   3.339844	   0.354359
   3.349609	   0.454583
   3.359375	   0.517544
   3.369141	   0.538171
   3.378906	   0.521846
   3.388672	   0.480929
   3.398438	   0.429395
   3.408203	   0.377574
   3.417969	   0.328923
   3.427734	   0.279889
   3.437500	   0.222786
   3.447266	   0.150471
   3.457031	   0.060917
   3.466797	  -0.040181
   3.476562	  -0.139904
   3.486328	  -0.221709
   3.496094	  -0.270937
   3.505859	  -0.280291
   3.515625	  -0.253249
   3.525391	  -0.204040
   3.535156	  -0.153993
   3.544922	  -0.125284
   3.554688	  -0.134086
   3.564453	  -0.185345
   3.574219	  -0.270917
   3.583984	  -0.371687
   3.593750	  -0.463020
   3.603516	  -0.521777
   3.613281	  -0.532675
   3.623047	  -0.492065
   3.632812	  -0.408075
   3.642578	  -0.297327
   3.652344	  -0.179528
   3.662109	  -0.071841
   3.671875	   0.015136
   3.681641	   0.078658
   3.691406	   0.122323
   3.701172	   0.152710
   3.710938	   0.175703
   3.720703	   0.194019
   3.730469	   0.206856
   3.740234	   0.211643
   3.750000	   0.206967
   3.759766	   0.195231
   3.769531	   0.183697
   3.779297	   0.183175
   3.789062	   0.204616
   3.798828	   0.254754
   3.808594	   0.332463
   3.818359	   0.427370
   3.828125	   0.521549
   3.837891	   0.594035
   3.847656	   0.626859
   3.857422	   0.610644
   3.867188	   0.547852
   3.876953	   0.452474
   3.886719	   0.346105
   3.896484	   0.251581
   3.906250	   0.186183
   3.916016	   0.156589
   3.925781	   0.157231
   3.935547	   0.172538
   3.945312	   0.182327
   3.955078	   0.168538
   3.964844	   0.121120
   3.974609	   0.041209
   3.984375	  -0.059335
   3.994141	  -0.161710
   4.003906	  -0.245906
   4.013672	  -0.296430
   4.023438	  -0.306204
   4.033203	  -0.277541
   4.042969	  -0.220160
   4.052734	  -0.147253
   4.062500	  -0.071154
   4.072266	  -0.000205
   4.082031	   0.062214
   4.091797	   0.116406
   4.101562	   0.163663
   4.111328	   0.203497
   4.121094	   0.232114
   4.130859	   0.242908
   4.140625	   0.228870
   4.150391	   0.185982
   4.160156	   0.116208
   4.169922	   0.028720
   4.179688	  -0.061341
   4.189453	  -0.136419
   4.199219	  -0.181351
   4.208984	  -0.187841
   4.218750	  -0.157072
   4.228516	  -0.099497
   4.238281	  -0.031820
   4.248047	   0.027917
   4.257812	   0.065526
   4.267578	   0.074516
   4.277344	   0.057412
   4.287109	   0.024256
   4.296875	  -0.011039
   4.306641	  -0.035160
   4.316406	  -0.039159
   4.326172	  -0.020364
   4.335938	   0.017964
   4.345703	   0.068814
   4.355469	   0.124367
   4.365234	   0.178493
   4.375000	   0.227885
   4.384766	   0.271568
   4.394531	   0.309273
   4.404297	   0.339609
   4.414062	   0.359083
   4.423828	   0.362574
   4.433594	   0.345225
   4.443359	   0.305002
   4.453125	   0.244776
   4.462891	   0.172857
   4.472656	   0.101443
   4.482422	   0.043295
   4.492188	   0.007684
   4.501953	  -0.002882
   4.511719	   0.006179
   4.521484	   0.023124
   4.531250	   0.033912
   4.541016	   0.027332
   4.550781	  -0.000573
   4.560547	  -0.044513
   4.570312	  -0.091309
   4.580078	  -0.124340
   4.589844	  -0.129662
   4.599609	  -0.101652
   4.609375	  -0.046053
   4.619141	   0.020897
   4.628906	   0.077237
   4.638672	   0.102520
   4.648438	   0.085138
   4.658203	   0.027124
   4.667969	  -0.055384
   4.677734	  -0.136464
   4.687500	  -0.188286
   4.697266	  -0.190055
   4.707031	  -0.135063
   4.716797	  -0.033405
   4.726562	   0.090656
   4.736328	   0.205944
   4.746094	   0.283928
   4.755859	   0.307466
   4.765625	   0.275852
   4.775391	   0.204515
   4.785156	   0.119515
   4.794922	   0.048722
   4.804688	   0.012678
   4.814453	   0.018227
   4.824219	   0.056993
   4.833984	   0.109134
   4.843750	   0.150940
   4.853516	   0.163558
   4.863281	   0.139749
   4.873047	   0.086345
   4.882812	   0.021575
   4.892578	  -0.031713
   4.902344	  -0.054495
   4.912109	  -0.038643
   4.921875	   0.009885
   4.931641	   0.072894
   4.941406	   0.126164
   4.951172	   0.147867
   4.960938	   0.126214
   4.970703	   0.063678
   4.980469	  -0.023678
   4.990234	  -0.111496
   5.000000	  -0.175175
   5.009766	  -0.197904
   5.019531	  -0.175923
   5.029297	  -0.119287
   5.039062	  -0.048022
   5.048828	   0.014883
   5.058594	   0.051117
   5.068359	   0.052674
   5.078125	   0.023644
   5.087891	  -0.022271
   5.097656	  -0.067388
   5.107422	  -0.096648
   5.117188	  -0.102765
   5.126953	  -0.088135
   5.136719	  -0.062994
   5.146484	  -0.040723
   5.156250	  -0.032225
   5.166016	  -0.041585
   5.175781	  -0.064633
   5.185547	  -0.090887
   5.195312	  -0.108003
   5.205078	  -0.106908
   5.214844	  -0.085526
   5.224609	  -0.049615
   5.234375	  -0.010335
   5.244141	   0.020491
   5.253906	   0.035530
   5.263672	   0.035426
   5.273438	   0.029113
   5.283203	   0.030682
   5.292969	   0.053873
   5.302734	   0.106232
   5.312500	   0.185213
   5.322266	   0.277848
   5.332031	   0.364319
   5.341797	   0.424318
   5.351562	   0.443998
   5.361328	   0.420986
   5.371094	   0.365588
   5.380859	   0.297627
   5.390625	   0.239941
   5.400391	   0.210773
   5.410156	   0.217759
   5.419922	   0.255634
   5.429688	   0.308477
   5.439453	   0.355668
   5.449219	   0.379364
   5.458984	   0.370762
   5.468750	   0.332850
   5.478516	   0.278650
   5.488281	   0.225632
   5.498047	   0.188457
   5.507812	   0.172819
   5.517578	   0.172828
   5.527344	   0.173047
   5.537109	   0.154542
   5.546875	   0.102777
   5.556641	   0.014351
   5.566406	  -0.100071
   5.576172	  -0.217982
   5.585938	  -0.311876
   5.595703	  -0.358473
   5.605469	  -0.347050
   5.615234	  -0.283856
   5.625000	  -0.190823
   5.634766	  -0.098801
   5.644531	  -0.037485
   5.654297	  -0.025440
   5.664062	  -0.063690
   5.673828	  -0.135155
   5.683594	  -0.210221
   5.693359	  -0.256617
   5.703125	  -0.250243
   5.712891	  -0.183264
   5.722656	  -0.066736
   5.732422	   0.073082
   5.742188	   0.203354
   5.751953	   0.295197
   5.761719	   0.332449
   5.771484	   0.315722
   5.781250	   0.260529
   5.791016	   0.190415
   5.800781	   0.127796
   5.810547	   0.085953
   5.820312	   0.065114
   5.830078	   0.053952
   5.839844	   0.035731
   5.849609	  -0.003426
   5.859375	  -0.067480
   5.869141	  -0.147516
   5.878906	  -0.224171
   5.888672	  -0.274645
   5.898438	  -0.281681
   5.908203	  -0.241009
   5.917969	  -0.164235
   5.927734	  -0.075787
   5.937500	  -0.004728
   5.947266	   0.025701
   5.957031	   0.007006
   5.966797	  -0.050622
   5.976562	  -0.121094
   5.986328	  -0.171254
   5.996094	  -0.172811
   6.005859	  -0.113194
   6.015625	  -0.001314
   6.025391	   0.134040
   6.035156	   0.252913
   6.044922	   0.317173
   6.054688	   0.303311
   6.064453	   0.210562
   6.074219	   0.061358
   6.083984	  -0.106203
   6.093750	  -0.251360
   6.103516	  -0.344695
   6.113281	  -0.378202
   6.123047	  -0.367835
   6.132812	  -0.347535
   6.142578	  -0.356758
   6.152344	  -0.425865
   6.162109	  -0.564516
   6.171875	  -0.757252
   6.181641	  -0.967877
   6.191406	  -1.151205
   6.201172	  -1.268079
   6.210938	  -1.298411
   6.220703	  -1.247649
   6.230469	  -1.144430
   6.240234	  -1.030287
   6.250000	  -0.945137
   6.259766	  -0.913763
   6.269531	  -0.938145
   6.279297	  -0.998372
   6.289062	  -1.061743
   6.298828	  -1.096669
   6.308594	  -1.086196
   6.318359	  -1.036088
   6.328125	  -0.974321
   6.337891	  -0.941992
   6.347656	  -0.978777
   6.357422	  -1.108131
   6.367188	  -1.327587
   6.376953	  -1.607746
   6.386719	  -1.900398
   6.396484	  -2.152920
   6.406250	  -2.323790
   6.416016	  -2.393605
   6.425781	  -2.367679
   6.435547	  -2.269398
   6.445312	  -2.127030
   6.455078	  -1.959206
   6.464844	  -1.764937
   6.474609	  -1.522353
   6.484375	  -1.197068
   6.494141	  -0.757211
   6.503906	  -0.189252
   6.513672	   0.492070
   6.523438	   1.244708
   6.533203	   2.012341
   6.542969	   2.746057
   6.552734	   3.427454
   6.562500	   4.084427
   6.572266	   4.792385
   6.582031	   5.657933
   6.591797	   6.787784
   6.601562	   8.251067
   6.611328	  10.046368
   6.621094	  12.084550
   6.630859	  14.194506
   6.640625	  16.152510
   6.650391	  17.728683
   6.660156	  18.738495
   6.669922	  19.084995
   6.679688	  18.779516
   6.689453	  17.934314
   6.699219	  16.728598
   6.708984	  15.357053
   6.718750	  13.975273
   6.728516	  12.657604
   6.738281	  11.379581
   6.748047	  10.030243
   6.757812	   8.451136
   6.767578	   6.491191
   6.777344	   4.062076
   6.787109	   1.178303
   6.796875	  -2.029558
   6.806641	  -5.333000
   6.816406	  -8.451039
   6.826172	 -11.111744
   6.835938	 -13.114246
   6.845703	 -14.375453
   6.855469	 -14.949472
   6.865234	 -15.014493
   6.875000	 -14.829884
   6.884766	 -14.673405
   6.894531	 -14.773220
   6.904297	 -15.250614
   6.914062	 -16.086944
   6.923828	 -17.122798
   6.933594	 -18.090186
   6.943359	 -18.671077
   6.953125	 -18.569693
   6.962891	 -17.582671
   6.972656	 -15.651420
   6.982422	 -12.884623
   6.992188	  -9.545250
   7.001953	  -6.004246
   7.011719	  -2.670617
   7.021484	   0.086828
   7.031250	   2.008667
   7.041016	   2.989459
   7.050781	   3.087909
   7.060547	   2.500968
   7.070312	   1.509055
   7.080078	   0.406693
   7.089844	  -0.563603
   7.099609	  -1.257569
   7.109375	  -1.644578
   7.119141	  -1.789972
   7.128906	  -1.811527
   7.138672	  -1.824626
   7.148438	  -1.893794
   7.158203	  -2.006083
   7.167969	  -2.074839
   7.177734	  -1.972647
   7.187500	  -1.582749
   7.197266	  -0.851836
   7.207031	   0.173945
   7.216797	   1.343197
   7.226562	   2.427871
   7.236328	   3.179479
   7.246094	   3.396870
   7.255859	   2.985038
   7.265625	   1.986278
   7.275391	   0.572870
   7.285156	  -0.997931
   7.294922	  -2.454102
   7.304688	  -3.583567
   7.314453	  -4.290822
   7.324219	  -4.617993
   7.333984	  -4.723535
   7.343750	  -4.824816
   7.353516	  -5.122120
   7.363281	  -5.727555
   7.373047	  -6.621012
   7.382812	  -7.647084
   7.392578	  -8.554167
   7.402344	  -9.063890
   7.412109	  -8.949674
   7.421875	  -8.100514
   7.431641	  -6.550926
   7.441406	  -4.468807
   7.451172	  -2.106216
   7.460938	   0.270423
   7.470703	   2.448170
   7.480469	   4.312316
   7.490234	   5.855040
   7.500000	   7.147359
   7.509766	   8.286076
   7.519531	   9.335798
   7.529297	  10.287599
   7.539062	  11.050103
   7.548828	  11.477534
   7.558594	  11.426318
   7.568359	  10.821348
   7.578125	   9.708685
   7.587891	   8.274656
   7.597656	   6.821292
   7.607422	   5.701653
   7.617188	   5.231578
   7.626953	   5.602684
   7.636719	   6.822281
   7.646484	   8.698923
   7.656250	  10.879645
   7.666016	  12.930259
   7.675781	  14.437821
   7.685547	  15.108138
   7.695312	  14.832719
   7.705078	  13.708265
   7.714844	  12.005063
   7.724609	  10.094426
   7.734375	   8.355789
   7.744141	   7.088326
   7.753906	   6.449165
   7.763672	   6.431592
   7.773438	   6.884947
   7.783203	   7.566633
   7.792969	   8.209048
   7.802734	   8.582066
   7.812500	   8.535189
   7.822266	   8.011101
   7.832031	   7.031550
   7.841797	   5.664502
   7.851562	   3.986042
   7.861328	   2.050648
   7.871094	  -0.120566
   7.880859	  -2.530624
   7.890625	  -5.180574
   7.900391	  -8.036095
   7.910156	 -10.998848
   7.919922	 -13.893457
   7.929688	 -16.476699
   7.939453	 -18.469376
   7.949219	 -19.605062
   7.958984	 -19.685061
   7.968750	 -18.626684
   7.978516	 -16.492893
   7.988281	 -13.495111
   7.998047	  -9.966850
   8.007812	  -6.312295
   8.017578	  -2.939778
   8.027344	  -0.193719
   8.037109	   1.700623
   8.046875	   2.667844
   8.056641	   2.782071
   8.066406	   2.236247
   8.076172	   1.288755
   8.085938	   0.200557
   8.095703	  -0.821570
   8.105469	  -1.661752
   8.115234	  -2.302933
   8.125000	  -2.805071
   8.134766	  -3.260920
   8.144531	  -3.743281
   8.154297	  -4.260358
   8.164062	  -4.733931
   8.173828	  -5.008691
   8.183594	  -4.891891
   8.193359	  -4.213058
   8.203125	  -2.886660
   8.212891	  -0.958512
   8.222656	   1.379713
   8.232422	   3.815109
   8.242188	   5.973488
   8.251953	   7.500451
   8.261719	   8.142618
   8.271484	   7.807207
   8.281250	   6.583539
   8.291016	   4.720263
   8.300781	   2.564264
   8.310547	   0.477662
   8.320312	  -1.244885
   8.330078	  -2.437013
   8.339844	  -3.084817
   8.349609	  -3.310338
   8.359375	  -3.321850
   8.369141	  -3.347226
   8.378906	  -3.570113
   8.388672	  -4.086122
   8.398438	  -4.888686
   8.408203	  -5.884376
   8.417969	  -6.928555
   8.427734	  -7.867090
   8.437500	  -8.569899
   8.447266	  -8.947016
   8.457031	  -8.945627
   8.466797	  -8.534261
   8.476562	  -7.685165
   8.486328	  -6.366120
   8.496094	  -4.548605
   8.505859	  -2.231737
   8.515625	   0.526195
   8.525391	   3.581832
   8.535156	   6.699983
   8.544922	   9.574669
   8.554688	  11.877981
   8.564453	  13.327140
   8.574219	  13.752691
   8.583984	  13.148218
   8.593750	  11.685392
   8.603516	   9.686894
   8.613281	   7.561253
   8.623047	   5.714454
   8.632812	   4.460167
   8.642578	   3.951277
   8.652344	   4.149953
   8.662109	   4.843312
   8.671875	   5.699746
   8.681641	   6.350753
   8.691406	   6.477331
   8.701172	   5.880152
   8.710938	   4.518329
   8.720703	   2.510737
   8.730469	   0.103613
   8.740234	  -2.384145
   8.750000	  -4.622950
   8.759766	  -6.327578
   8.769531	  -7.295584
   8.779297	  -7.425526
   8.789062	  -6.717116
   8.798828	  -5.258992
   8.808594	  -3.210494
   8.818359	  -0.782104
   8.828125	   1.783726
   8.837891	   4.232243
   8.847656	   6.318497
   8.857422	   7.832927
   8.867188	   8.628972
   8.876953	   8.648364
   8.886719	   7.937810
   8.896484	   6.650761
   8.906250	   5.030361
   8.916016	   3.373810
   8.925781	   1.983222
   8.935547	   1.112004
   8.945312	   0.917656
   8.955078	   1.431078
   8.964844	   2.549045
   8.974609	   4.051574
   8.984375	   5.640643
   8.994141	   6.992485
   9.003906	   7.813466
   9.013672	   7.889487
   9.023438	   7.120844
   9.033203	   5.537565
   9.042969	   3.293832
   9.052734	   0.643276
   9.062500	  -2.100517
   9.072266	  -4.612190
   9.082031	  -6.604376
   9.091797	  -7.871579
   9.101562	  -8.321103
   9.111328	  -7.985353
   9.121094	  -7.012328
   9.130859	  -5.634761
   9.140625	  -4.122606
   9.150391	  -2.727667
   9.160156	  -1.631930
   9.169922	  -0.911510
   9.179688	  -0.525602
   9.189453	  -0.334422
   9.199219	  -0.143121
   9.208984	   0.238367
   9.218750	   0.934523
   9.228516	   1.958777
   9.238281	   3.196545
   9.248047	   4.423011
   9.257812	   5.352798
   9.267578	   5.709854
   9.277344	   5.299916
   9.287109	   4.066545
   9.296875	   2.115524
   9.306641	  -0.299500
   9.316406	  -2.827204
   9.326172	  -5.092278
   9.335938	  -6.774311
   9.345703	  -7.672528
   9.355469	  -7.741171
   9.365234	  -7.088358
   9.375000	  -5.940813
   9.384766	  -4.585300
   9.394531	  -3.302598
   9.404297	  -2.310347
   9.414062	  -1.727234
   9.423828	  -1.564255
   9.433594	  -1.741242
   9.443359	  -2.120801
   9.453125	  -2.548573
   9.462891	  -2.889066
   9.472656	  -3.049427
   9.482422	  -2.988248
   9.492188	  -2.711070
   9.501953	  -2.257427
   9.511719	  -1.685309
   9.521484	  -1.057875
   9.531250	  -0.435028
   9.541016	   0.130138
   9.550781	   0.591756
   9.560547	   0.910908
   9.570312	   1.056470
   9.580078	   1.007686
   9.589844	   0.757774
   9.599609	   0.317102
   9.609375	  -0.285484
   9.619141	  -1.003982
   9.628906	  -1.779065
   9.638672	  -2.543655
   9.648438	  -3.229294
   9.658203	  -3.772681
   9.667969	  -4.122317
   9.677734	  -4.245418
   9.687500	  -4.135046
   9.697266	  -3.816494
   9.707031	  -3.350927
   9.716797	  -2.833543
   9.726562	  -2.383810
   9.736328	  -2.126929
   9.746094	  -2.168371
   9.755859	  -2.566378
   9.765625	  -3.309611
   9.775391	  -4.307592
   9.785156	  -5.399514
   9.794922	  -6.382637
   9.804688	  -7.055780
   9.814453	  -7.268073
   9.824219	  -6.959999
   9.833984	  -6.184135
   9.843750	  -5.097346
   9.853516	  -3.923595
   9.863281	  -2.895103
   9.873047	  -2.186696
   9.882812	  -1.861629
   9.892578	  -1.845401
   9.902344	  -1.937380
   9.912109	  -1.859851
   9.921875	  -1.333393
   9.931641	  -0.159255
   9.941406	   1.713699
   9.951172	   4.156760
   9.960938	   6.874434
   9.970703	   9.461349
   9.980469	  11.489645
   9.990234	  12.605060
  10.000000	  12.607354
  10.009766	  11.494843
  10.019531	   9.462397
  10.029297	   6.854579
  10.039062	   4.087166
  10.048828	   1.557905
  10.058594	  -0.430981
  10.068359	  -1.720564
  10.078125	  -2.304379
  10.087891	  -2.301078
  10.097656	  -1.902139
  10.107422	  -1.311725
  10.117188	  -0.695931
  10.126953	  -0.153897
  10.136719	   0.284689
  10.146484	   0.639664
  10.156250	   0.948384
  10.166016	   1.234556
  10.175781	   1.489016
  10.185547	   1.668339
  10.195312	   1.710428
  10.205078	   1.560236
  10.214844	   1.195475
  10.224609	   0.642434
  10.234375	  -0.024326
  10.244141	  -0.698995
  10.253906	  -1.273072
  10.263672	  -1.666299
  10.273438	  -1.849860
  10.283203	  -1.854063
  10.292969	  -1.757564
  10.302734	  -1.661013
  10.312500	  -1.652921
  10.322266	  -1.778165
  10.332031	  -2.018941
  10.341797	  -2.294455
  10.351562	  -2.480204
  10.361328	  -2.441942
  10.371094	  -2.075022
  10.380859	  -1.338061
  10.390625	  -0.271214
  10.400391	   1.006573
  10.410156	   2.321246
  10.419922	   3.482472
  10.429688	   4.327596
  10.439453	   4.759163
  10.449219	   4.766021
  10.458984	   4.422254
  10.468750	   3.864019
  10.478516	   3.250282
  10.488281	   2.717827
  10.498047	   2.342628
  10.507812	   2.118208
  10.517578	   1.957275
  10.527344	   1.716829
  10.537109	   1.240585
  10.546875	   0.407693
  10.556641	  -0.825365
  10.566406	  -2.401460
  10.576172	  -4.165302
  10.585938	  -5.892335
  10.595703	  -7.337592
  10.605469	  -8.292557
  10.615234	  -8.635501
  10.625000	  -8.362072
  10.634766	  -7.587702
  10.644531	  -6.520624
  10.654297	  -5.411936
  10.664062	  -4.495270
  10.673828	  -3.931424
  10.683594	  -3.772096
  10.693359	  -3.951784
  10.703125	  -4.309516
  10.712891	  -4.634158
  10.722656	  -4.720997
  10.732422	  -4.424601
  10.742188	  -3.694385
  10.751953	  -2.584402
  10.761719	  -1.236077
  10.771484	   0.160098
  10.781250	   1.412593
  10.791016	   2.373347
  10.800781	   2.967394
  10.810547	   3.201167
  10.820312	   3.149468
  10.830078	   2.927001
  10.839844	   2.654129
  10.849609	   2.427102
  10.859375	   2.300473
  10.869141	   2.284830
  10.878906	   2.357805
  10.888672	   2.482365
  10.898438	   2.624741
  10.908203	   2.765435
  10.917969	   2.899980
  10.927734	   3.030341
  10.937500	   3.151465
  10.947266	   3.239335
  10.957031	   3.246362
  10.966797	   3.107223
  10.976562	   2.754433
  10.986328	   2.139225
  10.996094	   1.251086
  11.005859	   0.129285
  11.015625	  -1.138034
  11.025391	  -2.427925
  11.035156	  -3.606513
  11.044922	  -4.556357
  11.054688	  -5.199866
  11.064453	  -5.512592
  11.074219	  -5.523239
  11.083984	  -5.301130
  11.093750	  -4.935397
  11.103516	  -4.512185
  11.113281	  -4.096258
  11.123047	  -3.721535
  11.132812	  -3.392021
  11.142578	  -3.091389
  11.152344	  -2.797037
  11.162109	  -2.493570
  11.171875	  -2.181434
  11.181641	  -1.878430
  11.191406	  -1.614389
  11.201172	  -1.421449
  11.210938	  -1.323483
  11.220703	  -1.328115
  11.230469	  -1.423503
  11.240234	  -1.580301
  11.250000	  -1.757545
  11.259766	  -1.910231
  11.269531	  -1.996322
  11.279297	  -1.981645
  11.289062	  -1.842345
  11.298828	  -1.565600
  11.308594	  -1.149827
  11.318359	  -0.605365
  11.328125	   0.044129
  11.337891	   0.760395
  11.347656	   1.490900
  11.357422	   2.172350
  11.367188	   2.738212
  11.376953	   3.129737
  11.386719	   3.308422
  11.396484	   3.266800
  11.406250	   3.034125
  11.416016	   2.674423
  11.425781	   2.276098
  11.435547	   1.934544
  11.445312	   1.731327
  11.455078	   1.714749
  11.464844	   1.886695
  11.474609	   2.199414
  11.484375	   2.563586
  11.494141	   2.866343
  11.503906	   2.995421
  11.513672	   2.864072
  11.523438	   2.431119
  11.533203	   1.711587
  11.542969	   0.775556
  11.552734	  -0.264491
  11.562500	  -1.274941
  11.572266	  -2.126274
  11.582031	  -2.716804
  11.591797	  -2.990073
  11.601562	  -2.942550
  11.611328	  -2.620595
  11.621094	  -2.107963
  11.630859	  -1.507115
  11.640625	  -0.918706
  11.650391	  -0.423740
  11.660156	  -0.071910
  11.669922	   0.122018
  11.679688	   0.173975
  11.689453	   0.120543
  11.699219	   0.006373
  11.708984	  -0.127353
  11.718750	  -0.250501
  11.728516	  -0.346140
  11.738281	  -0.407600
  11.748047	  -0.432402
  11.757812	  -0.415988
  11.767578	  -0.348150
  11.777344	  -0.214049
  11.787109	   0.000015
  11.796875	   0.297829
  11.806641	   0.664683
  11.816406	   1.062619
  11.826172	   1.432384
  11.835938	   1.703076
  11.845703	   1.808017
  11.855469	   1.703037
  11.865234	   1.382039
  11.875000	   0.884747
  11.884766	   0.293264
  11.894531	  -0.283024
  11.904297	  -0.731336
  11.914062	  -0.962503
  11.923828	  -0.934045
  11.933594	  -0.662864
  11.943359	  -0.223540
  11.953125	   0.268077
  11.962891	   0.682259
  11.972656	   0.907051
  11.982422	   0.876092
  11.992188	   0.585453
  12.001953	   0.095184
  12.011719	  -0.484730
  12.021484	  -1.020265
  12.031250	  -1.384411
  12.041016	  -1.485623
  12.050781	  -1.286942
  12.060547	  -0.811803
  12.070312	  -0.136152
  12.080078	   0.630085
  12.089844	   1.366874
  12.099609	   1.967275
  12.109375	   2.354990
  12.119141	   2.493401
  12.128906	   2.385776
  12.138672	   2.068470
  12.148438	   1.600150
  12.158203	   1.050132
  12.167969	   0.488102
  12.177734	  -0.023732
  12.187500	  -0.436110
  12.197266	  -0.716418
  12.207031	  -0.851136
  12.216797	  -0.847038
  12.226562	  -0.730557
  12.236328	  -0.544469
  12.246094	  -0.341416
  12.255859	  -0.174649
  12.265625	  -0.087490
  12.275391	  -0.103901
  12.285156	  -0.222780
  12.294922	  -0.417925
  12.304688	  -0.644212
  12.314453	  -0.848686
  12.324219	  -0.983739
  12.333984	  -1.018733
  12.343750	  -0.946755
  12.353516	  -0.784608
  12.363281	  -0.566176
  12.373047	  -0.331358
  12.382812	  -0.114131
  12.392578	   0.066494
  12.402344	   0.209863
  12.412109	   0.330598
  12.421875	   0.450408
  12.431641	   0.587827
  12.441406	   0.749571
  12.451172	   0.926571
  12.460938	   1.096027
  12.470703	   1.228711
  12.480469	   1.298883
  12.490234	   1.293256
  12.500000	   1.215808
  12.509766	   1.086690
  12.519531	   0.935603
  12.529297	   0.791974
  12.539062	   0.675422
  12.548828	   0.589931
  12.558594	   0.523862
  12.568359	   0.455857
  12.578125	   0.364577
  12.587891	   0.238792
  12.597656	   0.084103
  12.607422	  -0.076352
  12.617188	  -0.207837
  12.626953	  -0.274929
  12.636719	  -0.253960
  12.646484	  -0.142866
  12.656250	   0.034994
  12.666016	   0.234634
  12.675781	   0.400091
  12.685547	   0.478977
  12.695312	   0.436743
  12.705078	   0.266529
  12.714844	  -0.008228
  12.724609	  -0.339112
  12.734375	  -0.664367
  12.744141	  -0.923542
  12.753906	  -1.071156
  12.763672	  -1.085912
  12.773438	  -0.973469
  12.783203	  -0.762669
  12.792969	  -0.496877
  12.802734	  -0.223147
  12.812500	   0.017874
  12.822266	   0.199047
  12.832031	   0.309725
  12.841797	   0.354734
  12.851562	   0.350433
  12.861328	   0.319300
  12.871094	   0.284484
  12.880859	   0.265301
  12.890625	   0.274168
  12.900391	   0.315106
  12.910156	   0.383731
  12.919922	   0.468667
  12.929688	   0.554271
  12.939453	   0.624453
  12.949219	   0.667046
  12.958984	   0.677820
  12.968750	   0.662953
  12.978516	   0.638825
  12.988281	   0.628516
  12.998047	   0.655335
  13.007812	   0.734751
  13.017578	   0.867037
  13.027344	   1.033161
  13.037109	   1.195953
  13.046875	   1.307207
  13.056641	   1.319556
  13.066406	   1.200256
  13.076172	   0.942941
  13.085938	   0.573541
  13.095703	   0.147854
  13.105469	  -0.259433
  13.115234	  -0.571929
  13.125000	  -0.730501
  13.134766	  -0.708745
  13.144531	  -0.520359
  13.154297	  -0.216005
  13.164062	   0.129805
  13.173828	   0.438299
  13.183594	   0.647030
  13.193359	   0.725613
  13.203125	   0.682129
  13.212891	   0.558489
  13.222656	   0.416308
  13.232422	   0.317648
  13.242188	   0.306445
  13.251953	   0.396112
  13.261719	   0.566801
  13.271484	   0.772808
  13.281250	   0.957500
  13.291016	   1.070971
  13.300781	   1.084979
  13.310547	   1.000779
  13.320312	   0.847861
  13.330078	   0.674452
  13.339844	   0.533149
  13.349609	   0.466333
  13.359375	   0.495752
  13.369141	   0.619089
  13.378906	   0.813922
  13.388672	   1.047102
  13.398438	   1.286045
  13.408203	   1.508094
  13.417969	   1.705076
  13.427734	   1.882030
  13.437500	   2.051110
  13.447266	   2.223256
  13.457031	   2.400784
  13.466797	   2.573537
  13.476562	   2.719854
  13.486328	   2.811874
  13.496094	   2.823268
  13.505859	   2.736760
  13.515625	   2.549027
  13.525391	   2.271585
  13.535156	   1.927648
  13.544922	   1.546268
  13.554688	   1.155762
  13.564453	   0.778483
  13.574219	   0.428285
  13.583984	   0.110986
  13.593750	  -0.172883
  13.603516	  -0.424409
  13.613281	  -0.643173
  13.623047	  -0.825693
  13.632812	  -0.965725
  13.642578	  -1.055994
  13.652344	  -1.090489
  13.662109	  -1.066417
  13.671875	  -0.985233
  13.681641	  -0.852645
  13.691406	  -0.677940
  13.701172	  -0.473111
  13.710938	  -0.252146
  13.720703	  -0.030509
  13.730469	   0.175510
  13.740234	   0.350039
  13.750000	   0.479720
  13.759766	   0.556492
  13.769531	   0.580318
  13.779297	   0.560762
  13.789062	   0.516363
  13.798828	   0.471254
  13.808594	   0.449392
  13.818359	   0.467750
  13.828125	   0.530478
  13.837891	   0.626141
  13.847656	   0.729427
  13.857422	   0.807463
  13.867188	   0.829333
  13.876953	   0.776171
  13.886719	   0.648685
  13.896484	   0.469465
  13.906250	   0.278850
  13.916016	   0.125043
  13.925781	   0.051040
  13.935547	   0.082123
  13.945312	   0.217676
  13.955078	   0.430002
  13.964844	   0.670755
  13.974609	   0.883323
  13.984375	   1.017683
  13.994141	   1.043407
  14.003906	   0.957090
  14.013672	   0.782078
  14.023438	   0.560773
  14.033203	   0.341951
  14.042969	   0.167022
  14.052734	   0.059309
  14.062500	   0.019382
  14.072266	   0.027479
  14.082031	   0.051830
  14.091797	   0.059940
  14.101562	   0.029124
  14.111328	  -0.046925
  14.121094	  -0.157298
  14.130859	  -0.278584
  14.140625	  -0.383151
  14.150391	  -0.448035
  14.160156	  -0.461474
  14.169922	  -0.425152
  14.179688	  -0.351796
  14.189453	  -0.259393
  14.199219	  -0.164331
  14.208984	  -0.076004
  14.218750	   0.005321
  14.228516	   0.086810
  14.238281	   0.178440
  14.248047	   0.287318
  14.257812	   0.413143
  14.267578	   0.546495
  14.277344	   0.670554
  14.287109	   0.765641
  14.296875	   0.814960
  14.306641	   0.809614
  14.316406	   0.751249
  14.326172	   0.651627
  14.335938	   0.529432
  14.345703	   0.405560
  14.355469	   0.298457
  14.365234	   0.220897
  14.375000	   0.178891
  14.384766	   0.172566
  14.394531	   0.198155
  14.404297	   0.250010
  14.414062	   0.321731
  14.423828	   0.406145
  14.433594	   0.494540
  14.443359	   0.576008
  14.453125	   0.637818
  14.462891	   0.667284
  14.472656	   0.654890
  14.482422	   0.597703
  14.492188	   0.501727
  14.501953	   0.381962
  14.511719	   0.259635
  14.521484	   0.157034
  14.531250	   0.091334
  14.541016	   0.069380
  14.550781	   0.085256
  14.560547	   0.121724
  14.570312	   0.155351
  14.580078	   0.163923
  14.589844	   0.133826
  14.599609	   0.064977
  14.609375	  -0.028453
  14.619141	  -0.121960
  14.628906	  -0.188211
  14.638672	  -0.205820
  14.648438	  -0.166634
  14.658203	  -0.079117
  14.667969	   0.033332
  14.677734	   0.138727
  14.687500	   0.205582
  14.697266	   0.211950
  14.707031	   0.151617
  14.716797	   0.035599
  14.726562	  -0.111464
  14.736328	  -0.258761
  14.746094	  -0.378216
  14.755859	  -0.452045
  14.765625	  -0.476705
  14.775391	  -0.462192
  14.785156	  -0.427182
  14.794922	  -0.391812
  14.804688	  -0.370575
  14.814453	  -0.367645
  14.824219	  -0.376051
  14.833984	  -0.380767
  14.843750	  -0.364548
  14.853516	  -0.314434
  14.863281	  -0.226761
  14.873047	  -0.109079
  14.882812	   0.021574
  14.892578	   0.143376
  14.902344	   0.235862
  14.912109	   0.285584
  14.921875	   0.289622
  14.931641	   0.256054
  14.941406	   0.201424
  14.951172	   0.146122
  14.960938	   0.109095
  14.970703	   0.103296
  14.980469	   0.132947
  14.990234	   0.193027
  15.000000	   0.270808
  15.009766	   0.348810
  15.019531	   0.408385
  15.029297	   0.433215
  15.039062	   0.412221
  15.048828	   0.341602
  15.058594	   0.225863
  15.068359	   0.077713
  15.078125	  -0.083280
  15.087891	  -0.233312
  15.097656	  -0.348139
  15.107422	  -0.407573
  15.117188	  -0.399908
  15.126953	  -0.325210
  15.136719	  -0.196470
  15.146484	  -0.037960
  15.156250	   0.119211
  15.166016	   0.243521
  15.175781	   0.309967
  15.185547	   0.305684
  15.195312	   0.232690
  15.205078	   0.106865
  15.214844	  -0.046608
  15.224609	  -0.200118
  15.234375	  -0.330807
  15.244141	  -0.425951
  15.253906	  -0.484976
  15.263672	  -0.517580
  15.273438	  -0.538708
  15.283203	  -0.562112
  15.292969	  -0.594736
  15.302734	  -0.633845
  15.312500	  -0.667909
  15.322266	  -0.680958
  15.332031	  -0.658919
  15.341797	  -0.595718
  15.351562	  -0.496963
  15.361328	  -0.379792
  15.371094	  -0.268737
  15.380859	  -0.188822
  15.390625	  -0.158063
  15.400391	  -0.181801
  15.410156	  -0.250760
  15.419922	  -0.343529
  15.429688	  -0.432730
  15.439453	  -0.492969
  15.449219	  -0.508080
  15.458984	  -0.475405
  15.468750	  -0.405852
  15.478516	  -0.319830
  15.488281	  -0.240460
  15.498047	  -0.186331
  15.507812	  -0.166093
  15.517578	  -0.176549
  15.527344	  -0.204691
  15.537109	  -0.232821
  15.546875	  -0.244952
  15.556641	  -0.232319
  15.566406	  -0.196257
  15.576172	  -0.147607
  15.585938	  -0.103047
  15.595703	  -0.079680
  15.605469	  -0.089766
  15.615234	  -0.137272
  15.625000	  -0.217251
  15.634766	  -0.318034
  15.644531	  -0.425292
  15.654297	  -0.526483
  15.664062	  -0.614162
  15.673828	  -0.687196
  15.683594	  -0.749669
  15.693359	  -0.808140
  15.703125	  -0.868379
  15.712891	  -0.932845
  15.722656	  -0.999729
  15.732422	  -1.063767
  15.742188	  -1.118338
  15.751953	  -1.157894
  15.761719	  -1.179726
  15.771484	  -1.184393
  15.781250	  -1.174705
  15.791016	  -1.153766
  15.800781	  -1.122939
  15.810547	  -1.080649
  15.820312	  -1.022592
  15.830078	  -0.943353
  15.839844	  -0.838904
  15.849609	  -0.709033
  15.859375	  -0.558813
  15.869141	  -0.398470
  15.878906	  -0.241639
  15.888672	  -0.102506
  15.898438	   0.007242
  15.908203	   0.080710
  15.917969	   0.116670
  15.927734	   0.118860
  15.937500	   0.094102
  15.947266	   0.050007
  15.957031	  -0.006894
  15.966797	  -0.072002
  15.976562	  -0.142357
  15.986328	  -0.215533
  15.996094	  -0.288403
  16.005859	  -0.356473
  16.015625	  -0.414201
  16.025391	  -0.456305
  16.035156	  -0.479559
  16.044922	  -0.484332
  16.054688	  -0.475138
  16.064453	  -0.459796
  16.074219	  -0.447316
  16.083984	  -0.445138
  16.093750	  -0.456664
  16.103516	  -0.479978
  16.113281	  -0.508282
  16.123047	  -0.532016
  16.132812	  -0.542002
  16.142578	  -0.532578
  16.152344	  -0.503664
  16.162109	  -0.461030
  16.171875	  -0.414648
  16.181641	  -0.375668
  16.191406	  -0.353044
  16.201172	  -0.350933
  16.210938	  -0.367732
  16.220703	  -0.397036
  16.230469	  -0.430126
  16.240234	  -0.459054
  16.250000	  -0.479202
  16.259766	  -0.490415
  16.269531	  -0.496315
  16.279297	  -0.502105
  16.289062	  -0.511709
  16.298828	  -0.525379
  16.308594	  -0.538694
  16.318359	  -0.543434
  16.328125	  -0.530086
  16.337891	  -0.491157
  16.347656	  -0.424157
  16.357422	  -0.333187
  16.367188	  -0.228533
  16.376953	  -0.124347
  16.386719	  -0.035113
  16.396484	   0.027976
  16.406250	   0.059609
  16.416016	   0.061166
  16.425781	   0.039587
  16.435547	   0.004818
  16.445312	  -0.033258
  16.455078	  -0.067352
  16.464844	  -0.094030
  16.474609	  -0.113449
  16.484375	  -0.127905
  16.494141	  -0.139949
  16.503906	  -0.150910
  16.513672	  -0.160438
  16.523438	  -0.167213
  16.533203	  -0.170451
  16.542969	  -0.171458
  16.552734	  -0.174452
  16.562500	  -0.186107
  16.572266	  -0.213794
  16.582031	  -0.263025
  16.591797	  -0.334977
  16.601562	  -0.425050
  16.611328	  -0.523097
  16.621094	  -0.615442
  16.630859	  -0.688151
  16.640625	  -0.730609
  16.650391	  -0.738255
  16.660156	  -0.713626
  16.669922	  -0.665375
  16.679688	  -0.605589
  16.689453	  -0.546290
  16.699219	  -0.496234
  16.708984	  -0.459009
  16.718750	  -0.432938
  16.728516	  -0.412683
  16.738281	  -0.391876
  16.748047	  -0.365780
  16.757812	  -0.333047
  16.767578	  -0.296007
  16.777344	  -0.259482
  16.787109	  -0.228694
  16.796875	  -0.207104
  16.806641	  -0.195053
  16.816406	  -0.189717
  16.826172	  -0.186378
  16.835938	  -0.180498
  16.845703	  -0.169760
  16.855469	  -0.155247
  16.865234	  -0.141262
  16.875000	  -0.133790
  16.884766	  -0.138136
  16.894531	  -0.156604
  16.904297	  -0.187091
  16.914062	  -0.223179
  16.923828	  -0.255756
  16.933594	  -0.275666
  16.943359	  -0.276509
  16.953125	  -0.256624
  16.962891	  -0.219577
  16.972656	  -0.172975
  16.982422	  -0.126012
  16.992188	  -0.086569
  17.001953	  -0.058851
  17.011719	  -0.042328
  17.021484	  -0.032308
  17.031250	  -0.021883
  17.041016	  -0.004545
  17.050781	   0.023429
  17.060547	   0.061643
  17.070312	   0.105677
  17.080078	   0.148528
  17.089844	   0.182829
  17.099609	   0.203056
  17.109375	   0.207000
  17.119141	   0.196065
  17.128906	   0.174423
  17.138672	   0.147443
  17.148438	   0.120046
  17.158203	   0.095572
  17.167969	   0.075518
  17.177734	   0.060085
  17.187500	   0.049162
  17.197266	   0.043205
  17.207031	   0.043523
  17.216797	   0.051791
  17.226562	   0.068967
  17.236328	   0.094081
  17.246094	   0.123508
  17.255859	   0.151177
  17.265625	   0.169841
  17.275391	   0.173097
  17.285156	   0.157523
  17.294922	   0.124155
  17.304688	   0.078698
  17.314453	   0.030277
  17.324219	  -0.010995
  17.333984	  -0.036893
  17.343750	  -0.043501
  17.353516	  -0.032367
  17.363281	  -0.010006
  17.373047	   0.014110
  17.382812	   0.030430
  17.392578	   0.032120
  17.402344	   0.016898
  17.412109	  -0.012660
  17.421875	  -0.050357
  17.431641	  -0.088659
  17.441406	  -0.121169
  17.451172	  -0.144410
  17.460938	  -0.158320
  17.470703	  -0.165346
  17.480469	  -0.168573
  17.490234	  -0.169656
  17.500000	  -0.167422
  17.509766	  -0.157745
  17.519531	  -0.134825
  17.529297	  -0.093444
  17.539062	  -0.031413
  17.548828	   0.048721
  17.558594	   0.139395
  17.568359	   0.229393
  17.578125	   0.306501
  17.587891	   0.360645
  17.597656	   0.386527
  17.607422	   0.384927
  17.617188	   0.362259
  17.626953	   0.328571
  17.636719	   0.294653
  17.646484	   0.269182
  17.656250	   0.256780
  17.666016	   0.257516
  17.675781	   0.267846
  17.685547	   0.282515
  17.695312	   0.296665
  17.705078	   0.307356
  17.714844	   0.314041
  17.724609	   0.317921
  17.734375	   0.320590
  17.744141	   0.322627
  17.753906	   0.322774
  17.763672	   0.318121
  17.773438	   0.305248
  17.783203	   0.281892
  17.792969	   0.248460
  17.802734	   0.208722
  17.812500	   0.169294
  17.822266	   0.137994
  17.832031	   0.121557
  17.841797	   0.123492
  17.851562	   0.142852
  17.861328	   0.174385
  17.871094	   0.210085
  17.880859	   0.241655
  17.890625	   0.263071
  17.900391	   0.272383
  17.910156	   0.272140
  17.919922	   0.268295
  17.929688	   0.267968
  17.939453	   0.276827
  17.949219	   0.297006
  17.958984	   0.326234
  17.968750	   0.358500
  17.978516	   0.385990
  17.988281	   0.401632
  17.998047	   0.401400
  18.007812	   0.385595
  18.017578	   0.358722
  18.027344	   0.328030
  18.037109	   0.301268
  18.046875	   0.284395
  18.056641	   0.280004
  18.066406	   0.286908
  18.076172	   0.300920
  18.085938	   0.316461
  18.095703	   0.328368
  18.105469	   0.333279
  18.115234	   0.330171
  18.125000	   0.320006
  18.134766	   0.304740
  18.144531	   0.286222
  18.154297	   0.265439
  18.164062	   0.242435
  18.173828	   0.216863
  18.183594	   0.188874
  18.193359	   0.159871
  18.203125	   0.132710
  18.212891	   0.111150
  18.222656	   0.098697
  18.232422	   0.097246
  18.242188	   0.106091
  18.251953	   0.121743
  18.261719	   0.138765
  18.271484	   0.151411
  18.281250	   0.155560
  18.291016	   0.150255
  18.300781	   0.138279
  18.310547	   0.125469
  18.320312	   0.118944
  18.330078	   0.124780
  18.339844	   0.145909
  18.349609	   0.180959
  18.359375	   0.224453
  18.369141	   0.268338
  18.378906	   0.304350
  18.388672	   0.326453
  18.398438	   0.332538
  18.408203	   0.324847
  18.417969	   0.309010
  18.427734	   0.292052
  18.437500	   0.280074
  18.447266	   0.276404
  18.457031	   0.280830
  18.466797	   0.290103
  18.476562	   0.299492
  18.486328	   0.304764
  18.496094	   0.303850
  18.505859	   0.297613
  18.515625	   0.289452
  18.525391	   0.283927
  18.535156	   0.284958
  18.544922	   0.294278
  18.554688	   0.310725
  18.564453	   0.330627
  18.574219	   0.349128
  18.583984	   0.361932
  18.593750	   0.366820
  18.603516	   0.364342
  18.613281	   0.357442
  18.623047	   0.350161
  18.632812	   0.345910
  18.642578	   0.345998
  18.652344	   0.348988
  18.662109	   0.351157
  18.671875	   0.347910
  18.681641	   0.335653
  18.691406	   0.313403
  18.701172	   0.283521
  18.710938	   0.251246
  18.720703	   0.223137
  18.730469	   0.204937
  18.740234	   0.199606
  18.750000	   0.206209
  18.759766	   0.220081
  18.769531	   0.234236
  18.779297	   0.241566
  18.789062	   0.237091
  18.798828	   0.219518
  18.808594	   0.191596
  18.818359	   0.159195
  18.828125	   0.129434
  18.837891	   0.108545
  18.847656	   0.100164
  18.857422	   0.104609
  18.867188	   0.119281
  18.876953	   0.139952
  18.886719	   0.162386
  18.896484	   0.183648
  18.906250	   0.202635
  18.916016	   0.219696
  18.925781	   0.235571
  18.935547	   0.250193
  18.945312	   0.261914
  18.955078	   0.267584
  18.964844	   0.263526
  18.974609	   0.247100
  18.984375	   0.218230
  18.994141	   0.180263
  19.003906	   0.139701
  19.013672	   0.104741
  19.023438	   0.083029
  19.033203	   0.079314
  19.042969	   0.093817
  19.052734	   0.121910
  19.062500	   0.155282
  19.072266	   0.184288
  19.082031	   0.200743
  19.091797	   0.200277
  19.101562	   0.183499
  19.111328	   0.155594
  19.121094	   0.124519
  19.130859	   0.098415
  19.140625	   0.083103
  19.150391	   0.080478
  19.160156	   0.088307
  19.169922	   0.101410
  19.179688	   0.113753
  19.189453	   0.120681
  19.199219	   0.120484
  19.208984	   0.114772
  19.218750	   0.107582
  19.228516	   0.103595
  19.238281	   0.106160
  19.248047	   0.115887
  19.257812	   0.130328
  19.267578	   0.144866
  19.277344	   0.154467
  19.287109	   0.155635
  19.296875	   0.147822
  19.306641	   0.133749
  19.316406	   0.118504
  19.326172	   0.107707
  19.335938	   0.105409
  19.345703	   0.112499
  19.355469	   0.126179
  19.365234	   0.140759
  19.375000	   0.149490
  19.384766	   0.146813
  19.394531	   0.130267
  19.404297	   0.101372
  19.414062	   0.065216
  19.423828	   0.028878
  19.433594	  -0.000746
  19.443359	  -0.018978
  19.453125	  -0.024572
  19.462891	  -0.019746
  19.472656	  -0.009075
  19.482422	   0.002288
  19.492188	   0.010409
  19.501953	   0.013741
  19.511719	   0.013289
  19.521484	   0.011769
  19.531250	   0.012157
  19.541016	   0.016220
  19.550781	   0.023603
  19.560547	   0.031854
  19.570312	   0.037340
  19.580078	   0.036712
  19.589844	   0.028337
  19.599609	   0.013109
  19.609375	  -0.005662
  19.619141	  -0.023309
  19.628906	  -0.035406
  19.638672	  -0.039340
  19.648438	  -0.035259
  19.658203	  -0.026044
  19.667969	  -0.016296
  19.677734	  -0.010702
  19.687500	  -0.012372
  19.697266	  -0.021750
  19.707031	  -0.036492
  19.716797	  -0.052350
  19.726562	  -0.064728
  19.736328	  -0.070332
  19.746094	  -0.068307
  19.755859	  -0.060444
  19.765625	  -0.050403
  19.775391	  -0.042250
  19.785156	  -0.038877
  19.794922	  -0.040919
  19.804688	  -0.046572
  19.814453	  -0.052401
  19.824219	  -0.054819
  19.833984	  -0.051669
  19.843750	  -0.043290
  19.853516	  -0.032621
  19.863281	  -0.024268
  19.873047	  -0.022850
  19.882812	  -0.031228
  19.892578	  -0.049286
  19.902344	  -0.073760
  19.912109	  -0.099233
  19.921875	  -0.119966
  19.931641	  -0.131954
  19.941406	  -0.134436
  19.951172	  -0.130299
  19.960938	  -0.125176
  19.970703	  -0.125505
  19.980469	  -0.136192
  19.990234	  -0.158710
  20.000000	  -0.190289
  20.009766	  -0.224552
  20.019531	  -0.253384
  20.029297	  -0.269477
  20.039062	  -0.268666
  20.048828	  -0.251315
  20.058594	  -0.222265
  20.068359	  -0.189379
  20.078125	  -0.161177
  20.087891	  -0.144338
  20.097656	  -0.141889
  20.107422	  -0.152633
  20.117188	  -0.171940
  20.126953	  -0.193563
  20.136719	  -0.211794
  20.146484	  -0.223224
  20.156250	  -0.227521
  20.166016	  -0.227039
  20.175781	  -0.225498
  20.185547	  -0.226277
  20.195312	  -0.231017
  20.205078	  -0.239013
  20.214844	  -0.247626
  20.224609	  -0.253485
  20.234375	  -0.253977
  20.244141	  -0.248420
  20.253906	  -0.238443
  20.263672	  -0.227406
  20.273438	  -0.219087
  20.283203	  -0.216149
  20.292969	  -0.218988
  20.302734	  -0.225438
  20.312500	  -0.231490
  20.322266	  -0.232764
  20.332031	  -0.226221
  20.341797	  -0.211451
  20.351562	  -0.191033
  20.361328	  -0.169789
  20.371094	  -0.153170
  20.380859	  -0.145321
  20.390625	  -0.147525
  20.400391	  -0.157608
  20.410156	  -0.170532
  20.419922	  -0.180004
  20.429688	  -0.180556
  20.439453	  -0.169357
  20.449219	  -0.147143
  20.458984	  -0.117928
  20.468750	  -0.087605
  20.478516	  -0.061951
  20.488281	  -0.044727
  20.498047	  -0.036561
  20.507812	  -0.034987
  20.517578	  -0.035609
  20.527344	  -0.033945
  20.537109	  -0.027255
  20.546875	  -0.015694
  20.556641	  -0.002349
  20.566406	   0.007835
  20.576172	   0.009859
  20.585938	   0.000526
  20.595703	  -0.020332
  20.605469	  -0.049706
  20.615234	  -0.082411
  20.625000	  -0.112847
  20.634766	  -0.136898
  20.644531	  -0.153249
  20.654297	  -0.163645
  20.664062	  -0.171997
  20.673828	  -0.182652
  20.683594	  -0.198491
  20.693359	  -0.219554
  20.703125	  -0.242735
  20.712891	  -0.262684
  20.722656	  -0.273624
  20.732422	  -0.271429
  20.742188	  -0.255237
  20.751953	  -0.227970
  20.761719	  -0.195584
  20.771484	  -0.165257
  20.781250	  -0.143156
  20.791016	  -0.132536
  20.800781	  -0.132846
  20.810547	  -0.140144
  20.820312	  -0.148644
  20.830078	  -0.152872
  20.839844	  -0.149637
  20.849609	  -0.139132
  20.859375	  -0.124793
  20.869141	  -0.111981
  20.878906	  -0.105965
  20.888672	  -0.109958
  20.898438	  -0.123900
  20.908203	  -0.144415
  20.917969	  -0.165963
  20.927734	  -0.182750
  20.937500	  -0.190712
  20.947266	  -0.188860
  20.957031	  -0.179528
  20.966797	  -0.167437
  20.976562	  -0.157948
  20.986328	  -0.155131
  20.996094	  -0.160365
  21.005859	  -0.171936
  21.015625	  -0.185776
  21.025391	  -0.197027
  21.035156	  -0.201839
  21.044922	  -0.198742
  21.054688	  -0.189076
  21.064453	  -0.176358
  21.074219	  -0.164836
  21.083984	  -0.157795
  21.093750	  -0.156280
  21.103516	  -0.158721
  21.113281	  -0.161619
  21.123047	  -0.161033
  21.132812	  -0.154318
  21.142578	  -0.141420
  21.152344	  -0.125225
  21.162109	  -0.110763
  21.171875	  -0.103530
  21.181641	  -0.107480
  21.191406	  -0.123426
  21.201172	  -0.148430
  21.210938	  -0.176448
  21.220703	  -0.200042
  21.230469	  -0.212610
  21.240234	  -0.210389
  21.250000	  -0.193556
  21.259766	  -0.166087
  21.269531	  -0.134413
  21.279297	  -0.105369
  21.289062	  -0.084134
  21.298828	  -0.072833
  21.308594	  -0.070257
  21.318359	  -0.072711
  21.328125	  -0.075628
  21.337891	  -0.075334
  21.347656	  -0.070318
  21.357422	  -0.061558
  21.367188	  -0.051856
  21.376953	  -0.044461
  21.386719	  -0.041558
  21.396484	  -0.043214
  21.406250	  -0.047189
  21.416016	  -0.049704
  21.425781	  -0.046859
  21.435547	  -0.036177
  21.445312	  -0.017671
  21.455078	   0.005958
  21.464844	   0.030100
  21.474609	   0.049698
  21.484375	   0.060869
  21.494141	   0.062098
  21.503906	   0.054570
  21.513672	   0.041539
  21.523438	   0.026989
  21.533203	   0.014103
  21.542969	   0.004130
  21.552734	  -0.003923
  21.562500	  -0.012655
  21.572266	  -0.024953
  21.582031	  -0.042501
  21.591797	  -0.064723
  21.601562	  -0.088608
  21.611328	  -0.109532
  21.621094	  -0.122814
  21.630859	  -0.125456
  21.640625	  -0.117414
  21.650391	  -0.101887
  21.660156	  -0.084474
  21.669922	  -0.071430
  21.679688	  -0.067610
  21.689453	  -0.074815
  21.699219	  -0.091127
  21.708984	  -0.111504
  21.718750	  -0.129448
  21.728516	  -0.139192
  21.738281	  -0.137663
  21.748047	  -0.125527
  21.757812	  -0.106980
  21.767578	  -0.088316
  21.777344	  -0.075801
  21.787109	  -0.073564
  21.796875	  -0.082232
  21.806641	  -0.098775
  21.816406	  -0.117587
  21.826172	  -0.132423
  21.835938	  -0.138483
  21.845703	  -0.133949
  21.855469	  -0.120423
  21.865234	  -0.102166
  21.875000	  -0.084428
  21.884766	  -0.071487
  21.894531	  -0.065108
  21.904297	  -0.063955
  21.914062	  -0.064165
  21.923828	  -0.060835
  21.933594	  -0.049890
  21.943359	  -0.029646
  21.953125	  -0.001515
  21.962891	   0.030392
  21.972656	   0.060591
  21.982422	   0.084012
  21.992188	   0.097593
  22.001953	   0.101125
  22.011719	   0.097087
  22.021484	   0.089548
  22.031250	   0.082591
  22.041016	   0.078827
  22.050781	   0.078548
  22.060547	   0.079811
  22.070312	   0.079379
  22.080078	   0.074154
  22.089844	   0.062536
  22.099609	   0.045209
  22.109375	   0.025052
  22.119141	   0.006224
  22.128906	  -0.007229
  22.138672	  -0.012724
  22.148438	  -0.009943
  22.158203	  -0.000819
  22.167969	   0.011291
  22.177734	   0.022894
  22.187500	   0.031636
  22.197266	   0.037055
  22.207031	   0.040567
  22.216797	   0.044684
  22.226562	   0.051804
  22.236328	   0.063051
  22.246094	   0.077633
  22.255859	   0.092983
  22.265625	   0.105644
  22.275391	   0.112551
  22.285156	   0.112230
  22.294922	   0.105417
  22.304688	   0.094842
  22.314453	   0.084239
  22.324219	   0.076936
  22.333984	   0.074571
  22.343750	   0.076439
  22.353516	   0.079755
  22.363281	   0.080783
  22.373047	   0.076423
  22.382812	   0.065674
  22.392578	   0.050389
  22.402344	   0.034983
  22.412109	   0.025129
  22.421875	   0.025850
  22.431641	   0.039673
  22.441406	   0.065514
  22.451172	   0.098737
  22.460938	   0.132431
  22.470703	   0.159526
  22.480469	   0.175026
  22.490234	   0.177617
  22.500000	   0.170064
  22.509766	   0.158217
  22.519531	   0.148956
  22.529297	   0.147737
  22.539062	   0.156589
  22.548828	   0.173256
  22.558594	   0.191802
  22.568359	   0.204508
  22.578125	   0.204447
  22.587891	   0.187872
  22.597656	   0.155635
  22.607422	   0.113138
  22.617188	   0.068832
  22.626953	   0.031740
  22.636719	   0.008816
  22.646484	   0.002967
  22.656250	   0.012369
  22.666016	   0.031235
  22.675781	   0.051767
  22.685547	   0.066589
  22.695312	   0.070908
  22.705078	   0.063698
  22.714844	   0.047638
  22.724609	   0.027886
  22.734375	   0.010210
  22.744141	  -0.000875
  22.753906	  -0.003346
  22.763672	   0.002066
  22.773438	   0.012571
  22.783203	   0.024635
  22.792969	   0.035377
  22.802734	   0.043531
  22.812500	   0.049685
  22.822266	   0.055761
  22.832031	   0.064026
  22.841797	   0.076054
  22.851562	   0.092064
  22.861328	   0.110872
  22.871094	   0.130434
  22.880859	   0.148733
  22.890625	   0.164604
  22.900391	   0.178169
  22.910156	   0.190671
  22.919922	   0.203796
  22.929688	   0.218754
  22.939453	   0.235507
  22.949219	   0.252481
  22.958984	   0.266914
  22.968750	   0.275719
  22.978516	   0.276574
  22.988281	   0.268798
  22.998047	   0.253682
  23.007812	   0.234122
  23.017578	   0.213673
  23.027344	   0.195367
  23.037109	   0.180724
  23.046875	   0.169338
  23.056641	   0.159189
  23.066406	   0.147560
  23.076172	   0.132225
  23.085938	   0.112424
  23.095703	   0.089271
  23.105469	   0.065392
  23.115234	   0.043954
  23.125000	   0.027419
  23.134766	   0.016542
  23.144531	   0.010003
  23.154297	   0.004865
  23.164062	  -0.002278
  23.173828	  -0.013871
  23.183594	  -0.030224
  23.193359	  -0.049079
  23.203125	  -0.066118
  23.212891	  -0.076323
  23.222656	  -0.075717
  23.232422	  -0.062905
  23.242188	  -0.039824
  23.251953	  -0.011402
  23.261719	   0.015824
  23.271484	   0.035700
  23.281250	   0.044410
  23.291016	   0.041717
  23.300781	   0.031070
  23.310547	   0.018494
  23.320312	   0.010647
  23.330078	   0.012663
  23.339844	   0.026500
  23.349609	   0.050358
  23.359375	   0.079325
  23.369141	   0.107033
  23.378906	   0.127746
  23.388672	   0.138155
  23.398438	   0.138300
  23.408203	   0.131306
  23.417969	   0.122081
  23.427734	   0.115446
  23.437500	   0.114374
  23.447266	   0.118947
  23.457031	   0.126395
  23.466797	   0.132156
  23.476562	   0.131589
  23.486328	   0.121693
  23.496094	   0.102244
  23.505859	   0.075954
  23.515625	   0.047615
  23.525391	   0.022551
  23.535156	   0.004940
  23.544922	  -0.003417
  23.554688	  -0.003457
  23.564453	   0.001724
  23.574219	   0.008161
  23.583984	   0.012517
  23.593750	   0.013250
  23.603516	   0.011048
  23.613281	   0.008413
  23.623047	   0.008590
  23.632812	   0.014271
  23.642578	   0.026569
  23.652344	   0.044619
  23.662109	   0.065934
  23.671875	   0.087332
  23.681641	   0.106039
  23.691406	   0.120533
  23.701172	   0.130795
  23.710938	   0.137892
  23.720703	   0.143089
  23.730469	   0.146890
  23.740234	   0.148435
  23.750000	   0.145567
  23.759766	   0.135585
  23.769531	   0.116444
  23.779297	   0.087939
  23.789062	   0.052387
  23.798828	   0.014466
  23.808594	  -0.019825
  23.818359	  -0.044801
  23.828125	  -0.056796
  23.837891	  -0.055350
  23.847656	  -0.043444
  23.857422	  -0.026657
  23.867188	  -0.011488
  23.876953	  -0.003366
  23.886719	  -0.005018
  23.896484	  -0.015714
  23.906250	  -0.031645
  23.916016	  -0.047295
  23.925781	  -0.057324
  23.935547	  -0.058338
  23.945312	  -0.049932
  23.955078	  -0.034701
  23.964844	  -0.017225
  23.974609	  -0.002438
  23.984375	   0.006050
  23.994141	   0.007079
  24.003906	   0.002143
  24.013672	  -0.005359
  24.023438	  -0.011520
  24.033203	  -0.013426
  24.042969	  -0.010207
  24.052734	  -0.003262
  24.062500	   0.004415
  24.072266	   0.009534
  24.082031	   0.009916
  24.091797	   0.005485
  24.101562	  -0.001562
  24.111328	  -0.007476
  24.121094	  -0.008327
  24.130859	  -0.001517
  24.140625	   0.013114
  24.150391	   0.033018
  24.160156	   0.053610
  24.169922	   0.069684
  24.179688	   0.077074
  24.189453	   0.073997
  24.199219	   0.061604
  24.208984	   0.043558
  24.218750	   0.024802
  24.228516	   0.009927
  24.238281	   0.001723
  24.248047	   0.000395
  24.257812	   0.003675
  24.267578	   0.007767
  24.277344	   0.008756
  24.287109	   0.003964
  24.296875	  -0.007201
  24.306641	  -0.023174
  24.316406	  -0.040910
  24.326172	  -0.057009
  24.335938	  -0.068838
  24.345703	  -0.075246
  24.355469	  -0.076621
  24.365234	  -0.074337
  24.375000	  -0.069854
  24.384766	  -0.063881
  24.394531	  -0.055979
  24.404297	  -0.044783
  24.414062	  -0.028773
  24.423828	  -0.007279
  24.433594	   0.018705
  24.443359	   0.046274
  24.453125	   0.071109
  24.462891	   0.088601
  24.472656	   0.095255
  24.482422	   0.089854
  24.492188	   0.073974
  24.501953	   0.051615
  24.511719	   0.028033
  24.521484	   0.008152
  24.531250	  -0.004901
  24.541016	  -0.010650
  24.550781	  -0.011206
  24.560547	  -0.010314
  24.570312	  -0.011862
  24.580078	  -0.018376
  24.589844	  -0.030065
  24.599609	  -0.044736
  24.609375	  -0.058632
  24.619141	  -0.067879
  24.628906	  -0.070007
  24.638672	  -0.064986
  24.648438	  -0.055384
  24.658203	  -0.045550
  24.667969	  -0.040113
  24.677734	  -0.042307
  24.687500	  -0.052718
  24.697266	  -0.068916
  24.707031	  -0.086112
  24.716797	  -0.098639
  24.726562	  -0.101757
  24.736328	  -0.093181
  24.746094	  -0.073800
  24.755859	  -0.047389
  24.765625	  -0.019406
  24.775391	   0.004691
  24.785156	   0.021021
  24.794922	   0.028240
  24.804688	   0.027601
  24.814453	   0.022144
  24.824219	   0.015384
  24.833984	   0.009983
  24.843750	   0.006908
  24.853516	   0.005349
  24.863281	   0.003364
  24.873047	  -0.001022
  24.882812	  -0.008773
  24.892578	  -0.019245
  24.902344	  -0.030327
  24.912109	  -0.039249
  24.921875	  -0.043746
  24.931641	  -0.043116
  24.941406	  -0.038724
  24.951172	  -0.033704
  24.960938	  -0.031935
  24.970703	  -0.036629
  24.980469	  -0.049047
  24.990234	  -0.067834
  25.000000	  -0.089256
  25.009766	  -0.108292
  25.019531	  -0.120238
  25.029297	  -0.122262
  25.039062	  -0.114371
  25.048828	  -0.099424
  25.058594	  -0.082184
  25.068359	  -0.067717
  25.078125	  -0.059699
  25.087891	  -0.059219
  25.097656	  -0.064492
  25.107422	  -0.071590
  25.117188	  -0.075914
  25.126953	  -0.073887
  25.136719	  -0.064278
  25.146484	  -0.048667
  25.156250	  -0.030920
  25.166016	  -0.015847
  25.175781	  -0.007560
  25.185547	  -0.008089
  25.195312	  -0.016774
  25.205078	  -0.030626
  25.214844	  -0.045500
  25.224609	  -0.057654
  25.234375	  -0.065097
  25.244141	  -0.068240
  25.253906	  -0.069611
  25.263672	  -0.072746
  25.273438	  -0.080682
  25.283203	  -0.094619
  25.292969	  -0.113268
  25.302734	  -0.133136
  25.312500	  -0.149673
  25.322266	  -0.158871
  25.332031	  -0.158719
  25.341797	  -0.150001
  25.351562	  -0.136097
  25.361328	  -0.121870
  25.371094	  -0.111994
  25.380859	  -0.109338
  25.390625	  -0.113965
  25.400391	  -0.123135
  25.410156	  -0.132293
  25.419922	  -0.136718
  25.429688	  -0.133250
  25.439453	  -0.121459
  25.449219	  -0.103863
  25.458984	  -0.085091
  25.468750	  -0.070279
  25.478516	  -0.063273
  25.488281	  -0.065248
  25.498047	  -0.074233
  25.507812	  -0.085715
  25.517578	  -0.094084
  25.527344	  -0.094451
  25.537109	  -0.084188
  25.546875	  -0.063705
  25.556641	  -0.036205
  25.566406	  -0.006556
  25.576172	   0.020307
  25.585938	   0.040871
  25.595703	   0.053930
  25.605469	   0.060594
  25.615234	   0.063484
  25.625000	   0.065458
  25.634766	   0.068389
  25.644531	   0.072429
  25.654297	   0.076053
  25.664062	   0.076797
  25.673828	   0.072400
  25.683594	   0.061870
  25.693359	   0.046053
  25.703125	   0.027458
  25.712891	   0.009414
  25.722656	  -0.005127
  25.732422	  -0.014674
  25.742188	  -0.019751
  25.751953	  -0.022669
  25.761719	  -0.026613
  25.771484	  -0.034349
  25.781250	  -0.047066
  25.791016	  -0.063767
  25.800781	  -0.081485
  25.810547	  -0.096251
  25.820312	  -0.104475
  25.830078	  -0.104242
  25.839844	  -0.096035
  25.849609	  -0.082605
  25.859375	  -0.068032
  25.869141	  -0.056285
  25.878906	  -0.049832
  25.888672	  -0.048792
  25.898438	  -0.050959
  25.908203	  -0.052704
  25.917969	  -0.050438
  25.927734	  -0.042088
  25.937500	  -0.028059
  25.947266	  -0.011292
  25.957031	   0.003637
  25.966797	   0.012056
  25.976562	   0.010874
  25.986328	  -0.000234
  25.996094	  -0.018540
  26.005859	  -0.039019
  26.015625	  -0.055893
  26.025391	  -0.064448
  26.035156	  -0.062504
  26.044922	  -0.051040
  26.054688	  -0.033766
  26.064453	  -0.015812
  26.074219	  -0.001981
  26.083984	   0.004817
  26.093750	   0.004415
  26.103516	  -0.000722
  26.113281	  -0.006523
  26.123047	  -0.008836
  26.132812	  -0.004905
  26.142578	   0.005717
  26.152344	   0.021126
  26.162109	   0.037865
  26.171875	   0.052229
  26.181641	   0.061582
  26.191406	   0.065190
  26.201172	   0.064280
  26.210938	   0.061338
  26.220703	   0.058947
  26.230469	   0.058636
  26.240234	   0.060204
  26.250000	   0.061790
  26.259766	   0.060677
  26.269531	   0.054510
  26.279297	   0.042459
  26.289062	   0.025843
  26.298828	   0.007956
  26.308594	  -0.006905
  26.318359	  -0.014870
  26.328125	  -0.013882
  26.337891	  -0.004525
  26.347656	   0.010027
  26.357422	   0.024957
  26.367188	   0.035321
  26.376953	   0.037639
  26.386719	   0.030977
  26.396484	   0.017168
  26.406250	   0.000093
  26.416016	  -0.015716
  26.425781	  -0.026637
  26.435547	  -0.031130
  26.445312	  -0.030108
  26.455078	  -0.026388
  26.464844	  -0.023456
  26.474609	  -0.024013
  26.484375	  -0.028855
  26.494141	  -0.036520
  26.503906	  -0.043821
  26.513672	  -0.047076
  26.523438	  -0.043553
  26.533203	  -0.032585
  26.542969	  -0.015910
  26.552734	   0.002914
  26.562500	   0.019810
  26.572266	   0.031735
  26.582031	   0.037879
  26.591797	   0.040045
  26.601562	   0.042024
  26.611328	   0.048155
  26.621094	   0.061572
  26.630859	   0.082777
  26.640625	   0.109086
  26.650391	   0.135202
  26.660156	   0.154776
  26.669922	   0.162431
  26.679688	   0.155587
  26.689453	   0.135418
  26.699219	   0.106606
  26.708984	   0.075923
  26.718750	   0.050111
  26.728516	   0.033757
  26.738281	   0.027882
  26.748047	   0.029716
  26.757812	   0.033736
  26.767578	   0.033617
  26.777344	   0.024425
  26.787109	   0.004314
  26.796875	  -0.024833
  26.806641	  -0.058022
  26.816406	  -0.088793
  26.826172	  -0.111304
  26.835938	  -0.122158
  26.845703	  -0.121338
  26.855469	  -0.111988
  26.865234	  -0.099138
  26.875000	  -0.087848
  26.884766	  -0.081451
  26.894531	  -0.080473
  26.904297	  -0.082595
  26.914062	  -0.083624
  26.923828	  -0.079099
  26.933594	  -0.065941
  26.943359	  -0.043569
  26.953125	  -0.014125
  26.962891	   0.018248
  26.972656	   0.048762
  26.982422	   0.073477
  26.992188	   0.090398
  27.001953	   0.099822
  27.011719	   0.103852
  27.021484	   0.105341
  27.031250	   0.106669
  27.041016	   0.108854
  27.050781	   0.111300
  27.060547	   0.112254
  27.070312	   0.109750
  27.080078	   0.102644
  27.089844	   0.091307
  27.099609	   0.077699
  27.109375	   0.064771
  27.119141	   0.055440
  27.128906	   0.051521
  27.138672	   0.053039
  27.148438	   0.058208
  27.158203	   0.064071
  27.167969	   0.067594
  27.177734	   0.066784
  27.187500	   0.061412
  27.197266	   0.053054
  27.207031	   0.044441
  27.216797	   0.038346
  27.226562	   0.036445
  27.236328	   0.038581
  27.246094	   0.042730
  27.255859	   0.045687
  27.265625	   0.044243
  27.275391	   0.036385
  27.285156	   0.022090
  27.294922	   0.003381
  27.304688	  -0.016386
  27.314453	  -0.033748
  27.324219	  -0.046422
  27.333984	  -0.054167
  27.343750	  -0.058860
  27.353516	  -0.063763
  27.363281	  -0.072205
  27.373047	  -0.086176
  27.382812	  -0.105354
  27.392578	  -0.126966
  27.402344	  -0.146557
  27.412109	  -0.159425
  27.421875	  -0.162235
  27.431641	  -0.154216
  27.441406	  -0.137501
  27.451172	  -0.116453
  27.460938	  -0.096207
  27.470703	  -0.080911
  27.480469	  -0.072298
  27.490234	  -0.069113
  27.500000	  -0.067598
  27.509766	  -0.062904
  27.519531	  -0.050914
  27.529297	  -0.029862
  27.539062	  -0.001139
  27.548828	   0.030991
  27.558594	   0.060702
  27.568359	   0.082483
  27.578125	   0.092936
  27.587891	   0.091859
  27.597656	   0.082246
  27.607422	   0.069183
  27.617188	   0.058047
  27.626953	   0.052626
  27.636719	   0.053839
  27.646484	   0.059488
  27.656250	   0.065140
  27.666016	   0.065823
  27.675781	   0.057928
  27.685547	   0.040664
  27.695312	   0.016532
  27.705078	  -0.009322
  27.714844	  -0.030672
  27.724609	  -0.042127
  27.734375	  -0.040755
  27.744141	  -0.026868
  27.753906	  -0.003725
  27.763672	   0.023696
  27.773438	   0.050393
  27.783203	   0.072892
  27.792969	   0.090122
  27.802734	   0.103326
  27.812500	   0.115118
  27.822266	   0.128073
  27.832031	   0.143419
  27.841797	   0.160346
  27.851562	   0.176175
  27.861328	   0.187348
  27.871094	   0.190815
  27.880859	   0.185298
  27.890625	   0.171921
  27.900391	   0.153937
  27.910156	   0.135627
  27.919922	   0.120773
  27.929688	   0.111265
  27.939453	   0.106368
  27.949219	   0.102970
  27.958984	   0.096736
  27.968750	   0.083787
  27.978516	   0.062309
  27.988281	   0.033493
  27.998047	   0.001454
  28.007812	  -0.027890
  28.017578	  -0.048611
  28.027344	  -0.056639
  28.037109	  -0.051064
  28.046875	  -0.034418
  28.056641	  -0.011851
  28.066406	   0.010521
  28.076172	   0.027529
  28.085938	   0.036468
  28.095703	   0.037717
  28.105469	   0.034268
  28.115234	   0.030376
  28.125000	   0.029816
  28.134766	   0.034390
  28.144531	   0.043200
  28.154297	   0.052945
  28.164062	   0.059108
  28.173828	   0.057599
  28.183594	   0.046265
  28.193359	   0.025726
  28.203125	  -0.000745
  28.212891	  -0.028238
  28.222656	  -0.051748
  28.232422	  -0.067695
  28.242188	  -0.074895
  28.251953	  -0.074667
  28.261719	  -0.070097
  28.271484	  -0.064743
  28.281250	  -0.061299
  28.291016	  -0.060681
  28.300781	  -0.061870
  28.310547	  -0.062502
  28.320312	  -0.059958
  28.330078	  -0.052495
  28.339844	  -0.039983
  28.349609	  -0.023951
  28.359375	  -0.006952
  28.369141	   0.008493
  28.378906	   0.020943
  28.388672	   0.030630
  28.398438	   0.039347
  28.408203	   0.049641
  28.417969	   0.063598
  28.427734	   0.081694
  28.437500	   0.102167
  28.447266	   0.121199
  28.457031	   0.133913
  28.466797	   0.135859
  28.476562	   0.124523
  28.486328	   0.100295
  28.496094	   0.066582
  28.505859	   0.028963
  28.515625	  -0.006311
  28.525391	  -0.034017
  28.535156	  -0.051283
  28.544922	  -0.058117
  28.554688	  -0.057017
  28.564453	  -0.051811
  28.574219	  -0.046191
  28.583984	  -0.042444
  28.593750	  -0.040818
  28.603516	  -0.039712
  28.613281	  -0.036568
  28.623047	  -0.029097
  28.632812	  -0.016364
  28.642578	   0.000683
  28.652344	   0.019415
  28.662109	   0.036371
  28.671875	   0.048408
  28.681641	   0.053718
  28.691406	   0.052328
  28.701172	   0.045902
  28.710938	   0.036952
  28.720703	   0.027771
  28.730469	   0.019517
  28.740234	   0.011819
  28.750000	   0.003040
  28.759766	  -0.008887
  28.769531	  -0.025410
  28.779297	  -0.046511
  28.789062	  -0.070426
  28.798828	  -0.094071
  28.808594	  -0.114036
  28.818359	  -0.127786
  28.828125	  -0.134590
  28.837891	  -0.135821
  28.847656	  -0.134455
  28.857422	  -0.133939
  28.867188	  -0.136835
  28.876953	  -0.143745
  28.886719	  -0.152955
  28.896484	  -0.160967
  28.906250	  -0.163770
  28.916016	  -0.158384
  28.925781	  -0.144129
  28.935547	  -0.123082
  28.945312	  -0.099521
  28.955078	  -0.078479
  28.964844	  -0.063900
  28.974609	  -0.057053
  28.984375	  -0.055814
  28.994141	  -0.055158
  29.003906	  -0.048764
  29.013672	  -0.031264
  29.023438	  -0.000379
  29.033203	   0.041799
  29.042969	   0.088879
  29.052734	   0.131662
  29.062500	   0.160632
  29.072266	   0.168710
  29.082031	   0.153383
  29.091797	   0.117535
  29.101562	   0.068715
  29.111328	   0.017052
  29.121094	  -0.027521
  29.130859	  -0.057863
  29.140625	  -0.071258
  29.150391	  -0.069610
  29.160156	  -0.058239
  29.169922	  -0.043719
  29.179688	  -0.031551
  29.189453	  -0.024436
  29.199219	  -0.021692
  29.208984	  -0.019955
  29.218750	  -0.014839
  29.228516	  -0.002921
  29.238281	   0.016680
  29.248047	   0.041675
  29.257812	   0.067165
  29.267578	   0.087149
  29.277344	   0.096461
  29.287109	   0.092453
  29.296875	   0.075844
  29.306641	   0.050475
  29.316406	   0.022064
  29.326172	  -0.003589
  29.335938	  -0.022339
  29.345703	  -0.032798
  29.355469	  -0.036477
  29.365234	  -0.036972
  29.375000	  -0.038523
  29.384766	  -0.044461
  29.394531	  -0.056072
  29.404297	  -0.072223
  29.414062	  -0.089821
  29.423828	  -0.104879
  29.433594	  -0.113790
  29.443359	  -0.114370
  29.453125	  -0.106343
  29.462891	  -0.091184
  29.472656	  -0.071467
  29.482422	  -0.049998
  29.492188	  -0.029086
  29.501953	  -0.010188
  29.511719	   0.006030
  29.521484	   0.019305
  29.531250	   0.029330
  29.541016	   0.035466
  29.550781	   0.036769
  29.560547	   0.032318
  29.570312	   0.021684
  29.580078	   0.005317
  29.589844	  -0.015355
  29.599609	  -0.038188
  29.609375	  -0.060857
  29.619141	  -0.081464
  29.628906	  -0.098959
  29.638672	  -0.113191
  29.648438	  -0.124551
  29.658203	  -0.133366
  29.667969	  -0.139303
  29.677734	  -0.141075
  29.687500	  -0.136646
  29.697266	  -0.123914
  29.707031	  -0.101657
  29.716797	  -0.070370
  29.726562	  -0.032633
  29.736328	   0.007249
  29.746094	   0.044288
  29.755859	   0.074280
  29.765625	   0.095196
  29.775391	   0.107996
  29.785156	   0.116512
  29.794922	   0.126335
  29.804688	   0.143001
  29.814453	   0.170018
  29.824219	   0.207394
  29.833984	   0.251188
  29.843750	   0.294294
  29.853516	   0.328265
  29.863281	   0.345653
  29.873047	   0.342121
  29.882812	   0.317673
  29.892578	   0.276611
  29.902344	   0.226232
  29.912109	   0.174708
  29.921875	   0.128840
  29.931641	   0.092406
  29.941406	   0.065609
  29.951172	   0.045754
  29.960938	   0.028841
  29.970703	   0.011475
  29.980469	  -0.007636
  29.990234	  -0.027112
  30.000000	  -0.043479
  30.009766	  -0.052669
  30.019531	  -0.051859
  30.029297	  -0.040971
  30.039062	  -0.023230
  30.048828	  -0.004534
  30.058594	   0.008212
  30.068359	   0.009242
  30.078125	  -0.004157
  30.087891	  -0.030647
  30.097656	  -0.065109
  30.107422	  -0.100134
  30.117188	  -0.128254
  30.126953	  -0.144203
  30.136719	  -0.146457
  30.146484	  -0.137572
  30.156250	  -0.123211
  30.166016	  -0.110212
  30.175781	  -0.104326
  30.185547	  -0.108380
  30.195312	  -0.121424
  30.205078	  -0.139127
  30.214844	  -0.155227
  30.224609	  -0.163539
  30.234375	  -0.159857
  30.244141	  -0.143154
  30.253906	  -0.115752
  30.263672	  -0.082493
  30.273438	  -0.049243
  30.283203	  -0.021264
  30.292969	  -0.001973
  30.302734	   0.007590
  30.312500	   0.008519
  30.322266	   0.003238
  30.332031	  -0.005483
  30.341797	  -0.015330
  30.351562	  -0.024808
  30.361328	  -0.033140
  30.371094	  -0.039883
  30.380859	  -0.044536
  30.390625	  -0.046383
  30.400391	  -0.044710
  30.410156	  -0.039278
  30.419922	  -0.030849
  30.429688	  -0.021438
  30.439453	  -0.014086
  30.449219	  -0.012116
  30.458984	  -0.018062
  30.468750	  -0.032623
  30.478516	  -0.054051
  30.488281	  -0.078256
  30.498047	  -0.099683
  30.507812	  -0.112765
  30.517578	  -0.113493
  30.527344	  -0.100630
  30.537109	  -0.076145
  30.546875	  -0.044704
  30.556641	  -0.012388
  30.566406	   0.014980
  30.576172	   0.033355
  30.585938	   0.041352
  30.595703	   0.040266
  30.605469	   0.033244
  30.615234	   0.023985
  30.625000	   0.015416
  30.634766	   0.008846
  30.644531	   0.003850
  30.654297	  -0.001123
  30.664062	  -0.007695
  30.673828	  -0.016521
  30.683594	  -0.026706
  30.693359	  -0.035915
  30.703125	  -0.041186
  30.712891	  -0.040119
  30.722656	  -0.031989
  30.732422	  -0.018323
  30.742188	  -0.002673
  30.751953	   0.010407
  30.761719	   0.016835
  30.771484	   0.014441
  30.781250	   0.003844
  30.791016	  -0.011576
  30.800781	  -0.026626
  30.810547	  -0.035890
  30.820312	  -0.035420
  30.830078	  -0.023973
  30.839844	  -0.003368
  30.849609	   0.022146
  30.859375	   0.047288
  30.869141	   0.067411
  30.878906	   0.079879
  30.888672	   0.084674
  30.898438	   0.084080
  30.908203	   0.081566
  30.917969	   0.080342
  30.927734	   0.082099
  30.937500	   0.086410
  30.947266	   0.091009
  30.957031	   0.092802
  30.966797	   0.089240
  30.976562	   0.079493
  30.986328	   0.064985
  30.996094	   0.049060
  31.005859	   0.035877
  31.015625	   0.028936
  31.025391	   0.029771
  31.035156	   0.037304
  31.044922	   0.048109
  31.054688	   0.057529
  31.064453	   0.061253
  31.074219	   0.056805
  31.083984	   0.044420
  31.093750	   0.026988
  31.103516	   0.009079
  31.113281	  -0.004599
  31.123047	  -0.010789
  31.132812	  -0.008753
  31.142578	  -0.000454
  31.152344	   0.010182
  31.162109	   0.018659
  31.171875	   0.021456
  31.181641	   0.017167
  31.191406	   0.006859
  31.201172	  -0.006455
  31.210938	  -0.019006
  31.220703	  -0.027660
  31.230469	  -0.031001
  31.240234	  -0.029708
  31.250000	  -0.026128
  31.259766	  -0.023228
  31.269531	  -0.023348
  31.279297	  -0.027255
  31.289062	  -0.033857
  31.298828	  -0.040685
  31.308594	  -0.044945
  31.318359	  -0.044715
  31.328125	  -0.039804
  31.337891	  -0.031895
  31.347656	  -0.023906
  31.357422	  -0.018771
  31.367188	  -0.018113
  31.376953	  -0.021340
  31.386719	  -0.025568
  31.396484	  -0.026460
  31.406250	  -0.019756
  31.416016	  -0.002974
  31.425781	   0.023344
  31.435547	   0.055323
  31.445312	   0.086561
  31.455078	   0.109873
  31.464844	   0.119415
  31.474609	   0.112513
  31.484375	   0.090574
  31.494141	   0.058772
  31.503906	   0.024572
  31.513672	  -0.004431
  31.523438	  -0.022669
  31.533203	  -0.028076
  31.542969	  -0.022411
  31.552734	  -0.010395
  31.562500	   0.002044
  31.572266	   0.009777
  31.582031	   0.010071
  31.591797	   0.003277
  31.601562	  -0.007581
  31.611328	  -0.018087
  31.621094	  -0.024096
  31.630859	  -0.023175
  31.640625	  -0.015314
  31.650391	  -0.002720
  31.660156	   0.011195
  31.669922	   0.023191
  31.679688	   0.031425
  31.689453	   0.036056
  31.699219	   0.039033
  31.708984	   0.043162
  31.718750	   0.050853
  31.728516	   0.063007
  31.738281	   0.078502
  31.748047	   0.094456
  31.757812	   0.107164
  31.767578	   0.113374
  31.777344	   0.111397
  31.787109	   0.101667
  31.796875	   0.086531
  31.806641	   0.069382
  31.816406	   0.053457
  31.826172	   0.040770
  31.835938	   0.031563
  31.845703	   0.024484
  31.855469	   0.017373
  31.865234	   0.008352
  31.875000	  -0.003253
  31.884766	  -0.016510
  31.894531	  -0.029195
  31.904297	  -0.038672
  31.914062	  -0.043020
  31.923828	  -0.041911
  31.933594	  -0.036883
  31.943359	  -0.030851
  31.953125	  -0.026989
  31.962891	  -0.027431
  31.972656	  -0.032264
  31.982422	  -0.039280
  31.992188	  -0.044636
  32.001953	  -0.044268
  32.011719	  -0.035566
  32.021484	  -0.018728
  32.031250	   0.002769
  32.041016	   0.022815
  32.050781	   0.034326
  32.060547	   0.031398
  32.070312	   0.011285
  32.080078	  -0.024485
  32.089844	  -0.070253
  32.099609	  -0.117627
  32.109375	  -0.157728
  32.119141	  -0.183565
  32.128906	  -0.191809
  32.138672	  -0.183398
  32.148438	  -0.162836
  32.158203	  -0.136449
  32.167969	  -0.110234
  32.177734	  -0.088029
  32.187500	  -0.070606
  32.197266	  -0.055966
  32.207031	  -0.040654
  32.216797	  -0.021577
  32.226562	   0.002371
  32.236328	   0.029482
  32.246094	   0.055544
  32.255859	   0.075160
  32.265625	   0.083638
  32.275391	   0.078763
  32.285156	   0.061813
  32.294922	   0.037433
  32.304688	   0.012385
  32.314453	  -0.006425
  32.324219	  -0.014012
  32.333984	  -0.008777
  32.343750	   0.007084
  32.353516	   0.028333
  32.363281	   0.048344
  32.373047	   0.061079
  32.382812	   0.062782
  32.392578	   0.052847
  32.402344	   0.033692
  32.412109	   0.009752
  32.421875	  -0.013985
  32.431641	  -0.033375
  32.441406	  -0.046005
  32.451172	  -0.051350
  32.460938	  -0.050282
  32.470703	  -0.044217
  32.480469	  -0.034320
  32.490234	  -0.021080
  32.500000	  -0.004409
  32.509766	   0.015841
  32.519531	   0.039238
  32.529297	   0.064326
  32.539062	   0.088649
  32.548828	   0.109269
  32.558594	   0.123622
  32.568359	   0.130366
  32.578125	   0.129865
  32.587891	   0.124081
  32.597656	   0.115867
  32.607422	   0.107906
  32.617188	   0.101681
  32.626953	   0.096898
  32.636719	   0.091595
  32.646484	   0.082954
  32.656250	   0.068519
  32.666016	   0.047382
  32.675781	   0.020853
  32.685547	  -0.007663
  32.695312	  -0.033614
  32.705078	  -0.052756
  32.714844	  -0.062615
  32.724609	  -0.063417
  32.734375	  -0.058101
  32.744141	  -0.051379
  32.753906	  -0.048120
  32.763672	  -0.051612
  32.773438	  -0.062324
  32.783203	  -0.077621
  32.792969	  -0.092573
  32.802734	  -0.101606
  32.812500	  -0.100448
  32.822266	  -0.087686
  32.832031	  -0.065394
  32.841797	  -0.038586
  32.851562	  -0.013669
  32.861328	   0.003577
  32.871094	   0.009819
  32.880859	   0.005166
  32.890625	  -0.006993
  32.900391	  -0.021213
  32.910156	  -0.031847
  32.919922	  -0.034846
  32.929688	  -0.028891
  32.939453	  -0.015468
  32.949219	   0.002082
  32.958984	   0.020145
  32.968750	   0.036409
  32.978516	   0.050805
  32.988281	   0.065434
  32.998047	   0.083474
  33.007812	   0.107495
  33.017578	   0.137831
  33.027344	   0.171673
  33.037109	   0.203337
  33.046875	   0.225696
  33.056641	   0.232370
  33.066406	   0.219926
  33.076172	   0.189320
  33.085938	   0.146005
  33.095703	   0.098596
  33.105469	   0.056451
  33.115234	   0.026930
  33.125000	   0.013205
  33.134766	   0.013364
  33.144531	   0.021094
  33.154297	   0.027735
  33.164062	   0.025039
  33.173828	   0.007727
  33.183594	  -0.024979
  33.193359	  -0.069311
  33.203125	  -0.118375
  33.212891	  -0.164489
  33.222656	  -0.201624
  33.232422	  -0.227117
  33.242188	  -0.242069
  33.251953	  -0.250360
  33.261719	  -0.256664
  33.271484	  -0.264209
  33.281250	  -0.273117
  33.291016	  -0.279925
  33.300781	  -0.278502
  33.310547	  -0.262055
  33.320312	  -0.225558
  33.330078	  -0.167781
  33.339844	  -0.092232
  33.349609	  -0.006681
  33.359375	   0.078581
  33.369141	   0.153210
  33.378906	   0.209228
  33.388672	   0.242682
  33.398438	   0.254094
  33.408203	   0.247678
  33.417969	   0.229669
  33.427734	   0.206377
  33.437500	   0.182597
  33.447266	   0.160813
  33.457031	   0.141328
  33.466797	   0.123103
  33.476562	   0.104886
  33.486328	   0.086140
  33.496094	   0.067442
  33.505859	   0.050249
  33.515625	   0.036213
  33.525391	   0.026385
  33.535156	   0.020675
  33.544922	   0.017814
  33.554688	   0.015827
  33.564453	   0.012828
  33.574219	   0.007779
  33.583984	   0.000921
  33.593750	  -0.006338
  33.603516	  -0.012025
  33.613281	  -0.014452
  33.623047	  -0.012975
  33.632812	  -0.008355
  33.642578	  -0.002549
  33.652344	   0.001967
  33.662109	   0.003098
  33.671875	  -0.000123
  33.681641	  -0.007247
  33.691406	  -0.016692
  33.701172	  -0.026500
  33.710938	  -0.035240
  33.720703	  -0.042688
  33.730469	  -0.049960
  33.740234	  -0.059016
  33.750000	  -0.071687
  33.759766	  -0.088611
  33.769531	  -0.108516
  33.779297	  -0.128188
  33.789062	  -0.143234
  33.798828	  -0.149404
  33.808594	  -0.144043
  33.818359	  -0.127119
  33.828125	  -0.101418
  33.837891	  -0.071768
  33.847656	  -0.043506
  33.857422	  -0.020717
  33.867188	  -0.004866
  33.876953	   0.005647
  33.886719	   0.014791
  33.896484	   0.027271
  33.906250	   0.046508
  33.916016	   0.072958
  33.925781	   0.103423
  33.935547	   0.131680
  33.945312	   0.150285
  33.955078	   0.153009
  33.964844	   0.137053
  33.974609	   0.104280
  33.984375	   0.060951
  33.994141	   0.015991
  34.003906	  -0.021706
  34.013672	  -0.046068
  34.023438	  -0.055778
  34.033203	  -0.054693
  34.042969	  -0.050544
  34.052734	  -0.052314
  34.062500	  -0.067126
  34.072266	  -0.097660
  34.082031	  -0.140964
  34.091797	  -0.189060
  34.101562	  -0.231175
  34.111328	  -0.256893
  34.121094	  -0.259223
  34.130859	  -0.236614
  34.140625	  -0.193319
  34.150391	  -0.138029
  34.160156	  -0.081279
  34.169922	  -0.032481
  34.179688	   0.002462
  34.189453	   0.022264
  34.199219	   0.029837
  34.208984	   0.030620
  34.218750	   0.030334
  34.228516	   0.032972
  34.238281	   0.039696
  34.248047	   0.048944
  34.257812	   0.057577
  34.267578	   0.062548
  34.277344	   0.062397
  34.287109	   0.057992
  34.296875	   0.052256
  34.306641	   0.049015
  34.316406	   0.051446
  34.326172	   0.060757
  34.335938	   0.075617
  34.345703	   0.092579
  34.355469	   0.107322
  34.365234	   0.116257
  34.375000	   0.117857
  34.384766	   0.113210
  34.394531	   0.105558
  34.404297	   0.098999
  34.414062	   0.096828
  34.423828	   0.100152
  34.433594	   0.107318
  34.443359	   0.114398
  34.453125	   0.116568
  34.462891	   0.109897
  34.472656	   0.092881
  34.482422	   0.067152
  34.492188	   0.037074
  34.501953	   0.008358
  34.511719	  -0.013829
  34.521484	  -0.026582
  34.531250	  -0.030193
  34.541016	  -0.027969
  34.550781	  -0.024998
  34.560547	  -0.026335
  34.570312	  -0.035251
  34.580078	  -0.052198
  34.589844	  -0.074845
  34.599609	  -0.099149
  34.609375	  -0.121036
  34.619141	  -0.138022
  34.628906	  -0.150148
  34.638672	  -0.159825
  34.648438	  -0.170643
  34.658203	  -0.185578
  34.667969	  -0.205303
  34.677734	  -0.227289
  34.687500	  -0.246148
  34.697266	  -0.255178
  34.707031	  -0.248672
  34.716797	  -0.224176
  34.726562	  -0.183901
  34.736328	  -0.134696
  34.746094	  -0.086490
  34.755859	  -0.049608
  34.765625	  -0.031783
  34.775391	  -0.035800
  34.785156	  -0.058548
  34.794922	  -0.091806
  34.804688	  -0.124527
  34.814453	  -0.145934
  34.824219	  -0.148469
  34.833984	  -0.129720
  34.843750	  -0.092796
  34.853516	  -0.045115
  34.863281	   0.003916
  34.873047	   0.045550
  34.882812	   0.073849
  34.892578	   0.086744
  34.902344	   0.085818
  34.912109	   0.075085
  34.921875	   0.059316
  34.931641	   0.042563
  34.941406	   0.027381
  34.951172	   0.014890
  34.960938	   0.005487
  34.970703	  -0.000236
  34.980469	  -0.000886
  34.990234	   0.005686
  35.000000	   0.021654
  35.009766	   0.048068
  35.019531	   0.083792
  35.029297	   0.125024
  35.039062	   0.165706
  35.048828	   0.198821
  35.058594	   0.218183
  35.068359	   0.220179
  35.078125	   0.204837
  35.087891	   0.175854
  35.097656	   0.139545
  35.107422	   0.103051
  35.117188	   0.072407
  35.126953	   0.051090
  35.136719	   0.039505
  35.146484	   0.035498
  35.156250	   0.035641
  35.166016	   0.036727
  35.175781	   0.036906
  35.185547	   0.036022
  35.195312	   0.035077
  35.205078	   0.035112
  35.214844	   0.036021
  35.224609	   0.035903
  35.234375	   0.031315
  35.244141	   0.018453
  35.253906	  -0.005127
  35.263672	  -0.038907
  35.273438	  -0.078614
  35.283203	  -0.116705
  35.292969	  -0.144144
  35.302734	  -0.153048
  35.312500	  -0.139368
  35.322266	  -0.104699
  35.332031	  -0.056543
  35.341797	  -0.006774
  35.351562	   0.031323
  35.361328	   0.046627
  35.371094	   0.033295
  35.380859	  -0.007527
  35.390625	  -0.067935
  35.400391	  -0.135353
  35.410156	  -0.195871
  35.419922	  -0.237789
  35.429688	  -0.254368
  35.439453	  -0.244998
  35.449219	  -0.214591
  35.458984	  -0.171516
  35.468750	  -0.124851
  35.478516	  -0.081870
  35.488281	  -0.046514
  35.498047	  -0.019197
  35.507812	   0.002197
  35.517578	   0.020661
  35.527344	   0.038471
  35.537109	   0.056259
  35.546875	   0.073035
  35.556641	   0.087044
  35.566406	   0.096982
  35.576172	   0.102982
  35.585938	   0.106877
  35.595703	   0.111570
  35.605469	   0.119722
  35.615234	   0.132285
  35.625000	   0.147497
  35.634766	   0.160847
  35.644531	   0.166114
  35.654297	   0.157231
  35.664062	   0.130345
  35.673828	   0.085347
  35.683594	   0.026299
  35.693359	  -0.039472
  35.703125	  -0.103328
  35.712891	  -0.157721
  35.722656	  -0.198217
  35.732422	  -0.224453
  35.742188	  -0.239721
  35.751953	  -0.249329
  35.761719	  -0.258317
  35.771484	  -0.269375
  35.781250	  -0.281678
  35.791016	  -0.291084
  35.800781	  -0.291606
  35.810547	  -0.277658
  35.820312	  -0.246252
  35.830078	  -0.198380
  35.839844	  -0.139079
  35.849609	  -0.076154
  35.859375	  -0.018017
  35.869141	   0.028622
  35.878906	   0.060395
  35.888672	   0.077730
  35.898438	   0.084003
  35.908203	   0.083768
  35.917969	   0.080767
  35.927734	   0.076478
  35.937500	   0.069755
  35.947266	   0.057673
  35.957031	   0.037224
  35.966797	   0.007195
  35.976562	  -0.030572
  35.986328	  -0.071060
  35.996094	  -0.107255
  36.005859	  -0.132236
  36.015625	  -0.141461
  36.025391	  -0.134394
  36.035156	  -0.114846
  36.044922	  -0.089822
  36.054688	  -0.067218
  36.064453	  -0.053135
  36.074219	  -0.049729
  36.083984	  -0.054385
  36.093750	  -0.060537
  36.103516	  -0.059903
  36.113281	  -0.045397
  36.123047	  -0.013738
  36.132812	   0.033142
  36.142578	   0.088403
  36.152344	   0.142210
  36.162109	   0.184657
  36.171875	   0.208697
  36.181641	   0.212137
  36.191406	   0.198011
  36.201172	   0.173271
  36.210938	   0.146249
  36.220703	   0.123796
  36.230469	   0.109080
  36.240234	   0.100796
  36.250000	   0.094030
  36.259766	   0.082455
  36.269531	   0.061057
  36.279297	   0.028441
  36.289062	  -0.012121
  36.298828	  -0.053263
  36.308594	  -0.085558
  36.318359	  -0.100342
  36.328125	  -0.092402
  36.337891	  -0.061660
  36.347656	  -0.013342
  36.357422	   0.043417
  36.367188	   0.098029
  36.376953	   0.141195
  36.386719	   0.167102
  36.396484	   0.174466
  36.406250	   0.166219
  36.416016	   0.148099
  36.425781	   0.126682
  36.435547	   0.107537
  36.445312	   0.094021
  36.455078	   0.086957
  36.464844	   0.085105
  36.474609	   0.086061
  36.484375	   0.087174
  36.494141	   0.086124
  36.503906	   0.081069
  36.513672	   0.070463
  36.523438	   0.052850
  36.533203	   0.026887
  36.542969	  -0.008242
  36.552734	  -0.052120
  36.562500	  -0.102387
  36.572266	  -0.154412
  36.582031	  -0.201642
  36.591797	  -0.236719
  36.601562	  -0.253136
  36.611328	  -0.246971
  36.621094	  -0.218139
  36.630859	  -0.170697
  36.640625	  -0.112026
  36.650391	  -0.051078
  36.660156	   0.003798
  36.669922	   0.046788
  36.679688	   0.075710
  36.689453	   0.091942
  36.699219	   0.099282
  36.708984	   0.102163
  36.718750	   0.103901
  36.728516	   0.105585
  36.738281	   0.106012
  36.748047	   0.102618
  36.757812	   0.093027
  36.767578	   0.076559
  36.777344	   0.055069
  36.787109	   0.032718
  36.796875	   0.014709
  36.806641	   0.005400
  36.816406	   0.006507
  36.826172	   0.016099
  36.835938	   0.028862
  36.845703	   0.037645
  36.855469	   0.035842
  36.865234	   0.019840
  36.875000	  -0.009324
  36.884766	  -0.045721
  36.894531	  -0.079873
  36.904297	  -0.101318
  36.914062	  -0.101620
  36.923828	  -0.076879
  36.933594	  -0.028925
  36.943359	   0.035163
  36.953125	   0.105073
  36.962891	   0.170128
  36.972656	   0.222103
  36.982422	   0.257106
  36.992188	   0.275975
  37.001953	   0.283155
  37.011719	   0.284534
  37.021484	   0.285025
  37.031250	   0.286750
  37.041016	   0.288410
  37.050781	   0.286000
  37.060547	   0.274555
  37.070312	   0.250243
  37.080078	   0.212053
  37.089844	   0.162478
  37.099609	   0.107002
  37.109375	   0.052601
  37.119141	   0.005822
  37.128906	  -0.028874
  37.138672	  -0.049973
  37.148438	  -0.058748
  37.158203	  -0.058257
  37.167969	  -0.051961
  37.177734	  -0.042546
  37.187500	  -0.031405
  37.197266	  -0.018922
  37.207031	  -0.005359
  37.216797	   0.008131
  37.226562	   0.018899
  37.236328	   0.022982
  37.246094	   0.016134
  37.255859	  -0.004635
  37.265625	  -0.039573
  37.275391	  -0.085410
  37.285156	  -0.135708
  37.294922	  -0.182384
  37.304688	  -0.218004
  37.314453	  -0.238121
  37.324219	  -0.242847
  37.333984	  -0.237045
  37.343750	  -0.228976
  37.353516	  -0.227749
  37.363281	  -0.240351
  37.373047	  -0.269229
  37.382812	  -0.311230
  37.392578	  -0.358298
  37.402344	  -0.399732
  37.412109	  -0.425316
  37.421875	  -0.428290
  37.431641	  -0.407211
  37.441406	  -0.366076
  37.451172	  -0.312704
  37.460938	  -0.255900
  37.470703	  -0.202393
  37.480469	  -0.154587
  37.490234	  -0.109901
  37.500000	  -0.061954
  37.509766	  -0.003220
  37.519531	   0.071728
  37.529297	   0.163466
  37.539062	   0.266416
  37.548828	   0.369484
  37.558594	   0.458512
  37.568359	   0.519863
  37.578125	   0.544069
  37.587891	   0.528486
  37.597656	   0.478171
  37.607422	   0.404750
  37.617188	   0.323624
  37.626953	   0.250320
  37.636719	   0.196993
  37.646484	   0.169980
  37.656250	   0.168951
  37.666016	   0.187741
  37.675781	   0.216470
  37.685547	   0.244277
  37.695312	   0.261931
  37.705078	   0.263694
  37.714844	   0.248128
  37.724609	   0.217826
  37.734375	   0.178323
  37.744141	   0.136575
  37.753906	   0.099386
  37.763672	   0.072091
  37.773438	   0.057659
  37.783203	   0.056273
  37.792969	   0.065369
  37.802734	   0.080090
  37.812500	   0.094094
  37.822266	   0.100636
  37.832031	   0.093787
  37.841797	   0.069592
  37.851562	   0.026934
  37.861328	  -0.032140
  37.871094	  -0.102757
  37.880859	  -0.178202
  37.890625	  -0.251335
  37.900391	  -0.316061
  37.910156	  -0.368436
  37.919922	  -0.407075
  37.929688	  -0.432727
  37.939453	  -0.447175
  37.949219	  -0.451862
  37.958984	  -0.446749
  37.968750	  -0.429885
  37.978516	  -0.397914
  37.988281	  -0.347414
  37.998047	  -0.276637
  38.007812	  -0.187026
  38.017578	  -0.083881
  38.027344	   0.024164
  38.037109	   0.126850
  38.046875	   0.214717
  38.056641	   0.281491
  38.066406	   0.325637
  38.076172	   0.350500
  38.085938	   0.362887
  38.095703	   0.370500
  38.105469	   0.379013
  38.115234	   0.389792
  38.125000	   0.399068
  38.134766	   0.398960
  38.144531	   0.380110
  38.154297	   0.335143
  38.164062	   0.261855
  38.173828	   0.165019
  38.183594	   0.056129
  38.193359	  -0.048997
  38.203125	  -0.134118
  38.212891	  -0.186873
  38.222656	  -0.202167
  38.232422	  -0.183605
  38.242188	  -0.142487
  38.251953	  -0.094623
  38.261719	  -0.055886
  38.271484	  -0.037798
  38.281250	  -0.044435
  38.291016	  -0.071532
  38.300781	  -0.107988
  38.310547	  -0.139278
  38.320312	  -0.151726
  38.330078	  -0.136378
  38.339844	  -0.091402
  38.349609	  -0.022416
  38.359375	   0.059232
  38.369141	   0.139586
  38.378906	   0.205662
  38.388672	   0.248442
  38.398438	   0.264542
  38.408203	   0.256264
  38.417969	   0.230213
  38.427734	   0.195076
  38.437500	   0.159292
  38.447266	   0.129256
  38.457031	   0.108447
  38.466797	   0.097521
  38.476562	   0.095111
  38.486328	   0.098931
  38.496094	   0.106768
  38.505859	   0.117086
  38.515625	   0.129180
  38.525391	   0.142962
  38.535156	   0.158576
  38.544922	   0.176043
  38.554688	   0.195026
  38.564453	   0.214757
  38.574219	   0.234045
  38.583984	   0.251316
  38.593750	   0.264643
  38.603516	   0.271813
  38.613281	   0.270508
  38.623047	   0.258642
  38.632812	   0.234871
  38.642578	   0.199124
  38.652344	   0.152975
  38.662109	   0.099621
  38.671875	   0.043356
  38.681641	  -0.011429
  38.691406	  -0.061486
  38.701172	  -0.105780
  38.710938	  -0.146000
  38.720703	  -0.186199
  38.730469	  -0.231540
  38.740234	  -0.286419
  38.750000	  -0.352506
  38.759766	  -0.427358
  38.769531	  -0.504126
  38.779297	  -0.572631
  38.789062	  -0.621613
  38.798828	  -0.641612
  38.808594	  -0.627656
  38.818359	  -0.580929
  38.828125	  -0.508889
  38.837891	  -0.423678
  38.847656	  -0.339246
  38.857422	  -0.267949
  38.867188	  -0.217590
  38.876953	  -0.189713
  38.886719	  -0.179627
  38.896484	  -0.178092
  38.906250	  -0.174136
  38.916016	  -0.158151
  38.925781	  -0.124394
  38.935547	  -0.072217
  38.945312	  -0.005804
  38.955078	   0.067370
  38.964844	   0.138778
  38.974609	   0.201031
  38.984375	   0.249395
  38.994141	   0.282270
  39.003906	   0.300672
  39.013672	   0.307052
  39.023438	   0.303983
  39.033203	   0.293204
  39.042969	   0.275329
  39.052734	   0.250231
  39.062500	   0.217863
  39.072266	   0.179136
  39.082031	   0.136470
  39.091797	   0.093806
  39.101562	   0.056059
  39.111328	   0.028219
  39.121094	   0.014396
  39.130859	   0.017087
  39.140625	   0.036843
  39.150391	   0.072318
  39.160156	   0.120584
  39.169922	   0.177509
  39.179688	   0.238079
  39.189453	   0.296635
  39.199219	   0.347145
  39.208984	   0.383641
  39.218750	   0.400958
  39.228516	   0.395726
  39.238281	   0.367393
  39.248047	   0.318943
  39.257812	   0.256916
  39.267578	   0.190512
  39.277344	   0.129804
  39.287109	   0.083427
  39.296875	   0.056345
  39.306641	   0.048385
  39.316406	   0.054093
  39.326172	   0.064088
  39.335938	   0.067653
  39.345703	   0.055889
  39.355469	   0.024513
  39.365234	  -0.024564
  39.375000	  -0.083410
  39.384766	  -0.140009
  39.394531	  -0.181445
  39.404297	  -0.197392
  39.414062	  -0.182888
  39.423828	  -0.139555
  39.433594	  -0.074944
  39.443359	  -0.000234
  39.453125	   0.072949
  39.462891	   0.135585
  39.472656	   0.183239
  39.482422	   0.216416
  39.492188	   0.239284
  39.501953	   0.257296
  39.511719	   0.274621
  39.521484	   0.292296
  39.531250	   0.307744
  39.541016	   0.315807
  39.550781	   0.310907
  39.560547	   0.289503
  39.570312	   0.251962
  39.580078	   0.203112
  39.589844	   0.151210
  39.599609	   0.105631
  39.609375	   0.074003
  39.619141	   0.059741
  39.628906	   0.060815
  39.638672	   0.070203
  39.648438	   0.077925
  39.658203	   0.074071
  39.667969	   0.051911
  39.677734	   0.010133
  39.687500	  -0.046443
  39.697266	  -0.107879
  39.707031	  -0.161572
  39.716797	  -0.195418
  39.726562	  -0.200835
  39.736328	  -0.174860
  39.746094	  -0.120832
  39.755859	  -0.047616
  39.765625	   0.032361
  39.775391	   0.105665
  39.785156	   0.160421
  39.794922	   0.188345
  39.804688	   0.185934
  39.814453	   0.154738
  39.824219	   0.100790
  39.833984	   0.033403
  39.843750	  -0.036444
  39.853516	  -0.097908
  39.863281	  -0.142063
  39.873047	  -0.163419
  39.882812	  -0.160952
  39.892578	  -0.138386
  39.902344	  -0.103576
  39.912109	  -0.066981
  39.921875	  -0.039441
  39.931641	  -0.029699
  39.941406	  -0.042265
  39.951172	  -0.076200
  39.960938	  -0.125243
  39.970703	  -0.179319
  39.980469	  -0.227123
  39.990234	  -0.259080
