# Time	Amplitude (cm/s/s)
   0.000000	   0.162997
   0.009766	  -0.005427
   0.019531	  -0.184346
   0.029297	  -0.323380
   0.039062	  -0.386542
   0.048828	  -0.363905
   0.058594	  -0.274394
   0.068359	  -0.158779
   0.078125	  -0.065389
   0.087891	  -0.033519
   0.097656	  -0.080281
   0.107422	  -0.195348
   0.117188	  -0.345224
   0.126953	  -0.485315
   0.136719	  -0.575392
   0.146484	  -0.592960
   0.156250	  -0.539928
   0.166016	  -0.440507
   0.175781	  -0.331442
   0.185547	  -0.248411
   0.195312	  -0.213681
   0.205078	  -0.229485
   0.214844	  -0.279319
   0.224609	  -0.336328
   0.234375	  -0.375298
   0.244141	  -0.383428
   0.253906	  -0.365621
   0.263672	  -0.342144
   0.273438	  -0.339517
   0.283203	  -0.378177
   0.292969	  -0.461785
   0.302734	  -0.572608
   0.312500	  -0.675195
   0.322266	  -0.727480
   0.332031	  -0.695595
   0.341797	  -0.567088
   0.351562	  -0.357598
   0.361328	  -0.108220
   0.371094	   0.125996
   0.380859	   0.292764
   0.390625	   0.358922
   0.400391	   0.320861
   0.410156	   0.205398
   0.419922	   0.060740
   0.429688	  -0.059405
   0.439453	  -0.113189
   0.449219	  -0.083582
   0.458984	   0.017356
   0.468750	   0.154110
   0.478516	   0.281024
   0.488281	   0.358472
   0.498047	   0.366164
   0.507812	   0.309064
   0.517578	   0.214109
   0.527344	   0.119270
   0.537109	   0.059180
   0.546875	   0.052676
   0.556641	   0.096754
   0.566406	   0.168967
   0.576172	   0.237129
   0.585938	   0.272522
   0.595703	   0.261515
   0.605469	   0.211216
   0.615234	   0.147009
   0.625000	   0.102931
   0.634766	   0.108504
   0.644531	   0.176998
   0.654297	   0.299554
   0.664062	   0.447450
   0.673828	   0.581739
   0.683594	   0.666749
   0.693359	   0.682491
   0.703125	   0.631361
   0.712891	   0.536670
   0.722656	   0.433485
   0.732422	   0.355188
   0.742188	   0.320720
   0.751953	   0.327310
   0.761719	   0.351462
   0.771484	   0.357981
   0.781250	   0.313796
   0.791016	   0.201551
   0.800781	   0.027895
   0.810547	  -0.176725
   0.820312	  -0.366938
   0.830078	  -0.497050
   0.839844	  -0.536307
   0.849609	  -0.479495
   0.859375	  -0.349119
   0.869141	  -0.188385
   0.878906	  -0.047389
   0.888672	   0.032728
   0.898438	   0.032248
   0.908203	  -0.042155
   0.917969	  -0.161376
   0.927734	  -0.285036
   0.937500	  -0.375659
   0.947266	  -0.410770
   0.957031	  -0.388791
   0.966797	  -0.326990
   0.976562	  -0.252740
   0.986328	  -0.191721
   0.996094	  -0.157708
   1.005859	  -0.147822
   1.015625	  -0.144863
   1.025391	  -0.125625
   1.035156	  -0.071725
   1.044922	   0.021452
   1.054688	   0.141325
   1.064453	   0.261711
   1.074219	   0.352158
   1.083984	   0.389488
   1.093750	   0.367083
   1.103516	   0.298208
   1.113281	   0.211908
   1.123047	   0.142807
   1.132812	   0.118530
   1.142578	   0.149426
   1.152344	   0.224534
   1.162109	   0.315443
   1.171875	   0.386764
   1.181641	   0.409413
   1.191406	   0.371773
   1.201172	   0.284490
   1.210938	   0.176977
   1.220703	   0.086756
   1.230469	   0.045473
   1.240234	   0.066752
   1.250000	   0.140472
   1.259766	   0.235762
   1.269531	   0.311804
   1.279297	   0.332637
   1.289062	   0.280582
   1.298828	   0.163325
   1.308594	   0.011936
   1.318359	  -0.129616
   1.328125	  -0.219757
   1.337891	  -0.233906
   1.347656	  -0.173052
   1.357422	  -0.063166
   1.367188	   0.054412
   1.376953	   0.138088
   1.386719	   0.161110
   1.396484	   0.121030
   1.406250	   0.040018
   1.416016	  -0.044167
   1.425781	  -0.093199
   1.435547	  -0.083590
   1.445312	  -0.016586
   1.455078	   0.081354
   1.464844	   0.167978
   1.474609	   0.201309
   1.484375	   0.156510
   1.494141	   0.037197
   1.503906	  -0.123304
   1.513672	  -0.271728
   1.523438	  -0.352589
   1.533203	  -0.327788
   1.542969	  -0.191135
   1.552734	   0.027594
   1.562500	   0.270850
   1.572266	   0.471282
   1.582031	   0.573467
   1.591797	   0.552007
   1.601562	   0.419730
   1.611328	   0.223132
   1.621094	   0.026635
   1.630859	  -0.108913
   1.640625	  -0.146048
   1.650391	  -0.082054
   1.660156	   0.051903
   1.669922	   0.203249
   1.679688	   0.317430
   1.689453	   0.357214
   1.699219	   0.314980
   1.708984	   0.213730
   1.718750	   0.096768
   1.728516	   0.010072
   1.738281	  -0.015909
   1.748047	   0.021816
   1.757812	   0.097622
   1.767578	   0.167339
   1.777344	   0.185807
   1.787109	   0.125302
   1.796875	  -0.012189
   1.806641	  -0.193681
   1.816406	  -0.365738
   1.826172	  -0.473300
   1.835938	  -0.480091
   1.845703	  -0.383145
   1.855469	  -0.215946
   1.865234	  -0.038647
   1.875000	   0.081535
   1.884766	   0.093102
   1.894531	  -0.021681
   1.904297	  -0.239832
   1.914062	  -0.504325
   1.923828	  -0.742212
   1.933594	  -0.888018
   1.943359	  -0.904448
   1.953125	  -0.793432
   1.962891	  -0.593942
   1.972656	  -0.367695
   1.982422	  -0.177957
   1.992188	  -0.068994
   2.001953	  -0.053206
   2.011719	  -0.110061
   2.021484	  -0.196617
   2.031250	  -0.265251
   2.041016	  -0.281793
   2.050781	  -0.237316
   2.060547	  -0.149460
   2.070312	  -0.053156
   2.080078	   0.015321
   2.089844	   0.034585
   2.099609	   0.008198
   2.109375	  -0.035473
   2.119141	  -0.053744
   2.128906	  -0.006567
   2.138672	   0.126450
   2.148438	   0.335504
   2.158203	   0.580782
   2.167969	   0.803644
   2.177734	   0.945029
   2.187500	   0.964599
   2.197266	   0.853773
   2.207031	   0.638054
   2.216797	   0.367931
   2.226562	   0.101803
   2.236328	  -0.112755
   2.246094	  -0.252531
   2.255859	  -0.322296
   2.265625	  -0.347574
   2.275391	  -0.359848
   2.285156	  -0.380430
   2.294922	  -0.409704
   2.304688	  -0.426369
   2.314453	  -0.397306
   2.324219	  -0.294320
   2.333984	  -0.110990
   2.343750	   0.127654
   2.353516	   0.367521
   2.363281	   0.540373
   2.373047	   0.586805
   2.382812	   0.479285
   2.392578	   0.236502
   2.402344	  -0.077210
   2.412109	  -0.368637
   2.421875	  -0.544093
   2.431641	  -0.540397
   2.441406	  -0.347818
   2.451172	  -0.016537
   2.460938	   0.356600
   2.470703	   0.657604
   2.480469	   0.791973
   2.490234	   0.716435
   2.500000	   0.455010
   2.509766	   0.093481
   2.519531	  -0.246545
   2.529297	  -0.445984
   2.539062	  -0.426725
   2.548828	  -0.177635
   2.558594	   0.240483
   2.568359	   0.712755
   2.578125	   1.105216
   2.587891	   1.305655
   2.597656	   1.257210
   2.607422	   0.974156
   2.617188	   0.535252
   2.626953	   0.057444
   2.636719	  -0.340999
   2.646484	  -0.575682
   2.656250	  -0.618401
   2.666016	  -0.500090
   2.675781	  -0.294612
   2.685547	  -0.089999
   2.695312	   0.042362
   2.705078	   0.070001
   2.714844	   0.006001
   2.724609	  -0.101272
   2.734375	  -0.190571
   2.744141	  -0.213447
   2.753906	  -0.153561
   2.763672	  -0.032662
   2.773438	   0.098621
   2.783203	   0.181382
   2.792969	   0.172525
   2.802734	   0.063214
   2.812500	  -0.115307
   2.822266	  -0.300910
   2.832031	  -0.421753
   2.841797	  -0.422090
   2.851562	  -0.283692
   2.861328	  -0.035364
   2.871094	   0.252932
   2.880859	   0.489634
   2.890625	   0.588589
   2.900391	   0.495003
   2.910156	   0.202330
   2.919922	  -0.244723
   2.929688	  -0.761450
   2.939453	  -1.244681
   2.949219	  -1.597904
   2.958984	  -1.752904
   2.968750	  -1.682675
   2.978516	  -1.403556
   2.988281	  -0.967858
   2.998047	  -0.450549
   3.007812	   0.065764
   3.017578	   0.504184
   3.027344	   0.803533
   3.037109	   0.925045
   3.046875	   0.856581
   3.056641	   0.615016
   3.066406	   0.246400
   3.076172	  -0.177459
   3.085938	  -0.567639
   3.095703	  -0.832610
   3.105469	  -0.897158
   3.115234	  -0.721874
   3.125000	  -0.317633
   3.134766	   0.250466
   3.144531	   0.873085
   3.154297	   1.420036
   3.164062	   1.772079
   3.173828	   1.852639
   3.183594	   1.649892
   3.193359	   1.221695
   3.203125	   0.680652
   3.212891	   0.162714
   3.222656	  -0.211732
   3.232422	  -0.372466
   3.242188	  -0.318713
   3.251953	  -0.116670
   3.261719	   0.124264
   3.271484	   0.289081
   3.281250	   0.296336
   3.291016	   0.125920
   3.300781	  -0.173971
   3.310547	  -0.503229
   3.320312	  -0.744247
   3.330078	  -0.802853
   3.339844	  -0.641866
   3.349609	  -0.295739
   3.359375	   0.138936
   3.369141	   0.534092
   3.378906	   0.771796
   3.388672	   0.782775
   3.398438	   0.568821
   3.408203	   0.201504
   3.417969	  -0.202266
   3.427734	  -0.519386
   3.437500	  -0.660945
   3.447266	  -0.600067
   3.457031	  -0.377858
   3.466797	  -0.085816
   3.476562	   0.168744
   3.486328	   0.301786
   3.496094	   0.282247
   3.505859	   0.141852
   3.515625	  -0.038307
   3.525391	  -0.159440
   3.535156	  -0.143483
   3.544922	   0.035692
   3.554688	   0.339706
   3.564453	   0.676586
   3.574219	   0.931642
   3.583984	   1.007646
   3.593750	   0.860235
   3.603516	   0.515989
   3.613281	   0.066577
   3.623047	  -0.359365
   3.632812	  -0.637241
   3.642578	  -0.686579
   3.652344	  -0.496715
   3.662109	  -0.129594
   3.671875	   0.300961
   3.681641	   0.666209
   3.691406	   0.863067
   3.701172	   0.844845
   3.710938	   0.632437
   3.720703	   0.303221
   3.730469	  -0.037406
   3.740234	  -0.291300
   3.750000	  -0.397380
   3.759766	  -0.346342
   3.769531	  -0.176566
   3.779297	   0.045583
   3.789062	   0.252497
   3.798828	   0.398629
   3.808594	   0.471943
   3.818359	   0.490278
   3.828125	   0.485528
   3.837891	   0.483334
   3.847656	   0.487539
   3.857422	   0.476419
   3.867188	   0.412648
   3.876953	   0.262999
   3.886719	   0.019396
   3.896484	  -0.288176
   3.906250	  -0.593618
   3.916016	  -0.812585
   3.925781	  -0.870923
   3.935547	  -0.733573
   3.945312	  -0.422814
   3.955078	  -0.017797
   3.964844	   0.366200
   3.974609	   0.613023
   3.984375	   0.643889
   3.994141	   0.445357
   4.003906	   0.076679
   4.013672	  -0.347014
   4.023438	  -0.690904
   4.033203	  -0.844316
   4.042969	  -0.757438
   4.052734	  -0.458258
   4.062500	  -0.043641
   4.072266	   0.352741
   4.082031	   0.604866
   4.091797	   0.636095
   4.101562	   0.443969
   4.111328	   0.099625
   4.121094	  -0.277747
   4.130859	  -0.562415
   4.140625	  -0.665056
   4.150391	  -0.562257
   4.160156	  -0.302554
   4.169922	   0.012690
   4.179688	   0.266383
   4.189453	   0.367366
   4.199219	   0.281788
   4.208984	   0.043293
   4.218750	  -0.261204
   4.228516	  -0.524492
   4.238281	  -0.658534
   4.248047	  -0.625940
   4.257812	  -0.452133
   4.267578	  -0.214053
   4.277344	  -0.009944
   4.287109	   0.078313
   4.296875	   0.016193
   4.306641	  -0.170772
   4.316406	  -0.407307
   4.326172	  -0.597887
   4.335938	  -0.664312
   4.345703	  -0.577204
   4.355469	  -0.369320
   4.365234	  -0.125290
   4.375000	   0.048934
   4.384766	   0.065957
   4.394531	  -0.108490
   4.404297	  -0.439303
   4.414062	  -0.830592
   4.423828	  -1.156710
   4.433594	  -1.305022
   4.443359	  -1.215337
   4.453125	  -0.901780
   4.462891	  -0.449086
   4.472656	   0.015695
   4.482422	   0.366206
   4.492188	   0.519351
   4.501953	   0.462293
   4.511719	   0.254346
   4.521484	   0.003207
   4.531250	  -0.175785
   4.541016	  -0.202522
   4.550781	  -0.061518
   4.560547	   0.192920
   4.570312	   0.457674
   4.580078	   0.620305
   4.589844	   0.602617
   4.599609	   0.392180
   4.609375	   0.049985
   4.619141	  -0.309034
   4.628906	  -0.556019
   4.638672	  -0.594554
   4.648438	  -0.396724
   4.658203	  -0.015649
   4.667969	   0.430406
   4.677734	   0.797120
   4.687500	   0.962878
   4.697266	   0.870113
   4.707031	   0.544716
   4.716797	   0.086746
   4.726562	  -0.364189
   4.736328	  -0.676533
   4.746094	  -0.770534
   4.755859	  -0.642835
   4.765625	  -0.363605
   4.775391	  -0.047836
   4.785156	   0.188288
   4.794922	   0.269797
   4.804688	   0.188630
   4.814453	   0.003386
   4.824219	  -0.186398
   4.833984	  -0.281595
   4.843750	  -0.224754
   4.853516	  -0.025615
   4.863281	   0.239085
   4.873047	   0.451922
   4.882812	   0.497959
   4.892578	   0.309061
   4.902344	  -0.107021
   4.912109	  -0.663939
   4.921875	  -1.222094
   4.931641	  -1.633616
   4.941406	  -1.791328
   4.951172	  -1.664465
   4.960938	  -1.308464
   4.970703	  -0.845346
   4.980469	  -0.421673
   4.990234	  -0.159039
   5.000000	  -0.114711
   5.009766	  -0.266321
   5.019531	  -0.525781
   5.029297	  -0.777021
   5.039062	  -0.923444
   5.048828	  -0.927439
   5.058594	  -0.827052
   5.068359	  -0.723140
   5.078125	  -0.741031
   5.087891	  -0.980102
   5.097656	  -1.469355
   5.107422	  -2.145417
   5.117188	  -2.861844
   5.126953	  -3.427931
   5.136719	  -3.665033
   5.146484	  -3.462295
   5.156250	  -2.813664
   5.166016	  -1.824183
   5.175781	  -0.683511
   5.185547	   0.384897
   5.195312	   1.183107
   5.205078	   1.588646
   5.214844	   1.580982
   5.224609	   1.238470
   5.234375	   0.709078
   5.244141	   0.165726
   5.253906	  -0.239548
   5.263672	  -0.409860
   5.273438	  -0.318709
   5.283203	  -0.005500
   5.292969	   0.443482
   5.302734	   0.920530
   5.312500	   1.320681
   5.322266	   1.559838
   5.332031	   1.585767
   5.341797	   1.383573
   5.351562	   0.977805
   5.361328	   0.431866
   5.371094	  -0.156801
   5.380859	  -0.668703
   5.390625	  -0.983496
   5.400391	  -1.009195
   5.410156	  -0.713502
   5.419922	  -0.147508
   5.429688	   0.548933
   5.439453	   1.167492
   5.449219	   1.477283
   5.458984	   1.287153
   5.468750	   0.507305
   5.478516	  -0.809864
   5.488281	  -2.466086
   5.498047	  -4.157004
   5.507812	  -5.547897
   5.517578	  -6.364995
   5.527344	  -6.474780
   5.537109	  -5.925195
   5.546875	  -4.933396
   5.556641	  -3.821425
   5.566406	  -2.918699
   5.576172	  -2.462251
   5.585938	  -2.527643
   5.595703	  -3.014102
   5.605469	  -3.689288
   5.615234	  -4.278344
   5.625000	  -4.565675
   5.634766	  -4.472507
   5.644531	  -4.081080
   5.654297	  -3.595326
   5.664062	  -3.251546
   5.673828	  -3.212495
   5.683594	  -3.486747
   5.693359	  -3.908255
   5.703125	  -4.190201
   5.712891	  -4.039274
   5.722656	  -3.291324
   5.732422	  -2.016542
   5.742188	  -0.547830
   5.751953	   0.590612
   5.761719	   0.843019
   5.771484	  -0.175240
   5.781250	  -2.498639
   5.791016	  -5.722632
   5.800781	  -9.047992
   5.810547	 -11.460906
   5.820312	 -12.006269
   5.830078	 -10.076993
   5.839844	  -5.630369
   5.849609	   0.740949
   5.859375	   7.914762
   5.869141	  14.500158
   5.878906	  19.183008
   5.888672	  21.057949
   5.898438	  19.851269
   5.908203	  15.971998
   5.917969	  10.381394
   5.927734	   4.326757
   5.937500	  -0.974349
   5.947266	  -4.602225
   5.957031	  -6.079801
   5.966797	  -5.364832
   5.976562	  -2.715496
   5.986328	   1.500527
   5.996094	   6.966488
   6.005859	  13.476256
   6.015625	  20.867912
   6.025391	  28.862705
   6.035156	  36.888140
   6.044922	  43.982640
   6.054688	  48.859684
   6.064453	  50.155414
   6.074219	  46.812490
   6.083984	  38.489269
   6.093750	  25.851765
   6.103516	  10.621500
   6.113281	  -4.684675
   6.123047	 -17.293037
   6.132812	 -24.864349
   6.142578	 -26.147337
   6.152344	 -21.392945
   6.162109	 -12.381179
   6.171875	  -2.017388
   6.181641	   6.417484
   6.191406	  10.166738
   6.201172	   7.792946
   6.210938	  -0.371289
   6.220703	 -12.266923
   6.230469	 -24.656549
   6.240234	 -34.037212
   6.250000	 -37.663708
   6.259766	 -34.385362
   6.269531	 -25.043966
   6.279297	 -12.302118
   6.289062	   0.064845
   6.298828	   8.221810
   6.308594	   9.375278
   6.318359	   2.607271
   6.328125	 -10.800997
   6.337891	 -27.653501
   6.347656	 -43.655528
   6.357422	 -54.533253
   6.367188	 -57.143583
   6.376953	 -50.267778
   6.386719	 -34.877643
   6.396484	 -13.817522
   6.406250	   8.987862
   6.416016	  29.560084
   6.425781	  44.833452
   6.435547	  53.299726
   6.445312	  55.178137
   6.455078	  52.105594
   6.464844	  46.482870
   6.474609	  40.703610
   6.484375	  36.508646
   6.494141	  34.647155
   6.503906	  34.911748
   6.513672	  36.486009
   6.523438	  38.442739
   6.533203	  40.191267
   6.542969	  41.703958
   6.552734	  43.442774
   6.562500	  46.024222
   6.572266	  49.764266
   6.582031	  54.297608
   6.591797	  58.448724
   6.601562	  60.449001
   6.611328	  58.471641
   6.621094	  51.333869
   6.630859	  39.136308
   6.640625	  23.601359
   6.650391	   7.943730
   6.660156	  -3.761133
   6.669922	  -7.588988
   6.679688	  -0.905452
   6.689453	  16.687798
   6.699219	  42.893706
   6.708984	  72.928517
   6.718750	 100.406208
   6.728516	 118.719821
   6.738281	 122.593702
   6.748047	 109.415866
   6.757812	  79.998409
   6.767578	  38.548596
   6.777344	  -8.170164
   6.787109	 -52.301430
   6.796875	 -86.635116
   6.806641	-106.201886
   6.816406	-109.336039
   6.826172	 -97.954232
   6.835938	 -76.994860
   6.845703	 -53.172007
   6.855469	 -33.364101
   6.865234	 -23.038478
   6.875000	 -25.089903
   6.884766	 -39.352637
   6.894531	 -62.865538
   6.904297	 -90.777070
   6.914062	-117.622573
   6.923828	-138.628862
   6.933594	-150.717848
   6.943359	-152.982755
   6.953125	-146.566058
   6.962891	-134.032946
   6.972656	-118.462593
   6.982422	-102.538435
   6.992188	 -87.895403
   7.001953	 -74.887261
   7.011719	 -62.801482
   7.021484	 -50.413208
   7.031250	 -36.673259
   7.041016	 -21.294413
   7.050781	  -5.042047
   7.060547	  10.365230
   7.070312	  22.713484
   7.080078	  29.964694
   7.089844	  30.928690
   7.099609	  25.721598
   7.109375	  15.860699
   7.119141	   3.955327
   7.128906	  -6.924641
   7.138672	 -14.023883
   7.148438	 -15.597932
   7.158203	 -11.331359
   7.167969	  -2.360763
   7.177734	   9.097981
   7.187500	  20.403182
   7.197266	  29.226373
   7.207031	  34.160917
   7.216797	  35.027957
   7.226562	  32.802126
   7.236328	  29.195582
   7.246094	  26.041271
   7.255859	  24.673866
   7.265625	  25.502793
   7.275391	  27.907983
   7.285156	  30.485941
   7.294922	  31.563226
   7.304688	  29.810725
   7.314453	  24.760550
   7.324219	  17.057412
   7.333984	   8.358242
   7.343750	   0.902347
   7.353516	  -3.123900
   7.363281	  -2.239714
   7.373047	   3.855434
   7.382812	  14.129123
   7.392578	  26.435077
   7.402344	  38.045551
   7.412109	  46.348162
   7.421875	  49.512331
   7.431641	  46.941438
   7.441406	  39.390159
   7.451172	  28.722526
   7.460938	  17.386420
   7.470703	   7.755684
   7.480469	   1.521451
   7.490234	  -0.706950
   7.500000	   0.504576
   7.509766	   3.636256
   7.519531	   6.675548
   7.529297	   7.684481
   7.539062	   5.321024
   7.548828	  -0.814943
   7.558594	 -10.086023
   7.568359	 -20.978536
   7.578125	 -31.463922
   7.587891	 -39.461528
   7.597656	 -43.290815
   7.607422	 -42.015899
   7.617188	 -35.620058
   7.626953	 -24.990783
   7.636719	 -11.735573
   7.646484	   2.122807
   7.656250	  14.508627
   7.666016	  23.648737
   7.675781	  28.365023
   7.685547	  28.260733
   7.695312	  23.773694
   7.705078	  16.087427
   7.714844	   6.911009
   7.724609	  -1.840209
   7.734375	  -8.410756
   7.744141	 -11.550975
   7.753906	 -10.771681
   7.763672	  -6.447703
   7.773438	   0.262204
   7.783203	   7.672000
   7.792969	  13.951312
   7.802734	  17.549233
   7.812500	  17.557360
   7.822266	  13.920047
   7.832031	   7.435208
   7.841797	  -0.458040
   7.851562	  -8.051866
   7.861328	 -13.805033
   7.871094	 -16.725234
   7.880859	 -16.596336
   7.890625	 -13.991175
   7.900391	 -10.070529
   7.910156	  -6.228809
   7.919922	  -3.689263
   7.929688	  -3.163757
   7.939453	  -4.671021
   7.949219	  -7.559381
   7.958984	 -10.720041
   7.968750	 -12.922953
   7.978516	 -13.175080
   7.988281	 -10.999061
   7.998047	  -6.558192
   8.007812	  -0.601464
   8.017578	   5.745252
   8.027344	  11.274669
   8.037109	  14.994642
   8.046875	  16.348172
   8.056641	  15.308642
   8.066406	  12.341881
   8.076172	   8.263568
   8.085938	   4.043509
   8.095703	   0.612191
   8.105469	  -1.288440
   8.115234	  -1.191426
   8.125000	   1.066755
   8.134766	   5.356261
   8.144531	  11.281071
   8.154297	  18.211109
   8.164062	  25.321355
   8.173828	  31.651033
   8.183594	  36.197489
   8.193359	  38.049320
   8.203125	  36.544976
   8.212891	  31.424232
   8.222656	  22.929121
   8.232422	  11.814906
   8.242188	  -0.748649
   8.251953	 -13.374833
   8.261719	 -24.713907
   8.271484	 -33.699622
   8.281250	 -39.722180
   8.291016	 -42.680634
   8.300781	 -42.903451
   8.310547	 -40.967189
   8.320312	 -37.476074
   8.330078	 -32.878003
   8.339844	 -27.379776
   8.349609	 -20.989294
   8.359375	 -13.666287
   8.369141	  -5.521441
   8.378906	   3.018545
   8.388672	  11.156460
   8.398438	  17.823166
   8.408203	  21.919914
   8.417969	  22.641870
   8.427734	  19.784021
   8.437500	  13.924483
   8.447266	   6.408357
   8.457031	  -0.889421
   8.466797	  -5.977513
   8.476562	  -7.236404
   8.486328	  -3.850829
   8.496094	   3.935514
   8.505859	  14.819979
   8.515625	  26.704224
   8.525391	  37.157275
   8.535156	  43.960730
   8.544922	  45.597715
   8.554688	  41.565417
   8.564453	  32.441955
   8.574219	  19.706009
   8.583984	   5.371832
   8.593750	  -8.455408
   8.603516	 -19.989139
   8.613281	 -28.043854
   8.623047	 -32.144489
   8.632812	 -32.469480
   8.642578	 -29.677235
   8.652344	 -24.686883
   8.662109	 -18.479785
   8.671875	 -11.963479
   8.681641	  -5.906180
   8.691406	  -0.921043
   8.701172	   2.534478
   8.710938	   4.173949
   8.720703	   3.922068
   8.730469	   1.964905
   8.740234	  -1.222563
   8.750000	  -4.907192
   8.759766	  -8.206992
   8.769531	 -10.270720
   8.779297	 -10.488287
   8.789062	  -8.671117
   8.798828	  -5.139913
   8.808594	  -0.678264
   8.818359	   3.650856
   8.828125	   6.784264
   8.837891	   7.956980
   8.847656	   6.930411
   8.857422	   4.076059
   8.867188	   0.280858
   8.876953	  -3.305986
   8.886719	  -5.614279
   8.896484	  -5.981111
   8.906250	  -4.364695
   8.916016	  -1.373820
   8.925781	   1.902636
   8.935547	   4.220764
   8.945312	   4.567193
   8.955078	   2.490153
   8.964844	  -1.725427
   8.974609	  -7.095686
   8.984375	 -12.183156
   8.994141	 -15.483139
   9.003906	 -15.842799
   9.013672	 -12.794572
   9.023438	  -6.709882
   9.033203	   1.269694
   9.042969	   9.504153
   9.052734	  16.254598
   9.062500	  20.102785
   9.072266	  20.281389
   9.082031	  16.834282
   9.091797	  10.575114
   9.101562	   2.866857
   9.111328	  -4.710827
   9.121094	 -10.716856
   9.130859	 -14.140286
   9.140625	 -14.567188
   9.150391	 -12.200018
   9.160156	  -7.745415
   9.169922	  -2.215089
   9.179688	   3.303108
   9.189453	   7.851210
   9.199219	  10.748165
   9.208984	  11.663236
   9.218750	  10.620187
   9.228516	   7.948329
   9.238281	   4.199746
   9.248047	   0.049023
   9.257812	  -3.813212
   9.267578	  -6.784913
   9.277344	  -8.446865
   9.287109	  -8.634692
   9.296875	  -7.473536
   9.306641	  -5.360970
   9.316406	  -2.890769
   9.326172	  -0.723414
   9.335938	   0.574531
   9.345703	   0.686064
   9.355469	  -0.347521
   9.365234	  -2.100786
   9.375000	  -3.839158
   9.384766	  -4.686674
   9.394531	  -3.851259
   9.404297	  -0.852658
   9.414062	   4.307680
   9.423828	  11.084385
   9.433594	  18.457556
   9.443359	  25.124056
   9.453125	  29.768706
   9.462891	  31.351591
   9.472656	  29.342623
   9.482422	  23.847456
   9.492188	  15.596170
   9.501953	   5.799895
   9.511719	  -4.088362
   9.521484	 -12.652234
   9.531250	 -18.768439
   9.541016	 -21.790088
   9.550781	 -21.627027
   9.560547	 -18.718799
   9.570312	 -13.918245
   9.580078	  -8.318164
   9.589844	  -3.057826
   9.599609	   0.858122
   9.609375	   2.705075
   9.619141	   2.135003
   9.628906	  -0.781379
   9.638672	  -5.567851
   9.648438	 -11.410107
   9.658203	 -17.273591
   9.667969	 -22.063038
   9.677734	 -24.806929
   9.687500	 -24.840499
   9.697266	 -21.953380
   9.707031	 -16.466535
   9.716797	  -9.211087
   9.726562	  -1.399255
   9.736328	   5.597937
   9.746094	  10.526315
   9.755859	  12.519056
   9.765625	  11.298081
   9.775391	   7.253362
   9.785156	   1.373454
   9.794922	  -4.963796
   9.804688	 -10.295709
   9.814453	 -13.403731
   9.824219	 -13.587790
   9.833984	 -10.818998
   9.843750	  -5.733627
   9.853516	   0.528661
   9.863281	   6.600008
   9.873047	  11.202714
   9.882812	  13.431473
   9.892578	  12.932250
   9.902344	   9.939970
   9.912109	   5.175315
   9.921875	  -0.362864
   9.931641	  -5.648629
   9.941406	  -9.856175
   9.951172	 -12.508055
   9.960938	 -13.515623
   9.970703	 -13.115053
   9.980469	 -11.730746
   9.990234	  -9.814835
  10.000000	  -7.712831
  10.009766	  -5.592161
  10.019531	  -3.447254
  10.029297	  -1.169759
  10.039062	   1.347124
  10.048828	   4.109787
  10.058594	   6.966153
  10.068359	   9.608771
  10.078125	  11.639003
  10.087891	  12.672688
  10.097656	  12.454981
  10.107422	  10.949406
  10.117188	   8.373967
  10.126953	   5.172478
  10.136719	   1.927447
  10.146484	  -0.763451
  10.156250	  -2.416168
  10.166016	  -2.762701
  10.175781	  -1.803278
  10.185547	   0.202303
  10.195312	   2.799661
  10.205078	   5.443692
  10.214844	   7.615987
  10.224609	   8.929146
  10.234375	   9.196128
  10.244141	   8.452137
  10.253906	   6.927772
  10.263672	   4.982820
  10.273438	   3.017794
  10.283203	   1.383920
  10.292969	   0.311244
  10.302734	  -0.130470
  10.312500	  -0.031293
  10.322266	   0.396693
  10.332031	   0.884096
  10.341797	   1.179466
  10.351562	   1.116526
  10.361328	   0.656902
  10.371094	  -0.102196
  10.380859	  -0.957204
  10.390625	  -1.656832
  10.400391	  -1.974754
  10.410156	  -1.776935
  10.419922	  -1.064996
  10.429688	   0.017027
  10.439453	   1.215557
  10.449219	   2.232090
  10.458984	   2.802518
  10.468750	   2.769382
  10.478516	   2.126554
  10.488281	   1.023064
  10.498047	  -0.275961
  10.507812	  -1.461031
  10.517578	  -2.262848
  10.527344	  -2.525732
  10.537109	  -2.248757
  10.546875	  -1.582477
  10.556641	  -0.781940
  10.566406	  -0.129438
  10.576172	   0.150504
  10.585938	  -0.041023
  10.595703	  -0.646688
  10.605469	  -1.468749
  10.615234	  -2.226923
  10.625000	  -2.641544
  10.634766	  -2.517823
  10.644531	  -1.806733
  10.654297	  -0.624875
  10.664062	   0.772348
  10.673828	   2.056519
  10.683594	   2.912244
  10.693359	   3.119385
  10.703125	   2.609092
  10.712891	   1.479238
  10.722656	  -0.033412
  10.732422	  -1.615000
  10.742188	  -2.952311
  10.751953	  -3.805259
  10.761719	  -4.055875
  10.771484	  -3.723335
  10.781250	  -2.944566
  10.791016	  -1.929173
  10.800781	  -0.903206
  10.810547	  -0.057388
  10.820312	   0.487967
  10.830078	   0.695457
  10.839844	   0.601681
  10.849609	   0.293577
  10.859375	  -0.120684
  10.869141	  -0.537614
  10.878906	  -0.875620
  10.888672	  -1.082090
  10.898438	  -1.132475
  10.908203	  -1.025310
  10.917969	  -0.776869
  10.927734	  -0.417467
  10.937500	   0.010855
  10.947266	   0.457072
  10.957031	   0.866449
  10.966797	   1.189172
  10.976562	   1.391175
  10.986328	   1.464054
  10.996094	   1.430103
  11.005859	   1.339377
  11.015625	   1.257970
  11.025391	   1.249768
  11.035156	   1.356675
  11.044922	   1.583489
  11.054688	   1.892834
  11.064453	   2.212727
  11.074219	   2.455497
  11.083984	   2.543007
  11.093750	   2.430807
  11.103516	   2.123797
  11.113281	   1.678289
  11.123047	   1.189349
  11.132812	   0.766699
  11.142578	   0.505912
  11.152344	   0.463034
  11.162109	   0.639661
  11.171875	   0.982414
  11.181641	   1.396516
  11.191406	   1.769317
  11.201172	   1.997111
  11.210938	   2.008212
  11.220703	   1.776920
  11.230469	   1.325969
  11.240234	   0.718370
  11.250000	   0.042123
  11.259766	  -0.607584
  11.269531	  -1.144389
  11.279297	  -1.502199
  11.289062	  -1.641201
  11.298828	  -1.549137
  11.308594	  -1.239375
  11.318359	  -0.747208
  11.328125	  -0.125164
  11.337891	   0.562594
  11.347656	   1.247036
  11.357422	   1.862145
  11.367188	   2.353131
  11.376953	   2.683402
  11.386719	   2.838396
  11.396484	   2.824847
  11.406250	   2.665321
  11.416016	   2.389504
  11.425781	   2.025099
  11.435547	   1.591683
  11.445312	   1.100023
  11.455078	   0.557466
  11.464844	  -0.022548
  11.474609	  -0.610837
  11.484375	  -1.157546
  11.494141	  -1.595735
  11.503906	  -1.854639
  11.513672	  -1.880121
  11.523438	  -1.656542
  11.533203	  -1.222547
  11.542969	  -0.673972
  11.552734	  -0.150250
  11.562500	   0.194451
  11.572266	   0.228998
  11.582031	  -0.117960
  11.591797	  -0.833031
  11.601562	  -1.813171
  11.611328	  -2.883825
  11.621094	  -3.836579
  11.630859	  -4.477018
  11.640625	  -4.670166
  11.650391	  -4.371363
  11.660156	  -3.634365
  11.669922	  -2.594995
  11.679688	  -1.435499
  11.689453	  -0.340112
  11.699219	   0.545739
  11.708984	   1.141875
  11.718750	   1.439723
  11.728516	   1.489197
  11.738281	   1.372508
  11.748047	   1.174622
  11.757812	   0.960027
  11.767578	   0.762232
  11.777344	   0.587290
  11.787109	   0.427459
  11.796875	   0.277778
  11.806641	   0.147833
  11.816406	   0.063520
  11.826172	   0.058001
  11.835938	   0.155712
  11.845703	   0.356398
  11.855469	   0.626477
  11.865234	   0.902562
  11.875000	   1.107366
  11.884766	   1.173381
  11.894531	   1.066309
  11.904297	   0.799662
  11.914062	   0.434521
  11.923828	   0.063363
  11.933594	  -0.217562
  11.943359	  -0.338532
  11.953125	  -0.279189
  11.962891	  -0.075850
  11.972656	   0.189774
  11.982422	   0.417323
  11.992188	   0.521484
  12.001953	   0.461501
  12.011719	   0.256459
  12.021484	  -0.019229
  12.031250	  -0.259177
  12.041016	  -0.359975
  12.050781	  -0.256438
  12.060547	   0.054475
  12.070312	   0.509214
  12.080078	   0.994590
  12.089844	   1.381117
  12.099609	   1.562414
  12.109375	   1.488312
  12.119141	   1.181259
  12.128906	   0.730902
  12.138672	   0.268569
  12.148438	  -0.070389
  12.158203	  -0.184872
  12.167969	  -0.035505
  12.177734	   0.346444
  12.187500	   0.870460
  12.197266	   1.414064
  12.207031	   1.857005
  12.216797	   2.111922
  12.226562	   2.142916
  12.236328	   1.967927
  12.246094	   1.646103
  12.255859	   1.255874
  12.265625	   0.871614
  12.275391	   0.546191
  12.285156	   0.303746
  12.294922	   0.143001
  12.304688	   0.047711
  12.314453	  -0.001114
  12.324219	  -0.016380
  12.333984	  -0.002457
  12.343750	   0.041010
  12.353516	   0.111928
  12.363281	   0.199496
  12.373047	   0.282543
  12.382812	   0.334026
  12.392578	   0.330339
  12.402344	   0.261689
  12.412109	   0.138917
  12.421875	  -0.006879
  12.431641	  -0.132927
  12.441406	  -0.199385
  12.451172	  -0.185122
  12.460938	  -0.098881
  12.470703	   0.018880
  12.480469	   0.105171
  12.490234	   0.092657
  12.500000	  -0.068481
  12.509766	  -0.391947
  12.519531	  -0.846251
  12.529297	  -1.358598
  12.539062	  -1.831171
  12.548828	  -2.165310
  12.558594	  -2.286599
  12.568359	  -2.163611
  12.578125	  -1.815070
  12.587891	  -1.303820
  12.597656	  -0.719964
  12.607422	  -0.158563
  12.617188	   0.301537
  12.626953	   0.612156
  12.636719	   0.760563
  12.646484	   0.764911
  12.656250	   0.663445
  12.666016	   0.501942
  12.675781	   0.323509
  12.685547	   0.163038
  12.695312	   0.046289
  12.705078	  -0.008378
  12.714844	   0.011609
  12.724609	   0.112408
  12.734375	   0.290497
  12.744141	   0.528312
  12.753906	   0.791664
  12.763672	   1.031798
  12.773438	   1.193520
  12.783203	   1.228409
  12.792969	   1.109692
  12.802734	   0.843884
  12.812500	   0.474549
  12.822266	   0.075533
  12.832031	  -0.265684
  12.841797	  -0.470480
  12.851562	  -0.490993
  12.861328	  -0.324680
  12.871094	  -0.016593
  12.880859	   0.351893
  12.890625	   0.684992
  12.900391	   0.898716
  12.910156	   0.943571
  12.919922	   0.816976
  12.929688	   0.561855
  12.939453	   0.252220
  12.949219	  -0.029395
  12.958984	  -0.215344
  12.968750	  -0.269883
  12.978516	  -0.194901
  12.988281	  -0.023460
  12.998047	   0.195688
  13.007812	   0.416574
  13.017578	   0.610765
  13.027344	   0.773397
  13.037109	   0.918889
  13.046875	   1.068632
  13.056641	   1.235882
  13.066406	   1.414091
  13.076172	   1.573576
  13.085938	   1.668313
  13.095703	   1.650830
  13.105469	   1.490047
  13.115234	   1.185659
  13.125000	   0.773611
  13.134766	   0.320178
  13.144531	  -0.093954
  13.154297	  -0.394806
  13.164062	  -0.534790
  13.173828	  -0.504765
  13.183594	  -0.334811
  13.193359	  -0.083767
  13.203125	   0.178780
  13.212891	   0.392089
  13.222656	   0.519224
  13.232422	   0.553082
  13.242188	   0.512410
  13.251953	   0.430192
  13.261719	   0.339231
  13.271484	   0.260356
  13.281250	   0.197308
  13.291016	   0.139596
  13.300781	   0.071501
  13.310547	  -0.016934
  13.320312	  -0.121713
  13.330078	  -0.223113
  13.339844	  -0.291361
  13.349609	  -0.297813
  13.359375	  -0.227398
  13.369141	  -0.087434
  13.378906	   0.090948
  13.388672	   0.259927
  13.398438	   0.368708
  13.408203	   0.379404
  13.417969	   0.279689
  13.427734	   0.087777
  13.437500	  -0.152181
  13.447266	  -0.382987
  13.457031	  -0.551424
  13.466797	  -0.623923
  13.476562	  -0.595794
  13.486328	  -0.491193
  13.496094	  -0.354077
  13.505859	  -0.233409
  13.515625	  -0.167646
  13.525391	  -0.173611
  13.535156	  -0.243156
  13.544922	  -0.348220
  13.554688	  -0.452058
  13.564453	  -0.522394
  13.574219	  -0.541875
  13.583984	  -0.512398
  13.593750	  -0.452262
  13.603516	  -0.387682
  13.613281	  -0.342147
  13.623047	  -0.327673
  13.632812	  -0.341059
  13.642578	  -0.366278
  13.652344	  -0.381753
  13.662109	  -0.369532
  13.671875	  -0.322766
  13.681641	  -0.248681
  13.691406	  -0.166050
  13.701172	  -0.098274
  13.710938	  -0.064838
  13.720703	  -0.074415
  13.730469	  -0.122188
  13.740234	  -0.192222
  13.750000	  -0.263801
  13.759766	  -0.319070
  13.769531	  -0.348955
  13.779297	  -0.355037
  13.789062	  -0.346769
  13.798828	  -0.335343
  13.808594	  -0.326872
  13.818359	  -0.317941
  13.828125	  -0.295610
  13.837891	  -0.242228
  13.847656	  -0.143360
  13.857422	   0.004261
  13.867188	   0.188102
  13.876953	   0.380821
  13.886719	   0.547153
  13.896484	   0.654678
  13.906250	   0.684864
  13.916016	   0.640330
  13.925781	   0.545431
  13.935547	   0.439463
  13.945312	   0.364412
  13.955078	   0.351200
  13.964844	   0.409121
  13.974609	   0.522217
  13.984375	   0.654114
  13.994141	   0.759893
  14.003906	   0.801169
  14.013672	   0.759282
  14.023438	   0.642087
  14.033203	   0.481906
  14.042969	   0.325182
  14.052734	   0.217240
  14.062500	   0.187221
  14.072266	   0.238263
  14.082031	   0.346249
  14.091797	   0.467555
  14.101562	   0.553217
  14.111328	   0.564794
  14.121094	   0.486667
  14.130859	   0.330796
  14.140625	   0.132496
  14.150391	  -0.061145
  14.160156	  -0.206220
  14.169922	  -0.275306
  14.179688	  -0.264827
  14.189453	  -0.194342
  14.199219	  -0.098406
  14.208984	  -0.014129
  14.218750	   0.031135
  14.228516	   0.027813
  14.238281	  -0.014610
  14.248047	  -0.073052
  14.257812	  -0.120675
  14.267578	  -0.137334
  14.277344	  -0.116847
  14.287109	  -0.068645
  14.296875	  -0.013490
  14.306641	   0.024845
  14.316406	   0.028699
  14.326172	  -0.006978
  14.335938	  -0.073053
  14.345703	  -0.149970
  14.355469	  -0.215262
  14.365234	  -0.251899
  14.375000	  -0.254345
  14.384766	  -0.230171
  14.394531	  -0.196777
  14.404297	  -0.174620
  14.414062	  -0.179619
  14.423828	  -0.217604
  14.433594	  -0.282817
  14.443359	  -0.360864
  14.453125	  -0.434795
  14.462891	  -0.491825
  14.472656	  -0.528010
  14.482422	  -0.549059
  14.492188	  -0.567016
  14.501953	  -0.594194
  14.511719	  -0.636867
  14.521484	  -0.691324
  14.531250	  -0.744033
  14.541016	  -0.776024
  14.550781	  -0.769947
  14.560547	  -0.717149
  14.570312	  -0.621996
  14.580078	  -0.501610
  14.589844	  -0.380904
  14.599609	  -0.284539
  14.609375	  -0.228662
  14.619141	  -0.215456
  14.628906	  -0.232565
  14.638672	  -0.257710
  14.648438	  -0.266926
  14.658203	  -0.243448
  14.667969	  -0.184027
  14.677734	  -0.100305
  14.687500	  -0.014673
  14.697266	   0.047929
  14.707031	   0.069343
  14.716797	   0.045205
  14.726562	  -0.012965
  14.736328	  -0.081467
  14.746094	  -0.132676
  14.755859	  -0.144908
  14.765625	  -0.110335
  14.775391	  -0.038044
  14.785156	   0.048965
  14.794922	   0.121827
  14.804688	   0.156074
  14.814453	   0.140426
  14.824219	   0.080914
  14.833984	  -0.001200
  14.843750	  -0.077036
  14.853516	  -0.120522
  14.863281	  -0.117915
  14.873047	  -0.072925
  14.882812	  -0.005532
  14.892578	   0.055163
  14.902344	   0.081589
  14.912109	   0.058053
  14.921875	  -0.012922
  14.931641	  -0.110640
  14.941406	  -0.202744
  14.951172	  -0.256050
  14.960938	  -0.247956
  14.970703	  -0.174489
  14.980469	  -0.052174
  14.990234	   0.086949
  15.000000	   0.205480
  15.009766	   0.272519
  15.019531	   0.273235
  15.029297	   0.212973
  15.039062	   0.114671
  15.048828	   0.010647
  15.058594	  -0.068260
  15.068359	  -0.102411
  15.078125	  -0.088708
  15.087891	  -0.039946
  15.097656	   0.021253
  15.107422	   0.071488
  15.117188	   0.095188
  15.126953	   0.089723
  15.136719	   0.065309
  15.146484	   0.040021
  15.156250	   0.032021
  15.166016	   0.052050
  15.175781	   0.099087
  15.185547	   0.160759
  15.195312	   0.218257
  15.205078	   0.253803
  15.214844	   0.257713
  15.224609	   0.232330
  15.234375	   0.191237
  15.244141	   0.154048
  15.253906	   0.138734
  15.263672	   0.154410
  15.273438	   0.197412
  15.283203	   0.252239
  15.292969	   0.297120
  15.302734	   0.312233
  15.312500	   0.287510
  15.322266	   0.227077
  15.332031	   0.148561
  15.341797	   0.077348
  15.351562	   0.037763
  15.361328	   0.044310
  15.371094	   0.096161
  15.380859	   0.176932
  15.390625	   0.259948
  15.400391	   0.317171
  15.410156	   0.328666
  15.419922	   0.289244
  15.429688	   0.209935
  15.439453	   0.113774
  15.449219	   0.027466
  15.458984	  -0.028080
  15.468750	  -0.044906
  15.478516	  -0.030295
  15.488281	  -0.003421
  15.498047	   0.012360
  15.507812	  -0.001311
  15.517578	  -0.050576
  15.527344	  -0.126815
  15.537109	  -0.209762
  15.546875	  -0.275167
  15.556641	  -0.304189
  15.566406	  -0.291007
  15.576172	  -0.245716
  15.585938	  -0.191290
  15.595703	  -0.155527
  15.605469	  -0.160776
  15.615234	  -0.215140
  15.625000	  -0.308426
  15.634766	  -0.414473
  15.644531	  -0.499309
  15.654297	  -0.532454
  15.664062	  -0.497548
  15.673828	  -0.398643
  15.683594	  -0.259902
  15.693359	  -0.118692
  15.703125	  -0.014290
  15.712891	   0.024088
  15.722656	  -0.013960
  15.732422	  -0.117287
  15.742188	  -0.257235
  15.751953	  -0.396909
  15.761719	  -0.502506
  15.771484	  -0.552932
  15.781250	  -0.544695
  15.791016	  -0.490794
  15.800781	  -0.414440
  15.810547	  -0.340147
  15.820312	  -0.285458
  15.830078	  -0.256158
  15.839844	  -0.246349
  15.849609	  -0.242925
  15.859375	  -0.232381
  15.869141	  -0.207125
  15.878906	  -0.168818
  15.888672	  -0.127505
  15.898438	  -0.096993
  15.908203	  -0.088435
  15.917969	  -0.104739
  15.927734	  -0.138126
  15.937500	  -0.171950
  15.947266	  -0.186201
  15.957031	  -0.164721
  15.966797	  -0.101433
  15.976562	  -0.003186
  15.986328	   0.111932
  15.996094	   0.220329
  16.005859	   0.300679
  16.015625	   0.340971
  16.025391	   0.342287
  16.035156	   0.317950
  16.044922	   0.288366
  16.054688	   0.273412
  16.064453	   0.285147
  16.074219	   0.323461
  16.083984	   0.376220
  16.093750	   0.423808
  16.103516	   0.446386
  16.113281	   0.431193
  16.123047	   0.377256
  16.132812	   0.295814
  16.142578	   0.206368
  16.152344	   0.129852
  16.162109	   0.081458
  16.171875	   0.065737
  16.181641	   0.075693
  16.191406	   0.096130
  16.201172	   0.109873
  16.210938	   0.104476
  16.220703	   0.076848
  16.230469	   0.034089
  16.240234	  -0.009744
  16.250000	  -0.039641
  16.259766	  -0.046034
  16.269531	  -0.029049
  16.279297	   0.001107
  16.289062	   0.027889
  16.298828	   0.034923
  16.308594	   0.012824
  16.318359	  -0.036357
  16.328125	  -0.098892
  16.337891	  -0.153684
  16.347656	  -0.179696
  16.357422	  -0.163903
  16.367188	  -0.106812
  16.376953	  -0.023403
  16.386719	   0.061060
  16.396484	   0.119069
  16.406250	   0.130043
  16.416016	   0.087430
  16.425781	   0.001194
  16.435547	  -0.105268
  16.445312	  -0.202802
  16.455078	  -0.266145
  16.464844	  -0.282206
  16.474609	  -0.254121
  16.484375	  -0.199672
  16.494141	  -0.144661
  16.503906	  -0.113588
  16.513672	  -0.120951
  16.523438	  -0.166219
  16.533203	  -0.234245
  16.542969	  -0.300908
  16.552734	  -0.341952
  16.562500	  -0.341813
  16.572266	  -0.299301
  16.582031	  -0.228084
  16.591797	  -0.151853
  16.601562	  -0.095898
  16.611328	  -0.078142
  16.621094	  -0.102831
  16.630859	  -0.159127
  16.640625	  -0.225075
  16.650391	  -0.275483
  16.660156	  -0.290875
  16.669922	  -0.264304
  16.679688	  -0.203595
  16.689453	  -0.128282
  16.699219	  -0.062378
  16.708984	  -0.025623
  16.718750	  -0.026408
  16.728516	  -0.058893
  16.738281	  -0.105349
  16.748047	  -0.142831
  16.757812	  -0.151735
  16.767578	  -0.123109
  16.777344	  -0.062064
  16.787109	   0.013968
  16.796875	   0.081493
  16.806641	   0.119480
  16.816406	   0.117057
  16.826172	   0.077609
  16.835938	   0.017762
  16.845703	  -0.038391
  16.855469	  -0.067805
  16.865234	  -0.056701
  16.875000	  -0.005587
  16.884766	   0.070701
  16.894531	   0.147963
  16.904297	   0.200872
  16.914062	   0.211625
  16.923828	   0.176025
  16.933594	   0.104958
  16.943359	   0.020821
  16.953125	  -0.049784
  16.962891	  -0.084537
  16.972656	  -0.072210
  16.982422	  -0.015597
  16.992188	   0.070207
  17.001953	   0.163330
  17.011719	   0.242347
  17.021484	   0.292649
  17.031250	   0.309882
  17.041016	   0.299533
  17.050781	   0.273234
  17.060547	   0.243435
  17.070312	   0.218629
  17.080078	   0.200882
  17.089844	   0.186423
  17.099609	   0.168790
  17.109375	   0.143000
  17.119141	   0.108873
  17.128906	   0.072022
  17.138672	   0.042029
  17.148438	   0.028502
  17.158203	   0.036630
  17.167969	   0.064111
  17.177734	   0.100851
  17.187500	   0.131754
  17.197266	   0.141738
  17.207031	   0.121142
  17.216797	   0.069516
  17.226562	  -0.003732
  17.236328	  -0.082180
  17.246094	  -0.147797
  17.255859	  -0.186977
  17.265625	  -0.194999
  17.275391	  -0.177254
  17.285156	  -0.146770
  17.294922	  -0.118940
  17.304688	  -0.105425
  17.314453	  -0.109574
  17.324219	  -0.125138
  17.333984	  -0.138862
  17.343750	  -0.136056
  17.353516	  -0.107085
  17.363281	  -0.052270
  17.373047	   0.016768
  17.382812	   0.080082
  17.392578	   0.115805
  17.402344	   0.107844
  17.412109	   0.052092
  17.421875	  -0.041146
  17.431641	  -0.149575
  17.441406	  -0.245540
  17.451172	  -0.304707
  17.460938	  -0.313862
  17.470703	  -0.275166
  17.480469	  -0.205355
  17.490234	  -0.130147
  17.500000	  -0.075757
  17.509766	  -0.060424
  17.519531	  -0.088828
  17.529297	  -0.151250
  17.539062	  -0.227624
  17.548828	  -0.294953
  17.558594	  -0.335348
  17.568359	  -0.341838
  17.578125	  -0.319921
  17.587891	  -0.284418
  17.597656	  -0.252926
  17.607422	  -0.238393
  17.617188	  -0.243645
  17.626953	  -0.259953
  17.636719	  -0.270235
  17.646484	  -0.255727
  17.656250	  -0.203661
  17.666016	  -0.113071
  17.675781	   0.003537
  17.685547	   0.123411
  17.695312	   0.220676
  17.705078	   0.274925
  17.714844	   0.278239
  17.724609	   0.238143
  17.734375	   0.175377
  17.744141	   0.117188
  17.753906	   0.088416
  17.763672	   0.103432
  17.773438	   0.161651
  17.783203	   0.248133
  17.792969	   0.338941
  17.802734	   0.409332
  17.812500	   0.441880
  17.822266	   0.431724
  17.832031	   0.387240
  17.841797	   0.326076
  17.851562	   0.268153
  17.861328	   0.228285
  17.871094	   0.211117
  17.880859	   0.210172
  17.890625	   0.211231
  17.900391	   0.198676
  17.910156	   0.162318
  17.919922	   0.102106
  17.929688	   0.028894
  17.939453	  -0.039055
  17.949219	  -0.082565
  17.958984	  -0.088644
  17.968750	  -0.055568
  17.978516	   0.005960
  17.988281	   0.076050
  17.998047	   0.132131
  18.007812	   0.156410
  18.017578	   0.141634
  18.027344	   0.093118
  18.037109	   0.026383
  18.046875	  -0.038676
  18.056641	  -0.084921
  18.066406	  -0.103792
  18.076172	  -0.097740
  18.085938	  -0.078470
  18.095703	  -0.061750
  18.105469	  -0.060833
  18.115234	  -0.081015
  18.125000	  -0.117409
  18.134766	  -0.156804
  18.144531	  -0.182897
  18.154297	  -0.182920
  18.164062	  -0.153106
  18.173828	  -0.100857
  18.183594	  -0.042684
  18.193359	   0.001442
  18.203125	   0.015303
  18.212891	  -0.007419
  18.222656	  -0.060388
  18.232422	  -0.126355
  18.242188	  -0.182886
  18.251953	  -0.210098
  18.261719	  -0.197644
  18.271484	  -0.148441
  18.281250	  -0.077746
  18.291016	  -0.007869
  18.300781	   0.039632
  18.310547	   0.051497
  18.320312	   0.027365
  18.330078	  -0.020237
  18.339844	  -0.070510
  18.349609	  -0.101958
  18.359375	  -0.100200
  18.369141	  -0.063224
  18.378906	  -0.002171
  18.388672	   0.062616
  18.398438	   0.108879
  18.408203	   0.120448
  18.417969	   0.093083
  18.427734	   0.036059
  18.437500	  -0.031065
  18.447266	  -0.085354
  18.457031	  -0.108590
  18.466797	  -0.093674
  18.476562	  -0.047053
  18.486328	   0.013661
  18.496094	   0.066008
  18.505859	   0.090647
  18.515625	   0.078129
  18.525391	   0.032065
  18.535156	  -0.032371
  18.544922	  -0.094028
  18.554688	  -0.133389
  18.564453	  -0.139448
  18.574219	  -0.113404
  18.583984	  -0.067909
  18.593750	  -0.022197
  18.603516	   0.005047
  18.613281	   0.002492
  18.623047	  -0.029850
  18.632812	  -0.080829
  18.642578	  -0.132412
  18.652344	  -0.166369
  18.662109	  -0.170906
  18.671875	  -0.144812
  18.681641	  -0.097648
  18.691406	  -0.045977
  18.701172	  -0.007087
  18.710938	   0.007418
  18.720703	  -0.004211
  18.730469	  -0.033470
  18.740234	  -0.065067
  18.750000	  -0.082918
  18.759766	  -0.076388
  18.769531	  -0.044421
  18.779297	   0.004001
  18.789062	   0.053229
  18.798828	   0.086885
  18.808594	   0.094106
  18.818359	   0.073723
  18.828125	   0.034767
  18.837891	  -0.006932
  18.847656	  -0.034811
  18.857422	  -0.038025
  18.867188	  -0.015827
  18.876953	   0.021841
  18.886719	   0.057876
  18.896484	   0.074458
  18.906250	   0.060053
  18.916016	   0.014386
  18.925781	  -0.050561
  18.935547	  -0.114041
  18.945312	  -0.153408
  18.955078	  -0.151996
  18.964844	  -0.105224
  18.974609	  -0.022696
  18.984375	   0.074523
  18.994141	   0.160587
  19.003906	   0.213247
  19.013672	   0.221025
  19.023438	   0.186733
  19.033203	   0.126128
  19.042969	   0.062241
  19.052734	   0.017392
  19.062500	   0.005723
  19.072266	   0.028830
  19.082031	   0.075952
  19.091797	   0.128523
  19.101562	   0.167328
  19.111328	   0.179625
  19.121094	   0.163626
  19.130859	   0.128752
  19.140625	   0.091660
  19.150391	   0.069569
  19.160156	   0.073416
  19.169922	   0.103429
  19.179688	   0.148775
  19.189453	   0.191463
  19.199219	   0.213070
  19.208984	   0.201815
  19.218750	   0.157360
  19.228516	   0.091504
  19.238281	   0.024432
  19.248047	  -0.022203
  19.257812	  -0.032929
  19.267578	  -0.004110
  19.277344	   0.054441
  19.287109	   0.122497
  19.296875	   0.176074
  19.306641	   0.195405
  19.316406	   0.171466
  19.326172	   0.108831
  19.335938	   0.023921
  19.345703	  -0.060648
  19.355469	  -0.123584
  19.365234	  -0.151654
  19.375000	  -0.143367
  19.384766	  -0.108447
  19.394531	  -0.063512
  19.404297	  -0.025679
  19.414062	  -0.006509
  19.423828	  -0.008482
  19.433594	  -0.025149
  19.443359	  -0.044720
  19.453125	  -0.055539
  19.462891	  -0.051227
  19.472656	  -0.033465
  19.482422	  -0.011320
  19.492188	   0.002601
  19.501953	  -0.002372
  19.511719	  -0.030027
  19.521484	  -0.074897
  19.531250	  -0.123496
  19.541016	  -0.158845
  19.550781	  -0.166676
  19.560547	  -0.141023
  19.570312	  -0.087042
  19.580078	  -0.019896
  19.589844	   0.040038
  19.599609	   0.074022
  19.609375	   0.071436
  19.619141	   0.033553
  19.628906	  -0.026788
  19.638672	  -0.089553
  19.648438	  -0.134395
  19.658203	  -0.147600
  19.667969	  -0.126620
  19.677734	  -0.080575
  19.687500	  -0.026557
  19.697266	   0.016879
  19.707031	   0.036654
  19.716797	   0.029973
  19.726562	   0.005208
  19.736328	  -0.021459
  19.746094	  -0.032433
  19.755859	  -0.015752
  19.765625	   0.029842
  19.775391	   0.093751
  19.785156	   0.156825
  19.794922	   0.198015
  19.804688	   0.201999
  19.814453	   0.165055
  19.824219	   0.096959
  19.833984	   0.018159
  19.843750	  -0.046903
  19.853516	  -0.078004
  19.863281	  -0.066038
  19.873047	  -0.016145
  19.882812	   0.054030
  19.892578	   0.120378
  19.902344	   0.160542
  19.912109	   0.161439
  19.921875	   0.123490
  19.931641	   0.060095
  19.941406	  -0.007380
  19.951172	  -0.057283
  19.960938	  -0.075255
  19.970703	  -0.059027
  19.980469	  -0.018778
  19.990234	   0.027004
  20.000000	   0.058588
  20.009766	   0.062388
  20.019531	   0.035997
  20.029297	  -0.010967
  20.039062	  -0.060456
  20.048828	  -0.092725
  20.058594	  -0.093720
  20.068359	  -0.060430
  20.078125	  -0.002274
  20.087891	   0.061996
  20.097656	   0.110770
  20.107422	   0.127102
  20.117188	   0.104611
  20.126953	   0.049672
  20.136719	  -0.020841
  20.146484	  -0.085402
  20.156250	  -0.125179
  20.166016	  -0.130244
  20.175781	  -0.102520
  20.185547	  -0.054503
  20.195312	  -0.004376
  20.205078	   0.030640
  20.214844	   0.040228
  20.224609	   0.024087
  20.234375	  -0.008786
  20.244141	  -0.044248
  20.253906	  -0.068899
  20.263672	  -0.075406
  20.273438	  -0.065238
  20.283203	  -0.047790
  20.292969	  -0.036288
  20.302734	  -0.042079
  20.312500	  -0.069577
  20.322266	  -0.113853
  20.332031	  -0.161899
  20.341797	  -0.197175
  20.351562	  -0.205783
  20.361328	  -0.181959
  20.371094	  -0.130772
  20.380859	  -0.066901
  20.390625	  -0.009830
  20.400391	   0.022902
  20.410156	   0.021949
  20.419922	  -0.010365
  20.429688	  -0.060678
  20.439453	  -0.109184
  20.449219	  -0.136597
  20.458984	  -0.131031
  20.468750	  -0.092302
  20.478516	  -0.032116
  20.488281	   0.030002
  20.498047	   0.073580
  20.507812	   0.084466
  20.517578	   0.059880
  20.527344	   0.009447
  20.537109	  -0.048165
  20.546875	  -0.091818
  20.556641	  -0.105346
  20.566406	  -0.083223
  20.576172	  -0.032463
  20.585938	   0.029932
  20.595703	   0.083015
  20.605469	   0.109284
  20.615234	   0.100778
  20.625000	   0.061747
  20.634766	   0.006981
  20.644531	  -0.043521
  20.654297	  -0.071611
  20.664062	  -0.067218
  20.673828	  -0.031559
  20.683594	   0.023753
  20.693359	   0.081259
  20.703125	   0.124146
  20.712891	   0.142242
  20.722656	   0.135345
  20.732422	   0.112714
  20.742188	   0.089005
  20.751953	   0.078237
  20.761719	   0.088108
  20.771484	   0.116813
  20.781250	   0.153603
  20.791016	   0.182864
  20.800781	   0.190222
  20.810547	   0.168357
  20.820312	   0.120332
  20.830078	   0.059101
  20.839844	   0.003310
  20.849609	  -0.029180
  20.859375	  -0.027704
  20.869141	   0.007185
  20.878906	   0.063558
  20.888672	   0.121963
  20.898438	   0.161927
  20.908203	   0.168848
  20.917969	   0.138851
  20.927734	   0.079907
  20.937500	   0.008867
  20.947266	  -0.054492
  20.957031	  -0.094261
  20.966797	  -0.103618
  20.976562	  -0.086654
  20.986328	  -0.056240
  20.996094	  -0.028829
  21.005859	  -0.018139
  21.015625	  -0.030085
  21.025391	  -0.060787
  21.035156	  -0.098341
  21.044922	  -0.127619
  21.054688	  -0.136275
  21.064453	  -0.119653
  21.074219	  -0.082772
  21.083984	  -0.038614
  21.093750	  -0.003364
  21.103516	   0.009636
  21.113281	  -0.005052
  21.123047	  -0.042767
  21.132812	  -0.090286
  21.142578	  -0.130519
  21.152344	  -0.148667
  21.162109	  -0.137555
  21.171875	  -0.100183
  21.181641	  -0.048529
  21.191406	   0.000938
  21.201172	   0.033387
  21.210938	   0.041107
  21.220703	   0.026292
  21.230469	   0.000073
  21.240234	  -0.021874
  21.250000	  -0.025510
  21.259766	  -0.004106
  21.269531	   0.038771
  21.279297	   0.090137
  21.289062	   0.132116
  21.298828	   0.148529
  21.308594	   0.131140
  21.318359	   0.083238
  21.328125	   0.019152
  21.337891	  -0.040278
  21.347656	  -0.074751
  21.357422	  -0.071627
  21.367188	  -0.030600
  21.376953	   0.035799
  21.386719	   0.106126
  21.396484	   0.157079
  21.406250	   0.171272
  21.416016	   0.143068
  21.425781	   0.080449
  21.435547	   0.002305
  21.445312	  -0.067913
  21.455078	  -0.109956
  21.464844	  -0.113299
  21.474609	  -0.080218
  21.484375	  -0.024453
  21.494141	   0.033938
  21.503906	   0.075651
  21.513672	   0.088606
  21.523438	   0.071590
  21.533203	   0.033908
  21.542969	  -0.008665
  21.552734	  -0.040024
  21.562500	  -0.049672
  21.572266	  -0.036302
  21.582031	  -0.007797
  21.591797	   0.022214
  21.601562	   0.039863
  21.611328	   0.036484
  21.621094	   0.011935
  21.630859	  -0.025398
  21.640625	  -0.061885
  21.650391	  -0.083913
  21.660156	  -0.083125
  21.669922	  -0.059634
  21.679688	  -0.021999
  21.689453	   0.016014
  21.699219	   0.040659
  21.708984	   0.043444
  21.718750	   0.024376
  21.728516	  -0.008015
  21.738281	  -0.039910
  21.748047	  -0.057496
  21.757812	  -0.052324
  21.767578	  -0.024718
  21.777344	   0.016102
  21.787109	   0.055264
  21.796875	   0.077705
  21.806641	   0.073833
  21.816406	   0.043296
  21.826172	  -0.004603
  21.835938	  -0.054024
  21.845703	  -0.088191
  21.855469	  -0.095417
  21.865234	  -0.073382
  21.875000	  -0.030072
  21.884766	   0.019014
  21.894531	   0.056384
  21.904297	   0.068838
  21.914062	   0.052240
  21.923828	   0.013031
  21.933594	  -0.034066
  21.943359	  -0.071335
  21.953125	  -0.084440
  21.962891	  -0.067575
  21.972656	  -0.025532
  21.982422	   0.028050
  21.992188	   0.075609
  22.001953	   0.101956
  22.011719	   0.099636
  22.021484	   0.071420
  22.031250	   0.029028
  22.041016	  -0.011405
  22.050781	  -0.035436
  22.060547	  -0.035699
  22.070312	  -0.014570
  22.080078	   0.016892
  22.089844	   0.043353
  22.099609	   0.051316
  22.109375	   0.034636
  22.119141	  -0.002645
  22.128906	  -0.047312
  22.138672	  -0.081537
  22.148438	  -0.089415
  22.158203	  -0.063105
  22.167969	  -0.006297
  22.177734	   0.066333
  22.187500	   0.133626
  22.197266	   0.174895
  22.207031	   0.176938
  22.216797	   0.138641
  22.226562	   0.071547
  22.236328	  -0.003867
  22.246094	  -0.064937
  22.255859	  -0.094259
  22.265625	  -0.085285
  22.275391	  -0.044172
  22.285156	   0.012703
  22.294922	   0.064626
  22.304688	   0.093719
  22.314453	   0.090899
  22.324219	   0.058587
  22.333984	   0.009315
  22.343750	  -0.039136
  22.353516	  -0.070257
  22.363281	  -0.074609
  22.373047	  -0.052863
  22.382812	  -0.015088
  22.392578	   0.023327
  22.402344	   0.047531
  22.412109	   0.048651
  22.421875	   0.026841
  22.431641	  -0.009118
  22.441406	  -0.045411
  22.451172	  -0.068549
  22.460938	  -0.070455
  22.470703	  -0.051359
  22.480469	  -0.019456
  22.490234	   0.012478
  22.500000	   0.032195
  22.509766	   0.032810
  22.519531	   0.015515
  22.529297	  -0.010872
  22.539062	  -0.033377
  22.548828	  -0.040015
  22.558594	  -0.024674
  22.568359	   0.010179
  22.578125	   0.054037
  22.587891	   0.092010
  22.597656	   0.110286
  22.607422	   0.101379
  22.617188	   0.067177
  22.626953	   0.018612
  22.636719	  -0.028018
  22.646484	  -0.056791
  22.656250	  -0.057886
  22.666016	  -0.031217
  22.675781	   0.013404
  22.685547	   0.059677
  22.695312	   0.090597
  22.705078	   0.094560
  22.714844	   0.069564
  22.724609	   0.023996
  22.734375	  -0.026317
  22.744141	  -0.063726
  22.753906	  -0.075045
  22.763672	  -0.056225
  22.773438	  -0.013739
  22.783203	   0.037813
  22.792969	   0.081005
  22.802734	   0.101850
  22.812500	   0.094761
  22.822266	   0.064385
  22.832031	   0.023680
  22.841797	  -0.011066
  22.851562	  -0.026410
  22.861328	  -0.016860
  22.871094	   0.013008
  22.880859	   0.050202
  22.890625	   0.078169
  22.900391	   0.083067
  22.910156	   0.059155
  22.919922	   0.011293
  22.929688	  -0.046432
  22.939453	  -0.095497
  22.949219	  -0.119494
  22.958984	  -0.110069
  22.968750	  -0.070116
  22.978516	  -0.013046
  22.988281	   0.041664
  22.998047	   0.075082
  23.007812	   0.075276
  23.017578	   0.041339
  23.027344	  -0.016415
  23.037109	  -0.080123
  23.046875	  -0.130586
  23.056641	  -0.153810
  23.066406	  -0.145558
  23.076172	  -0.112363
  23.085938	  -0.068726
  23.095703	  -0.031578
  23.105469	  -0.014088
  23.115234	  -0.021044
  23.125000	  -0.047460
  23.134766	  -0.080834
  23.144531	  -0.106154
  23.154297	  -0.111730
  23.164062	  -0.093683
  23.173828	  -0.057421
  23.183594	  -0.015579
  23.193359	   0.016783
  23.203125	   0.027910
  23.212891	   0.013866
  23.222656	  -0.019869
  23.232422	  -0.060317
  23.242188	  -0.091753
  23.251953	  -0.101503
  23.261719	  -0.084672
  23.271484	  -0.046023
  23.281250	   0.001701
  23.291016	   0.042398
  23.300781	   0.062488
  23.310547	   0.055892
  23.320312	   0.026259
  23.330078	  -0.014375
  23.339844	  -0.050015
  23.349609	  -0.066603
  23.359375	  -0.057199
  23.369141	  -0.024549
  23.378906	   0.019927
  23.388672	   0.060360
  23.398438	   0.082326
  23.408203	   0.078224
  23.417969	   0.050164
  23.427734	   0.009267
  23.437500	  -0.028385
  23.447266	  -0.047672
  23.457031	  -0.040079
  23.466797	  -0.006960
  23.476562	   0.040792
  23.486328	   0.086577
  23.496094	   0.114047
  23.505859	   0.113037
  23.515625	   0.083283
  23.525391	   0.034575
  23.535156	  -0.016752
  23.544922	  -0.053703
  23.554688	  -0.064770
  23.564453	  -0.048084
  23.574219	  -0.012055
  23.583984	   0.027745
  23.593750	   0.054340
  23.603516	   0.055631
  23.613281	   0.028930
  23.623047	  -0.017955
  23.632812	  -0.069476
  23.642578	  -0.107988
  23.652344	  -0.120208
  23.662109	  -0.102160
  23.671875	  -0.060763
  23.681641	  -0.011476
  23.691406	   0.027205
  23.701172	   0.040415
  23.710938	   0.022353
  23.720703	  -0.021496
  23.730469	  -0.076171
  23.740234	  -0.122458
  23.750000	  -0.143667
  23.759766	  -0.131549
  23.769531	  -0.089231
  23.779297	  -0.030129
  23.789062	   0.026779
  23.798828	   0.063629
  23.808594	   0.069908
  23.818359	   0.046039
  23.828125	   0.003077
  23.837891	  -0.041368
  23.847656	  -0.069462
  23.857422	  -0.069465
  23.867188	  -0.039780
  23.876953	   0.010679
  23.886719	   0.065873
  23.896484	   0.108499
  23.906250	   0.126178
  23.916016	   0.115723
  23.925781	   0.084001
  23.935547	   0.045114
  23.945312	   0.015022
  23.955078	   0.005595
  23.964844	   0.020311
  23.974609	   0.053135
  23.984375	   0.090968
  23.994141	   0.118701
  24.003906	   0.124972
  24.013672	   0.106477
  24.023438	   0.069238
  24.033203	   0.026370
  24.042969	  -0.006814
  24.052734	  -0.018513
  24.062500	  -0.004854
  24.072266	   0.028658
  24.082031	   0.069181
  24.091797	   0.101315
  24.101562	   0.112851
  24.111328	   0.099338
  24.121094	   0.065770
  24.130859	   0.024742
  24.140625	  -0.008247
  24.150391	  -0.020622
  24.160156	  -0.007507
  24.169922	   0.026314
  24.179688	   0.068041
  24.189453	   0.101508
  24.199219	   0.113156
  24.208984	   0.097137
  24.218750	   0.057630
  24.228516	   0.007500
  24.238281	  -0.036271
  24.248047	  -0.058733
  24.257812	  -0.052462
  24.267578	  -0.020377
  24.277344	   0.025174
  24.287109	   0.066773
  24.296875	   0.088180
  24.306641	   0.080216
  24.316406	   0.044154
  24.326172	  -0.008649
  24.335938	  -0.060742
  24.345703	  -0.094797
  24.355469	  -0.099791
  24.365234	  -0.074949
  24.375000	  -0.030001
  24.384766	   0.018335
  24.394531	   0.052371
  24.404297	   0.059798
  24.414062	   0.038078
  24.423828	  -0.004720
  24.433594	  -0.052913
  24.443359	  -0.088953
  24.453125	  -0.099823
  24.462891	  -0.081772
  24.472656	  -0.041656
  24.482422	   0.005582
  24.492188	   0.042381
  24.501953	   0.054986
  24.511719	   0.038484
  24.521484	  -0.001378
  24.531250	  -0.050254
  24.541016	  -0.090391
  24.550781	  -0.107073
  24.560547	  -0.093968
  24.570312	  -0.055443
  24.580078	  -0.005013
  24.589844	   0.039531
  24.599609	   0.062531
  24.609375	   0.056105
  24.619141	   0.022975
  24.628906	  -0.024523
  24.638672	  -0.068890
  24.648438	  -0.093750
  24.658203	  -0.089715
  24.667969	  -0.057704
  24.677734	  -0.008549
  24.687500	   0.040933
  24.697266	   0.073982
  24.707031	   0.079842
  24.716797	   0.057480
  24.726562	   0.015776
  24.736328	  -0.029840
  24.746094	  -0.063035
  24.755859	  -0.072423
  24.765625	  -0.055502
  24.775391	  -0.019277
  24.785156	   0.022585
  24.794922	   0.054973
  24.804688	   0.066943
  24.814453	   0.055667
  24.824219	   0.027252
  24.833984	  -0.005800
  24.843750	  -0.029507
  24.853516	  -0.033827
  24.863281	  -0.016520
  24.873047	   0.015991
  24.882812	   0.051093
  24.892578	   0.074847
  24.902344	   0.077404
  24.912109	   0.056920
  24.921875	   0.020454
  24.931641	  -0.018522
  24.941406	  -0.045119
  24.951172	  -0.048680
  24.960938	  -0.026965
  24.970703	   0.012730
  24.980469	   0.056003
  24.990234	   0.086496
  25.000000	   0.091905
  25.009766	   0.068637
  25.019531	   0.023371
  25.029297	  -0.029117
  25.039062	  -0.071148
  25.048828	  -0.088493
  25.058594	  -0.075600
  25.068359	  -0.037769
  25.078125	   0.010569
  25.087891	   0.050901
  25.097656	   0.067233
  25.107422	   0.051889
  25.117188	   0.008404
  25.126953	  -0.049554
  25.136719	  -0.102880
  25.146484	  -0.133710
  25.156250	  -0.131695
  25.166016	  -0.097653
  25.175781	  -0.043285
  25.185547	   0.012942
  25.195312	   0.052286
  25.205078	   0.062269
  25.214844	   0.040966
  25.224609	  -0.002486
  25.234375	  -0.051296
  25.244141	  -0.087095
  25.253906	  -0.096492
  25.263672	  -0.075771
  25.273438	  -0.032046
  25.283203	   0.019467
  25.292969	   0.061054
  25.302734	   0.078921
  25.312500	   0.068107
  25.322266	   0.034133
  25.332031	  -0.009158
  25.341797	  -0.044756
  25.351562	  -0.058715
  25.361328	  -0.045189
  25.371094	  -0.008463
  25.380859	   0.038736
  25.390625	   0.079977
  25.400391	   0.101160
  25.410156	   0.095616
  25.419922	   0.066429
  25.429688	   0.025154
  25.439453	  -0.012559
  25.449219	  -0.032786
  25.458984	  -0.028453
  25.468750	  -0.001851
  25.478516	   0.036339
  25.488281	   0.071148
  25.498047	   0.088996
  25.507812	   0.082839
  25.517578	   0.054860
  25.527344	   0.015711
  25.537109	  -0.019418
  25.546875	  -0.036446
  25.556641	  -0.027682
  25.566406	   0.005216
  25.576172	   0.051724
  25.585938	   0.096182
  25.595703	   0.123442
  25.605469	   0.124339
  25.615234	   0.099000
  25.625000	   0.056766
  25.634766	   0.012772
  25.644531	  -0.017568
  25.654297	  -0.024132
  25.664062	  -0.005683
  25.673828	   0.029814
  25.683594	   0.068266
  25.693359	   0.094728
  25.703125	   0.098947
  25.712891	   0.079084
  25.722656	   0.042254
  25.732422	   0.001695
  25.742188	  -0.028363
  25.751953	  -0.038190
  25.761719	  -0.026320
  25.771484	  -0.000151
  25.781250	   0.026889
  25.791016	   0.040571
  25.800781	   0.031532
  25.810547	  -0.000767
  25.820312	  -0.047344
  25.830078	  -0.092634
  25.839844	  -0.120045
  25.849609	  -0.118154
  25.859375	  -0.085236
  25.869141	  -0.030417
  25.878906	   0.029101
  25.888672	   0.073820
  25.898438	   0.088733
  25.908203	   0.068671
  25.917969	   0.020257
  25.927734	  -0.040306
  25.937500	  -0.092893
  25.947266	  -0.120586
  25.957031	  -0.115747
  25.966797	  -0.082826
  25.976562	  -0.036874
  25.986328	   0.001797
  25.996094	   0.014927
  26.005859	  -0.006976
  26.015625	  -0.060917
  26.025391	  -0.132063
  26.035156	  -0.198583
  26.044922	  -0.239014
  26.054688	  -0.239619
  26.064453	  -0.199132
  26.074219	  -0.129256
  26.083984	  -0.050719
  26.093750	   0.013741
  26.103516	   0.047019
  26.113281	   0.043262
  26.123047	   0.009559
  26.132812	  -0.036863
  26.142578	  -0.074872
  26.152344	  -0.086909
  26.162109	  -0.065067
  26.171875	  -0.013700
  26.181641	   0.052299
  26.191406	   0.112849
  26.201172	   0.149745
  26.210938	   0.152924
  26.220703	   0.123780
  26.230469	   0.074446
  26.240234	   0.023398
  26.250000	  -0.010983
  26.259766	  -0.016604
  26.269531	   0.008531
  26.279297	   0.056115
  26.289062	   0.110843
  26.298828	   0.155910
  26.308594	   0.178658
  26.318359	   0.174376
  26.328125	   0.147028
  26.337891	   0.106824
  26.347656	   0.065750
  26.357422	   0.032837
  26.367188	   0.010976
  26.376953	  -0.003567
  26.386719	  -0.018895
  26.396484	  -0.043453
  26.406250	  -0.081912
  26.416016	  -0.132640
  26.425781	  -0.187776
  26.435547	  -0.235930
  26.445312	  -0.266477
  26.455078	  -0.273789
  26.464844	  -0.259735
  26.474609	  -0.233430
  26.484375	  -0.208245
  26.494141	  -0.197123
  26.503906	  -0.207900
  26.513672	  -0.240377
  26.523438	  -0.286220
  26.533203	  -0.331775
  26.542969	  -0.362790
  26.552734	  -0.369344
  26.562500	  -0.349230
  26.572266	  -0.308581
  26.582031	  -0.259598
  26.591797	  -0.216244
  26.601562	  -0.189540
  26.611328	  -0.184181
  26.621094	  -0.197651
  26.630859	  -0.222046
  26.640625	  -0.247775
  26.650391	  -0.267568
  26.660156	  -0.279177
  26.669922	  -0.285655
  26.679688	  -0.293108
  26.689453	  -0.306879
  26.699219	  -0.327769
  26.708984	  -0.350020
  26.718750	  -0.362102
  26.728516	  -0.350300
  26.738281	  -0.303941
  26.748047	  -0.220348
  26.757812	  -0.107519
  26.767578	   0.016725
  26.777344	   0.129230
  26.787109	   0.208329
  26.796875	   0.240821
  26.806641	   0.226666
  26.816406	   0.179667
  26.826172	   0.123681
  26.835938	   0.085454
  26.845703	   0.086324
  26.855469	   0.135542
  26.865234	   0.227408
  26.875000	   0.343201
  26.884766	   0.457258
  26.894531	   0.545149
  26.904297	   0.591208
  26.914062	   0.592902
  26.923828	   0.560661
  26.933594	   0.513340
  26.943359	   0.471018
  26.953125	   0.447713
  26.962891	   0.446606
  26.972656	   0.459386
  26.982422	   0.469902
  26.992188	   0.460705
  27.001953	   0.420087
  27.011719	   0.347041
  27.021484	   0.252334
  27.031250	   0.155298
  27.041016	   0.077455
  27.050781	   0.035260
  27.060547	   0.034513
  27.070312	   0.068416
  27.080078	   0.119931
  27.089844	   0.167592
  27.099609	   0.192686
  27.109375	   0.185299
  27.119141	   0.147138
  27.128906	   0.090231
  27.138672	   0.032092
  27.148438	  -0.010839
  27.158203	  -0.029074
  27.167969	  -0.023180
  27.177734	  -0.003067
  27.187500	   0.016182
  27.197266	   0.020320
  27.207031	   0.001527
  27.216797	  -0.038495
  27.226562	  -0.089040
  27.236328	  -0.134323
  27.246094	  -0.159331
  27.255859	  -0.155440
  27.265625	  -0.123735
  27.275391	  -0.074810
  27.285156	  -0.025134
  27.294922	   0.008681
  27.304688	   0.015620
  27.314453	  -0.006045
  27.324219	  -0.048430
  27.333984	  -0.097133
  27.343750	  -0.136566
  27.353516	  -0.155540
  27.363281	  -0.151062
  27.373047	  -0.129001
  27.382812	  -0.101431
  27.392578	  -0.081734
  27.402344	  -0.079323
  27.412109	  -0.095989
  27.421875	  -0.125235
  27.431641	  -0.154814
  27.441406	  -0.171493
  27.451172	  -0.166210
  27.460938	  -0.137650
  27.470703	  -0.092861
  27.480469	  -0.044647
  27.490234	  -0.006727
  27.500000	   0.011544
  27.509766	   0.008831
  27.519531	  -0.007556
  27.529297	  -0.024386
  27.539062	  -0.027634
  27.548828	  -0.008102
  27.558594	   0.034568
  27.568359	   0.091086
  27.578125	   0.145326
  27.587891	   0.179848
  27.597656	   0.182204
  27.607422	   0.149730
  27.617188	   0.091054
  27.626953	   0.023653
  27.636719	  -0.031763
  27.646484	  -0.058148
  27.656250	  -0.047873
  27.666016	  -0.005341
  27.675781	   0.054510
  27.685547	   0.111288
  27.695312	   0.146070
  27.705078	   0.147740
  27.714844	   0.116577
  27.724609	   0.063853
  27.734375	   0.007659
  27.744141	  -0.033523
  27.753906	  -0.047209
  27.763672	  -0.031008
  27.773438	   0.006954
  27.783203	   0.051351
  27.792969	   0.085429
  27.802734	   0.097102
  27.812500	   0.083167
  27.822266	   0.050152
  27.832031	   0.011585
  27.841797	  -0.017257
  27.851562	  -0.025106
  27.861328	  -0.008857
  27.871094	   0.025404
  27.880859	   0.064833
  27.890625	   0.094751
  27.900391	   0.104191
  27.910156	   0.089976
  27.919922	   0.057806
  27.929688	   0.019958
  27.939453	  -0.009514
  27.949219	  -0.020254
  27.958984	  -0.009682
  27.968750	   0.015910
  27.978516	   0.043670
  27.988281	   0.059085
  27.998047	   0.051641
  28.007812	   0.019110
  28.017578	  -0.031197
  28.027344	  -0.084742
  28.037109	  -0.124883
  28.046875	  -0.138958
  28.056641	  -0.123108
  28.066406	  -0.084032
  28.076172	  -0.036955
  28.085938	  -0.000466
  28.095703	   0.009983
  28.105469	  -0.012407
  28.115234	  -0.063221
  28.125000	  -0.128187
  28.134766	  -0.187977
  28.144531	  -0.224777
  28.154297	  -0.228292
  28.164062	  -0.199074
  28.173828	  -0.147995
  28.183594	  -0.092100
  28.193359	  -0.048351
  28.203125	  -0.027546
  28.212891	  -0.030597
  28.222656	  -0.048510
  28.232422	  -0.066039
  28.242188	  -0.067680
  28.251953	  -0.043783
  28.261719	   0.005451
  28.271484	   0.069568
  28.281250	   0.131232
  28.291016	   0.172175
  28.300781	   0.179615
  28.310547	   0.150821
  28.320312	   0.094228
  28.330078	   0.026675
  28.339844	  -0.032226
  28.349609	  -0.066602
  28.359375	  -0.069419
  28.369141	  -0.044424
  28.378906	  -0.004315
  28.388672	   0.034102
  28.398438	   0.055958
  28.408203	   0.053384
  28.417969	   0.027805
  28.427734	  -0.011257
  28.437500	  -0.050291
  28.447266	  -0.077193
  28.457031	  -0.085858
  28.466797	  -0.078266
  28.476562	  -0.063288
  28.486328	  -0.052747
  28.496094	  -0.056274
  28.505859	  -0.076993
  28.515625	  -0.109748
  28.525391	  -0.142608
  28.535156	  -0.161179
  28.544922	  -0.154115
  28.554688	  -0.117783
  28.564453	  -0.058272
  28.574219	   0.010102
  28.583984	   0.069342
  28.593750	   0.103811
  28.603516	   0.105590
  28.613281	   0.077234
  28.623047	   0.030884
  28.632812	  -0.015968
  28.642578	  -0.046574
  28.652344	  -0.050706
  28.662109	  -0.028065
  28.671875	   0.011894
  28.681641	   0.053623
  28.691406	   0.081273
  28.701172	   0.084503
  28.710938	   0.062193
  28.720703	   0.022729
  28.730469	  -0.019209
  28.740234	  -0.048151
  28.750000	  -0.053574
  28.759766	  -0.033750
  28.769531	   0.003704
  28.779297	   0.044773
  28.789062	   0.074374
  28.798828	   0.082063
  28.808594	   0.065986
  28.818359	   0.033580
  28.828125	  -0.001257
  28.837891	  -0.023488
  28.847656	  -0.022750
  28.857422	   0.002533
  28.867188	   0.044324
  28.876953	   0.087807
  28.886719	   0.116898
  28.896484	   0.120399
  28.906250	   0.096501
  28.916016	   0.053893
  28.925781	   0.008950
  28.935547	  -0.020065
  28.945312	  -0.019755
  28.955078	   0.013188
  28.964844	   0.070228
  28.974609	   0.133465
  28.984375	   0.181587
  28.994141	   0.197244
  29.003906	   0.173252
  29.013672	   0.115404
  29.023438	   0.040802
  29.033203	  -0.027773
  29.042969	  -0.069552
  29.052734	  -0.072860
  29.062500	  -0.039130
  29.072266	   0.017584
  29.082031	   0.075429
  29.091797	   0.112246
  29.101562	   0.113157
  29.111328	   0.075590
  29.121094	   0.010056
  29.130859	  -0.063574
  29.140625	  -0.122942
  29.150391	  -0.150808
  29.160156	  -0.140757
  29.169922	  -0.099055
  29.179688	  -0.042114
  29.189453	   0.009473
  29.199219	   0.038137
  29.208984	   0.035260
  29.218750	   0.003774
  29.228516	  -0.043379
  29.238281	  -0.088231
  29.248047	  -0.114362
  29.257812	  -0.112668
  29.267578	  -0.084299
  29.277344	  -0.039827
  29.287109	   0.004917
  29.296875	   0.034720
  29.306641	   0.040369
  29.316406	   0.021605
  29.326172	  -0.013347
  29.335938	  -0.051361
  29.345703	  -0.079665
  29.355469	  -0.090714
  29.365234	  -0.084869
  29.375000	  -0.069878
  29.384766	  -0.057450
  29.394531	  -0.058281
  29.404297	  -0.077486
  29.414062	  -0.112237
  29.423828	  -0.152542
  29.433594	  -0.184907
  29.443359	  -0.197507
  29.453125	  -0.184904
  29.462891	  -0.150487
  29.472656	  -0.105639
  29.482422	  -0.065875
  29.492188	  -0.045309
  29.501953	  -0.051475
  29.511719	  -0.082417
  29.521484	  -0.127166
  29.531250	  -0.169457
  29.541016	  -0.193399
  29.550781	  -0.189038
  29.560547	  -0.155824
  29.570312	  -0.102722
  29.580078	  -0.044947
  29.589844	   0.001477
  29.599609	   0.025333
  29.609375	   0.023974
  29.619141	   0.003869
  29.628906	  -0.022198
  29.638672	  -0.040196
  29.648438	  -0.040247
  29.658203	  -0.020322
  29.667969	   0.013163
  29.677734	   0.048055
  29.687500	   0.071434
  29.697266	   0.074916
  29.707031	   0.058234
  29.716797	   0.029644
  29.726562	   0.002930
  29.736328	  -0.007944
  29.746094	   0.005481
  29.755859	   0.042324
  29.765625	   0.091960
  29.775391	   0.137382
  29.785156	   0.161245
  29.794922	   0.152485
  29.804688	   0.111063
  29.814453	   0.049002
  29.824219	  -0.012873
  29.833984	  -0.051529
  29.843750	  -0.049472
  29.853516	  -0.000986
  29.863281	   0.085367
  29.873047	   0.188950
  29.882812	   0.283311
  29.892578	   0.344466
  29.902344	   0.358436
  29.912109	   0.325498
  29.921875	   0.259763
  29.931641	   0.184249
  29.941406	   0.123180
  29.951172	   0.094145
  29.960938	   0.102749
  29.970703	   0.141505
  29.980469	   0.193165
  29.990234	   0.237199
  30.000000	   0.257055
  30.009766	   0.245622
  30.019531	   0.207076
  30.029297	   0.154593
  30.039062	   0.104932
  30.048828	   0.071974
  30.058594	   0.061618
  30.068359	   0.069883
  30.078125	   0.084824
  30.087891	   0.091461
  30.097656	   0.077820
  30.107422	   0.039798
  30.117188	  -0.016972
  30.126953	  -0.078950
  30.136719	  -0.129511
  30.146484	  -0.154974
  30.156250	  -0.149604
  30.166016	  -0.117734
  30.175781	  -0.072234
  30.185547	  -0.029899
  30.195312	  -0.005453
  30.205078	  -0.006373
  30.214844	  -0.030409
  30.224609	  -0.066699
  30.234375	  -0.100010
  30.244141	  -0.116531
  30.253906	  -0.109056
  30.263672	  -0.079642
  30.273438	  -0.038789
  30.283203	  -0.001446
  30.292969	   0.018629
  30.302734	   0.014070
  30.312500	  -0.013280
  30.322266	  -0.052982
  30.332031	  -0.089813
  30.341797	  -0.109363
  30.351562	  -0.103334
  30.361328	  -0.072595
  30.371094	  -0.026847
  30.380859	   0.018961
  30.390625	   0.050122
  30.400391	   0.057535
  30.410156	   0.040939
  30.419922	   0.008820
  30.429688	  -0.024954
  30.439453	  -0.046520
  30.449219	  -0.047364
  30.458984	  -0.027641
  30.468750	   0.003849
  30.478516	   0.033014
  30.488281	   0.045940
  30.498047	   0.034425
  30.507812	  -0.000536
  30.517578	  -0.048668
  30.527344	  -0.093873
  30.537109	  -0.120000
  30.546875	  -0.116851
  30.556641	  -0.084181
  30.566406	  -0.032164
  30.576172	   0.021936
  30.585938	   0.059771
  30.595703	   0.068449
  30.605469	   0.045251
  30.615234	  -0.001223
  30.625000	  -0.053962
  30.634766	  -0.093523
  30.644531	  -0.104979
  30.654297	  -0.083346
  30.664062	  -0.035544
  30.673828	   0.021867
  30.683594	   0.068404
  30.693359	   0.086827
  30.703125	   0.069222
  30.712891	   0.019850
  30.722656	  -0.046259
  30.732422	  -0.108462
  30.742188	  -0.147589
  30.751953	  -0.152462
  30.761719	  -0.123557
  30.771484	  -0.072561
  30.781250	  -0.018038
  30.791016	   0.021194
  30.800781	   0.032608
  30.810547	   0.014099
  30.820312	  -0.025701
  30.830078	  -0.070944
  30.839844	  -0.104571
  30.849609	  -0.114548
  30.859375	  -0.098083
  30.869141	  -0.062306
  30.878906	  -0.021262
  30.888672	   0.009613
  30.898438	   0.019408
  30.908203	   0.005856
  30.917969	  -0.023906
  30.927734	  -0.056164
  30.937500	  -0.075970
  30.947266	  -0.072974
  30.957031	  -0.045530
  30.966797	  -0.001513
  30.976562	   0.044486
  30.986328	   0.076560
  30.996094	   0.083491
  31.005859	   0.063099
  31.015625	   0.023287
  31.025391	  -0.020653
  31.035156	  -0.051536
  31.044922	  -0.056580
  31.054688	  -0.032197
  31.064453	   0.014506
  31.074219	   0.068115
  31.083984	   0.110334
  31.093750	   0.126523
  31.103516	   0.110964
  31.113281	   0.068934
  31.123047	   0.014822
  31.132812	  -0.033036
  31.142578	  -0.058942
  31.152344	  -0.055437
  31.162109	  -0.025893
  31.171875	   0.016854
  31.181641	   0.055323
  31.191406	   0.073887
  31.201172	   0.064563
  31.210938	   0.029971
  31.220703	  -0.017639
  31.230469	  -0.060941
  31.240234	  -0.084009
  31.250000	  -0.078315
  31.259766	  -0.046044
  31.269531	   0.000522
  31.279297	   0.043374
  31.289062	   0.065317
  31.298828	   0.056311
  31.308594	   0.017288
  31.318359	  -0.039976
  31.328125	  -0.096932
  31.337891	  -0.134825
  31.347656	  -0.141391
  31.357422	  -0.115293
  31.367188	  -0.066653
  31.376953	  -0.013504
  31.386719	   0.024589
  31.396484	   0.033432
  31.406250	   0.009167
  31.416016	  -0.040479
  31.425781	  -0.099086
  31.435547	  -0.147495
  31.445312	  -0.170641
  31.455078	  -0.162809
  31.464844	  -0.129393
  31.474609	  -0.084598
  31.484375	  -0.045946
  31.494141	  -0.027669
  31.503906	  -0.035423
  31.513672	  -0.064297
  31.523438	  -0.100834
  31.533203	  -0.128307
  31.542969	  -0.133268
  31.552734	  -0.110910
  31.562500	  -0.067214
  31.572266	  -0.017007
  31.582031	   0.021394
  31.591797	   0.033036
  31.601562	   0.012159
  31.611328	  -0.035176
  31.621094	  -0.092692
  31.630859	  -0.139252
  31.640625	  -0.156103
  31.650391	  -0.133438
  31.660156	  -0.073949
  31.669922	   0.007919
  31.679688	   0.090759
  31.689453	   0.153350
  31.699219	   0.181630
  31.708984	   0.173061
  31.718750	   0.136886
  31.728516	   0.090279
  31.738281	   0.051867
  31.748047	   0.035005
  31.757812	   0.043271
  31.767578	   0.069764
  31.777344	   0.100386
  31.787109	   0.119803
  31.796875	   0.117783
  31.806641	   0.093497
  31.816406	   0.056112
  31.826172	   0.021432
  31.835938	   0.005794
  31.845703	   0.019528
  31.855469	   0.062445
  31.865234	   0.123143
  31.875000	   0.182506
  31.884766	   0.220237
  31.894531	   0.222106
  31.904297	   0.185280
  31.914062	   0.119753
  31.923828	   0.045259
  31.933594	  -0.015326
  31.943359	  -0.043810
  31.953125	  -0.032978
  31.962891	   0.010889
  31.972656	   0.070181
  31.982422	   0.122083
  31.992188	   0.146506
  32.001953	   0.133051
  32.011719	   0.084560
  32.021484	   0.016024
  32.031250	  -0.050725
  32.041016	  -0.094638
  32.050781	  -0.102679
  32.060547	  -0.074136
  32.070312	  -0.020535
  32.080078	   0.038729
  32.089844	   0.083401
  32.099609	   0.099477
  32.109375	   0.083871
  32.119141	   0.045041
  32.128906	  -0.000562
  32.138672	  -0.034823
  32.148438	  -0.044700
  32.158203	  -0.026890
  32.167969	   0.011236
  32.177734	   0.054724
  32.187500	   0.086900
  32.197266	   0.095799
  32.207031	   0.078710
  32.216797	   0.043158
  32.226562	   0.003939
  32.236328	  -0.022650
  32.246094	  -0.025224
  32.255859	  -0.001925
  32.265625	   0.038526
  32.275391	   0.079797
  32.285156	   0.103906
  32.294922	   0.098001
  32.304688	   0.059461
  32.314453	  -0.002591
  32.324219	  -0.070003
  32.333984	  -0.121632
  32.343750	  -0.140597
  32.353516	  -0.120186
  32.363281	  -0.066306
  32.373047	   0.004383
  32.382812	   0.070003
  32.392578	   0.110693
  32.402344	   0.115016
  32.412109	   0.083331
  32.421875	   0.027031
  32.431641	  -0.035958
  32.441406	  -0.087684
  32.451172	  -0.116302
  32.460938	  -0.119640
  32.470703	  -0.105016
  32.480469	  -0.085537
  32.490234	  -0.074407
  32.500000	  -0.079490
  32.509766	  -0.100216
  32.519531	  -0.127996
  32.529297	  -0.149935
  32.539062	  -0.154372
  32.548828	  -0.136036
  32.558594	  -0.098762
  32.568359	  -0.054621
  32.578125	  -0.019682
  32.587891	  -0.007954
  32.597656	  -0.025788
  32.607422	  -0.068902
  32.617188	  -0.123285
  32.626953	  -0.169788
  32.636719	  -0.190828
  32.646484	  -0.176784
  32.656250	  -0.129738
  32.666016	  -0.063083
  32.675781	   0.002956
  32.685547	   0.048359
  32.695312	   0.060428
  32.705078	   0.038383
  32.714844	  -0.006248
  32.724609	  -0.053679
  32.734375	  -0.082954
  32.744141	  -0.079572
  32.753906	  -0.040906
  32.763672	   0.022564
  32.773438	   0.090694
  32.783203	   0.140635
  32.792969	   0.154851
  32.802734	   0.127364
  32.812500	   0.065992
  32.822266	  -0.010215
  32.832031	  -0.077452
  32.841797	  -0.115238
  32.851562	  -0.113243
  32.861328	  -0.074469
  32.871094	  -0.013694
  32.880859	   0.048200
  32.890625	   0.091891
  32.900391	   0.106504
  32.910156	   0.093193
  32.919922	   0.064171
  32.929688	   0.037572
  32.939453	   0.030099
  32.949219	   0.050205
  32.958984	   0.094375
  32.968750	   0.147958
  32.978516	   0.190301
  32.988281	   0.202367
  32.998047	   0.174061
  33.007812	   0.108554
  33.017578	   0.021945
  33.027344	  -0.061737
  33.037109	  -0.118515
  33.046875	  -0.132628
  33.056641	  -0.102019
  33.066406	  -0.039169
  33.076172	   0.033057
  33.085938	   0.089118
  33.095703	   0.109409
  33.105469	   0.086766
  33.115234	   0.028658
  33.125000	  -0.045666
  33.134766	  -0.111990
  33.144531	  -0.149493
  33.154297	  -0.147702
  33.164062	  -0.109658
  33.173828	  -0.050276
  33.183594	   0.009387
  33.193359	   0.049823
  33.203125	   0.059941
  33.212891	   0.040675
  33.222656	   0.004146
  33.232422	  -0.031209
  33.242188	  -0.047666
  33.251953	  -0.034802
  33.261719	   0.006734
  33.271484	   0.065587
  33.281250	   0.123959
  33.291016	   0.164131
  33.300781	   0.174814
  33.310547	   0.155014
  33.320312	   0.114059
  33.330078	   0.067874
  33.339844	   0.032979
  33.349609	   0.020474
  33.359375	   0.032250
  33.369141	   0.060761
  33.378906	   0.092350
  33.388672	   0.112758
  33.398438	   0.112680
  33.408203	   0.091196
  33.417969	   0.055809
  33.427734	   0.019101
  33.437500	  -0.006647
  33.447266	  -0.014728
  33.457031	  -0.007054
  33.466797	   0.006294
  33.476562	   0.010944
  33.486328	  -0.005883
  33.496094	  -0.049736
  33.505859	  -0.115771
  33.515625	  -0.189421
  33.525391	  -0.250875
  33.535156	  -0.281846
  33.544922	  -0.272256
  33.554688	  -0.224329
  33.564453	  -0.152530
  33.574219	  -0.079177
  33.583984	  -0.027175
  33.593750	  -0.012361
  33.603516	  -0.038161
  33.613281	  -0.094469
  33.623047	  -0.161187
  33.632812	  -0.215201
  33.642578	  -0.238349
  33.652344	  -0.223574
  33.662109	  -0.177082
  33.671875	  -0.115792
  33.681641	  -0.061015
  33.691406	  -0.030681
  33.701172	  -0.032932
  33.710938	  -0.063398
  33.720703	  -0.107114
  33.730469	  -0.144345
  33.740234	  -0.158143
  33.750000	  -0.140830
  33.759766	  -0.096977
  33.769531	  -0.041742
  33.779297	   0.004856
  33.789062	   0.025648
  33.798828	   0.013150
  33.808594	  -0.027056
  33.818359	  -0.077737
  33.828125	  -0.115838
  33.837891	  -0.120710
  33.847656	  -0.081800
  33.857422	  -0.003000
  33.867188	   0.097998
  33.876953	   0.195247
  33.886719	   0.263132
  33.896484	   0.285048
  33.906250	   0.259132
  33.916016	   0.199011
  33.925781	   0.129278
  33.935547	   0.077215
  33.945312	   0.063598
  33.955078	   0.095757
  33.964844	   0.165231
  33.974609	   0.250779
  33.984375	   0.325657
  33.994141	   0.366596
  34.003906	   0.361405
  34.013672	   0.312625
  34.023438	   0.236135
  34.033203	   0.155327
  34.042969	   0.093029
  34.052734	   0.064023
  34.062500	   0.070722
  34.072266	   0.103323
  34.082031	   0.144159
  34.091797	   0.174474
  34.101562	   0.181064
  34.111328	   0.160423
  34.121094	   0.119019
  34.130859	   0.069852
  34.140625	   0.026799
  34.150391	  -0.000971
  34.160156	  -0.012343
  34.169922	  -0.014133
  34.179688	  -0.017638
  34.189453	  -0.033335
  34.199219	  -0.065884
  34.208984	  -0.111508
  34.218750	  -0.158868
  34.228516	  -0.193199
  34.238281	  -0.202154
  34.248047	  -0.181120
  34.257812	  -0.135862
  34.267578	  -0.081356
  34.277344	  -0.037035
  34.287109	  -0.020087
  34.296875	  -0.039194
  34.306641	  -0.091028
  34.316406	  -0.160877
  34.326172	  -0.227290
  34.335938	  -0.269184
  34.345703	  -0.272934
  34.355469	  -0.236963
  34.365234	  -0.172200
  34.375000	  -0.098264
  34.384766	  -0.036743
  34.394531	  -0.003972
  34.404297	  -0.005863
  34.414062	  -0.036582
  34.423828	  -0.081429
  34.433594	  -0.122784
  34.443359	  -0.146839
  34.453125	  -0.148608
  34.462891	  -0.133378
  34.472656	  -0.114112
  34.482422	  -0.105856
  34.492188	  -0.119319
  34.501953	  -0.156127
  34.511719	  -0.207614
  34.521484	  -0.257672
  34.531250	  -0.288662
  34.541016	  -0.288159
  34.550781	  -0.253980
  34.560547	  -0.195501
  34.570312	  -0.130668
  34.580078	  -0.079651
  34.589844	  -0.057455
  34.599609	  -0.068188
  34.609375	  -0.103183
  34.619141	  -0.143793
  34.628906	  -0.167983
  34.638672	  -0.158397
  34.648438	  -0.109023
  34.658203	  -0.027968
  34.667969	   0.064754
  34.677734	   0.143762
  34.687500	   0.186938
  34.697266	   0.183110
  34.707031	   0.136060
  34.716797	   0.063373
  34.726562	  -0.009523
  34.736328	  -0.058056
  34.746094	  -0.066920
  34.755859	  -0.035227
  34.765625	   0.023410
  34.775391	   0.085889
  34.785156	   0.127929
  34.794922	   0.132740
  34.804688	   0.096964
  34.814453	   0.031805
  34.824219	  -0.041025
  34.833984	  -0.097069
  34.843750	  -0.117806
  34.853516	  -0.097131
  34.863281	  -0.043357
  34.873047	   0.023959
  34.882812	   0.081173
  34.892578	   0.109089
  34.902344	   0.099806
  34.912109	   0.059395
  34.921875	   0.005497
  34.931641	  -0.039273
  34.941406	  -0.055708
  34.951172	  -0.035126
  34.960938	   0.017340
  34.970703	   0.084475
  34.980469	   0.143088
  34.990234	   0.172315
  35.000000	   0.161127
  35.009766	   0.112363
  35.019531	   0.041883
  35.029297	  -0.026838
  35.039062	  -0.070727
  35.048828	  -0.074888
  35.058594	  -0.037414
  35.068359	   0.030374
  35.078125	   0.108235
  35.087891	   0.174208
  35.097656	   0.212068
  35.107422	   0.216405
  35.117188	   0.193610
  35.126953	   0.158617
  35.136719	   0.128777
  35.146484	   0.117267
  35.156250	   0.128506
  35.166016	   0.157230
  35.175781	   0.191426
  35.185547	   0.217853
  35.195312	   0.227882
  35.205078	   0.221324
  35.214844	   0.206678
  35.224609	   0.197674
  35.234375	   0.207442
  35.244141	   0.242614
  35.253906	   0.299727
  35.263672	   0.365513
  35.273438	   0.421140
  35.283203	   0.449000
  35.292969	   0.439542
  35.302734	   0.395577
  35.312500	   0.332275
  35.322266	   0.272651
  35.332031	   0.239947
  35.341797	   0.249551
  35.351562	   0.303303
  35.361328	   0.388278
  35.371094	   0.480603
  35.380859	   0.553037
  35.390625	   0.583748
  35.400391	   0.563233
  35.410156	   0.496994
  35.419922	   0.403066
  35.429688	   0.305342
  35.439453	   0.225094
  35.449219	   0.173743
  35.458984	   0.149444
  35.468750	   0.138637
  35.478516	   0.121919
  35.488281	   0.082000
  35.498047	   0.010751
  35.507812	  -0.087286
  35.517578	  -0.196255
  35.527344	  -0.294738
  35.537109	  -0.363754
  35.546875	  -0.394014
  35.556641	  -0.389679
  35.566406	  -0.367092
  35.576172	  -0.348852
  35.585938	  -0.355288
  35.595703	  -0.396451
  35.605469	  -0.467623
  35.615234	  -0.550144
  35.625000	  -0.617470
  35.634766	  -0.644489
  35.644531	  -0.616878
  35.654297	  -0.537168
  35.664062	  -0.425263
  35.673828	  -0.313044
  35.683594	  -0.234700
  35.693359	  -0.215969
  35.703125	  -0.265838
  35.712891	  -0.373478
  35.722656	  -0.511410
  35.732422	  -0.643820
  35.742188	  -0.737260
  35.751953	  -0.770199
  35.761719	  -0.738410
  35.771484	  -0.654642
  35.781250	  -0.542991
  35.791016	  -0.430164
  35.800781	  -0.336751
  35.810547	  -0.271456
  35.820312	  -0.230039
  35.830078	  -0.198972
  35.839844	  -0.162139
  35.849609	  -0.107898
  35.859375	  -0.033861
  35.869141	   0.052320
  35.878906	   0.136286
  35.888672	   0.202990
  35.898438	   0.243033
  35.908203	   0.256830
  35.917969	   0.255026
  35.927734	   0.254992
  35.937500	   0.274700
  35.947266	   0.326249
  35.957031	   0.411412
  35.966797	   0.520797
  35.976562	   0.636877
  35.986328	   0.739717
  35.996094	   0.813287
  36.005859	   0.850087
  36.015625	   0.852519
  36.025391	   0.830682
  36.035156	   0.797622
  36.044922	   0.763991
  36.054688	   0.734202
  36.064453	   0.705546
  36.074219	   0.670508
  36.083984	   0.621256
  36.093750	   0.554390
  36.103516	   0.473949
  36.113281	   0.391314
  36.123047	   0.321873
  36.132812	   0.279622
  36.142578	   0.271693
  36.152344	   0.294953
  36.162109	   0.336077
  36.171875	   0.375252
  36.181641	   0.392314
  36.191406	   0.373201
  36.201172	   0.314444
  36.210938	   0.224123
  36.220703	   0.118969
  36.230469	   0.018715
  36.240234	  -0.060239
  36.250000	  -0.109550
  36.259766	  -0.130422
  36.269531	  -0.131465
  36.279297	  -0.123946
  36.289062	  -0.116458
  36.298828	  -0.111222
  36.308594	  -0.103601
  36.318359	  -0.085086
  36.328125	  -0.048568
  36.337891	   0.006275
  36.347656	   0.069896
  36.357422	   0.123716
  36.367188	   0.145075
  36.376953	   0.114868
  36.386719	   0.025257
  36.396484	  -0.115446
  36.406250	  -0.282808
  36.416016	  -0.441733
  36.425781	  -0.555963
  36.435547	  -0.598728
  36.445312	  -0.561130
  36.455078	  -0.455402
  36.464844	  -0.311859
  36.474609	  -0.170345
  36.484375	  -0.068851
  36.494141	  -0.032873
  36.503906	  -0.068830
  36.513672	  -0.163475
  36.523438	  -0.289231
  36.533203	  -0.413414
  36.542969	  -0.508147
  36.552734	  -0.557655
  36.562500	  -0.560774
  36.572266	  -0.528240
  36.582031	  -0.476274
  36.591797	  -0.419171
  36.601562	  -0.363859
  36.611328	  -0.308457
  36.621094	  -0.245212
  36.630859	  -0.166443
  36.640625	  -0.070851
  36.650391	   0.032614
  36.660156	   0.125246
  36.669922	   0.183683
  36.679688	   0.188006
  36.689453	   0.129952
  36.699219	   0.018079
  36.708984	  -0.122340
  36.718750	  -0.255152
  36.728516	  -0.343298
  36.738281	  -0.359790
  36.748047	  -0.296097
  36.757812	  -0.165057
  36.767578	   0.002733
  36.777344	   0.167977
  36.787109	   0.294247
  36.796875	   0.358326
  36.806641	   0.356028
  36.816406	   0.301763
  36.826172	   0.222281
  36.835938	   0.146938
  36.845703	   0.097955
  36.855469	   0.083984
  36.865234	   0.098990
  36.875000	   0.126527
  36.884766	   0.147513
  36.894531	   0.148455
  36.904297	   0.127001
  36.914062	   0.092794
  36.923828	   0.063406
  36.933594	   0.057007
  36.943359	   0.084618
  36.953125	   0.144978
  36.962891	   0.224045
  36.972656	   0.299416
  36.982422	   0.348132
  36.992188	   0.355015
  37.001953	   0.318461
  37.011719	   0.251524
  37.021484	   0.177776
  37.031250	   0.123368
  37.041016	   0.108053
  37.050781	   0.138343
  37.060547	   0.205210
  37.070312	   0.287118
  37.080078	   0.357289
  37.089844	   0.392602
  37.099609	   0.381008
  37.109375	   0.324905
  37.119141	   0.239409
  37.128906	   0.146317
  37.138672	   0.066065
  37.148438	   0.010647
  37.158203	  -0.019945
  37.167969	  -0.036603
  37.177734	  -0.055839
  37.187500	  -0.092513
  37.197266	  -0.153327
  37.207031	  -0.233595
  37.216797	  -0.318505
  37.226562	  -0.388396
  37.236328	  -0.426076
  37.246094	  -0.423421
  37.255859	  -0.384768
  37.265625	  -0.325817
  37.275391	  -0.268396
  37.285156	  -0.232994
  37.294922	  -0.231774
  37.304688	  -0.264610
  37.314453	  -0.319536
  37.324219	  -0.377402
  37.333984	  -0.418976
  37.343750	  -0.431842
  37.353516	  -0.414588
  37.363281	  -0.376800
  37.373047	  -0.334967
  37.382812	  -0.305941
  37.392578	  -0.300469
  37.402344	  -0.319281
  37.412109	  -0.353176
  37.421875	  -0.387032
  37.431641	  -0.406122
  37.441406	  -0.402256
  37.451172	  -0.377297
  37.460938	  -0.342634
  37.470703	  -0.314756
  37.480469	  -0.308604
  37.490234	  -0.331292
  37.500000	  -0.378701
  37.509766	  -0.436401
  37.519531	  -0.484695
  37.529297	  -0.505971
  37.539062	  -0.491544
  37.548828	  -0.445292
  37.558594	  -0.382465
  37.568359	  -0.323881
  37.578125	  -0.287477
  37.587891	  -0.280352
  37.597656	  -0.294403
  37.607422	  -0.307503
  37.617188	  -0.290233
  37.626953	  -0.216100
  37.636719	  -0.071793
  37.646484	   0.136192
  37.656250	   0.381138
  37.666016	   0.622421
  37.675781	   0.816792
  37.685547	   0.931045
  37.695312	   0.951971
  37.705078	   0.890265
  37.714844	   0.777080
  37.724609	   0.654308
  37.734375	   0.561786
  37.744141	   0.525583
  37.753906	   0.551126
  37.763672	   0.623188
  37.773438	   0.712442
  37.783203	   0.786075
  37.792969	   0.818663
  37.802734	   0.799624
  37.812500	   0.734898
  37.822266	   0.642655
  37.832031	   0.544981
  37.841797	   0.458853
  37.851562	   0.389844
  37.861328	   0.330869
  37.871094	   0.266303
  37.880859	   0.179777
  37.890625	   0.062540
  37.900391	  -0.080916
  37.910156	  -0.232271
  37.919922	  -0.364238
  37.929688	  -0.449262
  37.939453	  -0.468979
  37.949219	  -0.421049
  37.958984	  -0.320874
  37.968750	  -0.197544
  37.978516	  -0.085356
  37.988281	  -0.013842
  37.998047	   0.000335
  38.007812	  -0.043040
  38.017578	  -0.129627
  38.027344	  -0.236910
  38.037109	  -0.342484
  38.046875	  -0.431150
  38.056641	  -0.498314
  38.066406	  -0.548728
  38.076172	  -0.591468
  38.085938	  -0.633500
  38.095703	  -0.674705
  38.105469	  -0.706593
  38.115234	  -0.715387
  38.125000	  -0.688335
  38.134766	  -0.620677
  38.144531	  -0.520263
  38.154297	  -0.407568
  38.164062	  -0.310567
  38.173828	  -0.255914
  38.183594	  -0.259460
  38.193359	  -0.319611
  38.203125	  -0.416262
  38.212891	  -0.516098
  38.222656	  -0.582862
  38.232422	  -0.589235
  38.242188	  -0.526281
  38.251953	  -0.407057
  38.261719	  -0.262932
  38.271484	  -0.133619
  38.281250	  -0.054204
  38.291016	  -0.043501
  38.300781	  -0.097765
  38.310547	  -0.191930
  38.320312	  -0.288031
  38.330078	  -0.347951
  38.339844	  -0.346148
  38.349609	  -0.278027
  38.359375	  -0.161143
  38.369141	  -0.028897
  38.378906	   0.080979
  38.388672	   0.139112
  38.398438	   0.133932
  38.408203	   0.074676
  38.417969	  -0.012919
  38.427734	  -0.096523
  38.437500	  -0.149044
  38.447266	  -0.158086
  38.457031	  -0.129678
  38.466797	  -0.085024
  38.476562	  -0.051606
  38.486328	  -0.051967
  38.496094	  -0.094387
  38.505859	  -0.168900
  38.515625	  -0.250174
  38.525391	  -0.306268
  38.535156	  -0.310138
  38.544922	  -0.249757
  38.554688	  -0.133204
  38.564453	   0.013138
  38.574219	   0.152683
  38.583984	   0.250244
  38.593750	   0.283133
  38.603516	   0.247967
  38.613281	   0.160989
  38.623047	   0.051992
  38.632812	  -0.045839
  38.642578	  -0.106511
  38.652344	  -0.118605
  38.662109	  -0.087105
  38.671875	  -0.029460
  38.681641	   0.032270
  38.691406	   0.079985
  38.701172	   0.105568
  38.710938	   0.112248
  38.720703	   0.111089
  38.730469	   0.114372
  38.740234	   0.128798
  38.750000	   0.151491
  38.759766	   0.170581
  38.769531	   0.170258
  38.779297	   0.138302
  38.789062	   0.072955
  38.798828	  -0.013872
  38.808594	  -0.098752
  38.818359	  -0.153899
  38.828125	  -0.156931
  38.837891	  -0.099668
  38.847656	   0.007503
  38.857422	   0.137676
  38.867188	   0.255616
  38.876953	   0.329487
  38.886719	   0.342085
  38.896484	   0.297523
  38.906250	   0.220743
  38.916016	   0.149723
  38.925781	   0.122828
  38.935547	   0.165549
  38.945312	   0.281222
  38.955078	   0.449031
  38.964844	   0.630102
  38.974609	   0.779704
  38.984375	   0.861422
  38.994141	   0.858475
  39.003906	   0.778343
  39.013672	   0.649210
  39.023438	   0.509638
  39.033203	   0.395207
  39.042969	   0.326902
  39.052734	   0.305327
  39.062500	   0.312620
  39.072266	   0.321155
  39.082031	   0.305611
  39.091797	   0.253758
  39.101562	   0.171843
  39.111328	   0.082469
  39.121094	   0.015703
  39.130859	  -0.003273
  39.140625	   0.034757
  39.150391	   0.117575
  39.160156	   0.214050
  39.169922	   0.284120
  39.179688	   0.292867
  39.189453	   0.223716
  39.199219	   0.085861
  39.208984	  -0.087045
  39.218750	  -0.246892
  39.228516	  -0.346679
  39.238281	  -0.356454
  39.248047	  -0.274144
  39.257812	  -0.127472
  39.267578	   0.033912
  39.277344	   0.153597
  39.287109	   0.185933
  39.296875	   0.110163
  39.306641	  -0.063416
  39.316406	  -0.297116
  39.326172	  -0.537901
  39.335938	  -0.733610
  39.345703	  -0.847929
  39.355469	  -0.869295
  39.365234	  -0.811247
  39.375000	  -0.704735
  39.384766	  -0.585683
  39.394531	  -0.482535
  39.404297	  -0.408205
  39.414062	  -0.358987
  39.423828	  -0.320207
  39.433594	  -0.275850
  39.443359	  -0.217980
  39.453125	  -0.151986
  39.462891	  -0.095417
  39.472656	  -0.070805
  39.482422	  -0.095325
  39.492188	  -0.171471
  39.501953	  -0.282751
  39.511719	  -0.396519
  39.521484	  -0.473448
  39.531250	  -0.480530
  39.541016	  -0.403005
  39.550781	  -0.250803
  39.560547	  -0.056889
  39.570312	   0.132264
  39.580078	   0.271061
  39.589844	   0.329169
  39.599609	   0.300992
  39.609375	   0.206950
  39.619141	   0.086126
  39.628906	  -0.017174
  39.638672	  -0.068269
  39.648438	  -0.053242
  39.658203	   0.017406
  39.667969	   0.113683
  39.677734	   0.197683
  39.687500	   0.237543
  39.697266	   0.218792
  39.707031	   0.149101
  39.716797	   0.054909
  39.726562	  -0.028652
  39.736328	  -0.070698
  39.746094	  -0.055650
  39.755859	   0.011601
  39.765625	   0.108143
  39.775391	   0.202012
  39.785156	   0.264187
  39.794922	   0.279043
  39.804688	   0.249383
  39.814453	   0.194225
  39.824219	   0.140344
  39.833984	   0.110929
  39.843750	   0.115824
  39.853516	   0.147223
  39.863281	   0.182631
  39.873047	   0.194056
  39.882812	   0.159988
  39.892578	   0.075501
  39.902344	  -0.043605
  39.912109	  -0.164580
  39.921875	  -0.248429
  39.931641	  -0.263897
  39.941406	  -0.199690
  39.951172	  -0.070313
  39.960938	   0.086933
  39.970703	   0.223151
  39.980469	   0.293614
  39.990234	   0.272737
