# Time	Amplitude (cm/s/s)
   0.000000	  -0.453218
   0.009766	  -0.390981
   0.019531	  -0.358527
   0.029297	  -0.353256
   0.039062	  -0.367806
   0.048828	  -0.389947
   0.058594	  -0.403445
   0.068359	  -0.390633
   0.078125	  -0.336633
   0.087891	  -0.234229
   0.097656	  -0.087668
   0.107422	   0.086348
   0.117188	   0.261520
   0.126953	   0.408340
   0.136719	   0.502354
   0.146484	   0.531675
   0.156250	   0.501125
   0.166016	   0.431355
   0.175781	   0.352944
   0.185547	   0.297285
   0.195312	   0.287254
   0.205078	   0.330858
   0.214844	   0.419988
   0.224609	   0.534614
   0.234375	   0.650667
   0.244141	   0.748487
   0.253906	   0.818458
   0.263672	   0.861548
   0.273438	   0.884542
   0.283203	   0.892026
   0.292969	   0.878756
   0.302734	   0.826250
   0.312500	   0.706099
   0.322266	   0.489935
   0.332031	   0.163212
   0.341797	  -0.262124
   0.351562	  -0.741375
   0.361328	  -1.200967
   0.371094	  -1.553055
   0.380859	  -1.717679
   0.390625	  -1.646244
   0.400391	  -1.338880
   0.410156	  -0.849465
   0.419922	  -0.275493
   0.429688	   0.265391
   0.439453	   0.665997
   0.449219	   0.858532
   0.458984	   0.833108
   0.468750	   0.639917
   0.478516	   0.374002
   0.488281	   0.146911
   0.498047	   0.053603
   0.507812	   0.144567
   0.517578	   0.411571
   0.527344	   0.791260
   0.537109	   1.185324
   0.546875	   1.490847
   0.556641	   1.631382
   0.566406	   1.579219
   0.576172	   1.362236
   0.585938	   1.053609
   0.595703	   0.748047
   0.605469	   0.532236
   0.615234	   0.458734
   0.625000	   0.531130
   0.634766	   0.704488
   0.644531	   0.900210
   0.654297	   1.030051
   0.664062	   1.021513
   0.673828	   0.836919
   0.683594	   0.480930
   0.693359	  -0.004744
   0.703125	  -0.556641
   0.712891	  -1.109160
   0.722656	  -1.611997
   0.732422	  -2.040259
   0.742188	  -2.395024
   0.751953	  -2.695484
   0.761719	  -2.966532
   0.771484	  -3.226742
   0.781250	  -3.481075
   0.791016	  -3.720489
   0.800781	  -3.927940
   0.810547	  -4.087909
   0.820312	  -4.195463
   0.830078	  -4.261181
   0.839844	  -4.309926
   0.849609	  -4.373759
   0.859375	  -4.481353
   0.869141	  -4.647545
   0.878906	  -4.866589
   0.888672	  -5.111486
   0.898438	  -5.339838
   0.908203	  -5.504705
   0.917969	  -5.567502
   0.927734	  -5.509487
   0.937500	  -5.338864
   0.947266	  -5.091748
   0.957031	  -4.826709
   0.966797	  -4.614051
   0.976562	  -4.521960
   0.986328	  -4.602092
   0.996094	  -4.877247
   1.005859	  -5.333360
   1.015625	  -5.917539
   1.025391	  -6.543052
   1.035156	  -7.101211
   1.044922	  -7.478883
   1.054688	  -7.579066
   1.064453	  -7.340834
   1.074219	  -6.754336
   1.083984	  -5.866844
   1.093750	  -4.777231
   1.103516	  -3.618676
   1.113281	  -2.532291
   1.123047	  -1.637081
   1.132812	  -1.003232
   1.142578	  -0.635602
   1.152344	  -0.472221
   1.162109	  -0.398988
   1.171875	  -0.277502
   1.181641	   0.020727
   1.191406	   0.582416
   1.201172	   1.431287
   1.210938	   2.522990
   1.220703	   3.757211
   1.230469	   5.003238
   1.240234	   6.131547
   1.250000	   7.042531
   1.259766	   7.684674
   1.269531	   8.057963
   1.279297	   8.202962
   1.289062	   8.180282
   1.298828	   8.047815
   1.308594	   7.843280
   1.318359	   7.577297
   1.328125	   7.238349
   1.337891	   6.806774
   1.347656	   6.271947
   1.357422	   5.645893
   1.367188	   4.968070
   1.376953	   4.299356
   1.386719	   3.707148
   1.396484	   3.246676
   1.406250	   2.944922
   1.416016	   2.792638
   1.425781	   2.747148
   1.435547	   2.744972
   1.445312	   2.720017
   1.455078	   2.621448
   1.464844	   2.425635
   1.474609	   2.138869
   1.484375	   1.790779
   1.494141	   1.421501
   1.503906	   1.067519
   1.513672	   0.751153
   1.523438	   0.476910
   1.533203	   0.235194
   1.542969	   0.011074
   1.552734	  -0.205895
   1.562500	  -0.414923
   1.572266	  -0.602933
   1.582031	  -0.749432
   1.591797	  -0.835074
   1.601562	  -0.850268
   1.611328	  -0.800198
   1.621094	  -0.704141
   1.630859	  -0.589307
   1.640625	  -0.481654
   1.650391	  -0.397362
   1.660156	  -0.338392
   1.669922	  -0.293887
   1.679688	  -0.246765
   1.689453	  -0.182668
   1.699219	  -0.097397
   1.708984	   0.000526
   1.718750	   0.093543
   1.728516	   0.163735
   1.738281	   0.202951
   1.748047	   0.219914
   1.757812	   0.240714
   1.767578	   0.301539
   1.777344	   0.435670
   1.787109	   0.659410
   1.796875	   0.962661
   1.806641	   1.308696
   1.816406	   1.644588
   1.826172	   1.919739
   1.835938	   2.106439
   1.845703	   2.214827
   1.855469	   2.295699
   1.865234	   2.428266
   1.875000	   2.695078
   1.884766	   3.151164
   1.894531	   3.797320
   1.904297	   4.567170
   1.914062	   5.334015
   1.923828	   5.937525
   1.933594	   6.223937
   1.943359	   6.088599
   1.953125	   5.508198
   1.962891	   4.552497
   1.972656	   3.371119
   1.982422	   2.158324
   1.992188	   1.105319
   2.001953	   0.353516
   2.011719	  -0.038148
   2.021484	  -0.102901
   2.031250	   0.049173
   2.041016	   0.266080
   2.050781	   0.397594
   2.060547	   0.334724
   2.070312	   0.034023
   2.080078	  -0.478934
   2.089844	  -1.125898
   2.099609	  -1.805138
   2.109375	  -2.423172
   2.119141	  -2.918909
   2.128906	  -3.273549
   2.138672	  -3.504913
   2.148438	  -3.650244
   2.158203	  -3.745063
   2.167969	  -3.806297
   2.177734	  -3.825647
   2.187500	  -3.774937
   2.197266	  -3.620612
   2.207031	  -3.341301
   2.216797	  -2.941473
   2.226562	  -2.455909
   2.236328	  -1.943277
   2.246094	  -1.471089
   2.255859	  -1.097397
   2.265625	  -0.855537
   2.275391	  -0.746953
   2.285156	  -0.744075
   2.294922	  -0.801637
   2.304688	  -0.872015
   2.314453	  -0.919073
   2.324219	  -0.926037
   2.333984	  -0.895401
   2.343750	  -0.842030
   2.353516	  -0.782994
   2.363281	  -0.728627
   2.373047	  -0.678373
   2.382812	  -0.622761
   2.392578	  -0.550170
   2.402344	  -0.455036
   2.412109	  -0.343638
   2.421875	  -0.234631
   2.431641	  -0.153784
   2.441406	  -0.124855
   2.451172	  -0.160242
   2.460938	  -0.255277
   2.470703	  -0.388633
   2.480469	  -0.528872
   2.490234	  -0.644628
   2.500000	  -0.714364
   2.509766	  -0.731670
   2.519531	  -0.703842
   2.529297	  -0.644210
   2.539062	  -0.561463
   2.548828	  -0.450734
   2.558594	  -0.290923
   2.568359	  -0.050529
   2.578125	   0.299101
   2.587891	   0.767438
   2.597656	   1.331568
   2.607422	   1.931988
   2.617188	   2.480646
   2.626953	   2.880338
   2.636719	   3.050388
   2.646484	   2.950790
   2.656250	   2.596757
   2.666016	   2.058178
   2.675781	   1.443107
   2.685547	   0.869531
   2.695312	   0.433680
   2.705078	   0.184473
   2.714844	   0.112011
   2.724609	   0.153612
   2.734375	   0.215379
   2.744141	   0.202333
   2.753906	   0.047563
   2.763672	  -0.268662
   2.773438	  -0.715346
   2.783203	  -1.223116
   2.792969	  -1.707585
   2.802734	  -2.095494
   2.812500	  -2.344868
   2.822266	  -2.452983
   2.832031	  -2.450417
   2.841797	  -2.384450
   2.851562	  -2.298600
   2.861328	  -2.216123
   2.871094	  -2.133439
   2.880859	  -2.025501
   2.890625	  -1.860519
   2.900391	  -1.617938
   2.910156	  -1.302391
   2.919922	  -0.947864
   2.929688	  -0.610046
   2.939453	  -0.349276
   2.949219	  -0.210104
   2.958984	  -0.204914
   2.968750	  -0.307738
   2.978516	  -0.460875
   2.988281	  -0.592439
   2.998047	  -0.639089
   3.007812	  -0.566348
   3.017578	  -0.379760
   3.027344	  -0.123237
   3.037109	   0.134655
   3.046875	   0.321760
   3.056641	   0.383709
   3.066406	   0.298815
   3.076172	   0.082142
   3.085938	  -0.221689
   3.095703	  -0.553661
   3.105469	  -0.857787
   3.115234	  -1.094908
   3.125000	  -1.248828
   3.134766	  -1.323959
   3.144531	  -1.336825
   3.154297	  -1.305754
   3.164062	  -1.243263
   3.173828	  -1.153906
   3.183594	  -1.037696
   3.193359	  -0.896590
   3.203125	  -0.740189
   3.212891	  -0.587192
   3.222656	  -0.461150
   3.232422	  -0.381796
   3.242188	  -0.355567
   3.251953	  -0.369749
   3.261719	  -0.393646
   3.271484	  -0.387479
   3.281250	  -0.316507
   3.291016	  -0.165319
   3.300781	   0.053445
   3.310547	   0.300094
   3.320312	   0.519403
   3.330078	   0.659365
   3.339844	   0.690816
   3.349609	   0.620586
   3.359375	   0.492620
   3.369141	   0.375516
   3.378906	   0.339818
   3.388672	   0.432458
   3.398438	   0.657285
   3.408203	   0.969110
   3.417969	   1.284287
   3.427734	   1.505233
   3.437500	   1.551186
   3.447266	   1.385001
   3.457031	   1.026734
   3.466797	   0.549011
   3.476562	   0.055362
   3.486328	  -0.351406
   3.496094	  -0.600177
   3.505859	  -0.671337
   3.515625	  -0.598783
   3.525391	  -0.453759
   3.535156	  -0.316586
   3.544922	  -0.246715
   3.554688	  -0.262087
   3.564453	  -0.335401
   3.574219	  -0.408571
   3.583984	  -0.419822
   3.593750	  -0.332907
   3.603516	  -0.156828
   3.613281	   0.052348
   3.623047	   0.209441
   3.632812	   0.232210
   3.642578	   0.076074
   3.652344	  -0.241747
   3.662109	  -0.638909
   3.671875	  -0.988679
   3.681641	  -1.159422
   3.691406	  -1.060329
   3.701172	  -0.677771
   3.710938	  -0.088892
   3.720703	   0.553896
   3.730469	   1.064276
   3.740234	   1.277078
   3.750000	   1.099731
   3.759766	   0.543371
   3.769531	  -0.276972
   3.779297	  -1.173843
   3.789062	  -1.940931
   3.798828	  -2.411989
   3.808594	  -2.506584
   3.818359	  -2.248541
   3.828125	  -1.751960
   3.837891	  -1.180271
   3.847656	  -0.692454
   3.857422	  -0.394322
   3.867188	  -0.310484
   3.876953	  -0.385132
   3.886719	  -0.509806
   3.896484	  -0.567201
   3.906250	  -0.475065
   3.916016	  -0.214851
   3.925781	   0.164252
   3.935547	   0.566242
   3.945312	   0.885652
   3.955078	   1.047178
   3.964844	   1.033084
   3.974609	   0.888674
   3.984375	   0.704375
   3.994141	   0.581482
   4.003906	   0.594465
   4.013672	   0.763729
   4.023438	   1.048632
   4.033203	   1.362993
   4.042969	   1.606968
   4.052734	   1.703299
   4.062500	   1.624461
   4.072266	   1.400827
   4.082031	   1.107170
   4.091797	   0.832942
   4.101562	   0.647813
   4.111328	   0.575658
   4.121094	   0.586914
   4.130859	   0.612202
   4.140625	   0.572003
   4.150391	   0.410952
   4.160156	   0.123410
   4.169922	  -0.239890
   4.179688	  -0.587278
   4.189453	  -0.818398
   4.199219	  -0.861456
   4.208984	  -0.701390
   4.218750	  -0.387908
   4.228516	  -0.019629
   4.238281	   0.290545
   4.248047	   0.456459
   4.257812	   0.450942
   4.267578	   0.316863
   4.277344	   0.152058
   4.287109	   0.072820
   4.296875	   0.168742
   4.306641	   0.465445
   4.316406	   0.909418
   4.326172	   1.381633
   4.335938	   1.736278
   4.345703	   1.851663
   4.355469	   1.675423
   4.365234	   1.247529
   4.375000	   0.691992
   4.384766	   0.179035
   4.394531	  -0.129989
   4.404297	  -0.136204
   4.414062	   0.163295
   4.423828	   0.674002
   4.433594	   1.235506
   4.443359	   1.675311
   4.453125	   1.866401
   4.462891	   1.768551
   4.472656	   1.439048
   4.482422	   1.009259
   4.492188	   0.635633
   4.501953	   0.442870
   4.511719	   0.479813
   4.521484	   0.704035
   4.531250	   1.000723
   4.541016	   1.228905
   4.550781	   1.277933
   4.560547	   1.113101
   4.570312	   0.792941
   4.580078	   0.450882
   4.589844	   0.247010
   4.599609	   0.306936
   4.609375	   0.670123
   4.619141	   1.267296
   4.628906	   1.936628
   4.638672	   2.474577
   4.648438	   2.704559
   4.658203	   2.539575
   4.667969	   2.016250
   4.677734	   1.287234
   4.687500	   0.573296
   4.697266	   0.090753
   4.707031	  -0.020986
   4.716797	   0.253502
   4.726562	   0.800800
   4.736328	   1.418283
   4.746094	   1.884780
   4.755859	   2.037658
   4.765625	   1.829068
   4.775391	   1.341164
   4.785156	   0.754492
   4.794922	   0.280551
   4.804688	   0.082641
   4.814453	   0.213909
   4.824219	   0.595880
   4.833984	   1.046649
   4.843750	   1.349995
   4.853516	   1.341372
   4.863281	   0.979617
   4.873047	   0.377019
   4.882812	  -0.225803
   4.892578	  -0.534586
   4.902344	  -0.302118
   4.912109	   0.578911
   4.921875	   2.023562
   4.931641	   3.762826
   4.941406	   5.412348
   4.951172	   6.581172
   4.960938	   6.985946
   4.970703	   6.533652
   4.980469	   5.346118
   4.990234	   3.719142
   5.000000	   2.031200
   5.009766	   0.633728
   5.019531	  -0.239240
   5.029297	  -0.512002
   5.039062	  -0.247254
   5.048828	   0.423083
   5.058594	   1.385570
   5.068359	   2.612827
   5.078125	   4.179039
   5.087891	   6.211103
   5.097656	   8.789128
   5.107422	  11.833089
   5.117188	  15.023751
   5.126953	  17.800140
   5.136719	  19.453394
   5.146484	  19.304067
   5.156250	  16.917516
   5.166016	  12.291190
   5.175781	   5.946973
   5.185547	  -1.116608
   5.195312	  -7.618384
   5.205078	 -12.295399
   5.214844	 -14.233680
   5.224609	 -13.134881
   5.234375	  -9.435196
   5.244141	  -4.229845
   5.253906	   0.989693
   5.263672	   4.723023
   5.273438	   5.869697
   5.283203	   4.044299
   5.292969	  -0.296438
   5.302734	  -5.958864
   5.312500	 -11.329292
   5.322266	 -14.820098
   5.332031	 -15.322384
   5.341797	 -12.536514
   5.351562	  -7.082731
   5.361328	  -0.354064
   5.371094	   5.853805
   5.380859	   9.836796
   5.390625	  10.464535
   5.400391	   7.514851
   5.410156	   1.764568
   5.419922	  -5.192415
   5.429688	 -11.352734
   5.439453	 -14.826613
   5.449219	 -14.333723
   5.458984	  -9.536970
   5.468750	  -1.125021
   5.478516	   9.375157
   5.488281	  19.999512
   5.498047	  28.847639
   5.507812	  34.544147
   5.517578	  36.537135
   5.527344	  35.160445
   5.537109	  31.456159
   5.546875	  26.822388
   5.556641	  22.598567
   5.566406	  19.712688
   5.576172	  18.489392
   5.585938	  18.663203
   5.595703	  19.574867
   5.605469	  20.471713
   5.615234	  20.802935
   5.625000	  20.407096
   5.634766	  19.529521
   5.644531	  18.668532
   5.654297	  18.311277
   5.664062	  18.661774
   5.673828	  19.470722
   5.683594	  20.045321
   5.693359	  19.456338
   5.703125	  16.888324
   5.712891	  12.020616
   5.722656	   5.302254
   5.732422	  -1.996087
   5.742188	  -8.008500
   5.751953	 -10.747599
   5.761719	  -8.709419
   5.771484	  -1.436541
   5.781250	  10.141166
   5.791016	  23.721020
   5.800781	  36.037055
   5.810547	  43.591150
   5.820312	  43.531600
   5.830078	  34.447810
   5.839844	  16.856123
   5.849609	  -6.776712
   5.859375	 -32.506426
   5.869141	 -55.779587
   5.878906	 -72.484522
   5.888672	 -79.915709
   5.898438	 -77.400083
   5.908203	 -66.421535
   5.917969	 -50.214259
   5.927734	 -32.938571
   5.937500	 -18.663671
   5.947266	 -10.428634
   5.957031	  -9.622839
   5.966797	 -15.829403
   5.976562	 -27.139800
   5.986328	 -40.814997
   5.996094	 -54.077567
   6.005859	 -64.796435
   6.015625	 -71.875980
   6.025391	 -75.266626
   6.035156	 -75.640221
   6.044922	 -73.879828
   6.054688	 -70.586440
   6.064453	 -65.788404
   6.074219	 -58.959584
   6.083984	 -49.336744
   6.093750	 -36.414300
   6.103516	 -20.423738
   6.113281	  -2.600504
   6.123047	  14.893793
   6.132812	  29.411446
   6.142578	  38.511473
   6.152344	  40.698537
   6.162109	  35.967851
   6.171875	  25.960388
   6.181641	  13.644136
   6.191406	   2.582377
   6.201172	  -4.016219
   6.210938	  -4.191870
   6.220703	   2.198330
   6.230469	  13.421873
   6.240234	  26.357229
   6.250000	  37.396923
   6.259766	  43.509302
   6.269531	  43.146247
   6.279297	  36.722976
   6.289062	  26.518742
   6.298828	  16.017818
   6.308594	   8.877774
   6.318359	   7.825647
   6.328125	  13.807554
   6.337891	  25.645163
   6.347656	  40.304627
   6.357422	  53.704103
   6.367188	  61.828610
   6.376953	  61.832624
   6.386719	  52.817097
   6.396484	  36.065730
   6.406250	  14.684673
   6.416016	  -7.238002
   6.425781	 -25.703146
   6.435547	 -37.795382
   6.445312	 -42.330824
   6.455078	 -39.999597
   6.464844	 -32.999178
   6.474609	 -24.301658
   6.484375	 -16.794079
   6.494141	 -12.549215
   6.503906	 -12.423252
   6.513672	 -16.059797
   6.523438	 -22.246545
   6.533203	 -29.464729
   6.542969	 -36.425053
   6.552734	 -42.408942
   6.562500	 -47.318899
   6.572266	 -51.455121
   6.582031	 -55.137427
   6.591797	 -58.346989
   6.601562	 -60.552436
   6.611328	 -60.813494
   6.621094	 -58.147280
   6.630859	 -52.035262
   6.640625	 -42.880858
   6.650391	 -32.224089
   6.660156	 -22.585185
   6.669922	 -16.924959
   6.679688	 -17.840130
   6.689453	 -26.714196
   6.699219	 -43.084097
   6.708984	 -64.443109
   6.718750	 -86.589243
   6.728516	-104.476232
   6.738281	-113.375037
   6.748047	-110.052553
   6.757812	 -93.652305
   6.767578	 -66.028668
   6.777344	 -31.424643
   6.787109	   4.444168
   6.796875	  35.678097
   6.806641	  57.532740
   6.816406	  67.473175
   6.826172	  65.682839
   6.835938	  54.910891
   6.845703	  39.714210
   6.855469	  25.303466
   6.865234	  16.296128
   6.875000	  15.689504
   6.884766	  24.294316
   6.894531	  40.736981
   6.904297	  61.985167
   6.914062	  84.219081
   6.923828	 103.794922
   6.933594	 118.044430
   6.943359	 125.721584
   6.953125	 127.020988
   6.962891	 123.217805
   6.972656	 116.079921
   6.982422	 107.252671
   6.992188	  97.804085
   7.001953	  88.051935
   7.011719	  77.696062
   7.021484	  66.181163
   7.031250	  53.145931
   7.041016	  38.793442
   7.050781	  24.049153
   7.060547	  10.445289
   7.070312	  -0.239664
   7.080078	  -6.477938
   7.089844	  -7.472051
   7.099609	  -3.465010
   7.109375	   4.222580
   7.119141	  13.452594
   7.128906	  21.763481
   7.138672	  26.966062
   7.148438	  27.677838
   7.158203	  23.648704
   7.167969	  15.789133
   7.177734	   5.895062
   7.187500	  -3.851956
   7.197266	 -11.469490
   7.207031	 -15.682729
   7.216797	 -16.219963
   7.226562	 -13.820615
   7.236328	  -9.963557
   7.246094	  -6.401743
   7.255859	  -4.641556
   7.265625	  -5.517217
   7.275391	  -8.979519
   7.285156	 -14.153590
   7.294922	 -19.641425
   7.304688	 -23.974349
   7.314453	 -26.078514
   7.324219	 -25.614625
   7.333984	 -23.091360
   7.343750	 -19.718895
   7.353516	 -17.045083
   7.363281	 -16.480218
   7.373047	 -18.848952
   7.382812	 -24.100773
   7.392578	 -31.265823
   7.402344	 -38.673637
   7.412109	 -44.378342
   7.421875	 -46.675621
   7.431641	 -44.570525
   7.441406	 -38.067841
   7.451172	 -28.204320
   7.460938	 -16.811230
   7.470703	  -6.067416
   7.480469	   2.041974
   7.490234	   6.221908
   7.500000	   6.192366
   7.509766	   2.760007
   7.519531	  -2.380438
   7.529297	  -7.064597
   7.539062	  -9.193264
   7.548828	  -7.254052
   7.558594	  -0.706456
   7.568359	   9.857880
   7.578125	  22.813461
   7.587891	  35.831828
   7.597656	  46.367954
   7.607422	  52.193734
   7.617188	  51.863996
   7.626953	  45.019207
   7.636719	  32.466716
   7.646484	  16.029880
   7.656250	  -1.798582
   7.666016	 -18.325441
   7.675781	 -31.153425
   7.685547	 -38.608819
   7.695312	 -40.020182
   7.705078	 -35.799115
   7.714844	 -27.313250
   7.724609	 -16.581779
   7.734375	  -5.857607
   7.744141	   2.818775
   7.753906	   8.004365
   7.763672	   9.101922
   7.773438	   6.424731
   7.783203	   1.070079
   7.792969	  -5.365704
   7.802734	 -11.164096
   7.812500	 -14.867611
   7.822266	 -15.584299
   7.832031	 -13.148341
   7.841797	  -8.106587
   7.851562	  -1.542609
   7.861328	   5.211928
   7.871094	  10.903583
   7.880859	  14.640156
   7.890625	  16.063953
   7.900391	  15.379645
   7.910156	  13.239829
   7.919922	  10.527558
   7.929688	   8.099367
   7.939453	   6.558552
   7.949219	   6.115953
   7.958984	   6.568565
   7.968750	   7.393016
   7.978516	   7.920759
   7.988281	   7.542721
   7.998047	   5.887384
   8.007812	   2.927639
   8.017578	  -1.006220
   8.027344	  -5.304347
   8.037109	  -9.220986
   8.046875	 -12.045691
   8.056641	 -13.261962
   8.066406	 -12.660821
   8.076172	 -10.390588
   8.085938	  -6.939106
   8.095703	  -3.056894
   8.105469	   0.362685
   8.115234	   2.427206
   8.125000	   2.393786
   8.134766	  -0.195778
   8.144531	  -5.411115
   8.154297	 -12.877937
   8.164062	 -21.786469
   8.173828	 -30.973139
   8.183594	 -39.074429
   8.193359	 -44.736994
   8.203125	 -46.852315
   8.212891	 -44.771866
   8.222656	 -38.455177
   8.232422	 -28.511422
   8.242188	 -16.115454
   8.251953	  -2.807557
   8.261719	   9.784449
   8.271484	  20.240180
   8.281250	  27.590926
   8.291016	  31.456041
   8.300781	  32.041413
   8.310547	  30.006197
   8.320312	  26.239356
   8.330078	  21.611548
   8.339844	  16.772854
   8.349609	  12.051025
   8.359375	   7.472581
   8.369141	   2.890002
   8.378906	  -1.835506
   8.388672	  -6.663998
   8.398438	 -11.283681
   8.408203	 -15.133778
   8.417969	 -17.543808
   8.427734	 -17.949820
   8.437500	 -16.119485
   8.447266	 -12.310143
   8.457031	  -7.299993
   8.466797	  -2.268280
   8.476562	   1.454966
   8.486328	   2.708763
   8.496094	   0.806191
   8.505859	  -4.259285
   8.515625	 -11.765321
   8.525391	 -20.387374
   8.535156	 -28.471289
   8.544922	 -34.384329
   8.554688	 -36.858252
   8.564453	 -35.242934
   8.574219	 -29.615412
   8.583984	 -20.728663
   8.593750	  -9.825052
   8.603516	   1.630128
   8.613281	  12.226700
   8.623047	  20.837500
   8.632812	  26.756212
   8.642578	  29.734098
   8.652344	  29.931199
   8.662109	  27.814337
   8.671875	  24.037968
   8.681641	  19.335905
   8.691406	  14.437318
   8.701172	  10.005996
   8.710938	   6.593160
   8.720703	   4.593874
   8.730469	   4.204138
   8.740234	   5.385842
   8.750000	   7.854505
   8.759766	  11.105677
   8.769531	  14.488436
   8.779297	  17.320578
   8.789062	  19.024644
   8.798828	  19.252850
   8.808594	  17.967093
   8.818359	  15.449269
   8.828125	  12.235154
   8.837891	   8.986670
   8.847656	   6.335567
   8.857422	   4.740367
   8.867188	   4.394584
   8.876953	   5.208748
   8.886719	   6.866476
   8.896484	   8.932816
   8.906250	  10.978445
   8.916016	  12.680706
   8.925781	  13.872467
   8.935547	  14.528955
   8.945312	  14.704381
   8.955078	  14.447117
   8.964844	  13.728717
   8.974609	  12.416164
   8.984375	  10.300564
   8.994141	   7.174693
   9.003906	   2.933492
   9.013672	  -2.337945
   9.023438	  -8.321922
   9.033203	 -14.490693
   9.042969	 -20.193196
   9.052734	 -24.784956
   9.062500	 -27.766454
   9.072266	 -28.892438
   9.082031	 -28.223260
   9.091797	 -26.106284
   9.101562	 -23.095099
   9.111328	 -19.830348
   9.121094	 -16.913878
   9.130859	 -14.805774
   9.140625	 -13.763476
   9.150391	 -13.827792
   9.160156	 -14.847511
   9.169922	 -16.526658
   9.179688	 -18.478041
   9.189453	 -20.272469
   9.199219	 -21.481375
   9.208984	 -21.717345
   9.218750	 -20.678811
   9.228516	 -18.200999
   9.238281	 -14.306916
   9.248047	  -9.243607
   9.257812	  -3.484742
   9.267578	   2.316012
   9.277344	   7.424852
   9.287109	  11.168173
   9.296875	  13.083914
   9.306641	  13.044092
   9.316406	  11.309593
   9.326172	   8.491924
   9.335938	   5.420445
   9.345703	   2.941093
   9.355469	   1.695582
   9.365234	   1.940702
   9.375000	   3.461289
   9.384766	   5.608080
   9.394531	   7.458486
   9.404297	   8.063551
   9.414062	   6.718039
   9.423828	   3.180918
   9.433594	  -2.216069
   9.443359	  -8.605884
   9.453125	 -14.765383
   9.462891	 -19.393752
   9.472656	 -21.420720
   9.482422	 -20.266533
   9.492188	 -15.988079
   9.501953	  -9.275180
   9.511719	  -1.299633
   9.521484	   6.543552
   9.531250	  12.937816
   9.541016	  16.917058
   9.550781	  18.046462
   9.560547	  16.476518
   9.570312	  12.867404
   9.580078	   8.211694
   9.589844	   3.604252
   9.599609	   0.015064
   9.609375	  -1.886758
   9.619141	  -1.827502
   9.628906	   0.065863
   9.638672	   3.336792
   9.648438	   7.319921
   9.658203	  11.279730
   9.667969	  14.538696
   9.677734	  16.575260
   9.687500	  17.082515
   9.697266	  15.987638
   9.707031	  13.437918
   9.716797	   9.761522
   9.726562	   5.411093
   9.736328	   0.897324
   9.746094	  -3.280685
   9.755859	  -6.701014
   9.765625	  -9.072319
   9.775391	 -10.266915
   9.785156	 -10.327297
   9.794922	  -9.444065
   9.804688	  -7.908959
   9.814453	  -6.052608
   9.824219	  -4.180531
   9.833984	  -2.521470
   9.843750	  -1.198757
   9.853516	  -0.228920
   9.863281	   0.455912
   9.873047	   0.971559
   9.882812	   1.444013
   9.892578	   1.981659
   9.902344	   2.663683
   9.912109	   3.543860
   9.921875	   4.662624
   9.931641	   6.057183
   9.941406	   7.760556
   9.951172	   9.785606
   9.960938	  12.097407
   9.970703	  14.583985
   9.980469	  17.038892
   9.990234	  19.167627
  10.000000	  20.623651
  10.009766	  21.070483
  10.019531	  20.257029
  10.029297	  18.087124
  10.039062	  14.663436
  10.048828	  10.291151
  10.058594	   5.436749
  10.068359	   0.649034
  10.078125	  -3.540280
  10.087891	  -6.713520
  10.097656	  -8.639288
  10.107422	  -9.304251
  10.117188	  -8.899211
  10.126953	  -7.765321
  10.136719	  -6.315246
  10.146484	  -4.948357
  10.156250	  -3.978193
  10.166016	  -3.585245
  10.175781	  -3.800672
  10.185547	  -4.519208
  10.195312	  -5.534231
  10.205078	  -6.585513
  10.214844	  -7.410411
  10.224609	  -7.791056
  10.234375	  -7.592159
  10.244141	  -6.785536
  10.253906	  -5.458190
  10.263672	  -3.801433
  10.273438	  -2.080002
  10.283203	  -0.583131
  10.292969	   0.436021
  10.302734	   0.821381
  10.312500	   0.560897
  10.322266	  -0.195104
  10.332031	  -1.154076
  10.341797	  -1.941125
  10.351562	  -2.188677
  10.361328	  -1.635807
  10.371094	  -0.211182
  10.380859	   1.925371
  10.390625	   4.398905
  10.400391	   6.694579
  10.410156	   8.276835
  10.419922	   8.723390
  10.429688	   7.838413
  10.439453	   5.712751
  10.449219	   2.712313
  10.458984	  -0.604801
  10.468750	  -3.621569
  10.478516	  -5.810002
  10.488281	  -6.853253
  10.498047	  -6.708450
  10.507812	  -5.593890
  10.517578	  -3.906389
  10.527344	  -2.095044
  10.537109	  -0.530130
  10.546875	   0.593508
  10.556641	   1.290744
  10.566406	   1.750351
  10.576172	   2.243558
  10.585938	   3.008937
  10.595703	   4.152671
  10.605469	   5.597743
  10.615234	   7.099248
  10.625000	   8.321118
  10.634766	   8.949196
  10.644531	   8.803284
  10.654297	   7.910638
  10.664062	   6.515367
  10.673828	   5.018597
  10.683594	   3.866407
  10.693359	   3.419434
  10.703125	   3.844210
  10.712891	   5.059804
  10.722656	   6.756292
  10.732422	   8.479451
  10.742188	   9.755913
  10.751953	  10.221137
  10.761719	   9.712563
  10.771484	   8.302016
  10.781250	   6.260740
  10.791016	   3.971231
  10.800781	   1.815519
  10.810547	   0.075104
  10.820312	  -1.128038
  10.830078	  -1.834870
  10.839844	  -2.201331
  10.849609	  -2.419617
  10.859375	  -2.638048
  10.869141	  -2.907420
  10.878906	  -3.170986
  10.888672	  -3.299082
  10.898438	  -3.153635
  10.908203	  -2.657557
  10.917969	  -1.842851
  10.927734	  -0.859124
  10.937500	   0.061594
  10.947266	   0.672429
  10.957031	   0.788899
  10.966797	   0.349559
  10.976562	  -0.560777
  10.986328	  -1.733563
  10.996094	  -2.897880
  11.005859	  -3.800847
  11.015625	  -4.281152
  11.025391	  -4.312244
  11.035156	  -4.001956
  11.044922	  -3.549745
  11.054688	  -3.176573
  11.064453	  -3.051044
  11.074219	  -3.236135
  11.083984	  -3.673523
  11.093750	  -4.209724
  11.103516	  -4.654356
  11.113281	  -4.850394
  11.123047	  -4.732623
  11.132812	  -4.354721
  11.142578	  -3.875951
  11.152344	  -3.511710
  11.162109	  -3.463868
  11.171875	  -3.853163
  11.181641	  -4.675084
  11.191406	  -5.793000
  11.201172	  -6.970630
  11.210938	  -7.933869
  11.220703	  -8.443418
  11.230469	  -8.357064
  11.240234	  -7.664285
  11.250000	  -6.484682
  11.259766	  -5.032507
  11.269531	  -3.558998
  11.279297	  -2.289525
  11.289062	  -1.372577
  11.298828	  -0.852766
  11.308594	  -0.672292
  11.318359	  -0.697182
  11.328125	  -0.758597
  11.337891	  -0.696980
  11.347656	  -0.397991
  11.357422	   0.186836
  11.367188	   1.036746
  11.376953	   2.073225
  11.386719	   3.181009
  11.396484	   4.232677
  11.406250	   5.111807
  11.416016	   5.731430
  11.425781	   6.046152
  11.435547	   6.057367
  11.445312	   5.811379
  11.455078	   5.390481
  11.464844	   4.897520
  11.474609	   4.435606
  11.484375	   4.086166
  11.494141	   3.890046
  11.503906	   3.836848
  11.513672	   3.866701
  11.523438	   3.885928
  11.533203	   3.794197
  11.542969	   3.516839
  11.552734	   3.033491
  11.562500	   2.394094
  11.572266	   1.716052
  11.582031	   1.161364
  11.591797	   0.898457
  11.601562	   1.058357
  11.611328	   1.697173
  11.621094	   2.775616
  11.630859	   4.161790
  11.640625	   5.656914
  11.650391	   7.037175
  11.660156	   8.100406
  11.669922	   8.705289
  11.679688	   8.793491
  11.689453	   8.390642
  11.699219	   7.588442
  11.708984	   6.515450
  11.718750	   5.306437
  11.728516	   4.079113
  11.738281	   2.923086
  11.748047	   1.900651
  11.757812	   1.054583
  11.767578	   0.415980
  11.777344	   0.006274
  11.787109	  -0.168783
  11.796875	  -0.130637
  11.806641	   0.061473
  11.816406	   0.308450
  11.826172	   0.483298
  11.835938	   0.457618
  11.845703	   0.137093
  11.855469	  -0.504478
  11.865234	  -1.404733
  11.875000	  -2.415401
  11.884766	  -3.331237
  11.894531	  -3.940020
  11.904297	  -4.080879
  11.914062	  -3.694003
  11.923828	  -2.845854
  11.933594	  -1.720149
  11.943359	  -0.574725
  11.953125	   0.325202
  11.962891	   0.779064
  11.972656	   0.707394
  11.982422	   0.175599
  11.992188	  -0.622996
  12.001953	  -1.421031
  12.011719	  -1.953189
  12.021484	  -2.032951
  12.031250	  -1.608031
  12.041016	  -0.778548
  12.050781	   0.227313
  12.060547	   1.113182
  12.070312	   1.592929
  12.080078	   1.465701
  12.089844	   0.667139
  12.099609	  -0.716351
  12.109375	  -2.472598
  12.119141	  -4.319312
  12.128906	  -5.973796
  12.138672	  -7.217382
  12.148438	  -7.938126
  12.158203	  -8.142611
  12.167969	  -7.937001
  12.177734	  -7.485860
  12.187500	  -6.962422
  12.197266	  -6.504623
  12.207031	  -6.187757
  12.216797	  -6.018431
  12.226562	  -5.947778
  12.236328	  -5.896797
  12.246094	  -5.784420
  12.255859	  -5.549895
  12.265625	  -5.164398
  12.275391	  -4.631119
  12.285156	  -3.976803
  12.294922	  -3.239713
  12.304688	  -2.458923
  12.314453	  -1.668007
  12.324219	  -0.893708
  12.333984	  -0.157906
  12.343750	   0.519802
  12.353516	   1.121291
  12.363281	   1.631801
  12.373047	   2.043741
  12.382812	   2.360288
  12.392578	   2.596440
  12.402344	   2.776041
  12.412109	   2.924953
  12.421875	   3.062256
  12.431641	   3.192463
  12.441406	   3.301725
  12.451172	   3.359867
  12.460938	   3.328238
  12.470703	   3.171411
  12.480469	   2.869450
  12.490234	   2.427172
  12.500000	   1.877682
  12.509766	   1.279116
  12.519531	   0.705351
  12.529297	   0.232968
  12.539062	  -0.072557
  12.548828	  -0.168601
  12.558594	  -0.043086
  12.568359	   0.282816
  12.578125	   0.756947
  12.587891	   1.302756
  12.597656	   1.829390
  12.607422	   2.244348
  12.617188	   2.467577
  12.626953	   2.445502
  12.636719	   2.162835
  12.646484	   1.649571
  12.656250	   0.980601
  12.666016	   0.266317
  12.675781	  -0.365657
  12.685547	  -0.795023
  12.695312	  -0.934878
  12.705078	  -0.753098
  12.714844	  -0.283093
  12.724609	   0.379940
  12.734375	   1.097695
  12.744141	   1.718667
  12.753906	   2.112228
  12.763672	   2.198146
  12.773438	   1.963661
  12.783203	   1.463417
  12.792969	   0.802298
  12.802734	   0.106078
  12.812500	  -0.511641
  12.822266	  -0.976732
  12.832031	  -1.268440
  12.841797	  -1.416440
  12.851562	  -1.482852
  12.861328	  -1.535662
  12.871094	  -1.622540
  12.880859	  -1.753677
  12.890625	  -1.899125
  12.900391	  -2.001201
  12.910156	  -1.997488
  12.919922	  -1.846439
  12.929688	  -1.546732
  12.939453	  -1.143611
  12.949219	  -0.719755
  12.958984	  -0.373341
  12.968750	  -0.190154
  12.978516	  -0.218550
  12.988281	  -0.455109
  12.998047	  -0.845366
  13.007812	  -1.299165
  13.017578	  -1.715653
  13.027344	  -2.010085
  13.037109	  -2.134437
  13.046875	  -2.086160
  13.056641	  -1.903460
  13.066406	  -1.649840
  13.076172	  -1.393754
  13.085938	  -1.190243
  13.095703	  -1.070004
  13.105469	  -1.038225
  13.115234	  -1.081860
  13.125000	  -1.181096
  13.134766	  -1.319711
  13.144531	  -1.490020
  13.154297	  -1.690737
  13.164062	  -1.919305
  13.173828	  -2.162742
  13.183594	  -2.391899
  13.193359	  -2.562845
  13.203125	  -2.626314
  13.212891	  -2.542770
  13.222656	  -2.298032
  13.232422	  -1.913462
  13.242188	  -1.446068
  13.251953	  -0.976972
  13.261719	  -0.590727
  13.271484	  -0.351334
  13.281250	  -0.282471
  13.291016	  -0.358621
  13.300781	  -0.510686
  13.310547	  -0.645222
  13.320312	  -0.672014
  13.330078	  -0.531877
  13.339844	  -0.216142
  13.349609	   0.228407
  13.359375	   0.711093
  13.369141	   1.122396
  13.378906	   1.365365
  13.388672	   1.384273
  13.398438	   1.182175
  13.408203	   0.822238
  13.417969	   0.412417
  13.427734	   0.077828
  13.437500	  -0.071468
  13.447266	   0.031542
  13.457031	   0.394412
  13.466797	   0.964311
  13.476562	   1.642136
  13.486328	   2.307258
  13.496094	   2.845997
  13.505859	   3.176482
  13.515625	   3.264119
  13.525391	   3.124824
  13.535156	   2.816543
  13.544922	   2.422412
  13.554688	   2.030537
  13.564453	   1.715468
  13.574219	   1.525313
  13.583984	   1.476405
  13.593750	   1.555431
  13.603516	   1.727161
  13.613281	   1.945083
  13.623047	   2.162109
  13.632812	   2.339127
  13.642578	   2.450085
  13.652344	   2.483330
  13.662109	   2.439709
  13.671875	   2.328560
  13.681641	   2.162890
  13.691406	   1.955066
  13.701172	   1.714064
  13.710938	   1.444876
  13.720703	   1.150123
  13.730469	   0.833285
  13.740234	   0.502449
  13.750000	   0.173128
  13.759766	  -0.131165
  13.769531	  -0.381445
  13.779297	  -0.548823
  13.789062	  -0.612031
  13.798828	  -0.564955
  13.808594	  -0.421819
  13.818359	  -0.218002
  13.828125	  -0.005475
  13.837891	   0.156641
  13.847656	   0.214387
  13.857422	   0.131070
  13.867188	  -0.104153
  13.876953	  -0.473677
  13.886719	  -0.935724
  13.896484	  -1.434364
  13.906250	  -1.912468
  13.916016	  -2.323882
  13.925781	  -2.641435
  13.935547	  -2.858742
  13.945312	  -2.985832
  13.955078	  -3.040655
  13.964844	  -3.039854
  13.974609	  -2.992302
  13.984375	  -2.897808
  13.994141	  -2.751368
  14.003906	  -2.551157
  14.013672	  -2.306822
  14.023438	  -2.044275
  14.033203	  -1.804183
  14.042969	  -1.633531
  14.052734	  -1.572203
  14.062500	  -1.638667
  14.072266	  -1.819688
  14.082031	  -2.068243
  14.091797	  -2.311517
  14.101562	  -2.467764
  14.111328	  -2.467833
  14.121094	  -2.275353
  14.130859	  -1.899494
  14.140625	  -1.396085
  14.150391	  -0.856059
  14.160156	  -0.383906
  14.169922	  -0.071760
  14.179688	   0.023856
  14.189453	  -0.103759
  14.199219	  -0.410179
  14.208984	  -0.811694
  14.218750	  -1.206939
  14.228516	  -1.502286
  14.238281	  -1.634181
  14.248047	  -1.582681
  14.257812	  -1.373130
  14.267578	  -1.066268
  14.277344	  -0.740154
  14.287109	  -0.469209
  14.296875	  -0.306013
  14.306641	  -0.270250
  14.316406	  -0.346861
  14.326172	  -0.492862
  14.335938	  -0.650094
  14.345703	  -0.760030
  14.355469	  -0.776772
  14.365234	  -0.675448
  14.375000	  -0.454808
  14.384766	  -0.134441
  14.394531	   0.251758
  14.404297	   0.663736
  14.414062	   1.063051
  14.423828	   1.418861
  14.433594	   1.711458
  14.443359	   1.933345
  14.453125	   2.088244
  14.462891	   2.188562
  14.472656	   2.251875
  14.482422	   2.296937
  14.492188	   2.339750
  14.501953	   2.390304
  14.511719	   2.450583
  14.521484	   2.514330
  14.531250	   2.568759
  14.541016	   2.597915
  14.550781	   2.586912
  14.560547	   2.525947
  14.570312	   2.412958
  14.580078	   2.254181
  14.589844	   2.062449
  14.599609	   1.853840
  14.609375	   1.643810
  14.619141	   1.444082
  14.628906	   1.261309
  14.638672	   1.097771
  14.648438	   0.953641
  14.658203	   0.829651
  14.667969	   0.728858
  14.677734	   0.656525
  14.687500	   0.617932
  14.697266	   0.614833
  14.707031	   0.642020
  14.716797	   0.685594
  14.726562	   0.724129
  14.736328	   0.732894
  14.746094	   0.690158
  14.755859	   0.583645
  14.765625	   0.414913
  14.775391	   0.199921
  14.785156	  -0.034783
  14.794922	  -0.259337
  14.804688	  -0.449088
  14.814453	  -0.591593
  14.824219	  -0.689629
  14.833984	  -0.759037
  14.843750	  -0.821917
  14.853516	  -0.897389
  14.863281	  -0.993091
  14.873047	  -1.100518
  14.882812	  -1.196140
  14.892578	  -1.248330
  14.902344	  -1.228093
  14.912109	  -1.120155
  14.921875	  -0.930625
  14.931641	  -0.688344
  14.941406	  -0.439018
  14.951172	  -0.233521
  14.960938	  -0.113772
  14.970703	  -0.100493
  14.980469	  -0.186738
  14.990234	  -0.339369
  15.000000	  -0.508236
  15.009766	  -0.640397
  15.019531	  -0.695159
  15.029297	  -0.655438
  15.039062	  -0.532097
  15.048828	  -0.360079
  15.058594	  -0.187680
  15.068359	  -0.062319
  15.078125	  -0.017136
  15.087891	  -0.062328
  15.097656	  -0.183525
  15.107422	  -0.347321
  15.117188	  -0.511895
  15.126953	  -0.639303
  15.136719	  -0.705752
  15.146484	  -0.707067
  15.156250	  -0.658201
  15.166016	  -0.587499
  15.175781	  -0.527860
  15.185547	  -0.507589
  15.195312	  -0.543418
  15.205078	  -0.637228
  15.214844	  -0.776662
  15.224609	  -0.938747
  15.234375	  -1.095024
  15.244141	  -1.216686
  15.253906	  -1.278743
  15.263672	  -1.262895
  15.273438	  -1.159356
  15.283203	  -0.968038
  15.292969	  -0.699309
  15.302734	  -0.374121
  15.312500	  -0.022925
  15.322266	   0.317269
  15.332031	   0.607935
  15.341797	   0.815718
  15.351562	   0.919496
  15.361328	   0.915969
  15.371094	   0.821935
  15.380859	   0.672066
  15.390625	   0.512153
  15.400391	   0.389137
  15.410156	   0.340350
  15.419922	   0.384763
  15.429688	   0.518671
  15.439453	   0.717012
  15.449219	   0.939977
  15.458984	   1.143058
  15.468750	   1.287733
  15.478516	   1.349953
  15.488281	   1.324333
  15.498047	   1.223340
  15.507812	   1.072243
  15.517578	   0.901741
  15.527344	   0.740590
  15.537109	   0.610231
  15.546875	   0.522453
  15.556641	   0.479997
  15.566406	   0.479049
  15.576172	   0.512188
  15.585938	   0.570537
  15.595703	   0.644586
  15.605469	   0.723937
  15.615234	   0.796859
  15.625000	   0.850606
  15.634766	   0.873078
  15.644531	   0.855629
  15.654297	   0.796072
  15.664062	   0.700555
  15.673828	   0.583136
  15.683594	   0.462635
  15.693359	   0.357395
  15.703125	   0.279519
  15.712891	   0.230631
  15.722656	   0.200885
  15.732422	   0.171999
  15.742188	   0.123639
  15.751953	   0.041233
  15.761719	  -0.077461
  15.771484	  -0.219519
  15.781250	  -0.359115
  15.791016	  -0.464601
  15.800781	  -0.508396
  15.810547	  -0.476562
  15.820312	  -0.374815
  15.830078	  -0.228714
  15.839844	  -0.077581
  15.849609	   0.036253
  15.859375	   0.079659
  15.869141	   0.038597
  15.878906	  -0.077505
  15.888672	  -0.238315
  15.898438	  -0.401400
  15.908203	  -0.524528
  15.917969	  -0.577680
  15.927734	  -0.551063
  15.937500	  -0.456812
  15.947266	  -0.324080
  15.957031	  -0.189367
  15.966797	  -0.085358
  15.976562	  -0.031882
  15.986328	  -0.031718
  15.996094	  -0.072205
  16.005859	  -0.131651
  16.015625	  -0.187989
  16.025391	  -0.226528
  16.035156	  -0.244207
  16.044922	  -0.249168
  16.054688	  -0.256234
  16.064453	  -0.280309
  16.074219	  -0.330376
  16.083984	  -0.406339
  16.093750	  -0.499773
  16.103516	  -0.598012
  16.113281	  -0.689737
  16.123047	  -0.769608
  16.132812	  -0.839936
  16.142578	  -0.908595
  16.152344	  -0.983930
  16.162109	  -1.068723
  16.171875	  -1.155817
  16.181641	  -1.227500
  16.191406	  -1.259436
  16.201172	  -1.228194
  16.210938	  -1.119977
  16.220703	  -0.937458
  16.230469	  -0.702089
  16.240234	  -0.450598
  16.250000	  -0.226361
  16.259766	  -0.068070
  16.269531	   0.000853
  16.279297	  -0.021229
  16.289062	  -0.113811
  16.298828	  -0.240190
  16.308594	  -0.357869
  16.318359	  -0.430192
  16.328125	  -0.435688
  16.337891	  -0.372438
  16.347656	  -0.256470
  16.357422	  -0.115138
  16.367188	   0.022032
  16.376953	   0.131940
  16.386719	   0.203288
  16.396484	   0.237421
  16.406250	   0.244964
  16.416016	   0.240028
  16.425781	   0.234416
  16.435547	   0.233985
  16.445312	   0.238283
  16.455078	   0.243151
  16.464844	   0.244806
  16.474609	   0.243373
  16.484375	   0.244179
  16.494141	   0.256137
  16.503906	   0.287848
  16.513672	   0.343123
  16.523438	   0.417972
  16.533203	   0.500636
  16.542969	   0.575038
  16.552734	   0.626624
  16.562500	   0.648463
  16.572266	   0.645136
  16.582031	   0.632593
  16.591797	   0.633520
  16.601562	   0.669464
  16.611328	   0.752293
  16.621094	   0.878072
  16.630859	   1.025796
  16.640625	   1.161922
  16.650391	   1.249618
  16.660156	   1.259981
  16.669922	   1.181559
  16.679688	   1.024947
  16.689453	   0.820660
  16.699219	   0.610689
  16.708984	   0.436231
  16.718750	   0.325400
  16.728516	   0.284851
  16.738281	   0.297991
  16.748047	   0.330423
  16.757812	   0.340876
  16.767578	   0.294185
  16.777344	   0.172214
  16.787109	  -0.020636
  16.796875	  -0.258925
  16.806641	  -0.503988
  16.816406	  -0.715415
  16.826172	  -0.862473
  16.835938	  -0.931961
  16.845703	  -0.930300
  16.855469	  -0.879643
  16.865234	  -0.809715
  16.875000	  -0.748345
  16.884766	  -0.713842
  16.894531	  -0.711457
  16.904297	  -0.734618
  16.914062	  -0.769898
  16.923828	  -0.803495
  16.933594	  -0.826674
  16.943359	  -0.838235
  16.953125	  -0.843392
  16.962891	  -0.849835
  16.972656	  -0.862854
  16.982422	  -0.881643
  16.992188	  -0.898384
  17.001953	  -0.900526
  17.011719	  -0.875393
  17.021484	  -0.815313
  17.031250	  -0.721210
  17.041016	  -0.603202
  17.050781	  -0.477840
  17.060547	  -0.362945
  17.070312	  -0.271887
  17.080078	  -0.209422
  17.089844	  -0.170626
  17.099609	  -0.143328
  17.109375	  -0.113176
  17.119141	  -0.069459
  17.128906	  -0.009536
  17.138672	   0.059791
  17.148438	   0.124513
  17.158203	   0.168505
  17.167969	   0.179657
  17.177734	   0.154847
  17.187500	   0.101951
  17.197266	   0.038103
  17.207031	  -0.015248
  17.216797	  -0.038865
  17.226562	  -0.021642
  17.236328	   0.035980
  17.246094	   0.122172
  17.255859	   0.217256
  17.265625	   0.299364
  17.275391	   0.350331
  17.285156	   0.360004
  17.294922	   0.327857
  17.304688	   0.261782
  17.314453	   0.174899
  17.324219	   0.081775
  17.333984	  -0.004614
  17.343750	  -0.074352
  17.353516	  -0.120496
  17.363281	  -0.138141
  17.373047	  -0.123645
  17.382812	  -0.074843
  17.392578	   0.007554
  17.402344	   0.117963
  17.412109	   0.244457
  17.421875	   0.369015
  17.431641	   0.470206
  17.441406	   0.528058
  17.451172	   0.529912
  17.460938	   0.475346
  17.470703	   0.378272
  17.480469	   0.264958
  17.490234	   0.168037
  17.500000	   0.117898
  17.509766	   0.133912
  17.519531	   0.218224
  17.529297	   0.354208
  17.539062	   0.510329
  17.548828	   0.648462
  17.558594	   0.734269
  17.568359	   0.746558
  17.578125	   0.682808
  17.587891	   0.559250
  17.597656	   0.405617
  17.607422	   0.256340
  17.617188	   0.141028
  17.626953	   0.077156
  17.636719	   0.067071
  17.646484	   0.099841
  17.656250	   0.156897
  17.666016	   0.219193
  17.675781	   0.273282
  17.685547	   0.314315
  17.695312	   0.345201
  17.705078	   0.372705
  17.714844	   0.402343
  17.724609	   0.434325
  17.734375	   0.462278
  17.744141	   0.475333
  17.753906	   0.462719
  17.763672	   0.418985
  17.773438	   0.347612
  17.783203	   0.261345
  17.792969	   0.178793
  17.802734	   0.118301
  17.812500	   0.091263
  17.822266	   0.097355
  17.832031	   0.123677
  17.841797	   0.148381
  17.851562	   0.147821
  17.861328	   0.104859
  17.871094	   0.015461
  17.880859	  -0.108825
  17.890625	  -0.243600
  17.900391	  -0.358827
  17.910156	  -0.428247
  17.919922	  -0.437892
  17.929688	  -0.390791
  17.939453	  -0.306241
  17.949219	  -0.213773
  17.958984	  -0.143789
  17.968750	  -0.117943
  17.978516	  -0.142431
  17.988281	  -0.206413
  17.998047	  -0.286002
  18.007812	  -0.352463
  18.017578	  -0.381806
  18.027344	  -0.362620
  18.037109	  -0.299576
  18.046875	  -0.211594
  18.056641	  -0.125449
  18.066406	  -0.067091
  18.076172	  -0.053642
  18.085938	  -0.088674
  18.095703	  -0.162131
  18.105469	  -0.254662
  18.115234	  -0.344580
  18.125000	  -0.414935
  18.134766	  -0.458245
  18.144531	  -0.477444
  18.154297	  -0.483023
  18.164062	  -0.487705
  18.173828	  -0.500826
  18.183594	  -0.524565
  18.193359	  -0.553368
  18.203125	  -0.576637
  18.212891	  -0.583504
  18.222656	  -0.567747
  18.232422	  -0.530883
  18.242188	  -0.482226
  18.251953	  -0.435864
  18.261719	  -0.405691
  18.271484	  -0.400396
  18.281250	  -0.420276
  18.291016	  -0.457089
  18.300781	  -0.496975
  18.310547	  -0.525342
  18.320312	  -0.531878
  18.330078	  -0.513801
  18.339844	  -0.476166
  18.349609	  -0.429164
  18.359375	  -0.383483
  18.369141	  -0.345591
  18.378906	  -0.314791
  18.388672	  -0.283270
  18.398438	  -0.239205
  18.408203	  -0.171809
  18.417969	  -0.076430
  18.427734	   0.042280
  18.437500	   0.170457
  18.447266	   0.288503
  18.457031	   0.376887
  18.466797	   0.422294
  18.476562	   0.421974
  18.486328	   0.384779
  18.496094	   0.328475
  18.505859	   0.274263
  18.515625	   0.240375
  18.525391	   0.236932
  18.535156	   0.263741
  18.544922	   0.311658
  18.554688	   0.366828
  18.564453	   0.416140
  18.574219	   0.451838
  18.583984	   0.473615
  18.593750	   0.487551
  18.603516	   0.502447
  18.613281	   0.525136
  18.623047	   0.556727
  18.632812	   0.591362
  18.642578	   0.618100
  18.652344	   0.625262
  18.662109	   0.605611
  18.671875	   0.560276
  18.681641	   0.499762
  18.691406	   0.441398
  18.701172	   0.403900
  18.710938	   0.400875
  18.720703	   0.435556
  18.730469	   0.498762
  18.740234	   0.570978
  18.750000	   0.628054
  18.759766	   0.648710
  18.769531	   0.621347
  18.779297	   0.547858
  18.789062	   0.443101
  18.798828	   0.330188
  18.808594	   0.233151
  18.818359	   0.169448
  18.828125	   0.144818
  18.837891	   0.152153
  18.847656	   0.174677
  18.857422	   0.192214
  18.867188	   0.188325
  18.876953	   0.155805
  18.886719	   0.098695
  18.896484	   0.030213
  18.906250	  -0.032538
  18.916016	  -0.075098
  18.925781	  -0.091069
  18.935547	  -0.084476
  18.945312	  -0.068309
  18.955078	  -0.059809
  18.964844	  -0.074248
  18.974609	  -0.119416
  18.984375	  -0.192735
  18.994141	  -0.281965
  19.003906	  -0.369126
  19.013672	  -0.436193
  19.023438	  -0.470541
  19.033203	  -0.468276
  19.042969	  -0.434494
  19.052734	  -0.380589
  19.062500	  -0.319850
  19.072266	  -0.263084
  19.082031	  -0.215879
  19.091797	  -0.178382
  19.101562	  -0.147387
  19.111328	  -0.119627
  19.121094	  -0.094676
  19.130859	  -0.076080
  19.140625	  -0.070120
  19.150391	  -0.082637
  19.160156	  -0.115248
  19.169922	  -0.162662
  19.179688	  -0.212490
  19.189453	  -0.248036
  19.199219	  -0.253398
  19.208984	  -0.219187
  19.218750	  -0.146783
  19.228516	  -0.049380
  19.238281	   0.050898
  19.248047	   0.129158
  19.257812	   0.165314
  19.267578	   0.150600
  19.277344	   0.090768
  19.287109	   0.004767
  19.296875	  -0.080833
  19.306641	  -0.139947
  19.316406	  -0.154992
  19.326172	  -0.122212
  19.335938	  -0.052542
  19.345703	   0.032239
  19.355469	   0.106775
  19.365234	   0.150372
  19.375000	   0.153491
  19.384766	   0.120392
  19.394531	   0.067157
  19.404297	   0.015904
  19.414062	  -0.012756
  19.423828	  -0.006432
  19.433594	   0.035371
  19.443359	   0.101686
  19.453125	   0.174276
  19.462891	   0.233913
  19.472656	   0.266488
  19.482422	   0.266857
  19.492188	   0.239245
  19.501953	   0.194373
  19.511719	   0.144623
  19.521484	   0.099222
  19.531250	   0.061321
  19.541016	   0.027991
  19.550781	  -0.006990
  19.560547	  -0.048853
  19.570312	  -0.097904
  19.580078	  -0.147691
  19.589844	  -0.186203
  19.599609	  -0.199824
  19.609375	  -0.178655
  19.619141	  -0.121205
  19.628906	  -0.036551
  19.638672	   0.057048
  19.648438	   0.136870
  19.658203	   0.182344
  19.667969	   0.181370
  19.677734	   0.134190
  19.687500	   0.053463
  19.697266	  -0.039552
  19.707031	  -0.121459
  19.716797	  -0.173702
  19.726562	  -0.187776
  19.736328	  -0.167028
  19.746094	  -0.124596
  19.755859	  -0.078363
  19.765625	  -0.044765
  19.775391	  -0.033624
  19.785156	  -0.045679
  19.794922	  -0.073474
  19.804688	  -0.105012
  19.814453	  -0.128632
  19.824219	  -0.137210
  19.833984	  -0.130158
  19.843750	  -0.112593
  19.853516	  -0.092214
  19.863281	  -0.075283
  19.873047	  -0.063431
  19.882812	  -0.052653
  19.892578	  -0.034957
  19.902344	  -0.002022
  19.912109	   0.050607
  19.921875	   0.120527
  19.931641	   0.198039
  19.941406	   0.268627
  19.951172	   0.317592
  19.960938	   0.335196
  19.970703	   0.320370
  19.980469	   0.281512
  19.990234	   0.233912
  20.000000	   0.194594
  20.009766	   0.176373
  20.019531	   0.183264
  20.029297	   0.208981
  20.039062	   0.239189
  20.048828	   0.256810
  20.058594	   0.248536
  20.068359	   0.210221
  20.078125	   0.149140
  20.087891	   0.082157
  20.097656	   0.030327
  20.107422	   0.011710
  20.117188	   0.034883
  20.126953	   0.095460
  20.136719	   0.176894
  20.146484	   0.255412
  20.156250	   0.307447
  20.166016	   0.317082
  20.175781	   0.280994
  20.185547	   0.209250
  20.195312	   0.121718
  20.205078	   0.041405
  20.214844	  -0.012986
  20.224609	  -0.032704
  20.234375	  -0.020972
  20.244141	   0.009192
  20.253906	   0.040381
  20.263672	   0.057377
  20.273438	   0.052474
  20.283203	   0.027656
  20.292969	  -0.007065
  20.302734	  -0.038371
  20.312500	  -0.055533
  20.322266	  -0.055140
  20.332031	  -0.042779
  20.341797	  -0.030962
  20.351562	  -0.034006
  20.361328	  -0.061802
  20.371094	  -0.114871
  20.380859	  -0.182719
  20.390625	  -0.246351
  20.400391	  -0.284255
  20.410156	  -0.279901
  20.419922	  -0.228103
  20.429688	  -0.137926
  20.439453	  -0.030903
  20.449219	   0.065033
  20.458984	   0.124049
  20.468750	   0.130585
  20.478516	   0.084474
  20.488281	   0.001308
  20.498047	  -0.092143
  20.507812	  -0.165985
  20.517578	  -0.196146
  20.527344	  -0.171373
  20.537109	  -0.096110
  20.546875	   0.011487
  20.556641	   0.125592
  20.566406	   0.220693
  20.576172	   0.278899
  20.585938	   0.294321
  20.595703	   0.273369
  20.605469	   0.231243
  20.615234	   0.186107
  20.625000	   0.153100
  20.634766	   0.140169
  20.644531	   0.146916
  20.654297	   0.166448
  20.664062	   0.189166
  20.673828	   0.206842
  20.683594	   0.215374
  20.693359	   0.215321
  20.703125	   0.210264
  20.712891	   0.203928
  20.722656	   0.197488
  20.732422	   0.188307
  20.742188	   0.170726
  20.751953	   0.138619
  20.761719	   0.088628
  20.771484	   0.022675
  20.781250	  -0.051434
  20.791016	  -0.121760
  20.800781	  -0.175834
  20.810547	  -0.204841
  20.820312	  -0.206810
  20.830078	  -0.187515
  20.839844	  -0.158645
  20.849609	  -0.133787
  20.859375	  -0.123635
  20.869141	  -0.132182
  20.878906	  -0.155319
  20.888672	  -0.182437
  20.898438	  -0.200500
  20.908203	  -0.199128
  20.917969	  -0.174834
  20.927734	  -0.132805
  20.937500	  -0.085510
  20.947266	  -0.048579
  20.957031	  -0.035397
  20.966797	  -0.052391
  20.976562	  -0.096725
  20.986328	  -0.157300
  20.996094	  -0.218699
  21.005859	  -0.266676
  21.015625	  -0.293150
  21.025391	  -0.298859
  21.035156	  -0.292651
  21.044922	  -0.287675
  21.054688	  -0.295848
  21.064453	  -0.322734
  21.074219	  -0.364797
  21.083984	  -0.410200
  21.093750	  -0.443002
  21.103516	  -0.449311
  21.113281	  -0.423156
  21.123047	  -0.369859
  21.132812	  -0.305463
  21.142578	  -0.252209
  21.152344	  -0.231407
  21.162109	  -0.256111
  21.171875	  -0.326112
  21.181641	  -0.427072
  21.191406	  -0.534235
  21.201172	  -0.619575
  21.210938	  -0.660075
  21.220703	  -0.644412
  21.230469	  -0.575865
  21.240234	  -0.470558
  21.250000	  -0.351739
  21.259766	  -0.242135
  21.269531	  -0.157048
  21.279297	  -0.100504
  21.289062	  -0.065669
  21.298828	  -0.039157
  21.308594	  -0.007513
  21.318359	   0.036651
  21.328125	   0.091177
  21.337891	   0.144870
  21.347656	   0.181827
  21.357422	   0.187973
  21.367188	   0.157370
  21.376953	   0.095858
  21.386719	   0.020560
  21.396484	  -0.044805
  21.406250	  -0.077286
  21.416016	  -0.062291
  21.425781	   0.001236
  21.435547	   0.099869
  21.445312	   0.209396
  21.455078	   0.301979
  21.464844	   0.354458
  21.474609	   0.355072
  21.484375	   0.306493
  21.494141	   0.224280
  21.503906	   0.131466
  21.513672	   0.051206
  21.523438	  -0.000003
  21.533203	  -0.016345
  21.542969	  -0.002834
  21.552734	   0.028125
  21.562500	   0.062265
  21.572266	   0.088905
  21.582031	   0.104340
  21.591797	   0.112086
  21.601562	   0.120097
  21.611328	   0.136263
  21.621094	   0.164073
  21.630859	   0.200244
  21.640625	   0.235262
  21.650391	   0.256694
  21.660156	   0.253961
  21.669922	   0.222757
  21.679688	   0.167339
  21.689453	   0.099759
  21.699219	   0.036212
  21.708984	  -0.008220
  21.718750	  -0.024527
  21.728516	  -0.012643
  21.738281	   0.018827
  21.748047	   0.055921
  21.757812	   0.084453
  21.767578	   0.095103
  21.777344	   0.086584
  21.787109	   0.065773
  21.796875	   0.044779
  21.806641	   0.036079
  21.816406	   0.047569
  21.826172	   0.079387
  21.835938	   0.123728
  21.845703	   0.167735
  21.855469	   0.198397
  21.865234	   0.207640
  21.875000	   0.195667
  21.884766	   0.171279
  21.894531	   0.148959
  21.904297	   0.143732
  21.914062	   0.165627
  21.923828	   0.215734
  21.933594	   0.285318
  21.943359	   0.358327
  21.953125	   0.416455
  21.962891	   0.444997
  21.972656	   0.437458
  21.982422	   0.397353
  21.992188	   0.336652
  22.001953	   0.271511
  22.011719	   0.216899
  22.021484	   0.182050
  22.031250	   0.168317
  22.041016	   0.170045
  22.050781	   0.177939
  22.060547	   0.183482
  22.070312	   0.182584
  22.080078	   0.177002
  22.089844	   0.172984
  22.099609	   0.177709
  22.109375	   0.195026
  22.119141	   0.222307
  22.128906	   0.249879
  22.138672	   0.263507
  22.148438	   0.249211
  22.158203	   0.198745
  22.167969	   0.113645
  22.177734	   0.006213
  22.187500	  -0.103230
  22.197266	  -0.192079
  22.207031	  -0.242367
  22.216797	  -0.246513
  22.226562	  -0.209872
  22.236328	  -0.149101
  22.246094	  -0.086805
  22.255859	  -0.044225
  22.265625	  -0.034430
  22.275391	  -0.058358
  22.285156	  -0.105045
  22.294922	  -0.155963
  22.304688	  -0.191909
  22.314453	  -0.200023
  22.324219	  -0.178445
  22.333984	  -0.136965
  22.343750	  -0.093441
  22.353516	  -0.067250
  22.363281	  -0.072139
  22.373047	  -0.111007
  22.382812	  -0.174541
  22.392578	  -0.244202
  22.402344	  -0.298567
  22.412109	  -0.320809
  22.421875	  -0.304675
  22.431641	  -0.256879
  22.441406	  -0.195030
  22.451172	  -0.141810
  22.460938	  -0.117420
  22.470703	  -0.132881
  22.480469	  -0.186502
  22.490234	  -0.264666
  22.500000	  -0.346586
  22.509766	  -0.411321
  22.519531	  -0.444568
  22.529297	  -0.442882
  22.539062	  -0.413953
  22.548828	  -0.372946
  22.558594	  -0.336369
  22.568359	  -0.315721
  22.578125	  -0.313248
  22.587891	  -0.321318
  22.597656	  -0.325581
  22.607422	  -0.310735
  22.617188	  -0.266748
  22.626953	  -0.193258
  22.636719	  -0.100537
  22.646484	  -0.006615
  22.656250	   0.068433
  22.666016	   0.109049
  22.675781	   0.109344
  22.685547	   0.075046
  22.695312	   0.021628
  22.705078	  -0.030704
  22.714844	  -0.063416
  22.724609	  -0.065264
  22.734375	  -0.035307
  22.744141	   0.017567
  22.753906	   0.078224
  22.763672	   0.130577
  22.773438	   0.162690
  22.783203	   0.169957
  22.792969	   0.155470
  22.802734	   0.127712
  22.812500	   0.096701
  22.822266	   0.070163
  22.832031	   0.051205
  22.841797	   0.038232
  22.851562	   0.026942
  22.861328	   0.013377
  22.871094	  -0.003371
  22.880859	  -0.020033
  22.890625	  -0.030152
  22.900391	  -0.026833
  22.910156	  -0.006119
  22.919922	   0.030445
  22.929688	   0.075260
  22.939453	   0.116559
  22.949219	   0.142211
  22.958984	   0.144130
  22.968750	   0.121639
  22.978516	   0.082449
  22.988281	   0.040730
  22.998047	   0.012791
  23.007812	   0.011787
  23.017578	   0.043286
  23.027344	   0.103240
  23.037109	   0.179127
  23.046875	   0.253902
  23.056641	   0.311383
  23.066406	   0.341241
  23.076172	   0.341859
  23.085938	   0.320134
  23.095703	   0.288380
  23.105469	   0.259519
  23.115234	   0.242366
  23.125000	   0.238708
  23.134766	   0.243214
  23.144531	   0.246108
  23.154297	   0.237538
  23.164062	   0.211899
  23.173828	   0.170440
  23.183594	   0.121121
  23.193359	   0.075745
  23.203125	   0.045455
  23.212891	   0.036330
  23.222656	   0.046803
  23.232422	   0.067963
  23.242188	   0.086723
  23.251953	   0.090722
  23.261719	   0.073132
  23.271484	   0.035523
  23.281250	  -0.012401
  23.291016	  -0.056211
  23.300781	  -0.082168
  23.310547	  -0.082654
  23.320312	  -0.059583
  23.330078	  -0.024389
  23.339844	   0.005593
  23.349609	   0.013204
  23.359375	  -0.012097
  23.369141	  -0.069739
  23.378906	  -0.147233
  23.388672	  -0.223524
  23.398438	  -0.275534
  23.408203	  -0.285755
  23.417969	  -0.248343
  23.427734	  -0.171575
  23.437500	  -0.075749
  23.447266	   0.012879
  23.457031	   0.070168
  23.466797	   0.081554
  23.476562	   0.046441
  23.486328	  -0.021859
  23.496094	  -0.100565
  23.505859	  -0.164705
  23.515625	  -0.194796
  23.525391	  -0.182418
  23.535156	  -0.131975
  23.544922	  -0.058270
  23.554688	   0.019062
  23.564453	   0.082208
  23.574219	   0.120602
  23.583984	   0.133394
  23.593750	   0.128332
  23.603516	   0.117774
  23.613281	   0.113510
  23.623047	   0.122383
  23.632812	   0.144315
  23.642578	   0.173293
  23.652344	   0.200753
  23.662109	   0.219838
  23.671875	   0.228742
  23.681641	   0.231734
  23.691406	   0.237401
  23.701172	   0.254780
  23.710938	   0.288933
  23.720703	   0.337750
  23.730469	   0.391396
  23.740234	   0.434794
  23.750000	   0.452416
  23.759766	   0.433692
  23.769531	   0.377094
  23.779297	   0.291310
  23.789062	   0.192975
  23.798828	   0.101613
  23.808594	   0.033503
  23.818359	  -0.003429
  23.828125	  -0.011925
  23.837891	  -0.004101
  23.847656	   0.002991
  23.857422	  -0.006636
  23.867188	  -0.042431
  23.876953	  -0.104281
  23.886719	  -0.182922
  23.896484	  -0.263571
  23.906250	  -0.331371
  23.916016	  -0.376650
  23.925781	  -0.398070
  23.935547	  -0.402557
  23.945312	  -0.402104
  23.955078	  -0.408687
  23.964844	  -0.429246
  23.974609	  -0.462625
  23.984375	  -0.499656
  23.994141	  -0.526380
  24.003906	  -0.529239
  24.013672	  -0.500310
  24.023438	  -0.440647
  24.033203	  -0.360441
  24.042969	  -0.275903
  24.052734	  -0.203956
  24.062500	  -0.156637
  24.072266	  -0.137232
  24.082031	  -0.139530
  24.091797	  -0.150464
  24.101562	  -0.155162
  24.111328	  -0.142553
  24.121094	  -0.109473
  24.130859	  -0.061779
  24.140625	  -0.012052
  24.150391	   0.025230
  24.160156	   0.039288
  24.169922	   0.027296
  24.179688	  -0.004274
  24.189453	  -0.041768
  24.199219	  -0.069162
  24.208984	  -0.073830
  24.218750	  -0.051156
  24.228516	  -0.006275
  24.238281	   0.047719
  24.248047	   0.094475
  24.257812	   0.120309
  24.267578	   0.119181
  24.277344	   0.094907
  24.287109	   0.059768
  24.296875	   0.029996
  24.306641	   0.019753
  24.316406	   0.035800
  24.326172	   0.074795
  24.335938	   0.124250
  24.345703	   0.166837
  24.355469	   0.186524
  24.365234	   0.174355
  24.375000	   0.131793
  24.384766	   0.070404
  24.394531	   0.007992
  24.404297	  -0.037470
  24.414062	  -0.053958
  24.423828	  -0.039398
  24.433594	  -0.002166
  24.443359	   0.042064
  24.453125	   0.075958
  24.462891	   0.086586
  24.472656	   0.069768
  24.482422	   0.031153
  24.492188	  -0.016272
  24.501953	  -0.057278
  24.511719	  -0.080167
  24.521484	  -0.081082
  24.531250	  -0.065264
  24.541016	  -0.044820
  24.550781	  -0.033838
  24.560547	  -0.042698
  24.570312	  -0.073717
  24.580078	  -0.119794
  24.589844	  -0.166603
  24.599609	  -0.197599
  24.609375	  -0.200032
  24.619141	  -0.169783
  24.628906	  -0.113227
  24.638672	  -0.045398
  24.648438	   0.014951
  24.658203	   0.051675
  24.667969	   0.056713
  24.677734	   0.032794
  24.687500	  -0.007595
  24.697266	  -0.046593
  24.707031	  -0.067146
  24.716797	  -0.058794
  24.726562	  -0.021055
  24.736328	   0.036754
  24.746094	   0.099099
  24.755859	   0.149877
  24.765625	   0.178049
  24.775391	   0.181257
  24.785156	   0.166162
  24.794922	   0.145473
  24.804688	   0.132842
  24.814453	   0.137556
  24.824219	   0.160990
  24.833984	   0.196126
  24.843750	   0.230262
  24.853516	   0.249870
  24.863281	   0.245761
  24.873047	   0.216632
  24.882812	   0.169656
  24.892578	   0.117930
  24.902344	   0.075738
  24.912109	   0.053398
  24.921875	   0.053656
  24.931641	   0.070928
  24.941406	   0.093700
  24.951172	   0.109148
  24.960938	   0.108233
  24.970703	   0.089319
  24.980469	   0.058930
  24.990234	   0.029321
  25.000000	   0.013751
  25.009766	   0.021232
  25.019531	   0.052757
  25.029297	   0.100493
  25.039062	   0.150333
  25.048828	   0.186931
  25.058594	   0.199400
  25.068359	   0.185542
  25.078125	   0.152962
  25.087891	   0.116547
  25.097656	   0.093101
  25.107422	   0.095028
  25.117188	   0.125349
  25.126953	   0.175941
  25.136719	   0.229761
  25.146484	   0.266409
  25.156250	   0.269160
  25.166016	   0.231020
  25.175781	   0.157643
  25.185547	   0.065995
  25.195312	  -0.020870
  25.205078	  -0.081209
  25.214844	  -0.101661
  25.224609	  -0.081581
  25.234375	  -0.033162
  25.244141	   0.022701
  25.253906	   0.063383
  25.263672	   0.071968
  25.273438	   0.042628
  25.283203	  -0.017819
  25.292969	  -0.092610
  25.302734	  -0.160981
  25.312500	  -0.205228
  25.322266	  -0.216438
  25.332031	  -0.196999
  25.341797	  -0.159130
  25.351562	  -0.120125
  25.361328	  -0.096088
  25.371094	  -0.096432
  25.380859	  -0.121035
  25.390625	  -0.160927
  25.400391	  -0.202097
  25.410156	  -0.230886
  25.419922	  -0.238927
  25.429688	  -0.225835
  25.439453	  -0.198741
  25.449219	  -0.168993
  25.458984	  -0.147366
  25.468750	  -0.139709
  25.478516	  -0.144698
  25.488281	  -0.154584
  25.498047	  -0.158619
  25.507812	  -0.147847
  25.517578	  -0.119366
  25.527344	  -0.078361
  25.537109	  -0.037017
  25.546875	  -0.010588
  25.556641	  -0.011958
  25.566406	  -0.046662
  25.576172	  -0.110194
  25.585938	  -0.188672
  25.595703	  -0.262750
  25.605469	  -0.313502
  25.615234	  -0.328339
  25.625000	  -0.304939
  25.634766	  -0.251893
  25.644531	  -0.185883
  25.654297	  -0.126359
  25.664062	  -0.089546
  25.673828	  -0.083714
  25.683594	  -0.107208
  25.693359	  -0.149692
  25.703125	  -0.195985
  25.712891	  -0.231026
  25.722656	  -0.244256
  25.732422	  -0.232040
  25.742188	  -0.197578
  25.751953	  -0.148712
  25.761719	  -0.094732
  25.771484	  -0.043526
  25.781250	  -0.000116
  25.791016	   0.033114
  25.800781	   0.054945
  25.810547	   0.063651
  25.820312	   0.056188
  25.830078	   0.028904
  25.839844	  -0.020326
  25.849609	  -0.089446
  25.859375	  -0.170331
  25.869141	  -0.248883
  25.878906	  -0.307655
  25.888672	  -0.330548
  25.898438	  -0.308220
  25.908203	  -0.242280
  25.917969	  -0.146559
  25.927734	  -0.044542
  25.937500	   0.036672
  25.947266	   0.074249
  25.957031	   0.056924
  25.966797	  -0.010724
  25.976562	  -0.108631
  25.986328	  -0.206426
  25.996094	  -0.272038
  26.005859	  -0.281166
  26.015625	  -0.224657
  26.025391	  -0.111444
  26.035156	   0.033947
  26.044922	   0.178564
  26.054688	   0.290645
  26.064453	   0.348660
  26.074219	   0.346975
  26.083984	   0.296481
  26.093750	   0.220138
  26.103516	   0.145084
  26.113281	   0.093964
  26.123047	   0.078311
  26.132812	   0.096026
  26.142578	   0.133541
  26.152344	   0.171661
  26.162109	   0.192903
  26.171875	   0.187736
  26.181641	   0.157621
  26.191406	   0.113973
  26.201172	   0.073604
  26.210938	   0.052410
  26.220703	   0.059615
  26.230469	   0.094579
  26.240234	   0.147184
  26.250000	   0.201534
  26.259766	   0.241514
  26.269531	   0.256190
  26.279297	   0.243157
  26.289062	   0.208779
  26.298828	   0.165402
  26.308594	   0.126723
  26.318359	   0.103068
  26.328125	   0.098305
  26.337891	   0.109387
  26.347656	   0.128539
  26.357422	   0.147067
  26.367188	   0.159242
  26.376953	   0.164726
  26.386719	   0.168628
  26.396484	   0.179220
  26.406250	   0.204249
  26.416016	   0.247317
  26.425781	   0.305756
  26.435547	   0.370840
  26.445312	   0.430290
  26.455078	   0.472156
  26.464844	   0.488653
  26.474609	   0.478558
  26.484375	   0.447342
  26.494141	   0.405054
  26.503906	   0.362783
  26.513672	   0.329064
  26.523438	   0.307480
  26.533203	   0.296285
  26.542969	   0.289983
  26.552734	   0.282113
  26.562500	   0.268023
  26.572266	   0.246505
  26.582031	   0.219701
  26.591797	   0.191462
  26.601562	   0.165006
  26.611328	   0.141061
  26.621094	   0.117472
  26.630859	   0.090588
  26.640625	   0.057944
  26.650391	   0.021042
  26.660156	  -0.013163
  26.669922	  -0.033120
  26.679688	  -0.026044
  26.689453	   0.017084
  26.699219	   0.096591
  26.708984	   0.201225
  26.718750	   0.308817
  26.728516	   0.390869
  26.738281	   0.420104
  26.748047	   0.378808
  26.757812	   0.265288
  26.767578	   0.096128
  26.777344	  -0.096872
  26.787109	  -0.274549
  26.796875	  -0.400870
  26.806641	  -0.452971
  26.816406	  -0.427653
  26.826172	  -0.342249
  26.835938	  -0.229522
  26.845703	  -0.128110
  26.855469	  -0.071441
  26.865234	  -0.078530
  26.875000	  -0.149402
  26.884766	  -0.266385
  26.894531	  -0.400634
  26.904297	  -0.521546
  26.914062	  -0.605936
  26.923828	  -0.644014
  26.933594	  -0.640437
  26.943359	  -0.610419
  26.953125	  -0.572588
  26.962891	  -0.541316
  26.972656	  -0.521312
  26.982422	  -0.506361
  26.992188	  -0.482533
  27.001953	  -0.434562
  27.011719	  -0.352951
  27.021484	  -0.239115
  27.031250	  -0.106616
  27.041016	   0.022084
  27.050781	   0.122271
  27.060547	   0.174770
  27.070312	   0.172188
  27.080078	   0.121453
  27.089844	   0.041781
  27.099609	  -0.041232
  27.109375	  -0.103389
  27.119141	  -0.128951
  27.128906	  -0.114681
  27.138672	  -0.069671
  27.148438	  -0.011229
  27.158203	   0.041588
  27.167969	   0.074479
  27.177734	   0.082214
  27.187500	   0.069425
  27.197266	   0.047818
  27.207031	   0.031032
  27.216797	   0.029135
  27.226562	   0.044780
  27.236328	   0.072349
  27.246094	   0.100273
  27.255859	   0.115545
  27.265625	   0.108700
  27.275391	   0.077397
  27.285156	   0.027365
  27.294922	  -0.029572
  27.304688	  -0.079548
  27.314453	  -0.111266
  27.324219	  -0.119483
  27.333984	  -0.106165
  27.343750	  -0.079049
  27.353516	  -0.048273
  27.363281	  -0.022463
  27.373047	  -0.005751
  27.382812	   0.003194
  27.392578	   0.009885
  27.402344	   0.021120
  27.412109	   0.041720
  27.421875	   0.072214
  27.431641	   0.108410
  27.441406	   0.142951
  27.451172	   0.168189
  27.460938	   0.179159
  27.470703	   0.175408
  27.480469	   0.160925
  27.490234	   0.142183
  27.500000	   0.125118
  27.509766	   0.112327
  27.519531	   0.101716
  27.529297	   0.087279
  27.539062	   0.061812
  27.548828	   0.020552
  27.558594	  -0.035744
  27.568359	  -0.099652
  27.578125	  -0.158553
  27.587891	  -0.198454
  27.597656	  -0.208908
  27.607422	  -0.187262
  27.617188	  -0.140566
  27.626953	  -0.084215
  27.636719	  -0.037537
  27.646484	  -0.017656
  27.656250	  -0.033677
  27.666016	  -0.083232
  27.675781	  -0.152701
  27.685547	  -0.221184
  27.695312	  -0.267027
  27.705078	  -0.274757
  27.714844	  -0.240110
  27.724609	  -0.171431
  27.734375	  -0.086970
  27.744141	  -0.008949
  27.753906	   0.043557
  27.763672	   0.060537
  27.773438	   0.043777
  27.783203	   0.005529
  27.792969	  -0.036309
  27.802734	  -0.064751
  27.812500	  -0.069686
  27.822266	  -0.051160
  27.832031	  -0.018881
  27.841797	   0.011764
  27.851562	   0.025688
  27.861328	   0.013845
  27.871094	  -0.023336
  27.880859	  -0.076036
  27.890625	  -0.128574
  27.900391	  -0.165020
  27.910156	  -0.174806
  27.919922	  -0.156272
  27.929688	  -0.116857
  27.939453	  -0.069924
  27.949219	  -0.029450
  27.958984	  -0.004609
  27.968750	   0.003670
  27.978516	   0.002853
  27.988281	   0.005563
  27.998047	   0.024161
  28.007812	   0.065206
  28.017578	   0.125950
  28.027344	   0.194320
  28.037109	   0.252565
  28.046875	   0.283387
  28.056641	   0.276411
  28.066406	   0.232617
  28.076172	   0.165044
  28.085938	   0.095325
  28.095703	   0.047096
  28.105469	   0.038429
  28.115234	   0.075864
  28.125000	   0.152053
  28.134766	   0.247870
  28.144531	   0.338268
  28.154297	   0.399945
  28.164062	   0.418250
  28.173828	   0.391075
  28.183594	   0.328558
  28.193359	   0.248860
  28.203125	   0.171641
  28.212891	   0.111571
  28.222656	   0.074116
  28.232422	   0.054952
  28.242188	   0.043006
  28.251953	   0.025819
  28.261719	  -0.004873
  28.271484	  -0.049448
  28.281250	  -0.099940
  28.291016	  -0.142946
  28.300781	  -0.164725
  28.310547	  -0.156548
  28.320312	  -0.118272
  28.330078	  -0.058782
  28.339844	   0.006870
  28.349609	   0.062564
  28.359375	   0.096565
  28.369141	   0.105347
  28.378906	   0.094384
  28.388672	   0.075684
  28.398438	   0.063020
  28.408203	   0.066683
  28.417969	   0.089721
  28.427734	   0.127064
  28.437500	   0.167820
  28.447266	   0.199829
  28.457031	   0.214684
  28.466797	   0.211268
  28.476562	   0.196373
  28.486328	   0.182106
  28.496094	   0.181008
  28.505859	   0.200707
  28.515625	   0.240175
  28.525391	   0.289096
  28.535156	   0.330749
  28.544922	   0.347490
  28.554688	   0.326936
  28.564453	   0.266645
  28.574219	   0.175556
  28.583984	   0.071582
  28.593750	  -0.023872
  28.603516	  -0.092611
  28.613281	  -0.125271
  28.623047	  -0.123914
  28.632812	  -0.100746
  28.642578	  -0.073471
  28.652344	  -0.058977
  28.662109	  -0.067607
  28.671875	  -0.100046
  28.681641	  -0.147817
  28.691406	  -0.197105
  28.701172	  -0.234377
  28.710938	  -0.251635
  28.720703	  -0.249343
  28.730469	  -0.235941
  28.740234	  -0.224191
  28.750000	  -0.225795
  28.759766	  -0.246410
  28.769531	  -0.283033
  28.779297	  -0.324831
  28.789062	  -0.357201
  28.798828	  -0.367554
  28.808594	  -0.350628
  28.818359	  -0.311251
  28.828125	  -0.263353
  28.837891	  -0.225427
  28.847656	  -0.213994
  28.857422	  -0.237419
  28.867188	  -0.292396
  28.876953	  -0.364518
  28.886719	  -0.432897
  28.896484	  -0.477284
  28.906250	  -0.485216
  28.916016	  -0.456587
  28.925781	  -0.403914
  28.935547	  -0.348072
  28.945312	  -0.310883
  28.955078	  -0.307152
  28.964844	  -0.338957
  28.974609	  -0.394337
  28.984375	  -0.450937
  28.994141	  -0.483486
  29.003906	  -0.472561
  29.013672	  -0.411587
  29.023438	  -0.309605
  29.033203	  -0.188737
  29.042969	  -0.077139
  29.052734	   0.000215
  29.062500	   0.029775
  29.072266	   0.013882
  29.082031	  -0.030102
  29.091797	  -0.075677
  29.101562	  -0.096122
  29.111328	  -0.073391
  29.121094	  -0.003983
  29.130859	   0.100160
  29.140625	   0.215954
  29.150391	   0.317108
  29.160156	   0.382932
  29.169922	   0.404977
  29.179688	   0.389312
  29.189453	   0.353777
  29.199219	   0.321293
  29.208984	   0.311659
  29.218750	   0.334716
  29.228516	   0.387189
  29.238281	   0.454184
  29.248047	   0.514654
  29.257812	   0.548796
  29.267578	   0.544744
  29.277344	   0.502253
  29.287109	   0.432260
  29.296875	   0.352669
  29.306641	   0.282070
  29.316406	   0.233728
  29.326172	   0.211978
  29.335938	   0.212174
  29.345703	   0.223958
  29.355469	   0.236388
  29.365234	   0.242807
  29.375000	   0.243529
  29.384766	   0.245284
  29.394531	   0.257718
  29.404297	   0.288368
  29.414062	   0.338188
  29.423828	   0.399518
  29.433594	   0.457467
  29.443359	   0.494384
  29.453125	   0.495892
  29.462891	   0.456281
  29.472656	   0.381231
  29.482422	   0.286722
  29.492188	   0.194371
  29.501953	   0.124699
  29.511719	   0.090622
  29.521484	   0.093414
  29.531250	   0.122536
  29.541016	   0.159392
  29.550781	   0.183678
  29.560547	   0.180129
  29.570312	   0.143341
  29.580078	   0.079057
  29.589844	   0.001597
  29.599609	  -0.071524
  29.609375	  -0.125794
  29.619141	  -0.154459
  29.628906	  -0.160216
  29.638672	  -0.153355
  29.648438	  -0.147194
  29.658203	  -0.152644
  29.667969	  -0.174005
  29.677734	  -0.207569
  29.687500	  -0.243531
  29.697266	  -0.270388
  29.707031	  -0.280059
  29.716797	  -0.271656
  29.726562	  -0.252350
  29.736328	  -0.234868
  29.746094	  -0.232478
  29.755859	  -0.253336
  29.765625	  -0.296391
  29.775391	  -0.350547
  29.785156	  -0.397646
  29.794922	  -0.418410
  29.804688	  -0.399360
  29.814453	  -0.338273
  29.824219	  -0.246133
  29.833984	  -0.144717
  29.843750	  -0.060423
  29.853516	  -0.016280
  29.863281	  -0.024737
  29.873047	  -0.083619
  29.882812	  -0.176586
  29.892578	  -0.277964
  29.902344	  -0.360358
  29.912109	  -0.402585
  29.921875	  -0.395417
  29.931641	  -0.343442
  29.941406	  -0.262661
  29.951172	  -0.174878
  29.960938	  -0.100906
  29.970703	  -0.054868
  29.980469	  -0.041296
  29.990234	  -0.055659
  30.000000	  -0.087661
  30.009766	  -0.125783
  30.019531	  -0.161208
  30.029297	  -0.189761
  30.039062	  -0.211371
  30.048828	  -0.227674
  30.058594	  -0.239101
  30.068359	  -0.242971
  30.078125	  -0.233639
  30.087891	  -0.204789
  30.097656	  -0.152985
  30.107422	  -0.080913
  30.117188	   0.001265
  30.126953	   0.077415
  30.136719	   0.129661
  30.146484	   0.144096
  30.156250	   0.116012
  30.166016	   0.052643
  30.175781	  -0.027836
  30.185547	  -0.101073
  30.195312	  -0.143726
  30.205078	  -0.140818
  30.214844	  -0.090800
  30.224609	  -0.006522
  30.234375	   0.088345
  30.244141	   0.166389
  30.253906	   0.204816
  30.263672	   0.192368
  30.273438	   0.132575
  30.283203	   0.042323
  30.292969	  -0.053734
  30.302734	  -0.130996
  30.312500	  -0.172366
  30.322266	  -0.172914
  30.332031	  -0.140337
  30.341797	  -0.091280
  30.351562	  -0.044977
  30.361328	  -0.016507
  30.371094	  -0.012016
  30.380859	  -0.027425
  30.390625	  -0.050853
  30.400391	  -0.067665
  30.410156	  -0.066163
  30.419922	  -0.041783
  30.429688	   0.001645
  30.439453	   0.053908
  30.449219	   0.102770
  30.458984	   0.138892
  30.468750	   0.159401
  30.478516	   0.168733
  30.488281	   0.176482
  30.498047	   0.193135
  30.507812	   0.225409
  30.517578	   0.273024
  30.527344	   0.328224
  30.537109	   0.378261
  30.546875	   0.409945
  30.556641	   0.414513
  30.566406	   0.390968
  30.576172	   0.346566
  30.585938	   0.294239
  30.595703	   0.247872
  30.605469	   0.217235
  30.615234	   0.204486
  30.625000	   0.203613
  30.634766	   0.203086
  30.644531	   0.190735
  30.654297	   0.159018
  30.664062	   0.108626
  30.673828	   0.048955
  30.683594	  -0.004881
  30.693359	  -0.037499
  30.703125	  -0.039205
  30.712891	  -0.010211
  30.722656	   0.038559
  30.732422	   0.088559
  30.742188	   0.119677
  30.751953	   0.117193
  30.761719	   0.077177
  30.771484	   0.008356
  30.781250	  -0.070336
  30.791016	  -0.135783
  30.800781	  -0.168261
  30.810547	  -0.157963
  30.820312	  -0.108205
  30.830078	  -0.034189
  30.839844	   0.042229
  30.849609	   0.099937
  30.859375	   0.125507
  30.869141	   0.117233
  30.878906	   0.084896
  30.888672	   0.045374
  30.898438	   0.015781
  30.908203	   0.006665
  30.917969	   0.017833
  30.927734	   0.038373
  30.937500	   0.050954
  30.947266	   0.038872
  30.957031	  -0.006734
  30.966797	  -0.082205
  30.976562	  -0.171099
  30.986328	  -0.248675
  30.996094	  -0.289763
  31.005859	  -0.277406
  31.015625	  -0.209294
  31.025391	  -0.099695
  31.035156	   0.023963
  31.044922	   0.128875
  31.054688	   0.186590
  31.064453	   0.181569
  31.074219	   0.115840
  31.083984	   0.008295
  31.093750	  -0.111074
  31.103516	  -0.210104
  31.113281	  -0.263675
  31.123047	  -0.260371
  31.132812	  -0.204681
  31.142578	  -0.114348
  31.152344	  -0.014063
  31.162109	   0.072237
  31.171875	   0.127920
  31.181641	   0.147149
  31.191406	   0.134556
  31.201172	   0.101738
  31.210938	   0.062194
  31.220703	   0.026695
  31.230469	   0.000653
  31.240234	  -0.015838
  31.250000	  -0.025746
  31.259766	  -0.031893
  31.269531	  -0.034332
  31.279297	  -0.029474
  31.289062	  -0.011328
  31.298828	   0.025736
  31.308594	   0.083918
  31.318359	   0.160012
  31.328125	   0.245430
  31.337891	   0.328373
  31.347656	   0.397364
  31.357422	   0.444826
  31.367188	   0.469305
  31.376953	   0.475489
  31.386719	   0.472001
  31.396484	   0.467839
  31.406250	   0.468890
  31.416016	   0.475893
  31.425781	   0.484680
  31.435547	   0.488573
  31.445312	   0.481946
  31.455078	   0.463422
  31.464844	   0.437287
  31.474609	   0.412365
  31.484375	   0.398630
  31.494141	   0.402803
  31.503906	   0.424699
  31.513672	   0.455941
  31.523438	   0.481840
  31.533203	   0.486065
  31.542969	   0.456560
  31.552734	   0.390586
  31.562500	   0.296853
  31.572266	   0.193695
  31.582031	   0.103563
  31.591797	   0.045562
  31.601562	   0.028544
  31.611328	   0.047285
  31.621094	   0.083327
  31.630859	   0.110497
  31.640625	   0.103486
  31.650391	   0.046671
  31.660156	  -0.059814
  31.669922	  -0.198999
  31.679688	  -0.341565
  31.689453	  -0.454630
  31.699219	  -0.512045
  31.708984	  -0.502838
  31.718750	  -0.434992
  31.728516	  -0.333242
  31.738281	  -0.231572
  31.748047	  -0.162843
  31.757812	  -0.148938
  31.767578	  -0.194615
  31.777344	  -0.286981
  31.787109	  -0.400587
  31.796875	  -0.506268
  31.806641	  -0.580623
  31.816406	  -0.612899
  31.826172	  -0.607058
  31.835938	  -0.578528
  31.845703	  -0.547048
  31.855469	  -0.528365
  31.865234	  -0.527891
  31.875000	  -0.538671
  31.884766	  -0.544382
  31.894531	  -0.526241
  31.904297	  -0.471234
  31.914062	  -0.378542
  31.923828	  -0.261672
  31.933594	  -0.145286
  31.943359	  -0.057640
  31.953125	  -0.021127
  31.962891	  -0.044184
  31.972656	  -0.117428
  31.982422	  -0.215523
  31.992188	  -0.304323
  32.001953	  -0.351113
  32.011719	  -0.334673
  32.021484	  -0.251942
  32.031250	  -0.119183
  32.041016	   0.032700
  32.050781	   0.167141
  32.060547	   0.252355
  32.070312	   0.270019
  32.080078	   0.219672
  32.089844	   0.117763
  32.099609	  -0.008016
  32.109375	  -0.127058
  32.119141	  -0.214159
  32.128906	  -0.255397
  32.138672	  -0.250163
  32.148438	  -0.209293
  32.158203	  -0.150443
  32.167969	  -0.092552
  32.177734	  -0.051181
  32.187500	  -0.035873
  32.197266	  -0.049781
  32.207031	  -0.090915
  32.216797	  -0.153967
  32.226562	  -0.231720
  32.236328	  -0.315611
  32.246094	  -0.395604
  32.255859	  -0.460113
  32.265625	  -0.496711
  32.275391	  -0.494081
  32.285156	  -0.444936
  32.294922	  -0.349032
  32.304688	  -0.215008
  32.314453	  -0.060000
  32.324219	   0.093405
  32.333984	   0.222339
  32.343750	   0.309531
  32.353516	   0.348085
  32.363281	   0.343491
  32.373047	   0.312063
  32.382812	   0.276132
  32.392578	   0.257460
  32.402344	   0.270948
  32.412109	   0.320682
  32.421875	   0.399536
  32.431641	   0.492345
  32.441406	   0.581404
  32.451172	   0.652296
  32.460938	   0.697936
  32.470703	   0.719510
  32.480469	   0.724134
  32.490234	   0.720369
  32.500000	   0.713532
  32.509766	   0.702830
  32.519531	   0.681608
  32.529297	   0.640745
  32.539062	   0.573893
  32.548828	   0.482413
  32.558594	   0.377782
  32.568359	   0.280114
  32.578125	   0.212840
  32.587891	   0.195136
  32.597656	   0.234715
  32.607422	   0.323689
  32.617188	   0.439341
  32.626953	   0.549966
  32.636719	   0.624142
  32.646484	   0.640454
  32.656250	   0.594339
  32.666016	   0.499562
  32.675781	   0.383583
  32.685547	   0.278217
  32.695312	   0.208638
  32.705078	   0.184550
  32.714844	   0.196653
  32.724609	   0.219850
  32.734375	   0.222270
  32.744141	   0.177138
  32.753906	   0.073383
  32.763672	  -0.078791
  32.773438	  -0.249586
  32.783203	  -0.398261
  32.792969	  -0.486098
  32.802734	  -0.489422
  32.812500	  -0.408287
  32.822266	  -0.267754
  32.832031	  -0.111116
  32.841797	   0.012898
  32.851562	   0.064894
  32.861328	   0.026777
  32.871094	  -0.092932
  32.880859	  -0.262134
  32.890625	  -0.435478
  32.900391	  -0.568535
  32.910156	  -0.631188
  32.919922	  -0.615910
  32.929688	  -0.538443
  32.939453	  -0.430926
  32.949219	  -0.330061
  32.958984	  -0.264495
  32.968750	  -0.245701
  32.978516	  -0.265344
  32.988281	  -0.299761
  32.998047	  -0.319736
  33.007812	  -0.301961
  33.017578	  -0.238068
  33.027344	  -0.138082
  33.037109	  -0.027176
  33.046875	   0.063030
  33.056641	   0.105485
  33.066406	   0.087115
  33.076172	   0.013372
  33.085938	  -0.093629
  33.095703	  -0.202626
  33.105469	  -0.283710
  33.115234	  -0.318119
  33.125000	  -0.303987
  33.134766	  -0.256158
  33.144531	  -0.200298
  33.154297	  -0.163502
  33.164062	  -0.164756
  33.173828	  -0.208587
  33.183594	  -0.284013
  33.193359	  -0.369024
  33.203125	  -0.438852
  33.212891	  -0.475016
  33.222656	  -0.471910
  33.232422	  -0.438632
  33.242188	  -0.395453
  33.251953	  -0.366229
  33.261719	  -0.369422
  33.271484	  -0.410886
  33.281250	  -0.480896
  33.291016	  -0.556469
  33.300781	  -0.608202
  33.310547	  -0.609428
  33.320312	  -0.544723
  33.330078	  -0.415147
  33.339844	  -0.238657
  33.349609	  -0.045720
  33.359375	   0.128449
  33.369141	   0.252666
  33.378906	   0.307159
  33.388672	   0.287750
  33.398438	   0.206109
  33.408203	   0.086522
  33.417969	  -0.039609
  33.427734	  -0.139987
  33.437500	  -0.187037
  33.447266	  -0.162073
  33.457031	  -0.057777
  33.466797	   0.120938
  33.476562	   0.357467
  33.486328	   0.625353
  33.496094	   0.891491
  33.505859	   1.120681
  33.515625	   1.281287
  33.525391	   1.351232
  33.535156	   1.323101
  33.544922	   1.206886
  33.554688	   1.029180
  33.564453	   0.828365
  33.574219	   0.646486
  33.583984	   0.519608
  33.593750	   0.469164
  33.603516	   0.496791
  33.613281	   0.584335
  33.623047	   0.699232
  33.632812	   0.803829
  33.642578	   0.865948
  33.652344	   0.867506
  33.662109	   0.808570
  33.671875	   0.705672
  33.681641	   0.585074
  33.691406	   0.473343
  33.701172	   0.388481
  33.710938	   0.334649
  33.720703	   0.302231
  33.730469	   0.273105
  33.740234	   0.229081
  33.750000	   0.160321
  33.759766	   0.070498
  33.769531	  -0.023396
  33.779297	  -0.096769
  33.789062	  -0.126761
  33.798828	  -0.101875
  33.808594	  -0.028277
  33.818359	   0.069812
  33.828125	   0.156230
  33.837891	   0.193773
  33.847656	   0.156361
  33.857422	   0.038334
  33.867188	  -0.142475
  33.876953	  -0.349259
  33.886719	  -0.537146
  33.896484	  -0.667116
  33.906250	  -0.718406
  33.916016	  -0.695242
  33.925781	  -0.625566
  33.935547	  -0.552014
  33.945312	  -0.517984
  33.955078	  -0.553297
  33.964844	  -0.664122
  33.974609	  -0.830465
  33.984375	  -1.012059
  33.994141	  -1.160748
  34.003906	  -1.235356
  34.013672	  -1.214263
  34.023438	  -1.101741
  34.033203	  -0.926155
  34.042969	  -0.730843
  34.052734	  -0.560772
  34.062500	  -0.449348
  34.072266	  -0.409516
  34.082031	  -0.431720
  34.091797	  -0.488935
  34.101562	  -0.546709
  34.111328	  -0.574609
  34.121094	  -0.555286
  34.130859	  -0.488409
  34.140625	  -0.388632
  34.150391	  -0.278860
  34.160156	  -0.181542
  34.169922	  -0.111212
  34.179688	  -0.070772
  34.189453	  -0.052486
  34.199219	  -0.042865
  34.208984	  -0.029271
  34.218750	  -0.005567
  34.228516	   0.025338
  34.238281	   0.052893
  34.248047	   0.063564
  34.257812	   0.046830
  34.267578	   0.000134
  34.277344	  -0.069110
  34.287109	  -0.145223
  34.296875	  -0.209030
  34.306641	  -0.243893
  34.316406	  -0.240835
  34.326172	  -0.200933
  34.335938	  -0.134249
  34.345703	  -0.055841
  34.355469	   0.019559
  34.365234	   0.082239
  34.375000	   0.129929
  34.384766	   0.167312
  34.394531	   0.203090
  34.404297	   0.245978
  34.414062	   0.301328
  34.423828	   0.369644
  34.433594	   0.447393
  34.443359	   0.529496
  34.453125	   0.612124
  34.462891	   0.694368
  34.472656	   0.777856
  34.482422	   0.864387
  34.492188	   0.952654
  34.501953	   1.035701
  34.511719	   1.100648
  34.521484	   1.131404
  34.531250	   1.113843
  34.541016	   1.041738
  34.550781	   0.921145
  34.560547	   0.771177
  34.570312	   0.620195
  34.580078	   0.498106
  34.589844	   0.426963
  34.599609	   0.413009
  34.609375	   0.443102
  34.619141	   0.487258
  34.628906	   0.507026
  34.638672	   0.467418
  34.648438	   0.348700
  34.658203	   0.154144
  34.667969	  -0.089030
  34.677734	  -0.336201
  34.687500	  -0.537606
  34.697266	  -0.652603
  34.707031	  -0.661471
  34.716797	  -0.570989
  34.726562	  -0.411982
  34.736328	  -0.229653
  34.746094	  -0.069823
  34.755859	   0.034462
  34.765625	   0.071666
  34.775391	   0.053175
  34.785156	   0.007154
  34.794922	  -0.032822
  34.804688	  -0.040367
  34.814453	  -0.005805
  34.824219	   0.060557
  34.833984	   0.132319
  34.843750	   0.176500
  34.853516	   0.165213
  34.863281	   0.085406
  34.873047	  -0.056650
  34.882812	  -0.237517
  34.892578	  -0.424407
  34.902344	  -0.585733
  34.912109	  -0.700577
  34.921875	  -0.763802
  34.931641	  -0.785209
  34.941406	  -0.783346
  34.951172	  -0.776583
  34.960938	  -0.774982
  34.970703	  -0.776167
  34.980469	  -0.766831
  34.990234	  -0.729350
  35.000000	  -0.650955
  35.009766	  -0.531883
  35.019531	  -0.389106
  35.029297	  -0.253802
  35.039062	  -0.162945
  35.048828	  -0.147559
  35.058594	  -0.221562
  35.068359	  -0.375077
  35.078125	  -0.574784
  35.087891	  -0.771579
  35.097656	  -0.913420
  35.107422	  -0.959510
  35.117188	  -0.891481
  35.126953	  -0.718226
  35.136719	  -0.473037
  35.146484	  -0.204133
  35.156250	   0.038318
  35.166016	   0.214689
  35.175781	   0.304278
  35.185547	   0.307532
  35.195312	   0.242175
  35.205078	   0.135224
  35.214844	   0.013974
  35.224609	  -0.100974
  35.234375	  -0.198713
  35.244141	  -0.276769
  35.253906	  -0.336929
  35.263672	  -0.380464
  35.273438	  -0.405041
  35.283203	  -0.404695
  35.292969	  -0.372767
  35.302734	  -0.306394
  35.312500	  -0.210333
  35.322266	  -0.098128
  35.332031	   0.010380
  35.341797	   0.094718
  35.351562	   0.140748
  35.361328	   0.146383
  35.371094	   0.123728
  35.380859	   0.096490
  35.390625	   0.093133
  35.400391	   0.137844
  35.410156	   0.242258
  35.419922	   0.400790
  35.429688	   0.591313
  35.439453	   0.781169
  35.449219	   0.936716
  35.458984	   1.033399
  35.468750	   1.063120
  35.478516	   1.036533
  35.488281	   0.979508
  35.498047	   0.924905
  35.507812	   0.902240
  35.517578	   0.928465
  35.527344	   1.002661
  35.537109	   1.106141
  35.546875	   1.207778
  35.556641	   1.272827
  35.566406	   1.272580
  35.576172	   1.192159
  35.585938	   1.034477
  35.595703	   0.819682
  35.605469	   0.580623
  35.615234	   0.355880
  35.625000	   0.182183
  35.634766	   0.087862
  35.644531	   0.088333
  35.654297	   0.183980
  35.664062	   0.360251
  35.673828	   0.589613
  35.683594	   0.835029
  35.693359	   1.054752
  35.703125	   1.208213
  35.712891	   1.262544
  35.722656	   1.198855
  35.732422	   1.016962
  35.742188	   0.737139
  35.751953	   0.397790
  35.761719	   0.048814
  35.771484	  -0.258379
  35.781250	  -0.482060
  35.791016	  -0.599760
  35.800781	  -0.613510
  35.810547	  -0.548999
  35.820312	  -0.448585
  35.830078	  -0.359909
  35.839844	  -0.323284
  35.849609	  -0.361517
  35.859375	  -0.475134
  35.869141	  -0.644337
  35.878906	  -0.836857
  35.888672	  -1.019007
  35.898438	  -1.166152
  35.908203	  -1.269147
  35.917969	  -1.334647
  35.927734	  -1.379470
  35.937500	  -1.421264
  35.947266	  -1.469144
  35.957031	  -1.518012
  35.966797	  -1.548977
  35.976562	  -1.536070
  35.986328	  -1.457071
  35.996094	  -1.304578
  36.005859	  -1.093078
  36.015625	  -0.858978
  36.025391	  -0.652857
  36.035156	  -0.525929
  36.044922	  -0.514857
  36.054688	  -0.629893
  36.064453	  -0.850441
  36.074219	  -1.129843
  36.083984	  -1.408209
  36.093750	  -1.629384
  36.103516	  -1.756717
  36.113281	  -1.782595
  36.123047	  -1.728669
  36.132812	  -1.636767
  36.142578	  -1.553535
  36.152344	  -1.513936
  36.162109	  -1.529096
  36.171875	  -1.582532
  36.181641	  -1.636003
  36.191406	  -1.642984
  36.201172	  -1.565253
  36.210938	  -1.387051
  36.220703	  -1.122093
  36.230469	  -0.811101
  36.240234	  -0.510647
  36.250000	  -0.276908
  36.259766	  -0.149503
  36.269531	  -0.140444
  36.279297	  -0.231445
  36.289062	  -0.380062
  36.298828	  -0.532346
  36.308594	  -0.637764
  36.318359	  -0.661743
  36.328125	  -0.592288
  36.337891	  -0.439375
  36.347656	  -0.228241
  36.357422	   0.010401
  36.367188	   0.249520
  36.376953	   0.471327
  36.386719	   0.667900
  36.396484	   0.837618
  36.406250	   0.979697
  36.416016	   1.089683
  36.425781	   1.158162
  36.435547	   1.173429
  36.445312	   1.127073
  36.455078	   1.020117
  36.464844	   0.866941
  36.474609	   0.694964
  36.484375	   0.539612
  36.494141	   0.435931
  36.503906	   0.409518
  36.513672	   0.469850
  36.523438	   0.608296
  36.533203	   0.801525
  36.542969	   1.019072
  36.552734	   1.232429
  36.562500	   1.422487
  36.572266	   1.582882
  36.582031	   1.718301
  36.591797	   1.838770
  36.601562	   1.952373
  36.611328	   2.059442
  36.621094	   2.150605
  36.630859	   2.209555
  36.640625	   2.219475
  36.650391	   2.170555
  36.660156	   2.065474
  36.669922	   1.920370
  36.679688	   1.760482
  36.689453	   1.611691
  36.699219	   1.490872
  36.708984	   1.398620
  36.718750	   1.317325
  36.728516	   1.215738
  36.738281	   1.058937
  36.748047	   0.820567
  36.757812	   0.493245
  36.767578	   0.093447
  36.777344	  -0.341062
  36.787109	  -0.760740
  36.796875	  -1.117854
  36.806641	  -1.379801
  36.816406	  -1.537878
  36.826172	  -1.608649
  36.835938	  -1.627481
  36.845703	  -1.636427
  36.855469	  -1.670441
  36.865234	  -1.746427
  36.875000	  -1.858588
  36.884766	  -1.981386
  36.894531	  -2.078863
  36.904297	  -2.117017
  36.914062	  -2.075025
  36.923828	  -1.951654
  36.933594	  -1.765011
  36.943359	  -1.546079
  36.953125	  -1.328619
  36.962891	  -1.139074
  36.972656	  -0.989944
  36.982422	  -0.878649
  36.992188	  -0.791843
  37.001953	  -0.713184
  37.011719	  -0.631410
  37.021484	  -0.545592
  37.031250	  -0.465665
  37.041016	  -0.408126
  37.050781	  -0.388692
  37.060547	  -0.414804
  37.070312	  -0.480910
  37.080078	  -0.568425
  37.089844	  -0.650487
  37.099609	  -0.699887
  37.109375	  -0.697347
  37.119141	  -0.637219
  37.128906	  -0.528624
  37.138672	  -0.391683
  37.148438	  -0.250282
  37.158203	  -0.124017
  37.167969	  -0.022195
  37.177734	   0.057994
  37.187500	   0.128615
  37.197266	   0.204618
  37.207031	   0.296397
  37.216797	   0.404110
  37.226562	   0.515920
  37.236328	   0.610886
  37.246094	   0.665598
  37.255859	   0.662289
  37.265625	   0.595687
  37.275391	   0.476294
  37.285156	   0.329026
  37.294922	   0.187665
  37.304688	   0.086899
  37.314453	   0.054356
  37.324219	   0.104822
  37.333984	   0.237960
  37.343750	   0.439590
  37.353516	   0.685556
  37.363281	   0.946636
  37.373047	   1.193065
  37.382812	   1.397875
  37.392578	   1.539048
  37.402344	   1.601060
  37.412109	   1.576524
  37.421875	   1.468176
  37.431641	   1.290761
  37.441406	   1.071711
  37.451172	   0.849299
  37.460938	   0.667471
  37.470703	   0.567573
  37.480469	   0.578561
  37.490234	   0.708290
  37.500000	   0.938781
  37.509766	   1.227652
  37.519531	   1.516282
  37.529297	   1.743216
  37.539062	   1.859483
  37.548828	   1.841571
  37.558594	   1.698130
  37.568359	   1.468147
  37.578125	   1.210763
  37.587891	   0.989462
  37.597656	   0.855116
  37.607422	   0.832805
  37.617188	   0.916169
  37.626953	   1.070802
  37.636719	   1.245383
  37.646484	   1.386924
  37.656250	   1.455409
  37.666016	   1.433448
  37.675781	   1.328392
  37.685547	   1.166869
  37.695312	   0.984114
  37.705078	   0.811995
  37.714844	   0.669751
  37.724609	   0.560219
  37.734375	   0.472218
  37.744141	   0.387559
  37.753906	   0.289621
  37.763672	   0.170110
  37.773438	   0.031580
  37.783203	  -0.114928
  37.792969	  -0.255807
  37.802734	  -0.381657
  37.812500	  -0.491955
  37.822266	  -0.595559
  37.832031	  -0.706706
  37.841797	  -0.838064
  37.851562	  -0.993680
  37.861328	  -1.164856
  37.871094	  -1.330989
  37.880859	  -1.465563
  37.890625	  -1.545452
  37.900391	  -1.560280
  37.910156	  -1.518306
  37.919922	  -1.446341
  37.929688	  -1.383188
  37.939453	  -1.368364
  37.949219	  -1.429609
  37.958984	  -1.573256
  37.968750	  -1.780733
  37.978516	  -2.012493
  37.988281	  -2.218307
  37.998047	  -2.350754
  38.007812	  -2.377783
  38.017578	  -2.290604
  38.027344	  -2.104784
  38.037109	  -1.854645
  38.046875	  -1.583199
  38.056641	  -1.331040
  38.066406	  -1.127622
  38.076172	  -0.987154
  38.085938	  -0.909514
  38.095703	  -0.884756
  38.105469	  -0.898753
  38.115234	  -0.937486
  38.125000	  -0.988526
  38.134766	  -1.039827
  38.144531	  -1.077362
  38.154297	  -1.083799
  38.164062	  -1.040029
  38.173828	  -0.930030
  38.183594	  -0.747799
  38.193359	  -0.503695
  38.203125	  -0.227097
  38.212891	   0.036882
  38.222656	   0.236959
  38.232422	   0.329478
  38.242188	   0.292487
  38.251953	   0.135387
  38.261719	  -0.099640
  38.271484	  -0.345890
  38.281250	  -0.528474
  38.291016	  -0.584320
  38.300781	  -0.479901
  38.310547	  -0.221132
  38.320312	   0.147954
  38.330078	   0.557646
  38.339844	   0.932549
  38.349609	   1.213045
  38.359375	   1.371615
  38.369141	   1.419018
  38.378906	   1.398524
  38.388672	   1.370273
  38.398438	   1.390962
  38.408203	   1.495495
  38.417969	   1.686468
  38.427734	   1.934660
  38.437500	   2.189996
  38.447266	   2.398954
  38.457031	   2.522366
  38.466797	   2.547579
  38.476562	   2.491030
  38.486328	   2.390698
  38.496094	   2.291394
  38.505859	   2.228296
  38.515625	   2.214613
  38.525391	   2.237742
  38.535156	   2.265136
  38.544922	   2.257691
  38.554688	   2.185695
  38.564453	   2.041503
  38.574219	   1.844205
  38.583984	   1.634384
  38.593750	   1.460559
  38.603516	   1.361940
  38.613281	   1.353498
  38.623047	   1.418758
  38.632812	   1.513175
  38.642578	   1.577445
  38.652344	   1.556712
  38.662109	   1.419544
  38.671875	   1.170479
  38.681641	   0.851866
  38.691406	   0.534045
  38.701172	   0.296553
  38.710938	   0.205814
  38.720703	   0.295849
  38.730469	   0.557569
  38.740234	   0.939629
  38.750000	   1.360403
  38.759766	   1.727502
  38.769531	   1.959333
  38.779297	   2.002945
  38.789062	   1.843858
  38.798828	   1.506048
  38.808594	   1.043088
  38.818359	   0.523599
  38.828125	   0.015261
  38.837891	  -0.428623
  38.847656	  -0.777308
  38.857422	  -1.024607
  38.867188	  -1.185468
  38.876953	  -1.289015
  38.886719	  -1.370291
  38.896484	  -1.462616
  38.906250	  -1.591769
  38.916016	  -1.772439
  38.925781	  -2.006856
  38.935547	  -2.285255
  38.945312	  -2.587856
  38.955078	  -2.888064
  38.964844	  -3.156601
  38.974609	  -3.366112
  38.984375	  -3.495526
  38.994141	  -3.533304
  39.003906	  -3.478803
  39.013672	  -3.341324
  39.023438	  -3.137099
  39.033203	  -2.885061
  39.042969	  -2.602717
  39.052734	  -2.303390
  39.062500	  -1.995624
  39.072266	  -1.684714
  39.082031	  -1.375475
  39.091797	  -1.074815
  39.101562	  -0.792743
  39.111328	  -0.541025
  39.121094	  -0.329791
  39.130859	  -0.163343
  39.140625	  -0.037064
  39.150391	   0.062884
  39.160156	   0.156249
  39.169922	   0.262364
  39.179688	   0.392748
  39.189453	   0.545349
  39.199219	   0.702946
  39.208984	   0.837032
  39.218750	   0.916596
  39.228516	   0.919333
  39.238281	   0.841555
  39.248047	   0.703104
  39.257812	   0.544867
  39.267578	   0.418877
  39.277344	   0.373540
  39.287109	   0.438478
  39.296875	   0.614003
  39.306641	   0.869093
  39.316406	   1.149121
  39.326172	   1.391444
  39.335938	   1.544186
  39.345703	   1.582224
  39.355469	   1.515050
  39.365234	   1.383635
  39.375000	   1.246976
  39.384766	   1.162471
  39.394531	   1.166454
  39.404297	   1.261373
  39.414062	   1.414000
  39.423828	   1.565557
  39.433594	   1.650595
  39.443359	   1.618552
  39.453125	   1.450877
  39.462891	   1.167995
  39.472656	   0.823732
  39.482422	   0.488958
  39.492188	   0.229829
  39.501953	   0.087805
  39.511719	   0.068036
  39.521484	   0.139832
  39.531250	   0.248850
  39.541016	   0.336646
  39.550781	   0.360767
  39.560547	   0.308449
  39.570312	   0.199261
  39.580078	   0.075957
  39.589844	  -0.013062
  39.599609	  -0.033259
  39.609375	   0.021671
  39.619141	   0.125963
  39.628906	   0.230118
  39.638672	   0.278779
  39.648438	   0.231967
  39.658203	   0.082147
  39.667969	  -0.139215
  39.677734	  -0.368515
  39.687500	  -0.528644
  39.697266	  -0.553686
  39.707031	  -0.411713
  39.716797	  -0.118064
  39.726562	   0.265580
  39.736328	   0.646547
  39.746094	   0.926553
  39.755859	   1.029480
  39.765625	   0.923135
  39.775391	   0.628441
  39.785156	   0.213410
  39.794922	  -0.226076
  39.804688	  -0.592738
  39.814453	  -0.813714
  39.824219	  -0.858309
  39.833984	  -0.743072
  39.843750	  -0.523564
  39.853516	  -0.276152
  39.863281	  -0.075840
  39.873047	   0.023248
  39.882812	  -0.000489
  39.892578	  -0.134705
  39.902344	  -0.340977
  39.912109	  -0.568448
  39.921875	  -0.768519
  39.931641	  -0.906302
  39.941406	  -0.966243
  39.951172	  -0.951560
  39.960938	  -0.879071
  39.970703	  -0.772067
  39.980469	  -0.653795
  39.990234	  -0.543194
