# Time	Amplitude (cm/s/s)
   0.000000	  -0.394967
   0.009766	  -0.488911
   0.019531	  -0.605109
   0.029297	  -0.714326
   0.039062	  -0.790750
   0.048828	  -0.819571
   0.058594	  -0.800256
   0.068359	  -0.744882
   0.078125	  -0.672722
   0.087891	  -0.603373
   0.097656	  -0.551072
   0.107422	  -0.522036
   0.117188	  -0.515367
   0.126953	  -0.526588
   0.136719	  -0.551869
   0.146484	  -0.590901
   0.156250	  -0.647031
   0.166016	  -0.724578
   0.175781	  -0.824509
   0.185547	  -0.940502
   0.195312	  -1.057372
   0.205078	  -1.153050
   0.214844	  -1.203889
   0.224609	  -1.191768
   0.234375	  -1.110598
   0.244141	  -0.969871
   0.253906	  -0.793805
   0.263672	  -0.616051
   0.273438	  -0.471455
   0.283203	  -0.387340
   0.292969	  -0.376910
   0.302734	  -0.436634
   0.312500	  -0.548129
   0.322266	  -0.683596
   0.332031	  -0.812855
   0.341797	  -0.909738
   0.351562	  -0.956167
   0.361328	  -0.943313
   0.371094	  -0.870426
   0.380859	  -0.742673
   0.390625	  -0.569409
   0.400391	  -0.363712
   0.410156	  -0.142976
   0.419922	   0.070511
   0.429688	   0.250483
   0.439453	   0.370148
   0.449219	   0.408147
   0.458984	   0.355616
   0.468750	   0.221917
   0.478516	   0.036395
   0.488281	  -0.155638
   0.498047	  -0.302716
   0.507812	  -0.360722
   0.517578	  -0.306314
   0.527344	  -0.145886
   0.537109	   0.083446
   0.546875	   0.322117
   0.556641	   0.504016
   0.566406	   0.575752
   0.576172	   0.513510
   0.585938	   0.332043
   0.595703	   0.082456
   0.605469	  -0.161206
   0.615234	  -0.323027
   0.625000	  -0.347831
   0.634766	  -0.218495
   0.644531	   0.037452
   0.654297	   0.354163
   0.664062	   0.645036
   0.673828	   0.826321
   0.683594	   0.839755
   0.693359	   0.667554
   0.703125	   0.335552
   0.712891	  -0.095990
   0.722656	  -0.550589
   0.732422	  -0.956824
   0.742188	  -1.266108
   0.751953	  -1.461879
   0.761719	  -1.558205
   0.771484	  -1.589389
   0.781250	  -1.594956
   0.791016	  -1.605636
   0.800781	  -1.635083
   0.810547	  -1.679663
   0.820312	  -1.725447
   0.830078	  -1.758884
   0.839844	  -1.776331
   0.849609	  -1.788204
   0.859375	  -1.815768
   0.869141	  -1.881546
   0.878906	  -1.997066
   0.888672	  -2.152988
   0.898438	  -2.316140
   0.908203	  -2.435722
   0.917969	  -2.457669
   0.927734	  -2.343068
   0.937500	  -2.084662
   0.947266	  -1.715568
   0.957031	  -1.306469
   0.966797	  -0.950986
   0.976562	  -0.742688
   0.986328	  -0.749984
   0.996094	  -0.996061
   1.005859	  -1.449780
   1.015625	  -2.030384
   1.025391	  -2.624957
   1.035156	  -3.114030
   1.044922	  -3.398504
   1.054688	  -3.420959
   1.064453	  -3.176162
   1.074219	  -2.708758
   1.083984	  -2.099617
   1.093750	  -1.445120
   1.103516	  -0.835120
   1.113281	  -0.334982
   1.123047	   0.024495
   1.132812	   0.248000
   1.142578	   0.368603
   1.152344	   0.435531
   1.162109	   0.500470
   1.171875	   0.605696
   1.181641	   0.776265
   1.191406	   1.017150
   1.201172	   1.314951
   1.210938	   1.643019
   1.220703	   1.968418
   1.230469	   2.259235
   1.240234	   2.490903
   1.250000	   2.650546
   1.259766	   2.738652
   1.269531	   2.767766
   1.279297	   2.758385
   1.289062	   2.732852
   1.298828	   2.708624
   1.308594	   2.692696
   1.318359	   2.678938
   1.328125	   2.649499
   1.337891	   2.580362
   1.347656	   2.449776
   1.357422	   2.247193
   1.367188	   1.979781
   1.376953	   1.674046
   1.386719	   1.371370
   1.396484	   1.118219
   1.406250	   0.953594
   1.416016	   0.897543
   1.425781	   0.944491
   1.435547	   1.063928
   1.445312	   1.208687
   1.455078	   1.328562
   1.464844	   1.385095
   1.474609	   1.362754
   1.484375	   1.272699
   1.494141	   1.147709
   1.503906	   1.029795
   1.513672	   0.954585
   1.523438	   0.937842
   1.533203	   0.968922
   1.542969	   1.013704
   1.552734	   1.026283
   1.562500	   0.965579
   1.572266	   0.811103
   1.582031	   0.572174
   1.591797	   0.286932
   1.601562	   0.010959
   1.611328	  -0.201035
   1.621094	  -0.314384
   1.630859	  -0.327836
   1.640625	  -0.276184
   1.650391	  -0.220720
   1.660156	  -0.230227
   1.669922	  -0.358561
   1.679688	  -0.626283
   1.689453	  -1.012620
   1.699219	  -1.460730
   1.708984	  -1.894793
   1.718750	  -2.243396
   1.728516	  -2.461472
   1.738281	  -2.543392
   1.748047	  -2.522768
   1.757812	  -2.458981
   1.767578	  -2.415041
   1.777344	  -2.434428
   1.787109	  -2.525025
   1.796875	  -2.655921
   1.806641	  -2.768494
   1.816406	  -2.798264
   1.826172	  -2.700128
   1.835938	  -2.468281
   1.845703	  -2.143628
   1.855469	  -1.805582
   1.865234	  -1.550299
   1.875000	  -1.461959
   1.884766	  -1.586167
   1.894531	  -1.914023
   1.904297	  -2.382071
   1.914062	  -2.888340
   1.923828	  -3.319610
   1.933594	  -3.581558
   1.943359	  -3.622742
   1.953125	  -3.445471
   1.962891	  -3.100970
   1.972656	  -2.671150
   1.982422	  -2.243321
   1.992188	  -1.885981
   2.001953	  -1.632878
   2.011719	  -1.479369
   2.021484	  -1.390869
   2.031250	  -1.319284
   2.041016	  -1.221117
   2.050781	  -1.071038
   2.060547	  -0.866883
   2.070312	  -0.625452
   2.080078	  -0.371816
   2.089844	  -0.126948
   2.099609	   0.101327
   2.109375	   0.320686
   2.119141	   0.549419
   2.128906	   0.806569
   2.138672	   1.101222
   2.148438	   1.425284
   2.158203	   1.752634
   2.167969	   2.045075
   2.177734	   2.262964
   2.187500	   2.376717
   2.197266	   2.375176
   2.207031	   2.268094
   2.216797	   2.082235
   2.226562	   1.852858
   2.236328	   1.613886
   2.246094	   1.390263
   2.255859	   1.194852
   2.265625	   1.030271
   2.275391	   0.894092
   2.285156	   0.784578
   2.294922	   0.704151
   2.304688	   0.658986
   2.314453	   0.654943
   2.324219	   0.691857
   2.333984	   0.759057
   2.343750	   0.834665
   2.353516	   0.889737
   2.363281	   0.896272
   2.373047	   0.836347
   2.382812	   0.708885
   2.392578	   0.531174
   2.402344	   0.334124
   2.412109	   0.152553
   2.421875	   0.013865
   2.431641	  -0.070748
   2.441406	  -0.109173
   2.451172	  -0.124010
   2.460938	  -0.142372
   2.470703	  -0.183609
   2.480469	  -0.249650
   2.490234	  -0.321965
   2.500000	  -0.366772
   2.509766	  -0.347057
   2.519531	  -0.237270
   2.529297	  -0.035256
   2.539062	   0.233323
   2.548828	   0.520304
   2.558594	   0.768838
   2.568359	   0.931218
   2.578125	   0.984522
   2.587891	   0.938319
   2.597656	   0.831247
   2.607422	   0.717188
   2.617188	   0.645518
   2.626953	   0.642334
   2.636719	   0.699483
   2.646484	   0.775816
   2.656250	   0.810852
   2.666016	   0.746681
   2.675781	   0.550748
   2.685547	   0.231492
   2.695312	  -0.159068
   2.705078	  -0.537495
   2.714844	  -0.812539
   2.724609	  -0.912872
   2.734375	  -0.810022
   2.744141	  -0.528868
   2.753906	  -0.142026
   2.763672	   0.250362
   2.773438	   0.549193
   2.783203	   0.684367
   2.792969	   0.633488
   2.802734	   0.425737
   2.812500	   0.130248
   2.822266	  -0.166705
   2.832031	  -0.387983
   2.841797	  -0.486865
   2.851562	  -0.456982
   2.861328	  -0.328669
   2.871094	  -0.154194
   2.880859	   0.012161
   2.890625	   0.131878
   2.900391	   0.191925
   2.910156	   0.203886
   2.919922	   0.194034
   2.929688	   0.189169
   2.939453	   0.204294
   2.949219	   0.237105
   2.958984	   0.271213
   2.968750	   0.286365
   2.978516	   0.270948
   2.988281	   0.231060
   2.998047	   0.191743
   3.007812	   0.189118
   3.017578	   0.255925
   3.027344	   0.405955
   3.037109	   0.623767
   3.046875	   0.864535
   3.056641	   1.065336
   3.066406	   1.164922
   3.076172	   1.125519
   3.085938	   0.948955
   3.095703	   0.680792
   3.105469	   0.399995
   3.115234	   0.196510
   3.125000	   0.143442
   3.134766	   0.272716
   3.144531	   0.562322
   3.154297	   0.939754
   3.164062	   1.301084
   3.173828	   1.540113
   3.183594	   1.578706
   3.193359	   1.389091
   3.203125	   1.001427
   3.212891	   0.494669
   3.222656	  -0.026054
   3.232422	  -0.458315
   3.242188	  -0.728723
   3.251953	  -0.809277
   3.261719	  -0.719815
   3.271484	  -0.517294
   3.281250	  -0.276509
   3.291016	  -0.069015
   3.300781	   0.053349
   3.310547	   0.066330
   3.320312	  -0.028029
   3.330078	  -0.209241
   3.339844	  -0.448427
   3.349609	  -0.716361
   3.359375	  -0.987092
   3.369141	  -1.237269
   3.378906	  -1.443458
   3.388672	  -1.580620
   3.398438	  -1.624170
   3.408203	  -1.556013
   3.417969	  -1.372616
   3.427734	  -1.091501
   3.437500	  -0.752455
   3.447266	  -0.411331
   3.457031	  -0.127078
   3.466797	   0.054455
   3.476562	   0.114642
   3.486328	   0.068839
   3.496094	  -0.037325
   3.505859	  -0.141768
   3.515625	  -0.185863
   3.525391	  -0.133979
   3.535156	   0.014064
   3.544922	   0.222153
   3.554688	   0.429328
   3.564453	   0.569894
   3.574219	   0.595453
   3.583984	   0.491291
   3.593750	   0.281428
   3.603516	   0.020527
   3.613281	  -0.224503
   3.623047	  -0.396741
   3.632812	  -0.467514
   3.642578	  -0.444313
   3.652344	  -0.365779
   3.662109	  -0.285864
   3.671875	  -0.253194
   3.681641	  -0.293374
   3.691406	  -0.400771
   3.701172	  -0.542678
   3.710938	  -0.674015
   3.720703	  -0.756642
   3.730469	  -0.775507
   3.740234	  -0.744998
   3.750000	  -0.702603
   3.759766	  -0.691999
   3.769531	  -0.742028
   3.779297	  -0.850060
   3.789062	  -0.977030
   3.798828	  -1.057326
   3.808594	  -1.021148
   3.818359	  -0.821881
   3.828125	  -0.458526
   3.837891	   0.015779
   3.847656	   0.503653
   3.857422	   0.889969
   3.867188	   1.077020
   3.876953	   1.016842
   3.886719	   0.729481
   3.896484	   0.300245
   3.906250	  -0.144095
   3.916016	  -0.473088
   3.925781	  -0.592304
   3.935547	  -0.471969
   3.945312	  -0.155029
   3.955078	   0.258053
   3.964844	   0.642687
   3.974609	   0.890497
   3.984375	   0.943088
   3.994141	   0.808043
   4.003906	   0.552136
   4.013672	   0.274647
   4.023438	   0.070507
   4.033203	  -0.003607
   4.042969	   0.051701
   4.052734	   0.180916
   4.062500	   0.296215
   4.072266	   0.311948
   4.082031	   0.178432
   4.091797	  -0.097233
   4.101562	  -0.450948
   4.111328	  -0.782246
   4.121094	  -0.988574
   4.130859	  -1.001138
   4.140625	  -0.809646
   4.150391	  -0.467188
   4.160156	  -0.073482
   4.169922	   0.257690
   4.179688	   0.435590
   4.189453	   0.421392
   4.199219	   0.239126
   4.208984	  -0.034639
   4.218750	  -0.298237
   4.228516	  -0.459519
   4.238281	  -0.465514
   4.248047	  -0.317159
   4.257812	  -0.064789
   4.267578	   0.212962
   4.277344	   0.438399
   4.287109	   0.561189
   4.296875	   0.572598
   4.306641	   0.503161
   4.316406	   0.405801
   4.326172	   0.331880
   4.335938	   0.310028
   4.345703	   0.336144
   4.355469	   0.378229
   4.365234	   0.393633
   4.375000	   0.351212
   4.384766	   0.248842
   4.394531	   0.118516
   4.404297	   0.016204
   4.414062	  -0.000093
   4.423828	   0.104380
   4.433594	   0.322853
   4.443359	   0.603877
   4.453125	   0.865868
   4.462891	   1.025068
   4.472656	   1.027094
   4.482422	   0.870198
   4.492188	   0.610732
   4.501953	   0.347476
   4.511719	   0.189184
   4.521484	   0.216161
   4.531250	   0.449467
   4.541016	   0.839176
   4.550781	   1.276793
   4.560547	   1.628407
   4.570312	   1.777744
   4.580078	   1.664457
   4.589844	   1.304423
   4.599609	   0.784947
   4.609375	   0.236545
   4.619141	  -0.208847
   4.628906	  -0.458675
   4.638672	  -0.485607
   4.648438	  -0.330034
   4.658203	  -0.079444
   4.667969	   0.166712
   4.677734	   0.332999
   4.687500	   0.391288
   4.697266	   0.363157
   4.707031	   0.301588
   4.716797	   0.260485
   4.726562	   0.265399
   4.736328	   0.298434
   4.746094	   0.304490
   4.755859	   0.217121
   4.765625	  -0.006357
   4.775391	  -0.355610
   4.785156	  -0.757812
   4.794922	  -1.094822
   4.804688	  -1.243383
   4.814453	  -1.124775
   4.824219	  -0.744858
   4.833984	  -0.207060
   4.843750	   0.310568
   4.853516	   0.610208
   4.863281	   0.544393
   4.873047	   0.077228
   4.882812	  -0.686716
   4.892578	  -1.519760
   4.902344	  -2.133346
   4.912109	  -2.267695
   4.921875	  -1.780428
   4.931641	  -0.704026
   4.941406	   0.749249
   4.951172	   2.239629
   4.960938	   3.394836
   4.970703	   3.918458
   4.980469	   3.677048
   4.990234	   2.737831
   5.000000	   1.345277
   5.009766	  -0.154563
   5.019531	  -1.415382
   5.029297	  -2.182721
   5.039062	  -2.346253
   5.048828	  -1.937091
   5.058594	  -1.076139
   5.068359	   0.101566
   5.078125	   1.512073
   5.087891	   3.146960
   5.097656	   5.043401
   5.107422	   7.209740
   5.117188	   9.537964
   5.126953	  11.745107
   5.136719	  13.380238
   5.146484	  13.912554
   5.156250	  12.885653
   5.166016	  10.093863
   5.175781	   5.719630
   5.185547	   0.374338
   5.195312	  -4.990388
   5.205078	  -9.293966
   5.214844	 -11.611140
   5.224609	 -11.448708
   5.234375	  -8.926633
   5.244141	  -4.796396
   5.253906	  -0.274387
   5.263672	   3.275497
   5.273438	   4.725763
   5.283203	   3.524110
   5.292969	  -0.118457
   5.302734	  -5.256169
   5.312500	 -10.456988
   5.322266	 -14.207179
   5.332031	 -15.357321
   5.341797	 -13.477395
   5.351562	  -9.010884
   5.361328	  -3.174717
   5.371094	   2.373116
   5.380859	   6.005911
   5.390625	   6.604052
   5.400391	   3.894028
   5.410156	  -1.450950
   5.419922	  -7.980713
   5.429688	 -13.860480
   5.439453	 -17.372424
   5.449219	 -17.381568
   5.458984	 -13.633175
   5.468750	  -6.800364
   5.478516	   1.724422
   5.488281	  10.225344
   5.498047	  17.125363
   5.507812	  21.379262
   5.517578	  22.689152
   5.527344	  21.492871
   5.537109	  18.746808
   5.546875	  15.585517
   5.556641	  12.972431
   5.566406	  11.450190
   5.576172	  11.059068
   5.585938	  11.432158
   5.595703	  12.016753
   5.605469	  12.332092
   5.615234	  12.166762
   5.625000	  11.645660
   5.634766	  11.146625
   5.644531	  11.102876
   5.654297	  11.770005
   5.664062	  13.050735
   5.673828	  14.452046
   5.683594	  15.203652
   5.693359	  14.509434
   5.703125	  11.853548
   5.712891	   7.257525
   5.722656	   1.392940
   5.732422	  -4.505457
   5.742188	  -8.920828
   5.751953	 -10.462257
   5.761719	  -8.288148
   5.771484	  -2.421062
   5.781250	   6.145843
   5.791016	  15.596455
   5.800781	  23.669879
   5.810547	  28.181154
   5.820312	  27.554839
   5.830078	  21.234656
   5.839844	   9.861606
   5.849609	  -4.829420
   5.859375	 -20.374044
   5.869141	 -34.118459
   5.878906	 -43.806916
   5.888672	 -48.077747
   5.898438	 -46.752320
   5.908203	 -40.851705
   5.917969	 -32.340512
   5.927734	 -23.660443
   5.937500	 -17.163200
   5.947266	 -14.573247
   5.957031	 -16.601797
   5.966797	 -22.797284
   5.976562	 -31.663100
   5.986328	 -41.012933
   5.996094	 -48.480802
   6.005859	 -52.068383
   6.015625	 -50.604024
   6.025391	 -44.007884
   6.035156	 -33.301917
   6.044922	 -20.362484
   6.054688	  -7.474111
   6.064453	   3.208836
   6.074219	  10.161962
   6.083984	  12.828950
   6.093750	  11.713101
   6.103516	   8.198370
   6.113281	   4.145095
   6.123047	   1.365344
   6.132812	   1.116872
   6.142578	   3.752812
   6.152344	   8.625164
   6.162109	  14.272940
   6.171875	  18.847711
   6.181641	  20.661716
   6.191406	  18.705910
   6.201172	  12.989370
   6.210938	   4.597706
   6.220703	  -4.555059
   6.230469	 -12.220296
   6.240234	 -16.421884
   6.250000	 -16.008696
   6.259766	 -10.996035
   6.269531	  -2.596057
   6.279297	   7.076809
   6.289062	  15.548308
   6.298828	  20.627445
   6.308594	  20.974445
   6.318359	  16.439292
   6.328125	   8.081857
   6.337891	  -2.125300
   6.347656	 -11.821828
   6.357422	 -18.861403
   6.367188	 -21.823229
   6.376953	 -20.298309
   6.386719	 -14.885925
   6.396484	  -6.922284
   6.406250	   1.960273
   6.416016	  10.301538
   6.425781	  17.168497
   6.435547	  22.300832
   6.445312	  26.022492
   6.455078	  28.971319
   6.464844	  31.754931
   6.474609	  34.659911
   6.484375	  37.517488
   6.494141	  39.771030
   6.503906	  40.718176
   6.513672	  39.837404
   6.523438	  37.076301
   6.533203	  32.987818
   6.542969	  28.649169
   6.552734	  25.370699
   6.562500	  24.275847
   6.572266	  25.884166
   6.582031	  29.839825
   6.591797	  34.892958
   6.601562	  39.169422
   6.611328	  40.676668
   6.621094	  37.915556
   6.630859	  30.424234
   6.640625	  19.085439
   6.650391	   6.083553
   6.660156	  -5.511026
   6.669922	 -12.449573
   6.679688	 -12.137759
   6.689453	  -3.381284
   6.699219	  13.157626
   6.708984	  34.930440
   6.718750	  57.933548
   6.728516	  77.518747
   6.738281	  89.402434
   6.748047	  90.637176
   6.757812	  80.311664
   6.767578	  59.805626
   6.777344	  32.530684
   6.787109	   3.210587
   6.796875	 -23.135398
   6.806641	 -42.271210
   6.816406	 -51.635858
   6.826172	 -50.845265
   6.835938	 -41.695153
   6.845703	 -27.675380
   6.855469	 -13.121042
   6.865234	  -2.208290
   6.875000	   1.966603
   6.884766	  -1.985627
   6.894531	 -13.546132
   6.904297	 -30.536948
   6.914062	 -49.734081
   6.923828	 -67.674197
   6.933594	 -81.446395
   6.943359	 -89.276928
   6.953125	 -90.779560
   6.962891	 -86.838774
   6.972656	 -79.191047
   6.982422	 -69.844725
   6.992188	 -60.511927
   7.001953	 -52.209262
   7.011719	 -45.124427
   7.021484	 -38.761678
   7.031250	 -32.295679
   7.041016	 -25.004558
   7.050781	 -16.635630
   7.060547	  -7.584963
   7.070312	   1.164736
   7.080078	   8.324669
   7.089844	  12.705935
   7.099609	  13.618491
   7.109375	  11.133279
   7.119141	   6.121145
   7.128906	   0.052447
   7.138672	  -5.383857
   7.148438	  -8.726751
   7.158203	  -9.120686
   7.167969	  -6.511869
   7.177734	  -1.608471
   7.187500	   4.376248
   7.197266	  10.111930
   7.207031	  14.545395
   7.216797	  17.177704
   7.226562	  18.141201
   7.236328	  18.060467
   7.246094	  17.752138
   7.255859	  17.870886
   7.265625	  18.625620
   7.275391	  19.665788
   7.285156	  20.180436
   7.294922	  19.181101
   7.304688	  15.876938
   7.314453	  10.017220
   7.324219	   2.083575
   7.333984	  -6.740108
   7.343750	 -14.822528
   7.353516	 -20.495558
   7.363281	 -22.500991
   7.373047	 -20.340415
   7.382812	 -14.423007
   7.392578	  -5.966472
   7.402344	   3.319718
   7.412109	  11.675279
   7.421875	  17.725693
   7.431641	  20.790487
   7.441406	  20.981216
   7.451172	  19.072594
   7.460938	  16.198206
   7.470703	  13.471886
   7.480469	  11.652498
   7.490234	  10.949818
   7.500000	  11.020355
   7.509766	  11.140814
   7.519531	  10.493115
   7.529297	   8.464748
   7.539062	   4.869728
   7.548828	   0.026139
   7.558594	  -5.325399
   7.568359	 -10.228292
   7.578125	 -13.772237
   7.587891	 -15.330775
   7.597656	 -14.708374
   7.607422	 -12.164516
   7.617188	  -8.321814
   7.626953	  -3.997680
   7.636719	  -0.014913
   7.646484	   2.957100
   7.656250	   4.498244
   7.666016	   4.464151
   7.675781	   2.959142
   7.685547	   0.282543
   7.695312	  -3.127271
   7.705078	  -6.739448
   7.714844	  -9.971701
   7.724609	 -12.239860
   7.734375	 -13.029381
   7.744141	 -11.990609
   7.753906	  -9.041696
   7.763672	  -4.447277
   7.773438	   1.164394
   7.783203	   6.873342
   7.792969	  11.632289
   7.802734	  14.495830
   7.812500	  14.859012
   7.822266	  12.636813
   7.832031	   8.324135
   7.841797	   2.905272
   7.851562	  -2.375376
   7.861328	  -6.326167
   7.871094	  -8.119872
   7.880859	  -7.514183
   7.890625	  -4.913662
   7.900391	  -1.250381
   7.910156	   2.285948
   7.919922	   4.591646
   7.929688	   4.966269
   7.939453	   3.309771
   7.949219	   0.141586
   7.958984	  -3.562910
   7.968750	  -6.668010
   7.978516	  -8.215481
   7.988281	  -7.703082
   7.998047	  -5.222055
   8.007812	  -1.416205
   8.017578	   2.719954
   8.027344	   6.138459
   8.037109	   8.038653
   8.046875	   8.082265
   8.056641	   6.463693
   8.066406	   3.823195
   8.076172	   1.038845
   8.085938	  -1.032585
   8.095703	  -1.785401
   8.105469	  -1.000506
   8.115234	   1.143433
   8.125000	   4.171779
   8.134766	   7.483012
   8.144531	  10.523239
   8.154297	  12.909981
   8.164062	  14.473288
   8.173828	  15.214947
   8.183594	  15.215871
   8.193359	  14.537430
   8.203125	  13.159876
   8.212891	  10.982224
   8.222656	   7.880986
   8.232422	   3.800493
   8.242188	  -1.165397
   8.251953	  -6.737056
   8.261719	 -12.477173
   8.271484	 -17.876560
   8.281250	 -22.468124
   8.291016	 -25.927930
   8.300781	 -28.126757
   8.310547	 -29.114587
   8.320312	 -29.046697
   8.330078	 -28.083616
   8.339844	 -26.308543
   8.349609	 -23.700205
   8.359375	 -20.177667
   8.369141	 -15.703999
   8.378906	 -10.408694
   8.388672	  -4.675160
   8.398438	   0.854435
   8.408203	   5.379561
   8.417969	   8.132989
   8.427734	   8.613735
   8.437500	   6.788979
   8.447266	   3.192716
   8.457031	  -1.126517
   8.466797	  -4.813938
   8.476562	  -6.529901
   8.486328	  -5.303151
   8.496094	  -0.818850
   8.505859	   6.443170
   8.515625	  15.266300
   8.525391	  23.944453
   8.535156	  30.659717
   8.544922	  33.895167
   8.554688	  32.778262
   8.564453	  27.270127
   8.574219	  18.158659
   8.583984	   6.865962
   8.593750	  -4.872431
   8.603516	 -15.370720
   8.613281	 -23.309599
   8.623047	 -27.939073
   8.632812	 -29.136800
   8.642578	 -27.331992
   8.652344	 -23.336603
   8.662109	 -18.140404
   8.671875	 -12.722503
   8.681641	  -7.913566
   8.691406	  -4.318838
   8.701172	  -2.291563
   8.710938	  -1.936249
   8.720703	  -3.123293
   8.730469	  -5.507500
   8.740234	  -8.556238
   8.750000	 -11.601095
   8.759766	 -13.925026
   8.769531	 -14.884920
   8.779297	 -14.051628
   8.789062	 -11.333433
   8.798828	  -7.042394
   8.808594	  -1.870761
   8.818359	   3.233611
   8.828125	   7.274026
   8.837891	   9.446527
   8.847656	   9.351920
   8.857422	   7.115499
   8.867188	   3.373300
   8.876953	  -0.879911
   8.886719	  -4.545224
   8.896484	  -6.708882
   8.906250	  -6.885243
   8.916016	  -5.143103
   8.925781	  -2.077361
   8.935547	   1.367418
   8.945312	   4.171503
   8.955078	   5.533408
   8.964844	   5.097308
   8.974609	   3.049154
   8.984375	   0.055099
   8.994141	  -2.937619
   9.003906	  -4.977201
   9.013672	  -5.379570
   9.023438	  -3.917842
   9.033203	  -0.876674
   9.042969	   3.039888
   9.052734	   6.915484
   9.062500	   9.879805
   9.072266	  11.342524
   9.082031	  11.137798
   9.091797	   9.543474
   9.101562	   7.177117
   9.111328	   4.806060
   9.121094	   3.130551
   9.130859	   2.602225
   9.140625	   3.325011
   9.150391	   5.058042
   9.160156	   7.309538
   9.169922	   9.486221
   9.179688	  11.051364
   9.189453	  11.648033
   9.199219	  11.159760
   9.208984	   9.702530
   9.218750	   7.562182
   9.228516	   5.104115
   9.238281	   2.684632
   9.248047	   0.586286
   9.257812	  -1.012999
   9.267578	  -2.040124
   9.277344	  -2.508131
   9.287109	  -2.492503
   9.296875	  -2.112239
   9.306641	  -1.518069
   9.316406	  -0.883213
   9.326172	  -0.388861
   9.335938	  -0.198549
   9.345703	  -0.421840
   9.355469	  -1.075400
   9.365234	  -2.055138
   9.375000	  -3.133662
   9.384766	  -3.991903
   9.394531	  -4.283769
   9.404297	  -3.721323
   9.414062	  -2.159241
   9.423828	   0.345450
   9.433594	   3.517739
   9.443359	   6.901545
   9.453125	   9.943488
   9.462891	  12.104833
   9.472656	  12.974955
   9.482422	  12.359120
   9.492188	  10.320190
   9.501953	   7.165868
   9.511719	   3.386524
   9.521484	  -0.440196
   9.531250	  -3.755874
   9.541016	  -6.116957
   9.550781	  -7.262843
   9.560547	  -7.147798
   9.570312	  -5.936199
   9.580078	  -3.966546
   9.589844	  -1.692765
   9.599609	   0.388218
   9.609375	   1.814254
   9.619141	   2.233099
   9.628906	   1.466319
   9.638672	  -0.447812
   9.648438	  -3.242580
   9.658203	  -6.450395
   9.667969	  -9.472226
   9.677734	 -11.682670
   9.687500	 -12.554203
   9.697266	 -11.775698
   9.707031	  -9.336779
   9.716797	  -5.553533
   9.726562	  -1.022630
   9.736328	   3.492098
   9.746094	   7.218505
   9.755859	   9.544363
   9.765625	  10.153807
   9.775391	   9.096678
   9.785156	   6.771487
   9.794922	   3.824908
   9.804688	   0.992846
   9.814453	  -1.076111
   9.824219	  -1.969420
   9.833984	  -1.594075
   9.843750	  -0.175867
   9.853516	   1.821134
   9.863281	   3.828832
   9.873047	   5.323610
   9.882812	   5.948068
   9.892578	   5.575415
   9.902344	   4.304758
   9.912109	   2.396698
   9.921875	   0.175537
   9.931641	  -2.067985
   9.941406	  -4.143072
   9.951172	  -5.977069
   9.960938	  -7.585969
   9.970703	  -9.014165
   9.980469	 -10.270177
   9.990234	 -11.285058
  10.000000	 -11.910828
  10.009766	 -11.960963
  10.019531	 -11.279164
  10.029297	  -9.811697
  10.039062	  -7.656348
  10.048828	  -5.068098
  10.058594	  -2.415686
  10.068359	  -0.099473
  10.078125	   1.545896
  10.087891	   2.335038
  10.097656	   2.276341
  10.107422	   1.564026
  10.117188	   0.520377
  10.126953	  -0.494286
  10.136719	  -1.177023
  10.146484	  -1.355500
  10.156250	  -1.019211
  10.166016	  -0.302472
  10.175781	   0.572201
  10.185547	   1.370262
  10.195312	   1.916220
  10.205078	   2.138411
  10.214844	   2.076021
  10.224609	   1.849758
  10.234375	   1.608983
  10.244141	   1.474691
  10.253906	   1.497573
  10.263672	   1.643960
  10.273438	   1.812365
  10.283203	   1.872988
  10.292969	   1.715511
  10.302734	   1.288713
  10.312500	   0.619285
  10.322266	  -0.195094
  10.332031	  -1.014556
  10.341797	  -1.697003
  10.351562	  -2.135718
  10.361328	  -2.283047
  10.371094	  -2.154144
  10.380859	  -1.811906
  10.390625	  -1.340277
  10.400391	  -0.816167
  10.410156	  -0.289491
  10.419922	   0.223131
  10.429688	   0.730957
  10.439453	   1.252900
  10.449219	   1.800052
  10.458984	   2.364135
  10.468750	   2.916023
  10.478516	   3.414102
  10.488281	   3.818323
  10.498047	   4.103756
  10.507812	   4.268005
  10.517578	   4.329617
  10.527344	   4.318411
  10.537109	   4.261975
  10.546875	   4.174089
  10.556641	   4.049997
  10.566406	   3.870611
  10.576172	   3.614041
  10.585938	   3.269789
  10.595703	   2.849647
  10.605469	   2.390468
  10.615234	   1.946972
  10.625000	   1.576615
  10.634766	   1.321731
  10.644531	   1.195467
  10.654297	   1.176926
  10.664062	   1.217771
  10.673828	   1.258468
  10.683594	   1.248815
  10.693359	   1.165782
  10.703125	   1.022468
  10.712891	   0.865065
  10.722656	   0.758796
  10.732422	   0.767635
  10.742188	   0.934597
  10.751953	   1.269062
  10.761719	   1.744894
  10.771484	   2.309239
  10.781250	   2.898145
  10.791016	   3.452998
  10.800781	   3.931908
  10.810547	   4.312594
  10.820312	   4.586938
  10.830078	   4.750902
  10.839844	   4.795402
  10.849609	   4.703347
  10.859375	   4.455370
  10.869141	   4.042858
  10.878906	   3.483194
  10.888672	   2.830233
  10.898438	   2.173796
  10.908203	   1.625321
  10.917969	   1.291777
  10.927734	   1.244719
  10.937500	   1.494208
  10.947266	   1.977023
  10.957031	   2.564966
  10.966797	   3.093092
  10.976562	   3.401271
  10.986328	   3.377696
  10.996094	   2.991536
  11.005859	   2.304461
  11.015625	   1.456710
  11.025391	   0.630861
  11.035156	   0.003243
  11.044922	  -0.303191
  11.054688	  -0.250979
  11.064453	   0.103926
  11.074219	   0.630422
  11.083984	   1.161007
  11.093750	   1.539372
  11.103516	   1.662903
  11.113281	   1.508042
  11.123047	   1.131933
  11.132812	   0.650998
  11.142578	   0.203819
  11.152344	  -0.090105
  11.162109	  -0.163572
  11.171875	  -0.017867
  11.181641	   0.281532
  11.191406	   0.626945
  11.201172	   0.900504
  11.210938	   1.006294
  11.220703	   0.893642
  11.230469	   0.566061
  11.240234	   0.075106
  11.250000	  -0.497246
  11.259766	  -1.061290
  11.269531	  -1.540552
  11.279297	  -1.885833
  11.289062	  -2.080112
  11.298828	  -2.135131
  11.308594	  -2.082660
  11.318359	  -1.964141
  11.328125	  -1.821676
  11.337891	  -1.691838
  11.347656	  -1.602097
  11.357422	  -1.568778
  11.367188	  -1.595425
  11.376953	  -1.671256
  11.386719	  -1.770511
  11.396484	  -1.854131
  11.406250	  -1.875110
  11.416016	  -1.787732
  11.425781	  -1.559243
  11.435547	  -1.180976
  11.445312	  -0.675244
  11.455078	  -0.094906
  11.464844	   0.485595
  11.474609	   0.986290
  11.484375	   1.340885
  11.494141	   1.513698
  11.503906	   1.509102
  11.513672	   1.370221
  11.523438	   1.166730
  11.533203	   0.975023
  11.542969	   0.856448
  11.552734	   0.840090
  11.562500	   0.915267
  11.572266	   1.035986
  11.582031	   1.135933
  11.591797	   1.149369
  11.601562	   1.031583
  11.611328	   0.772827
  11.621094	   0.401821
  11.630859	  -0.021804
  11.640625	  -0.423400
  11.650391	  -0.732529
  11.660156	  -0.899892
  11.669922	  -0.907485
  11.679688	  -0.769984
  11.689453	  -0.528136
  11.699219	  -0.237170
  11.708984	   0.045804
  11.718750	   0.271957
  11.728516	   0.406552
  11.738281	   0.430483
  11.748047	   0.339092
  11.757812	   0.140368
  11.767578	  -0.145949
  11.777344	  -0.488185
  11.787109	  -0.842659
  11.796875	  -1.155725
  11.806641	  -1.369608
  11.816406	  -1.432367
  11.826172	  -1.310376
  11.835938	  -0.999979
  11.845703	  -0.534233
  11.855469	   0.018668
  11.865234	   0.566515
  11.875000	   1.012116
  11.884766	   1.275778
  11.894531	   1.315152
  11.904297	   1.136562
  11.914062	   0.794019
  11.923828	   0.375597
  11.933594	  -0.019399
  11.943359	  -0.306180
  11.953125	  -0.435809
  11.962891	  -0.406055
  11.972656	  -0.258737
  11.982422	  -0.064621
  11.992188	   0.099407
  12.001953	   0.173917
  12.011719	   0.134278
  12.021484	  -0.003162
  12.031250	  -0.187420
  12.041016	  -0.349318
  12.050781	  -0.422617
  12.060547	  -0.363380
  12.070312	  -0.161942
  12.080078	   0.155548
  12.089844	   0.535730
  12.099609	   0.913540
  12.109375	   1.229637
  12.119141	   1.444676
  12.128906	   1.546849
  12.138672	   1.551469
  12.148438	   1.493821
  12.158203	   1.418201
  12.167969	   1.366627
  12.177734	   1.370045
  12.187500	   1.443530
  12.197266	   1.585434
  12.207031	   1.779412
  12.216797	   1.997919
  12.226562	   2.206149
  12.236328	   2.366137
  12.246094	   2.441311
  12.255859	   2.401897
  12.265625	   2.231051
  12.275391	   1.930699
  12.285156	   1.525251
  12.294922	   1.061130
  12.304688	   0.600718
  12.314453	   0.210837
  12.324219	  -0.052183
  12.333984	  -0.157149
  12.343750	  -0.107953
  12.353516	   0.054849
  12.363281	   0.262432
  12.373047	   0.434768
  12.382812	   0.502190
  12.392578	   0.425488
  12.402344	   0.208483
  12.412109	  -0.101141
  12.421875	  -0.423664
  12.431641	  -0.668967
  12.441406	  -0.762059
  12.451172	  -0.665135
  12.460938	  -0.389682
  12.470703	   0.005079
  12.480469	   0.427138
  12.490234	   0.775816
  12.500000	   0.968190
  12.509766	   0.960391
  12.519531	   0.757940
  12.529297	   0.412676
  12.539062	   0.007698
  12.548828	  -0.364863
  12.558594	  -0.626749
  12.568359	  -0.730945
  12.578125	  -0.669417
  12.587891	  -0.470291
  12.597656	  -0.186627
  12.607422	   0.118948
  12.617188	   0.388939
  12.626953	   0.581262
  12.636719	   0.673413
  12.646484	   0.661100
  12.656250	   0.553593
  12.666016	   0.368553
  12.675781	   0.128445
  12.685547	  -0.140779
  12.695312	  -0.409594
  12.705078	  -0.645186
  12.714844	  -0.813886
  12.724609	  -0.886487
  12.734375	  -0.845638
  12.744141	  -0.693090
  12.753906	  -0.453900
  12.763672	  -0.175161
  12.773438	   0.081631
  12.783203	   0.253396
  12.792969	   0.290358
  12.802734	   0.168862
  12.812500	  -0.101727
  12.822266	  -0.480348
  12.832031	  -0.903663
  12.841797	  -1.301068
  12.851562	  -1.611103
  12.861328	  -1.794757
  12.871094	  -1.842208
  12.880859	  -1.771656
  12.890625	  -1.621332
  12.900391	  -1.437669
  12.910156	  -1.263488
  12.919922	  -1.129533
  12.929688	  -1.051198
  12.939453	  -1.030292
  12.949219	  -1.060031
  12.958984	  -1.130600
  12.968750	  -1.232958
  12.978516	  -1.359679
  12.988281	  -1.503233
  12.998047	  -1.653288
  13.007812	  -1.795131
  13.017578	  -1.910719
  13.027344	  -1.982619
  13.037109	  -1.999600
  13.046875	  -1.961576
  13.056641	  -1.881493
  13.066406	  -1.782686
  13.076172	  -1.691910
  13.085938	  -1.630079
  13.095703	  -1.603951
  13.105469	  -1.602103
  13.115234	  -1.597286
  13.125000	  -1.555140
  13.134766	  -1.446853
  13.144531	  -1.261625
  13.154297	  -1.014411
  13.164062	  -0.745632
  13.173828	  -0.511984
  13.183594	  -0.370530
  13.193359	  -0.360667
  13.203125	  -0.489711
  13.212891	  -0.727061
  13.222656	  -1.009448
  13.232422	  -1.256397
  13.242188	  -1.391728
  13.251953	  -1.364877
  13.261719	  -1.165653
  13.271484	  -0.827892
  13.281250	  -0.420802
  13.291016	  -0.030456
  13.300781	   0.263127
  13.310547	   0.406634
  13.320312	   0.385988
  13.330078	   0.227462
  13.339844	  -0.012373
  13.349609	  -0.264339
  13.359375	  -0.466363
  13.369141	  -0.579348
  13.378906	  -0.594902
  13.388672	  -0.533422
  13.398438	  -0.434068
  13.408203	  -0.340482
  13.417969	  -0.287037
  13.427734	  -0.289714
  13.437500	  -0.343795
  13.447266	  -0.428145
  13.457031	  -0.513794
  13.466797	  -0.573453
  13.476562	  -0.588794
  13.486328	  -0.553557
  13.496094	  -0.472293
  13.505859	  -0.356104
  13.515625	  -0.217603
  13.525391	  -0.067154
  13.535156	   0.088405
  13.544922	   0.244675
  13.554688	   0.397398
  13.564453	   0.540545
  13.574219	   0.666057
  13.583984	   0.765569
  13.593750	   0.833373
  13.603516	   0.869112
  13.613281	   0.878670
  13.623047	   0.872367
  13.632812	   0.860782
  13.642578	   0.849645
  13.652344	   0.835961
  13.662109	   0.807260
  13.671875	   0.744923
  13.681641	   0.630910
  13.691406	   0.455813
  13.701172	   0.225273
  13.710938	  -0.037917
  13.720703	  -0.297469
  13.730469	  -0.512507
  13.740234	  -0.649277
  13.750000	  -0.691963
  13.759766	  -0.648921
  13.769531	  -0.551857
  13.779297	  -0.447704
  13.789062	  -0.385362
  13.798828	  -0.401241
  13.808594	  -0.508136
  13.818359	  -0.691002
  13.828125	  -0.911096
  13.837891	  -1.117270
  13.847656	  -1.260908
  13.857422	  -1.309860
  13.867188	  -1.257067
  13.876953	  -1.121361
  13.886719	  -0.940466
  13.896484	  -0.758770
  13.906250	  -0.614000
  13.916016	  -0.527117
  13.925781	  -0.498486
  13.935547	  -0.511071
  13.945312	  -0.539032
  13.955078	  -0.558268
  13.964844	  -0.555030
  13.974609	  -0.529576
  13.984375	  -0.493846
  13.994141	  -0.464376
  14.003906	  -0.453447
  14.013672	  -0.462083
  14.023438	  -0.477775
  14.033203	  -0.477992
  14.042969	  -0.438320
  14.052734	  -0.342292
  14.062500	  -0.189185
  14.072266	   0.003257
  14.082031	   0.202498
  14.091797	   0.370298
  14.101562	   0.474268
  14.111328	   0.497983
  14.121094	   0.446141
  14.130859	   0.342934
  14.140625	   0.224110
  14.150391	   0.125393
  14.160156	   0.071208
  14.169922	   0.067543
  14.179688	   0.101369
  14.189453	   0.146744
  14.199219	   0.175404
  14.208984	   0.168051
  14.218750	   0.122304
  14.228516	   0.054415
  14.238281	  -0.006017
  14.248047	  -0.026621
  14.257812	   0.015434
  14.267578	   0.123622
  14.277344	   0.278243
  14.287109	   0.440152
  14.296875	   0.561121
  14.306641	   0.597777
  14.316406	   0.524843
  14.326172	   0.343632
  14.335938	   0.083196
  14.345703	  -0.206223
  14.355469	  -0.465494
  14.365234	  -0.641104
  14.375000	  -0.697850
  14.384766	  -0.626451
  14.394531	  -0.444455
  14.404297	  -0.190809
  14.414062	   0.083891
  14.423828	   0.328547
  14.433594	   0.501292
  14.443359	   0.575830
  14.453125	   0.543715
  14.462891	   0.413080
  14.472656	   0.205088
  14.482422	  -0.050530
  14.492188	  -0.319816
  14.501953	  -0.568428
  14.511719	  -0.765116
  14.521484	  -0.885102
  14.531250	  -0.913450
  14.541016	  -0.848006
  14.550781	  -0.701055
  14.560547	  -0.498698
  14.570312	  -0.277325
  14.580078	  -0.077292
  14.589844	   0.065127
  14.599609	   0.125633
  14.609375	   0.097533
  14.619141	  -0.006644
  14.628906	  -0.158251
  14.638672	  -0.319737
  14.648438	  -0.454111
  14.658203	  -0.534099
  14.667969	  -0.548464
  14.677734	  -0.503825
  14.687500	  -0.421600
  14.697266	  -0.331168
  14.707031	  -0.261350
  14.716797	  -0.232721
  14.726562	  -0.252795
  14.736328	  -0.315161
  14.746094	  -0.402363
  14.755859	  -0.491264
  14.765625	  -0.559084
  14.775391	  -0.588386
  14.785156	  -0.569916
  14.794922	  -0.503072
  14.804688	  -0.394557
  14.814453	  -0.256209
  14.824219	  -0.102886
  14.833984	   0.049080
  14.843750	   0.182972
  14.853516	   0.282801
  14.863281	   0.334984
  14.873047	   0.330787
  14.882812	   0.269135
  14.892578	   0.158867
  14.902344	   0.019243
  14.912109	  -0.122160
  14.921875	  -0.234357
  14.931641	  -0.289817
  14.941406	  -0.271604
  14.951172	  -0.178690
  14.960938	  -0.027612
  14.970703	   0.150413
  14.980469	   0.316500
  14.990234	   0.433487
  15.000000	   0.475172
  15.009766	   0.432780
  15.019531	   0.316834
  15.029297	   0.153949
  15.039062	  -0.020416
  15.048828	  -0.171037
  15.058594	  -0.271170
  15.068359	  -0.307729
  15.078125	  -0.282224
  15.087891	  -0.207712
  15.097656	  -0.103251
  15.107422	   0.012063
  15.117188	   0.123503
  15.126953	   0.222429
  15.136719	   0.305332
  15.146484	   0.371257
  15.156250	   0.419187
  15.166016	   0.446810
  15.175781	   0.451332
  15.185547	   0.431931
  15.195312	   0.392607
  15.205078	   0.343795
  15.214844	   0.301493
  15.224609	   0.283621
  15.234375	   0.304490
  15.244141	   0.369238
  15.253906	   0.470403
  15.263672	   0.588266
  15.273438	   0.695421
  15.283203	   0.764496
  15.292969	   0.776719
  15.302734	   0.728472
  15.312500	   0.633457
  15.322266	   0.519415
  15.332031	   0.420142
  15.341797	   0.365171
  15.351562	   0.370429
  15.361328	   0.432959
  15.371094	   0.531605
  15.380859	   0.633569
  15.390625	   0.704849
  15.400391	   0.721175
  15.410156	   0.675874
  15.419922	   0.582021
  15.429688	   0.468140
  15.439453	   0.368826
  15.449219	   0.313376
  15.458984	   0.316165
  15.468750	   0.371940
  15.478516	   0.457554
  15.488281	   0.539501
  15.498047	   0.584738
  15.507812	   0.571171
  15.517578	   0.494410
  15.527344	   0.368670
  15.537109	   0.221702
  15.546875	   0.085640
  15.556641	  -0.013086
  15.566406	  -0.061379
  15.576172	  -0.062252
  15.585938	  -0.032098
  15.595703	   0.006294
  15.605469	   0.032307
  15.615234	   0.034561
  15.625000	   0.014034
  15.634766	  -0.017648
  15.644531	  -0.043889
  15.654297	  -0.050472
  15.664062	  -0.031732
  15.673828	   0.006794
  15.683594	   0.050231
  15.693359	   0.080053
  15.703125	   0.081445
  15.712891	   0.049579
  15.722656	  -0.007612
  15.732422	  -0.071312
  15.742188	  -0.117828
  15.751953	  -0.126716
  15.761719	  -0.088210
  15.771484	  -0.007339
  15.781250	   0.096746
  15.791016	   0.196121
  15.800781	   0.262360
  15.810547	   0.275049
  15.820312	   0.227782
  15.830078	   0.129767
  15.839844	   0.002690
  15.849609	  -0.125987
  15.859375	  -0.230971
  15.869141	  -0.295730
  15.878906	  -0.315770
  15.888672	  -0.297839
  15.898438	  -0.255766
  15.908203	  -0.204709
  15.917969	  -0.155994
  15.927734	  -0.114307
  15.937500	  -0.077970
  15.947266	  -0.041829
  15.957031	  -0.001285
  15.966797	   0.044349
  15.976562	   0.090599
  15.986328	   0.129238
  15.996094	   0.151760
  16.005859	   0.153465
  16.015625	   0.136429
  16.025391	   0.110010
  16.035156	   0.088489
  16.044922	   0.086548
  16.054688	   0.114150
  16.064453	   0.172700
  16.074219	   0.253914
  16.083984	   0.341939
  16.093750	   0.418049
  16.103516	   0.466351
  16.113281	   0.478559
  16.123047	   0.456223
  16.132812	   0.409705
  16.142578	   0.354359
  16.152344	   0.305332
  16.162109	   0.272858
  16.171875	   0.259663
  16.181641	   0.261291
  16.191406	   0.269030
  16.201172	   0.274195
  16.210938	   0.272023
  16.220703	   0.263661
  16.230469	   0.255483
  16.240234	   0.256046
  16.250000	   0.271950
  16.259766	   0.304272
  16.269531	   0.347122
  16.279297	   0.388994
  16.289062	   0.416562
  16.298828	   0.419565
  16.308594	   0.394944
  16.318359	   0.348606
  16.328125	   0.293984
  16.337891	   0.247748
  16.347656	   0.224081
  16.357422	   0.229512
  16.367188	   0.260194
  16.376953	   0.302690
  16.386719	   0.338119
  16.396484	   0.348336
  16.406250	   0.322041
  16.416016	   0.258759
  16.425781	   0.169261
  16.435547	   0.072292
  16.445312	  -0.011326
  16.455078	  -0.065226
  16.464844	  -0.082465
  16.474609	  -0.067313
  16.484375	  -0.033341
  16.494141	   0.001442
  16.503906	   0.020651
  16.513672	   0.014709
  16.523438	  -0.016562
  16.533203	  -0.064671
  16.542969	  -0.116053
  16.552734	  -0.157082
  16.562500	  -0.178626
  16.572266	  -0.178546
  16.582031	  -0.161369
  16.591797	  -0.135500
  16.601562	  -0.109224
  16.611328	  -0.087209
  16.621094	  -0.068953
  16.630859	  -0.049820
  16.640625	  -0.024222
  16.650391	   0.010374
  16.660156	   0.050368
  16.669922	   0.085349
  16.679688	   0.100421
  16.689453	   0.081003
  16.699219	   0.018560
  16.708984	  -0.084766
  16.718750	  -0.214435
  16.728516	  -0.345622
  16.738281	  -0.448819
  16.748047	  -0.497413
  16.757812	  -0.474984
  16.767578	  -0.380094
  16.777344	  -0.227062
  16.787109	  -0.042485
  16.796875	   0.141466
  16.806641	   0.294972
  16.816406	   0.397413
  16.826172	   0.441292
  16.835938	   0.432368
  16.845703	   0.386336
  16.855469	   0.323413
  16.865234	   0.262628
  16.875000	   0.217532
  16.884766	   0.194297
  16.894531	   0.192310
  16.904297	   0.206499
  16.914062	   0.230213
  16.923828	   0.257495
  16.933594	   0.284107
  16.943359	   0.307290
  16.953125	   0.324835
  16.962891	   0.334284
  16.972656	   0.332895
  16.982422	   0.318571
  16.992188	   0.291329
  17.001953	   0.254545
  17.011719	   0.215139
  17.021484	   0.182237
  17.031250	   0.164500
  17.041016	   0.166916
  17.050781	   0.188262
  17.060547	   0.220355
  17.070312	   0.249684
  17.080078	   0.261164
  17.089844	   0.242944
  17.099609	   0.190697
  17.109375	   0.109815
  17.119141	   0.014605
  17.128906	  -0.075517
  17.138672	  -0.141729
  17.148438	  -0.171632
  17.158203	  -0.163291
  17.167969	  -0.126109
  17.177734	  -0.078164
  17.187500	  -0.040835
  17.197266	  -0.032413
  17.207031	  -0.062762
  17.216797	  -0.130709
  17.226562	  -0.224909
  17.236328	  -0.327754
  17.246094	  -0.420907
  17.255859	  -0.490521
  17.265625	  -0.530445
  17.275391	  -0.542505
  17.285156	  -0.534039
  17.294922	  -0.513881
  17.304688	  -0.488486
  17.314453	  -0.459764
  17.324219	  -0.425417
  17.333984	  -0.381569
  17.343750	  -0.326459
  17.353516	  -0.263519
  17.363281	  -0.202309
  17.373047	  -0.156608
  17.382812	  -0.140062
  17.392578	  -0.160869
  17.402344	  -0.217490
  17.412109	  -0.297203
  17.421875	  -0.378425
  17.431641	  -0.436403
  17.441406	  -0.450633
  17.451172	  -0.411607
  17.460938	  -0.324552
  17.470703	  -0.208693
  17.480469	  -0.092010
  17.490234	  -0.002998
  17.500000	   0.038049
  17.509766	   0.025400
  17.519531	  -0.030184
  17.529297	  -0.104675
  17.539062	  -0.168194
  17.548828	  -0.194278
  17.558594	  -0.168076
  17.568359	  -0.090878
  17.578125	   0.020413
  17.587891	   0.138622
  17.597656	   0.234673
  17.607422	   0.286291
  17.617188	   0.284301
  17.626953	   0.234668
  17.636719	   0.155837
  17.646484	   0.072476
  17.656250	   0.007805
  17.666016	  -0.022996
  17.675781	  -0.016309
  17.685547	   0.020309
  17.695312	   0.071913
  17.705078	   0.121774
  17.714844	   0.156751
  17.724609	   0.170675
  17.734375	   0.164847
  17.744141	   0.145876
  17.753906	   0.122018
  17.763672	   0.099605
  17.773438	   0.080978
  17.783203	   0.064582
  17.792969	   0.046970
  17.802734	   0.025676
  17.812500	   0.001545
  17.822266	  -0.020580
  17.832031	  -0.033276
  17.841797	  -0.029580
  17.851562	  -0.006465
  17.861328	   0.032701
  17.871094	   0.077858
  17.880859	   0.114500
  17.890625	   0.127878
  17.900391	   0.107806
  17.910156	   0.052414
  17.919922	  -0.030537
  17.929688	  -0.125332
  17.939453	  -0.212542
  17.949219	  -0.274493
  17.958984	  -0.300231
  17.968750	  -0.288389
  17.978516	  -0.247121
  17.988281	  -0.191217
  17.998047	  -0.137472
  18.007812	  -0.099881
  18.017578	  -0.086188
  18.027344	  -0.096789
  18.037109	  -0.126047
  18.046875	  -0.165291
  18.056641	  -0.206207
  18.066406	  -0.243344
  18.076172	  -0.274912
  18.085938	  -0.301810
  18.095703	  -0.325555
  18.105469	  -0.346204
  18.115234	  -0.361296
  18.125000	  -0.366381
  18.134766	  -0.356949
  18.144531	  -0.330942
  18.154297	  -0.290659
  18.164062	  -0.243101
  18.173828	  -0.198315
  18.183594	  -0.166187
  18.193359	  -0.152772
  18.203125	  -0.157605
  18.212891	  -0.173152
  18.222656	  -0.186875
  18.232422	  -0.185383
  18.242188	  -0.159331
  18.251953	  -0.107316
  18.261719	  -0.037264
  18.271484	   0.035404
  18.281250	   0.092405
  18.291016	   0.118577
  18.300781	   0.107199
  18.310547	   0.062756
  18.320312	   0.000047
  18.330078	  -0.060223
  18.339844	  -0.098006
  18.349609	  -0.100482
  18.359375	  -0.066404
  18.369141	  -0.006696
  18.378906	   0.058999
  18.388672	   0.108720
  18.398438	   0.125455
  18.408203	   0.102850
  18.417969	   0.047439
  18.427734	  -0.023343
  18.437500	  -0.086718
  18.447266	  -0.121831
  18.457031	  -0.116306
  18.466797	  -0.069951
  18.476562	   0.005554
  18.486328	   0.090781
  18.496094	   0.164991
  18.505859	   0.212698
  18.515625	   0.228143
  18.525391	   0.216294
  18.535156	   0.190201
  18.544922	   0.165807
  18.554688	   0.156128
  18.564453	   0.166871
  18.574219	   0.194924
  18.583984	   0.230116
  18.593750	   0.259405
  18.603516	   0.271860
  18.613281	   0.262558
  18.623047	   0.234010
  18.632812	   0.194701
  18.642578	   0.155409
  18.652344	   0.124824
  18.662109	   0.106180
  18.671875	   0.096209
  18.681641	   0.086819
  18.691406	   0.068808
  18.701172	   0.036155
  18.710938	  -0.010847
  18.720703	  -0.064906
  18.730469	  -0.113892
  18.740234	  -0.145135
  18.750000	  -0.150327
  18.759766	  -0.129181
  18.769531	  -0.090401
  18.779297	  -0.049463
  18.789062	  -0.023822
  18.798828	  -0.027159
  18.808594	  -0.064621
  18.818359	  -0.130778
  18.828125	  -0.211060
  18.837891	  -0.286258
  18.847656	  -0.338624
  18.857422	  -0.357520
  18.867188	  -0.342707
  18.876953	  -0.304189
  18.886719	  -0.258683
  18.896484	  -0.223927
  18.906250	  -0.212772
  18.916016	  -0.229028
  18.925781	  -0.266418
  18.935547	  -0.310897
  18.945312	  -0.345473
  18.955078	  -0.355836
  18.964844	  -0.334900
  18.974609	  -0.284804
  18.984375	  -0.215843
  18.994141	  -0.142857
  19.003906	  -0.080456
  19.013672	  -0.038736
  19.023438	  -0.020894
  19.033203	  -0.023363
  19.042969	  -0.038178
  19.052734	  -0.056492
  19.062500	  -0.071867
  19.072266	  -0.082117
  19.082031	  -0.089174
  19.091797	  -0.097204
  19.101562	  -0.109900
  19.111328	  -0.128151
  19.121094	  -0.149086
  19.130859	  -0.166892
  19.140625	  -0.175083
  19.150391	  -0.169289
  19.160156	  -0.149391
  19.169922	  -0.120106
  19.179688	  -0.089684
  19.189453	  -0.067154
  19.199219	  -0.059103
  19.208984	  -0.067222
  19.218750	  -0.087547
  19.228516	  -0.111738
  19.238281	  -0.129949
  19.248047	  -0.134283
  19.257812	  -0.121545
  19.267578	  -0.094318
  19.277344	  -0.059970
  19.287109	  -0.027966
  19.296875	  -0.006524
  19.306641	   0.000176
  19.316406	  -0.006813
  19.326172	  -0.022010
  19.335938	  -0.037934
  19.345703	  -0.048214
  19.355469	  -0.050134
  19.365234	  -0.045625
  19.375000	  -0.040339
  19.384766	  -0.041157
  19.394531	  -0.053146
  19.404297	  -0.077172
  19.414062	  -0.109164
  19.423828	  -0.141352
  19.433594	  -0.165045
  19.443359	  -0.173875
  19.453125	  -0.166206
  19.462891	  -0.145727
  19.472656	  -0.119902
  19.482422	  -0.096829
  19.492188	  -0.081720
  19.501953	  -0.074436
  19.511719	  -0.069176
  19.521484	  -0.056634
  19.531250	  -0.027960
  19.541016	   0.020896
  19.550781	   0.086177
  19.560547	   0.155988
  19.570312	   0.213115
  19.580078	   0.240283
  19.589844	   0.226210
  19.599609	   0.170355
  19.609375	   0.084555
  19.619141	  -0.009315
  19.628906	  -0.085184
  19.638672	  -0.120440
  19.648438	  -0.103004
  19.658203	  -0.035467
  19.667969	   0.065146
  19.677734	   0.172092
  19.687500	   0.256701
  19.697266	   0.296854
  19.707031	   0.283481
  19.716797	   0.223039
  19.726562	   0.135222
  19.736328	   0.046693
  19.746094	  -0.017126
  19.755859	  -0.039569
  19.765625	  -0.017217
  19.775391	   0.039925
  19.785156	   0.112407
  19.794922	   0.177979
  19.804688	   0.218623
  19.814453	   0.225671
  19.824219	   0.201512
  19.833984	   0.157579
  19.843750	   0.109616
  19.853516	   0.072059
  19.863281	   0.053527
  19.873047	   0.054909
  19.882812	   0.070459
  19.892578	   0.091216
  19.902344	   0.109251
  19.912109	   0.121027
  19.921875	   0.128593
  19.931641	   0.138247
  19.941406	   0.157301
  19.951172	   0.190325
  19.960938	   0.236433
  19.970703	   0.288762
  19.980469	   0.336411
  19.990234	   0.368166
  20.000000	   0.376597
  20.009766	   0.360959
  20.019531	   0.327749
  20.029297	   0.288626
  20.039062	   0.256409
  20.048828	   0.240591
  20.058594	   0.244009
  20.068359	   0.261904
  20.078125	   0.283737
  20.087891	   0.297116
  20.097656	   0.292385
  20.107422	   0.266206
  20.117188	   0.222803
  20.126953	   0.172399
  20.136719	   0.127442
  20.146484	   0.097983
  20.156250	   0.087955
  20.166016	   0.093718
  20.175781	   0.105440
  20.185547	   0.110811
  20.195312	   0.099720
  20.205078	   0.068162
  20.214844	   0.019896
  20.224609	  -0.034782
  20.234375	  -0.082738
  20.244141	  -0.112814
  20.253906	  -0.119989
  20.263672	  -0.107312
  20.273438	  -0.084871
  20.283203	  -0.066116
  20.292969	  -0.062877
  20.302734	  -0.080893
  20.312500	  -0.117531
  20.322266	  -0.162569
  20.332031	  -0.201819
  20.341797	  -0.222280
  20.351562	  -0.216955
  20.361328	  -0.187533
  20.371094	  -0.143887
  20.380859	  -0.100521
  20.390625	  -0.071206
  20.400391	  -0.063761
  20.410156	  -0.076924
  20.419922	  -0.100546
  20.429688	  -0.119152
  20.439453	  -0.117684
  20.449219	  -0.087396
  20.458984	  -0.029749
  20.468750	   0.043187
  20.478516	   0.112133
  20.488281	   0.156764
  20.498047	   0.162565
  20.507812	   0.126047
  20.517578	   0.056450
  20.527344	  -0.026727
  20.537109	  -0.099654
  20.546875	  -0.141613
  20.556641	  -0.141512
  20.566406	  -0.101288
  20.576172	  -0.035093
  20.585938	   0.035476
  20.595703	   0.088472
  20.605469	   0.108691
  20.615234	   0.092415
  20.625000	   0.048331
  20.634766	  -0.005582
  20.644531	  -0.048041
  20.654297	  -0.061276
  20.664062	  -0.036422
  20.673828	   0.024180
  20.683594	   0.108341
  20.693359	   0.198350
  20.703125	   0.276619
  20.712891	   0.330703
  20.722656	   0.356051
  20.732422	   0.355838
  20.742188	   0.338229
  20.751953	   0.312391
  20.761719	   0.284845
  20.771484	   0.257562
  20.781250	   0.228347
  20.791016	   0.193180
  20.800781	   0.149345
  20.810547	   0.097925
  20.820312	   0.044495
  20.830078	  -0.002392
  20.839844	  -0.034399
  20.849609	  -0.047047
  20.859375	  -0.042285
  20.869141	  -0.028837
  20.878906	  -0.019940
  20.888672	  -0.029106
  20.898438	  -0.065298
  20.908203	  -0.129259
  20.917969	  -0.212376
  20.927734	  -0.298641
  20.937500	  -0.369224
  20.947266	  -0.408205
  20.957031	  -0.407604
  20.966797	  -0.370036
  20.976562	  -0.308073
  20.986328	  -0.240512
  20.996094	  -0.186753
  21.005859	  -0.161106
  21.015625	  -0.168844
  21.025391	  -0.205181
  21.035156	  -0.257389
  21.044922	  -0.309199
  21.054688	  -0.345951
  21.064453	  -0.358781
  21.074219	  -0.346583
  21.083984	  -0.315296
  21.093750	  -0.275020
  21.103516	  -0.236151
  21.113281	  -0.205965
  21.123047	  -0.186784
  21.132812	  -0.176186
  21.142578	  -0.168919
  21.152344	  -0.159588
  21.162109	  -0.144965
  21.171875	  -0.125021
  21.181641	  -0.102384
  21.191406	  -0.080590
  21.201172	  -0.061986
  21.210938	  -0.046295
  21.220703	  -0.030522
  21.230469	  -0.010303
  21.240234	   0.017828
  21.250000	   0.054236
  21.259766	   0.095049
  21.269531	   0.132720
  21.279297	   0.158269
  21.289062	   0.164465
  21.298828	   0.148814
  21.308594	   0.115160
  21.318359	   0.073175
  21.328125	   0.035741
  21.337891	   0.015011
  21.347656	   0.018475
  21.357422	   0.046390
  21.367188	   0.091523
  21.376953	   0.141368
  21.386719	   0.182107
  21.396484	   0.203013
  21.406250	   0.199782
  21.416016	   0.175690
  21.425781	   0.140223
  21.435547	   0.105707
  21.445312	   0.083176
  21.455078	   0.078923
  21.464844	   0.092912
  21.474609	   0.119496
  21.484375	   0.150041
  21.494141	   0.176359
  21.503906	   0.193582
  21.513672	   0.201398
  21.523438	   0.203227
  21.533203	   0.203774
  21.542969	   0.206051
  21.552734	   0.209209
  21.562500	   0.208214
  21.572266	   0.195657
  21.582031	   0.165121
  21.591797	   0.114804
  21.601562	   0.049879
  21.611328	  -0.017569
  21.621094	  -0.071347
  21.630859	  -0.095982
  21.640625	  -0.082034
  21.650391	  -0.030001
  21.660156	   0.048701
  21.669922	   0.134293
  21.679688	   0.204117
  21.689453	   0.239395
  21.699219	   0.231083
  21.708984	   0.182830
  21.718750	   0.109967
  21.728516	   0.034757
  21.738281	  -0.020608
  21.748047	  -0.040983
  21.757812	  -0.022911
  21.767578	   0.024608
  21.777344	   0.083494
  21.787109	   0.132942
  21.796875	   0.156614
  21.806641	   0.148235
  21.816406	   0.113680
  21.826172	   0.068857
  21.835938	   0.034116
  21.845703	   0.027087
  21.855469	   0.056377
  21.865234	   0.118266
  21.875000	   0.197499
  21.884766	   0.271907
  21.894531	   0.319296
  21.904297	   0.324307
  21.914062	   0.283040
  21.923828	   0.203973
  21.933594	   0.105023
  21.943359	   0.007843
  21.953125	  -0.068679
  21.962891	  -0.113601
  21.972656	  -0.126195
  21.982422	  -0.114818
  21.992188	  -0.093042
  22.001953	  -0.074585
  22.011719	  -0.068888
  22.021484	  -0.078776
  22.031250	  -0.100806
  22.041016	  -0.127844
  22.050781	  -0.152658
  22.060547	  -0.170995
  22.070312	  -0.182935
  22.080078	  -0.192078
  22.089844	  -0.203010
  22.099609	  -0.218233
  22.109375	  -0.235933
  22.119141	  -0.249652
  22.128906	  -0.250164
  22.138672	  -0.228939
  22.148438	  -0.181925
  22.158203	  -0.112139
  22.167969	  -0.029959
  22.177734	   0.049212
  22.187500	   0.109261
  22.197266	   0.138234
  22.207031	   0.132124
  22.216797	   0.096196
  22.226562	   0.043360
  22.236328	  -0.009937
  22.246094	  -0.048913
  22.255859	  -0.065038
  22.265625	  -0.058442
  22.275391	  -0.037405
  22.285156	  -0.015144
  22.294922	  -0.005077
  22.304688	  -0.016209
  22.314453	  -0.050215
  22.324219	  -0.101152
  22.333984	  -0.157777
  22.343750	  -0.207555
  22.353516	  -0.240869
  22.363281	  -0.253943
  22.373047	  -0.249529
  22.382812	  -0.235239
  22.392578	  -0.220285
  22.402344	  -0.211919
  22.412109	  -0.212931
  22.421875	  -0.221088
  22.431641	  -0.230620
  22.441406	  -0.235064
  22.451172	  -0.230274
  22.460938	  -0.216339
  22.470703	  -0.197643
  22.480469	  -0.181032
  22.490234	  -0.172822
  22.500000	  -0.175878
  22.509766	  -0.187983
  22.519531	  -0.202240
  22.529297	  -0.209449
  22.539062	  -0.201620
  22.548828	  -0.175286
  22.558594	  -0.133282
  22.568359	  -0.084206
  22.578125	  -0.039601
  22.587891	  -0.009812
  22.597656	   0.000004
  22.607422	  -0.007807
  22.617188	  -0.023729
  22.626953	  -0.034102
  22.636719	  -0.025903
  22.646484	   0.008346
  22.656250	   0.067285
  22.666016	   0.140298
  22.675781	   0.210255
  22.685547	   0.258613
  22.695312	   0.271245
  22.705078	   0.243069
  22.714844	   0.179909
  22.724609	   0.096963
  22.734375	   0.014361
  22.744141	  -0.048744
  22.753906	  -0.079603
  22.763672	  -0.075131
  22.773438	  -0.042009
  22.783203	   0.006212
  22.792969	   0.053889
  22.802734	   0.088235
  22.812500	   0.102779
  22.822266	   0.098282
  22.832031	   0.081050
  22.841797	   0.059491
  22.851562	   0.040388
  22.861328	   0.026360
  22.871094	   0.015430
  22.880859	   0.002789
  22.890625	  -0.016108
  22.900391	  -0.042461
  22.910156	  -0.072459
  22.919922	  -0.097844
  22.929688	  -0.108669
  22.939453	  -0.097266
  22.949219	  -0.061939
  22.958984	  -0.008866
  22.968750	   0.048728
  22.978516	   0.094051
  22.988281	   0.111881
  22.998047	   0.093621
  23.007812	   0.040531
  23.017578	  -0.036095
  23.027344	  -0.118001
  23.037109	  -0.185362
  23.046875	  -0.222790
  23.056641	  -0.223941
  23.066406	  -0.193229
  23.076172	  -0.144056
  23.085938	  -0.094186
  23.095703	  -0.059829
  23.105469	  -0.050420
  23.115234	  -0.065826
  23.125000	  -0.096849
  23.134766	  -0.128767
  23.144531	  -0.146617
  23.154297	  -0.140366
  23.164062	  -0.108218
  23.173828	  -0.056981
  23.183594	   0.000520
  23.193359	   0.049977
  23.203125	   0.080445
  23.212891	   0.087801
  23.222656	   0.075690
  23.232422	   0.053744
  23.242188	   0.033843
  23.251953	   0.025839
  23.261719	   0.034301
  23.271484	   0.057374
  23.281250	   0.088055
  23.291016	   0.117260
  23.300781	   0.137447
  23.310547	   0.145381
  23.320312	   0.143018
  23.330078	   0.136254
  23.339844	   0.132086
  23.349609	   0.135371
  23.359375	   0.146511
  23.369141	   0.160990
  23.378906	   0.171026
  23.388672	   0.168707
  23.398438	   0.149427
  23.408203	   0.114279
  23.417969	   0.070405
  23.427734	   0.029080
  23.437500	   0.002122
  23.447266	  -0.002127
  23.457031	   0.018195
  23.466797	   0.057579
  23.476562	   0.104728
  23.486328	   0.146116
  23.496094	   0.170304
  23.505859	   0.171536
  23.515625	   0.151398
  23.525391	   0.118005
  23.535156	   0.083058
  23.544922	   0.057845
  23.554688	   0.049600
  23.564453	   0.059466
  23.574219	   0.082681
  23.583984	   0.110821
  23.593750	   0.135154
  23.603516	   0.149848
  23.613281	   0.153849
  23.623047	   0.150801
  23.632812	   0.147143
  23.642578	   0.149194
  23.652344	   0.160418
  23.662109	   0.179913
  23.671875	   0.202713
  23.681641	   0.221730
  23.691406	   0.230533
  23.701172	   0.225823
  23.710938	   0.208624
  23.720703	   0.183675
  23.730469	   0.157289
  23.740234	   0.134543
  23.750000	   0.116972
  23.759766	   0.101771
  23.769531	   0.082922
  23.779297	   0.053908
  23.789062	   0.010978
  23.798828	  -0.044341
  23.808594	  -0.104611
  23.818359	  -0.158192
  23.828125	  -0.192859
  23.837891	  -0.200161
  23.847656	  -0.178930
  23.857422	  -0.136597
  23.867188	  -0.087621
  23.876953	  -0.049381
  23.886719	  -0.036779
  23.896484	  -0.057326
  23.906250	  -0.108430
  23.916016	  -0.177868
  23.925781	  -0.247405
  23.935547	  -0.298428
  23.945312	  -0.317746
  23.955078	  -0.301644
  23.964844	  -0.256819
  23.974609	  -0.197913
  23.984375	  -0.142475
  23.994141	  -0.105090
  24.003906	  -0.092662
  24.013672	  -0.102434
  24.023438	  -0.123380
  24.033203	  -0.140411
  24.042969	  -0.139899
  24.052734	  -0.114580
  24.062500	  -0.066139
  24.072266	  -0.004630
  24.082031	   0.054993
  24.091797	   0.097974
  24.101562	   0.114652
  24.111328	   0.103471
  24.121094	   0.071103
  24.130859	   0.029749
  24.140625	  -0.007324
  24.150391	  -0.030343
  24.160156	  -0.036066
  24.169922	  -0.028230
  24.179688	  -0.015387
  24.189453	  -0.007022
  24.199219	  -0.009498
  24.208984	  -0.023398
  24.218750	  -0.043286
  24.228516	  -0.059974
  24.238281	  -0.064405
  24.248047	  -0.051644
  24.257812	  -0.023400
  24.267578	   0.011998
  24.277344	   0.042257
  24.287109	   0.055541
  24.296875	   0.045065
  24.306641	   0.012153
  24.316406	  -0.033454
  24.326172	  -0.076289
  24.335938	  -0.100054
  24.345703	  -0.093083
  24.355469	  -0.052511
  24.365234	   0.014303
  24.375000	   0.091657
  24.384766	   0.160097
  24.394531	   0.202232
  24.404297	   0.207858
  24.414062	   0.176752
  24.423828	   0.118266
  24.433594	   0.047978
  24.443359	  -0.017401
  24.453125	  -0.065113
  24.462891	  -0.089755
  24.472656	  -0.094009
  24.482422	  -0.086627
  24.492188	  -0.078601
  24.501953	  -0.078972
  24.511719	  -0.091810
  24.521484	  -0.115322
  24.531250	  -0.143250
  24.541016	  -0.167833
  24.550781	  -0.183068
  24.560547	  -0.186967
  24.570312	  -0.181970
  24.580078	  -0.173425
  24.589844	  -0.166847
  24.599609	  -0.165156
  24.609375	  -0.167079
  24.619141	  -0.167454
  24.628906	  -0.159373
  24.638672	  -0.137372
  24.648438	  -0.100361
  24.658203	  -0.053061
  24.667969	  -0.005219
  24.677734	   0.031295
  24.687500	   0.046554
  24.697266	   0.036372
  24.707031	   0.004370
  24.716797	  -0.038555
  24.726562	  -0.077363
  24.736328	  -0.097616
  24.746094	  -0.090284
  24.755859	  -0.054915
  24.765625	  -0.000030
  24.775391	   0.059483
  24.785156	   0.107157
  24.794922	   0.130331
  24.804688	   0.124329
  24.814453	   0.093999
  24.824219	   0.052100
  24.833984	   0.015082
  24.843750	  -0.002316
  24.853516	   0.008172
  24.863281	   0.045791
  24.873047	   0.101229
  24.882812	   0.159853
  24.892578	   0.206544
  24.902344	   0.230464
  24.912109	   0.228157
  24.921875	   0.204040
  24.931641	   0.168278
  24.941406	   0.132930
  24.951172	   0.107817
  24.960938	   0.097581
  24.970703	   0.100872
  24.980469	   0.111783
  24.990234	   0.122820
  25.000000	   0.128161
  25.009766	   0.125901
  25.019531	   0.118469
  25.029297	   0.111122
  25.039062	   0.109216
  25.048828	   0.115422
  25.058594	   0.128096
  25.068359	   0.141511
  25.078125	   0.147963
  25.087891	   0.140939
  25.097656	   0.118130
  25.107422	   0.083027
  25.117188	   0.044354
  25.126953	   0.013400
  25.136719	   0.000096
  25.146484	   0.009240
  25.156250	   0.038242
  25.166016	   0.077328
  25.175781	   0.112242
  25.185547	   0.128626
  25.195312	   0.116624
  25.205078	   0.074168
  25.214844	   0.007806
  25.224609	  -0.069202
  25.234375	  -0.140877
  25.244141	  -0.193243
  25.253906	  -0.218208
  25.263672	  -0.215341
  25.273438	  -0.191092
  25.283203	  -0.155853
  25.292969	  -0.120056
  25.302734	  -0.090748
  25.312500	  -0.069845
  25.322266	  -0.054604
  25.332031	  -0.039942
  25.341797	  -0.021566
  25.351562	   0.001438
  25.361328	   0.025659
  25.371094	   0.044508
  25.380859	   0.051037
  25.390625	   0.041316
  25.400391	   0.016983
  25.410156	  -0.014188
  25.419922	  -0.040106
  25.429688	  -0.048096
  25.439453	  -0.029300
  25.449219	   0.017839
  25.458984	   0.086332
  25.468750	   0.162232
  25.478516	   0.228633
  25.488281	   0.270802
  25.498047	   0.280719
  25.507812	   0.259448
  25.517578	   0.216519
  25.527344	   0.166503
  25.537109	   0.123974
  25.546875	   0.098610
  25.556641	   0.092137
  25.566406	   0.098190
  25.576172	   0.105103
  25.585938	   0.100606
  25.595703	   0.076725
  25.605469	   0.033089
  25.615234	  -0.022579
  25.625000	  -0.077002
  25.634766	  -0.116035
  25.644531	  -0.129841
  25.654297	  -0.116666
  25.664062	  -0.083839
  25.673828	  -0.045549
  25.683594	  -0.018119
  25.693359	  -0.014385
  25.703125	  -0.039128
  25.712891	  -0.087167
  25.722656	  -0.144817
  25.732422	  -0.194256
  25.742188	  -0.219352
  25.751953	  -0.211005
  25.761719	  -0.170198
  25.771484	  -0.107787
  25.781250	  -0.041098
  25.791016	   0.011466
  25.800781	   0.036049
  25.810547	   0.027327
  25.820312	  -0.010327
  25.830078	  -0.064762
  25.839844	  -0.120244
  25.849609	  -0.162437
  25.859375	  -0.182481
  25.869141	  -0.178936
  25.878906	  -0.157139
  25.888672	  -0.126471
  25.898438	  -0.096691
  25.908203	  -0.074733
  25.917969	  -0.063044
  25.927734	  -0.059886
  25.937500	  -0.061240
  25.947266	  -0.063333
  25.957031	  -0.064670
  25.966797	  -0.066695
  25.976562	  -0.072828
  25.986328	  -0.086337
  25.996094	  -0.107998
  26.005859	  -0.134608
  26.015625	  -0.159107
  26.025391	  -0.172424
  26.035156	  -0.166454
  26.044922	  -0.137112
  26.054688	  -0.086273
  26.064453	  -0.021821
  26.074219	   0.044332
  26.083984	   0.099650
  26.093750	   0.134644
  26.103516	   0.145555
  26.113281	   0.135134
  26.123047	   0.111279
  26.132812	   0.084062
  26.142578	   0.062252
  26.152344	   0.050577
  26.162109	   0.048691
  26.171875	   0.052129
  26.181641	   0.054789
  26.191406	   0.051910
  26.201172	   0.042334
  26.210938	   0.029156
  26.220703	   0.018498
  26.230469	   0.016908
  26.240234	   0.028430
  26.250000	   0.052576
  26.259766	   0.084051
  26.269531	   0.114463
  26.279297	   0.135393
  26.289062	   0.141688
  26.298828	   0.133629
  26.308594	   0.117051
  26.318359	   0.101211
  26.328125	   0.095106
  26.337891	   0.103571
  26.347656	   0.124679
  26.357422	   0.149580
  26.367188	   0.165045
  26.376953	   0.158004
  26.386719	   0.120547
  26.396484	   0.053592
  26.406250	  -0.032229
  26.416016	  -0.119002
  26.425781	  -0.186690
  26.435547	  -0.219401
  26.445312	  -0.210720
  26.455078	  -0.166247
  26.464844	  -0.102378
  26.474609	  -0.041579
  26.484375	  -0.005611
  26.494141	  -0.008846
  26.503906	  -0.053839
  26.513672	  -0.130571
  26.523438	  -0.219619
  26.533203	  -0.298171
  26.542969	  -0.346938
  26.552734	  -0.355742
  26.562500	  -0.326042
  26.572266	  -0.269759
  26.582031	  -0.204951
  26.591797	  -0.149957
  26.601562	  -0.118004
  26.611328	  -0.114026
  26.621094	  -0.134544
  26.630859	  -0.170364
  26.640625	  -0.210826
  26.650391	  -0.247902
  26.660156	  -0.278591
  26.669922	  -0.304799
  26.679688	  -0.330937
  26.689453	  -0.360359
  26.699219	  -0.392222
  26.708984	  -0.420198
  26.718750	  -0.433725
  26.728516	  -0.421476
  26.738281	  -0.375818
  26.748047	  -0.296552
  26.757812	  -0.192415
  26.767578	  -0.079552
  26.777344	   0.022742
  26.787109	   0.097691
  26.796875	   0.136253
  26.806641	   0.140067
  26.816406	   0.121061
  26.826172	   0.097769
  26.835938	   0.089517
  26.845703	   0.110371
  26.855469	   0.164842
  26.865234	   0.246729
  26.875000	   0.341414
  26.884766	   0.430768
  26.894531	   0.498948
  26.904297	   0.537146
  26.914062	   0.545714
  26.923828	   0.533103
  26.933594	   0.512131
  26.943359	   0.495009
  26.953125	   0.488949
  26.962891	   0.493871
  26.972656	   0.502943
  26.982422	   0.505634
  26.992188	   0.492070
  27.001953	   0.457059
  27.011719	   0.402323
  27.021484	   0.336169
  27.031250	   0.270791
  27.041016	   0.218237
  27.050781	   0.186531
  27.060547	   0.177319
  27.070312	   0.185811
  27.080078	   0.202895
  27.089844	   0.218543
  27.099609	   0.225159
  27.109375	   0.219646
  27.119141	   0.203507
  27.128906	   0.181105
  27.138672	   0.156938
  27.148438	   0.133157
  27.158203	   0.108433
  27.167969	   0.078677
  27.177734	   0.039366
  27.187500	  -0.011531
  27.197266	  -0.071300
  27.207031	  -0.132022
  27.216797	  -0.182333
  27.226562	  -0.210974
  27.236328	  -0.210939
  27.246094	  -0.182663
  27.255859	  -0.134936
  27.265625	  -0.082989
  27.275391	  -0.044153
  27.285156	  -0.032470
  27.294922	  -0.054024
  27.304688	  -0.104659
  27.314453	  -0.170975
  27.324219	  -0.234363
  27.333984	  -0.276841
  27.343750	  -0.286736
  27.353516	  -0.262346
  27.363281	  -0.212313
  27.373047	  -0.152613
  27.382812	  -0.101188
  27.392578	  -0.072063
  27.402344	  -0.070954
  27.412109	  -0.093821
  27.421875	  -0.128801
  27.431641	  -0.160739
  27.441406	  -0.176663
  27.451172	  -0.170233
  27.460938	  -0.143602
  27.470703	  -0.106092
  27.480469	  -0.070242
  27.490234	  -0.046763
  27.500000	  -0.040289
  27.509766	  -0.047538
  27.519531	  -0.058596
  27.529297	  -0.060852
  27.539062	  -0.044155
  27.548828	  -0.005259
  27.558594	   0.050150
  27.568359	   0.108671
  27.578125	   0.153357
  27.587891	   0.169416
  27.597656	   0.149468
  27.607422	   0.096499
  27.617188	   0.023417
  27.626953	  -0.050711
  27.636719	  -0.106499
  27.646484	  -0.130208
  27.656250	  -0.117849
  27.666016	  -0.076071
  27.675781	  -0.019610
  27.685547	   0.033754
  27.695312	   0.068968
  27.705078	   0.078219
  27.714844	   0.062740
  27.724609	   0.031419
  27.734375	  -0.003121
  27.744141	  -0.029431
  27.753906	  -0.041337
  27.763672	  -0.039765
  27.773438	  -0.031726
  27.783203	  -0.026980
  27.792969	  -0.033713
  27.802734	  -0.054934
  27.812500	  -0.086971
  27.822266	  -0.120647
  27.832031	  -0.144674
  27.841797	  -0.149993
  27.851562	  -0.133385
  27.861328	  -0.098988
  27.871094	  -0.057097
  27.880859	  -0.020659
  27.890625	  -0.000716
  27.900391	  -0.002483
  27.910156	  -0.023476
  27.919922	  -0.054417
  27.929688	  -0.082575
  27.939453	  -0.096354
  27.949219	  -0.089438
  27.958984	  -0.063002
  27.968750	  -0.025175
  27.978516	   0.012039
  27.988281	   0.037243
  27.998047	   0.043879
  28.007812	   0.032658
  28.017578	   0.011268
  28.027344	  -0.008528
  28.037109	  -0.015371
  28.046875	  -0.002705
  28.056641	   0.028505
  28.066406	   0.069761
  28.076172	   0.107763
  28.085938	   0.128915
  28.095703	   0.124027
  28.105469	   0.091517
  28.115234	   0.038000
  28.125000	  -0.023944
  28.134766	  -0.079985
  28.144531	  -0.118748
  28.154297	  -0.135300
  28.164062	  -0.132233
  28.173828	  -0.117997
  28.183594	  -0.103181
  28.193359	  -0.096148
  28.203125	  -0.099688
  28.212891	  -0.109918
  28.222656	  -0.117866
  28.232422	  -0.113118
  28.242188	  -0.088195
  28.251953	  -0.041998
  28.261719	   0.018987
  28.271484	   0.082210
  28.281250	   0.132839
  28.291016	   0.158468
  28.300781	   0.153108
  28.310547	   0.119065
  28.320312	   0.066053
  28.330078	   0.007897
  28.339844	  -0.041992
  28.349609	  -0.074763
  28.359375	  -0.088459
  28.369141	  -0.087795
  28.378906	  -0.081582
  28.388672	  -0.078843
  28.398438	  -0.085124
  28.408203	  -0.100378
  28.417969	  -0.119198
  28.427734	  -0.133233
  28.437500	  -0.134824
  28.447266	  -0.120413
  28.457031	  -0.092368
  28.466797	  -0.058484
  28.476562	  -0.029289
  28.486328	  -0.014161
  28.496094	  -0.017691
  28.505859	  -0.037722
  28.515625	  -0.065835
  28.525391	  -0.090192
  28.535156	  -0.099742
  28.544922	  -0.088265
  28.554688	  -0.056776
  28.564453	  -0.013359
  28.574219	   0.029545
  28.583984	   0.059478
  28.593750	   0.068367
  28.603516	   0.055431
  28.613281	   0.027508
  28.623047	  -0.003305
  28.632812	  -0.023894
  28.642578	  -0.024729
  28.652344	  -0.003192
  28.662109	   0.035540
  28.671875	   0.080366
  28.681641	   0.118179
  28.691406	   0.138428
  28.701172	   0.136698
  28.710938	   0.116038
  28.720703	   0.085652
  28.730469	   0.057466
  28.740234	   0.041888
  28.750000	   0.044323
  28.759766	   0.063668
  28.769531	   0.093280
  28.779297	   0.123926
  28.789062	   0.147526
  28.798828	   0.160191
  28.808594	   0.163379
  28.818359	   0.162738
  28.828125	   0.165145
  28.837891	   0.175169
  28.847656	   0.192471
  28.857422	   0.211286
  28.867188	   0.222382
  28.876953	   0.216851
  28.886719	   0.190333
  28.896484	   0.145974
  28.906250	   0.094802
  28.916016	   0.053051
  28.925781	   0.037130
  28.935547	   0.057846
  28.945312	   0.115885
  28.955078	   0.200284
  28.964844	   0.290659
  28.974609	   0.362721
  28.984375	   0.395440
  28.994141	   0.377607
  29.003906	   0.311637
  29.013672	   0.213305
  29.023438	   0.107414
  29.033203	   0.020711
  29.042969	  -0.025767
  29.052734	  -0.022516
  29.062500	   0.026169
  29.072266	   0.104076
  29.082031	   0.188346
  29.091797	   0.256323
  29.101562	   0.291758
  29.111328	   0.288511
  29.121094	   0.250807
  29.130859	   0.190329
  29.140625	   0.121449
  29.150391	   0.056432
  29.160156	   0.002242
  29.169922	  -0.040110
  29.179688	  -0.073805
  29.189453	  -0.103053
  29.199219	  -0.130012
  29.208984	  -0.153151
  29.218750	  -0.167731
  29.228516	  -0.168181
  29.238281	  -0.151317
  29.248047	  -0.118972
  29.257812	  -0.078801
  29.267578	  -0.042719
  29.277344	  -0.023378
  29.287109	  -0.029894
  29.296875	  -0.064414
  29.306641	  -0.120872
  29.316406	  -0.186535
  29.326172	  -0.245921
  29.335938	  -0.285783
  29.345703	  -0.299403
  29.355469	  -0.288669
  29.365234	  -0.263140
  29.375000	  -0.236421
  29.384766	  -0.221121
  29.394531	  -0.224210
  29.404297	  -0.244482
  29.414062	  -0.273045
  29.423828	  -0.296707
  29.433594	  -0.303021
  29.443359	  -0.285154
  29.453125	  -0.244770
  29.462891	  -0.191833
  29.472656	  -0.141330
  29.482422	  -0.108072
  29.492188	  -0.101425
  29.501953	  -0.121902
  29.511719	  -0.160873
  29.521484	  -0.203539
  29.531250	  -0.234132
  29.541016	  -0.241465
  29.550781	  -0.222816
  29.560547	  -0.184716
  29.570312	  -0.140328
  29.580078	  -0.104367
  29.589844	  -0.087419
  29.599609	  -0.091791
  29.609375	  -0.110478
  29.619141	  -0.129730
  29.628906	  -0.134358
  29.638672	  -0.113884
  29.648438	  -0.067247
  29.658203	  -0.004227
  29.667969	   0.057113
  29.677734	   0.096270
  29.687500	   0.097495
  29.697266	   0.055836
  29.707031	  -0.020152
  29.716797	  -0.110150
  29.726562	  -0.187872
  29.736328	  -0.229125
  29.746094	  -0.219491
  29.755859	  -0.159095
  29.765625	  -0.062811
  29.775391	   0.044206
  29.785156	   0.134254
  29.794922	   0.185568
  29.804688	   0.188819
  29.814453	   0.149555
  29.824219	   0.085879
  29.833984	   0.022233
  29.843750	  -0.018580
  29.853516	  -0.022475
  29.863281	   0.012001
  29.873047	   0.074083
  29.882812	   0.145182
  29.892578	   0.205594
  29.902344	   0.241158
  29.912109	   0.247588
  29.921875	   0.231104
  29.931641	   0.205321
  29.941406	   0.185635
  29.951172	   0.183209
  29.960938	   0.200688
  29.970703	   0.231156
  29.980469	   0.260649
  29.990234	   0.273290
  30.000000	   0.257233
  30.009766	   0.209349
  30.019531	   0.137038
  30.029297	   0.056571
  30.039062	  -0.011488
  30.048828	  -0.048294
  30.058594	  -0.042242
  30.068359	   0.007658
  30.078125	   0.091486
  30.087891	   0.191113
  30.097656	   0.284924
  30.107422	   0.353098
  30.117188	   0.381945
  30.126953	   0.366309
  30.136719	   0.309706
  30.146484	   0.222604
  30.156250	   0.119630
  30.166016	   0.016613
  30.175781	  -0.071878
  30.185547	  -0.134270
  30.195312	  -0.163052
  30.205078	  -0.155470
  30.214844	  -0.114002
  30.224609	  -0.046573
  30.234375	   0.033792
  30.244141	   0.110262
  30.253906	   0.164660
  30.263672	   0.180901
  30.273438	   0.148752
  30.283203	   0.066905
  30.292969	  -0.055702
  30.302734	  -0.200994
  30.312500	  -0.345367
  30.322266	  -0.464990
  30.332031	  -0.541445
  30.341797	  -0.566063
  30.351562	  -0.541648
  30.361328	  -0.481031
  30.371094	  -0.402870
  30.380859	  -0.326012
  30.390625	  -0.264205
  30.400391	  -0.222804
  30.410156	  -0.198468
  30.419922	  -0.181801
  30.429688	  -0.161897
  30.439453	  -0.131097
  30.449219	  -0.088220
  30.458984	  -0.039130
  30.468750	   0.005561
  30.478516	   0.034756
  30.488281	   0.041483
  30.498047	   0.026092
  30.507812	  -0.003222
  30.517578	  -0.032881
  30.527344	  -0.048539
  30.537109	  -0.040220
  30.546875	  -0.006094
  30.556641	   0.046552
  30.566406	   0.103610
  30.576172	   0.148998
  30.585938	   0.170404
  30.595703	   0.163875
  30.605469	   0.135578
  30.615234	   0.100003
  30.625000	   0.075133
  30.634766	   0.076198
  30.644531	   0.110165
  30.654297	   0.172928
  30.664062	   0.250223
  30.673828	   0.322073
  30.683594	   0.369284
  30.693359	   0.379818
  30.703125	   0.352873
  30.712891	   0.299261
  30.722656	   0.237929
  30.732422	   0.189777
  30.742188	   0.170829
  30.751953	   0.187048
  30.761719	   0.232467
  30.771484	   0.291233
  30.781250	   0.342798
  30.791016	   0.368484
  30.800781	   0.357239
  30.810547	   0.308749
  30.820312	   0.233004
  30.830078	   0.146663
  30.839844	   0.067602
  30.849609	   0.009542
  30.859375	  -0.021479
  30.869141	  -0.027779
  30.878906	  -0.017936
  30.888672	  -0.002919
  30.898438	   0.007961
  30.908203	   0.009816
  30.917969	   0.002759
  30.927734	  -0.009643
  30.937500	  -0.023171
  30.947266	  -0.035672
  30.957031	  -0.048454
  30.966797	  -0.065730
  30.976562	  -0.092342
  30.986328	  -0.130758
  30.996094	  -0.178712
  31.005859	  -0.228654
  31.015625	  -0.269513
  31.025391	  -0.290305
  31.035156	  -0.284363
  31.044922	  -0.252549
  31.054688	  -0.204089
  31.064453	  -0.154437
  31.074219	  -0.120660
  31.083984	  -0.115788
  31.093750	  -0.144048
  31.103516	  -0.198735
  31.113281	  -0.263623
  31.123047	  -0.317656
  31.132812	  -0.341484
  31.142578	  -0.323738
  31.152344	  -0.264942
  31.162109	  -0.177702
  31.171875	  -0.083024
  31.181641	  -0.003912
  31.191406	   0.041704
  31.201172	   0.046405
  31.210938	   0.015353
  31.220703	  -0.035630
  31.230469	  -0.085292
  31.240234	  -0.113712
  31.250000	  -0.108386
  31.259766	  -0.067701
  31.269531	  -0.000831
  31.279297	   0.075737
  31.289062	   0.143691
  31.298828	   0.188478
  31.308594	   0.203166
  31.318359	   0.189443
  31.328125	   0.155733
  31.337891	   0.113373
  31.347656	   0.072424
  31.357422	   0.038675
  31.367188	   0.012836
  31.376953	  -0.008026
  31.386719	  -0.027619
  31.396484	  -0.047490
  31.406250	  -0.065347
  31.416016	  -0.075423
  31.425781	  -0.070786
  31.435547	  -0.046662
  31.445312	  -0.003385
  31.455078	   0.052353
  31.464844	   0.108669
  31.474609	   0.151853
  31.484375	   0.170849
  31.494141	   0.161262
  31.503906	   0.127362
  31.513672	   0.081240
  31.523438	   0.039220
  31.533203	   0.016660
  31.542969	   0.022862
  31.552734	   0.057859
  31.562500	   0.112199
  31.572266	   0.169879
  31.582031	   0.213446
  31.591797	   0.229583
  31.601562	   0.213276
  31.611328	   0.169202
  31.621094	   0.109899
  31.630859	   0.051410
  31.640625	   0.007932
  31.650391	  -0.012674
  31.660156	  -0.011029
  31.669922	   0.004613
  31.679688	   0.021792
  31.689453	   0.028526
  31.699219	   0.017568
  31.708984	  -0.011267
  31.718750	  -0.051425
  31.728516	  -0.092370
  31.738281	  -0.123632
  31.748047	  -0.138624
  31.757812	  -0.136814
  31.767578	  -0.123505
  31.777344	  -0.107404
  31.787109	  -0.096962
  31.796875	  -0.096932
  31.806641	  -0.106462
  31.816406	  -0.119454
  31.826172	  -0.127015
  31.835938	  -0.121053
  31.845703	  -0.097627
  31.855469	  -0.058752
  31.865234	  -0.011955
  31.875000	   0.032262
  31.884766	   0.064108
  31.894531	   0.077939
  31.904297	   0.074149
  31.914062	   0.058777
  31.923828	   0.040993
  31.933594	   0.029390
  31.943359	   0.028514
  31.953125	   0.036967
  31.962891	   0.047842
  31.972656	   0.051385
  31.982422	   0.038912
  31.992188	   0.006529
  32.001953	  -0.042778
  32.011719	  -0.099516
  32.021484	  -0.150480
  32.031250	  -0.183007
  32.041016	  -0.189199
  32.050781	  -0.168563
  32.060547	  -0.128131
  32.070312	  -0.079966
  32.080078	  -0.036955
  32.089844	  -0.008384
  32.099609	   0.003097
  32.109375	   0.002048
  32.119141	  -0.001845
  32.128906	   0.002276
  32.138672	   0.022092
  32.148438	   0.058985
  32.158203	   0.107304
  32.167969	   0.156303
  32.177734	   0.194040
  32.187500	   0.211778
  32.197266	   0.207239
  32.207031	   0.185483
  32.216797	   0.157025
  32.226562	   0.133883
  32.236328	   0.124994
  32.246094	   0.132715
  32.255859	   0.151747
  32.265625	   0.170948
  32.275391	   0.177418
  32.285156	   0.161405
  32.294922	   0.120212
  32.304688	   0.059653
  32.314453	  -0.007562
  32.324219	  -0.065968
  32.333984	  -0.102589
  32.343750	  -0.111358
  32.353516	  -0.095119
  32.363281	  -0.064426
  32.373047	  -0.033543
  32.382812	  -0.015081
  32.392578	  -0.015240
  32.402344	  -0.031450
  32.412109	  -0.053370
  32.421875	  -0.066983
  32.431641	  -0.060370
  32.441406	  -0.029074
  32.451172	   0.020968
  32.460938	   0.074191
  32.470703	   0.109825
  32.480469	   0.108651
  32.490234	   0.059905
  32.500000	  -0.034043
  32.509766	  -0.156902
  32.519531	  -0.282034
  32.529297	  -0.379390
  32.539062	  -0.423742
  32.548828	  -0.401680
  32.558594	  -0.315255
  32.568359	  -0.181211
  32.578125	  -0.026154
  32.587891	   0.120744
  32.597656	   0.235232
  32.607422	   0.303434
  32.617188	   0.323848
  32.626953	   0.305641
  32.636719	   0.264214
  32.646484	   0.215752
  32.656250	   0.172644
  32.666016	   0.141140
  32.675781	   0.121653
  32.685547	   0.111138
  32.695312	   0.106247
  32.705078	   0.105828
  32.714844	   0.111705
  32.724609	   0.127494
  32.734375	   0.156040
  32.744141	   0.196667
  32.753906	   0.243527
  32.763672	   0.285921
  32.773438	   0.310709
  32.783203	   0.306079
  32.792969	   0.265422
  32.802734	   0.189913
  32.812500	   0.088863
  32.822266	  -0.022369
  32.832031	  -0.126250
  32.841797	  -0.207497
  32.851562	  -0.256642
  32.861328	  -0.271696
  32.871094	  -0.257538
  32.880859	  -0.223459
  32.890625	  -0.179886
  32.900391	  -0.135493
  32.910156	  -0.095629
  32.919922	  -0.062413
  32.929688	  -0.036139
  32.939453	  -0.017143
  32.949219	  -0.007150
  32.958984	  -0.009412
  32.968750	  -0.027512
  32.978516	  -0.063355
  32.988281	  -0.115264
  32.998047	  -0.177140
  33.007812	  -0.239266
  33.017578	  -0.290677
  33.027344	  -0.322378
  33.037109	  -0.330267
  33.046875	  -0.316646
  33.056641	  -0.289658
  33.066406	  -0.260734
  33.076172	  -0.240870
  33.085938	  -0.237032
  33.095703	  -0.249969
  33.105469	  -0.274234
  33.115234	  -0.300416
  33.125000	  -0.318739
  33.134766	  -0.322698
  33.144531	  -0.311322
  33.154297	  -0.289195
  33.164062	  -0.264196
  33.173828	  -0.243834
  33.183594	  -0.231606
  33.193359	  -0.224901
  33.203125	  -0.215413
  33.212891	  -0.192107
  33.222656	  -0.145760
  33.232422	  -0.073439
  33.242188	   0.018859
  33.251953	   0.116610
  33.261719	   0.200375
  33.271484	   0.251631
  33.281250	   0.258925
  33.291016	   0.222236
  33.300781	   0.153898
  33.310547	   0.075550
  33.320312	   0.011899
  33.330078	  -0.016770
  33.339844	  -0.000947
  33.349609	   0.055014
  33.359375	   0.134135
  33.369141	   0.212035
  33.378906	   0.264480
  33.388672	   0.274828
  33.398438	   0.238974
  33.408203	   0.166245
  33.417969	   0.076049
  33.427734	  -0.008512
  33.437500	  -0.067887
  33.447266	  -0.091776
  33.457031	  -0.081484
  33.466797	  -0.048322
  33.476562	  -0.008816
  33.486328	   0.021470
  33.496094	   0.033277
  33.505859	   0.026346
  33.515625	   0.008667
  33.525391	  -0.007262
  33.535156	  -0.009652
  33.544922	   0.007883
  33.554688	   0.043857
  33.564453	   0.089537
  33.574219	   0.132310
  33.583984	   0.160468
  33.593750	   0.167562
  33.603516	   0.154676
  33.613281	   0.129788
  33.623047	   0.104478
  33.632812	   0.089270
  33.642578	   0.089374
  33.652344	   0.102469
  33.662109	   0.119385
  33.671875	   0.127463
  33.681641	   0.115341
  33.691406	   0.077405
  33.701172	   0.016205
  33.710938	  -0.058088
  33.720703	  -0.131041
  33.730469	  -0.188938
  33.740234	  -0.223583
  33.750000	  -0.235163
  33.759766	  -0.232104
  33.769531	  -0.227951
  33.779297	  -0.236338
  33.789062	  -0.265876
  33.798828	  -0.316753
  33.808594	  -0.380281
  33.818359	  -0.441558
  33.828125	  -0.484300
  33.837891	  -0.496155
  33.847656	  -0.472658
  33.857422	  -0.418505
  33.867188	  -0.345792
  33.876953	  -0.269946
  33.886719	  -0.204861
  33.896484	  -0.158974
  33.906250	  -0.133560
  33.916016	  -0.123699
  33.925781	  -0.121298
  33.935547	  -0.118850
  33.945312	  -0.112382
  33.955078	  -0.102429
  33.964844	  -0.092749
  33.974609	  -0.087406
  33.984375	  -0.087578
  33.994141	  -0.089570
  34.003906	  -0.085073
  34.013672	  -0.063796
  34.023438	  -0.017603
  34.033203	   0.055408
  34.042969	   0.148563
  34.052734	   0.247185
  34.062500	   0.332179
  34.072266	   0.385636
  34.082031	   0.396619
  34.091797	   0.365080
  34.101562	   0.302431
  34.111328	   0.228371
  34.121094	   0.164886
  34.130859	   0.129368
  34.140625	   0.129147
  34.150391	   0.159333
  34.160156	   0.204728
  34.169922	   0.245193
  34.179688	   0.262655
  34.189453	   0.247347
  34.199219	   0.201146
  34.208984	   0.136868
  34.218750	   0.073794
  34.228516	   0.031004
  34.238281	   0.020853
  34.248047	   0.044843
  34.257812	   0.093296
  34.267578	   0.148858
  34.277344	   0.192538
  34.287109	   0.210107
  34.296875	   0.196593
  34.306641	   0.157363
  34.316406	   0.105513
  34.326172	   0.056649
  34.335938	   0.023052
  34.345703	   0.009398
  34.355469	   0.011567
  34.365234	   0.018884
  34.375000	   0.018837
  34.384766	   0.002356
  34.394531	  -0.032438
  34.404297	  -0.079521
  34.414062	  -0.127605
  34.423828	  -0.165103
  34.433594	  -0.185440
  34.443359	  -0.190498
  34.453125	  -0.190642
  34.462891	  -0.201009
  34.472656	  -0.235241
  34.482422	  -0.298906
  34.492188	  -0.385184
  34.501953	  -0.474734
  34.511719	  -0.540291
  34.521484	  -0.554820
  34.531250	  -0.500720
  34.541016	  -0.376978
  34.550781	  -0.201651
  34.560547	  -0.008504
  34.570312	   0.161529
  34.580078	   0.271627
  34.589844	   0.299674
  34.599609	   0.244871
  34.609375	   0.128211
  34.619141	  -0.013396
  34.628906	  -0.137638
  34.638672	  -0.208751
  34.648438	  -0.207342
  34.658203	  -0.135221
  34.667969	  -0.013960
  34.677734	   0.122110
  34.687500	   0.236134
  34.697266	   0.299001
  34.707031	   0.296642
  34.716797	   0.232473
  34.726562	   0.124716
  34.736328	  -0.000060
  34.746094	  -0.114858
  34.755859	  -0.199109
  34.765625	  -0.242594
  34.775391	  -0.245770
  34.785156	  -0.217084
  34.794922	  -0.168745
  34.804688	  -0.112707
  34.814453	  -0.058169
  34.824219	  -0.011092
  34.833984	   0.024712
  34.843750	   0.045960
  34.853516	   0.048898
  34.863281	   0.029640
  34.873047	  -0.014193
  34.882812	  -0.081249
  34.892578	  -0.164817
  34.902344	  -0.252799
  34.912109	  -0.329742
  34.921875	  -0.380569
  34.931641	  -0.394872
  34.941406	  -0.370321
  34.951172	  -0.313920
  34.960938	  -0.240514
  34.970703	  -0.168937
  34.980469	  -0.116943
  34.990234	  -0.096556
  35.000000	  -0.111280
  35.009766	  -0.155942
  35.019531	  -0.219019
  35.029297	  -0.286459
  35.039062	  -0.345543
  35.048828	  -0.387467
  35.058594	  -0.407958
  35.068359	  -0.406052
  35.078125	  -0.381995
  35.087891	  -0.335484
  35.097656	  -0.265321
  35.107422	  -0.170792
  35.117188	  -0.054235
  35.126953	   0.076477
  35.136719	   0.206995
  35.146484	   0.318137
  35.156250	   0.390182
  35.166016	   0.408779
  35.175781	   0.370538
  35.185547	   0.286177
  35.195312	   0.179634
  35.205078	   0.082816
  35.214844	   0.027156
  35.224609	   0.034383
  35.234375	   0.109451
  35.244141	   0.238072
  35.253906	   0.389986
  35.263672	   0.527257
  35.273438	   0.615217
  35.283203	   0.632683
  35.292969	   0.578210
  35.302734	   0.470337
  35.312500	   0.341669
  35.322266	   0.228684
  35.332031	   0.160525
  35.341797	   0.150393
  35.351562	   0.192318
  35.361328	   0.264233
  35.371094	   0.336238
  35.380859	   0.381168
  35.390625	   0.383845
  35.400391	   0.345902
  35.410156	   0.284601
  35.419922	   0.226137
  35.429688	   0.195842
  35.439453	   0.208724
  35.449219	   0.263656
  35.458984	   0.343244
  35.468750	   0.419413
  35.478516	   0.462797
  35.488281	   0.452702
  35.498047	   0.384222
  35.507812	   0.270114
  35.517578	   0.136816
  35.527344	   0.016007
  35.537109	  -0.065401
  35.546875	  -0.093488
  35.556641	  -0.071066
  35.566406	  -0.015835
  35.576172	   0.046231
  35.585938	   0.089875
  35.595703	   0.098797
  35.605469	   0.070414
  35.615234	   0.015697
  35.625000	  -0.045611
  35.634766	  -0.092478
  35.644531	  -0.110059
  35.654297	  -0.094532
  35.664062	  -0.053776
  35.673828	  -0.003876
  35.683594	   0.037050
  35.693359	   0.055338
  35.703125	   0.046220
  35.712891	   0.014718
  35.722656	  -0.027120
  35.732422	  -0.065416
  35.742188	  -0.090003
  35.751953	  -0.098174
  35.761719	  -0.095292
  35.771484	  -0.092135
  35.781250	  -0.100116
  35.791016	  -0.126333
  35.800781	  -0.170411
  35.810547	  -0.224380
  35.820312	  -0.275652
  35.830078	  -0.311916
  35.839844	  -0.326042
  35.849609	  -0.319058
  35.859375	  -0.299975
  35.869141	  -0.282473
  35.878906	  -0.279651
  35.888672	  -0.298823
  35.898438	  -0.338355
  35.908203	  -0.387818
  35.917969	  -0.431474
  35.927734	  -0.453863
  35.937500	  -0.445442
  35.947266	  -0.406156
  35.957031	  -0.345547
  35.966797	  -0.279303
  35.976562	  -0.223441
  35.986328	  -0.188253
  35.996094	  -0.174270
  36.005859	  -0.171815
  36.015625	  -0.164403
  36.025391	  -0.134876
  36.035156	  -0.072111
  36.044922	   0.024116
  36.054688	   0.141887
  36.064453	   0.260066
  36.074219	   0.354454
  36.083984	   0.405101
  36.093750	   0.402311
  36.103516	   0.349346
  36.113281	   0.261016
  36.123047	   0.158793
  36.132812	   0.064267
  36.142578	  -0.006720
  36.152344	  -0.047285
  36.162109	  -0.059161
  36.171875	  -0.049266
  36.181641	  -0.024810
  36.191406	   0.010908
  36.201172	   0.060205
  36.210938	   0.129454
  36.220703	   0.224855
  36.230469	   0.347282
  36.240234	   0.488468
  36.250000	   0.630367
  36.259766	   0.748454
  36.269531	   0.818185
  36.279297	   0.822603
  36.289062	   0.758436
  36.298828	   0.638414
  36.308594	   0.488695
  36.318359	   0.341952
  36.328125	   0.228186
  36.337891	   0.166168
  36.347656	   0.158277
  36.357422	   0.190402
  36.367188	   0.236911
  36.376953	   0.269003
  36.386719	   0.263660
  36.396484	   0.210301
  36.406250	   0.113076
  36.416016	  -0.011698
  36.425781	  -0.141790
  36.435547	  -0.256621
  36.445312	  -0.343444
  36.455078	  -0.400073
  36.464844	  -0.433494
  36.474609	  -0.455210
  36.484375	  -0.475400
  36.494141	  -0.498284
  36.503906	  -0.520554
  36.513672	  -0.533418
  36.523438	  -0.527333
  36.533203	  -0.497385
  36.542969	  -0.446956
  36.552734	  -0.387962
  36.562500	  -0.337272
  36.572266	  -0.310500
  36.582031	  -0.315504
  36.591797	  -0.348216
  36.601562	  -0.392724
  36.611328	  -0.426016
  36.621094	  -0.425996
  36.630859	  -0.380060
  36.640625	  -0.291050
  36.650391	  -0.178128
  36.660156	  -0.071788
  36.669922	  -0.004269
  36.679688	   0.001623
  36.689453	  -0.058488
  36.699219	  -0.166993
  36.708984	  -0.287792
  36.718750	  -0.376126
  36.728516	  -0.391888
  36.738281	  -0.312301
  36.748047	  -0.139863
  36.757812	   0.097084
  36.767578	   0.351527
  36.777344	   0.570602
  36.787109	   0.710191
  36.796875	   0.746861
  36.806641	   0.683631
  36.816406	   0.548001
  36.826172	   0.383152
  36.835938	   0.235257
  36.845703	   0.140936
  36.855469	   0.118552
  36.865234	   0.165630
  36.875000	   0.262558
  36.884766	   0.380735
  36.894531	   0.492067
  36.904297	   0.576636
  36.914062	   0.626283
  36.923828	   0.643574
  36.933594	   0.637262
  36.943359	   0.616533
  36.953125	   0.586518
  36.962891	   0.546784
  36.972656	   0.493161
  36.982422	   0.421810
  36.992188	   0.333531
  37.001953	   0.236183
  37.011719	   0.143907
  37.021484	   0.073150
  37.031250	   0.036855
  37.041016	   0.039040
  37.050781	   0.071992
  37.060547	   0.117425
  37.070312	   0.151549
  37.080078	   0.152499
  37.089844	   0.107664
  37.099609	   0.018345
  37.109375	  -0.099982
  37.119141	  -0.222017
  37.128906	  -0.320276
  37.138672	  -0.373533
  37.148438	  -0.373296
  37.158203	  -0.326234
  37.167969	  -0.251842
  37.177734	  -0.176208
  37.187500	  -0.124043
  37.197266	  -0.111565
  37.207031	  -0.142441
  37.216797	  -0.207816
  37.226562	  -0.290022
  37.236328	  -0.368359
  37.246094	  -0.424802
  37.255859	  -0.447772
  37.265625	  -0.433044
  37.275391	  -0.382089
  37.285156	  -0.299134
  37.294922	  -0.188622
  37.304688	  -0.054385
  37.314453	   0.099080
  37.324219	   0.263966
  37.333984	   0.426701
  37.343750	   0.567403
  37.353516	   0.662336
  37.363281	   0.689298
  37.373047	   0.634522
  37.382812	   0.498802
  37.392578	   0.300390
  37.402344	   0.073068
  37.412109	  -0.140730
  37.421875	  -0.300146
  37.431641	  -0.376589
  37.441406	  -0.361596
  37.451172	  -0.269282
  37.460938	  -0.132401
  37.470703	   0.006961
  37.480469	   0.109284
  37.490234	   0.148494
  37.500000	   0.118506
  37.509766	   0.033528
  37.519531	  -0.077754
  37.529297	  -0.182030
  37.539062	  -0.251922
  37.548828	  -0.273814
  37.558594	  -0.250539
  37.568359	  -0.198370
  37.578125	  -0.139686
  37.587891	  -0.094127
  37.597656	  -0.071446
  37.607422	  -0.068524
  37.617188	  -0.071429
  37.626953	  -0.061574
  37.636719	  -0.023524
  37.646484	   0.048481
  37.656250	   0.147734
  37.666016	   0.256982
  37.675781	   0.354331
  37.685547	   0.420902
  37.695312	   0.447392
  37.705078	   0.437114
  37.714844	   0.404372
  37.724609	   0.368779
  37.734375	   0.347593
  37.744141	   0.348918
  37.753906	   0.368286
  37.763672	   0.389963
  37.773438	   0.392585
  37.783203	   0.357171
  37.792969	   0.274687
  37.802734	   0.150438
  37.812500	   0.003685
  37.822266	  -0.137507
  37.832031	  -0.244469
  37.841797	  -0.296479
  37.851562	  -0.286823
  37.861328	  -0.224423
  37.871094	  -0.130609
  37.880859	  -0.032278
  37.890625	   0.046207
  37.900391	   0.089653
  37.910156	   0.095171
  37.919922	   0.071033
  37.929688	   0.032040
  37.939453	  -0.006712
  37.949219	  -0.035296
  37.958984	  -0.051786
  37.968750	  -0.061633
  37.978516	  -0.074140
  37.988281	  -0.097628
  37.998047	  -0.135283
  38.007812	  -0.183339
  38.017578	  -0.232241
  38.027344	  -0.270261
  38.037109	  -0.288077
  38.046875	  -0.282476
  38.056641	  -0.257712
  38.066406	  -0.223976
  38.076172	  -0.193572
  38.085938	  -0.176262
  38.095703	  -0.175560
  38.105469	  -0.187389
  38.115234	  -0.201547
  38.125000	  -0.205413
  38.134766	  -0.188416
  38.144531	  -0.145563
  38.154297	  -0.078717
  38.164062	   0.004778
  38.173828	   0.095465
  38.183594	   0.185682
  38.193359	   0.272364
  38.203125	   0.357554
  38.212891	   0.446399
  38.222656	   0.543469
  38.232422	   0.648991
  38.242188	   0.756708
  38.251953	   0.854471
  38.261719	   0.927631
  38.271484	   0.964084
  38.281250	   0.959089
  38.291016	   0.917877
  38.300781	   0.854800
  38.310547	   0.789027
  38.320312	   0.738151
  38.330078	   0.711981
  38.339844	   0.708903
  38.349609	   0.716385
  38.359375	   0.715752
  38.369141	   0.689721
  38.378906	   0.630043
  38.388672	   0.542347
  38.398438	   0.446075
  38.408203	   0.369068
  38.417969	   0.338267
  38.427734	   0.369540
  38.437500	   0.460188
  38.447266	   0.587023
  38.457031	   0.711197
  38.466797	   0.788701
  38.476562	   0.783512
  38.486328	   0.679265
  38.496094	   0.485647
  38.505859	   0.237243
  38.515625	  -0.015089
  38.525391	  -0.217848
  38.535156	  -0.329481
  38.544922	  -0.331525
  38.554688	  -0.233043
  38.564453	  -0.067157
  38.574219	   0.119002
  38.583984	   0.277673
  38.593750	   0.373000
  38.603516	   0.389098
  38.613281	   0.331628
  38.623047	   0.223068
  38.632812	   0.093862
  38.642578	  -0.027245
  38.652344	  -0.120483
  38.662109	  -0.177890
  38.671875	  -0.201463
  38.681641	  -0.198148
  38.691406	  -0.174197
  38.701172	  -0.131454
  38.710938	  -0.067121
  38.720703	   0.023035
  38.730469	   0.139597
  38.740234	   0.274984
  38.750000	   0.411849
  38.759766	   0.525653
  38.769531	   0.591014
  38.779297	   0.589848
  38.789062	   0.518424
  38.798828	   0.390548
  38.808594	   0.235307
  38.818359	   0.089619
  38.828125	  -0.012310
  38.837891	  -0.049332
  38.847656	  -0.020103
  38.857422	   0.056106
  38.867188	   0.144964
  38.876953	   0.207391
  38.886719	   0.211425
  38.896484	   0.141924
  38.906250	   0.005113
  38.916016	  -0.173381
  38.925781	  -0.356243
  38.935547	  -0.505406
  38.945312	  -0.592738
  38.955078	  -0.607279
  38.964844	  -0.557048
  38.974609	  -0.465279
  38.984375	  -0.362685
  38.994141	  -0.278469
  39.003906	  -0.232895
  39.013672	  -0.233451
  39.023438	  -0.275228
  39.033203	  -0.344660
  39.042969	  -0.424828
  39.052734	  -0.500256
  39.062500	  -0.559732
  39.072266	  -0.596716
  39.082031	  -0.607968
  39.091797	  -0.591734
  39.101562	  -0.546831
  39.111328	  -0.473351
  39.121094	  -0.374768
  39.130859	  -0.260313
  39.140625	  -0.146101
  39.150391	  -0.053772
  39.160156	  -0.006291
  39.169922	  -0.021750
  39.179688	  -0.107017
  39.189453	  -0.253491
  39.199219	  -0.436784
  39.208984	  -0.621075
  39.218750	  -0.767308
  39.228516	  -0.843107
  39.238281	  -0.831528
  39.248047	  -0.735991
  39.257812	  -0.579785
  39.267578	  -0.400185
  39.277344	  -0.238831
  39.287109	  -0.131143
  39.296875	  -0.097733
  39.306641	  -0.140127
  39.316406	  -0.241660
  39.326172	  -0.372898
  39.335938	  -0.499639
  39.345703	  -0.591049
  39.355469	  -0.625743
  39.365234	  -0.594586
  39.375000	  -0.500171
  39.384766	  -0.353952
  39.394531	  -0.172490
  39.404297	   0.025862
  39.414062	   0.223133
  39.423828	   0.402857
  39.433594	   0.550791
  39.443359	   0.655980
  39.453125	   0.712525
  39.462891	   0.721738
  39.472656	   0.693697
  39.482422	   0.647027
  39.492188	   0.606030
  39.501953	   0.595211
  39.511719	   0.632345
  39.521484	   0.722110
  39.531250	   0.852600
  39.541016	   0.996431
  39.550781	   1.116870
  39.560547	   1.177716
  39.570312	   1.154252
  39.580078	   1.041911
  39.589844	   0.859697
  39.599609	   0.646861
  39.609375	   0.453375
  39.619141	   0.326768
  39.628906	   0.299170
  39.638672	   0.378466
  39.648438	   0.546316
  39.658203	   0.763648
  39.667969	   0.981932
  39.677734	   1.156702
  39.687500	   1.259166
  39.697266	   1.282421
  39.707031	   1.240652
  39.716797	   1.161989
  39.726562	   1.077784
  39.736328	   1.012099
  39.746094	   0.974935
  39.755859	   0.961271
  39.765625	   0.955799
  39.775391	   0.941228
  39.785156	   0.906766
  39.794922	   0.853443
  39.804688	   0.794180
  39.814453	   0.748538
  39.824219	   0.734115
  39.833984	   0.757913
  39.843750	   0.811085
  39.853516	   0.869348
  39.863281	   0.899320
  39.873047	   0.868871
  39.882812	   0.758083
  39.892578	   0.566996
  39.902344	   0.317353
  39.912109	   0.047501
  39.921875	  -0.198107
  39.931641	  -0.381491
  39.941406	  -0.481824
  39.951172	  -0.500816
  39.960938	  -0.461166
  39.970703	  -0.398739
  39.980469	  -0.351117
  39.990234	  -0.346280
