# Time	Amplitude (cm/s/s)
   0.000000	  -0.171733
   0.009766	  -0.257169
   0.019531	  -0.341840
   0.029297	  -0.421151
   0.039062	  -0.487565
   0.048828	  -0.533795
   0.058594	  -0.555693
   0.068359	  -0.553749
   0.078125	  -0.532689
   0.087891	  -0.499449
   0.097656	  -0.460450
   0.107422	  -0.419334
   0.117188	  -0.376125
   0.126953	  -0.328192
   0.136719	  -0.272618
   0.146484	  -0.209003
   0.156250	  -0.141446
   0.166016	  -0.078732
   0.175781	  -0.032390
   0.185547	  -0.013057
   0.195312	  -0.026356
   0.205078	  -0.069716
   0.214844	  -0.131416
   0.224609	  -0.192435
   0.234375	  -0.230791
   0.244141	  -0.227202
   0.253906	  -0.170418
   0.263672	  -0.060584
   0.273438	   0.090396
   0.283203	   0.261669
   0.292969	   0.428603
   0.302734	   0.568814
   0.312500	   0.667320
   0.322266	   0.719407
   0.332031	   0.730521
   0.341797	   0.713413
   0.351562	   0.683555
   0.361328	   0.654266
   0.371094	   0.632975
   0.380859	   0.619579
   0.390625	   0.607154
   0.400391	   0.584579
   0.410156	   0.540127
   0.419922	   0.464914
   0.429688	   0.355332
   0.439453	   0.213958
   0.449219	   0.048972
   0.458984	  -0.127512
   0.468750	  -0.301620
   0.478516	  -0.459842
   0.488281	  -0.590766
   0.498047	  -0.686286
   0.507812	  -0.742339
   0.517578	  -0.759249
   0.527344	  -0.741697
   0.537109	  -0.698228
   0.546875	  -0.640169
   0.556641	  -0.579877
   0.566406	  -0.528453
   0.576172	  -0.493287
   0.585938	  -0.476034
   0.595703	  -0.471619
   0.605469	  -0.468762
   0.615234	  -0.452118
   0.625000	  -0.405673
   0.634766	  -0.316635
   0.644531	  -0.178857
   0.654297	   0.005134
   0.664062	   0.224040
   0.673828	   0.459672
   0.683594	   0.690281
   0.693359	   0.894454
   0.703125	   1.054584
   0.712891	   1.159104
   0.722656	   1.203132
   0.732422	   1.187672
   0.742188	   1.117901
   0.751953	   1.001294
   0.761719	   0.846213
   0.771484	   0.661281
   0.781250	   0.455496
   0.791016	   0.238670
   0.800781	   0.021686
   0.810547	  -0.183849
   0.820312	  -0.366681
   0.830078	  -0.517490
   0.839844	  -0.630484
   0.849609	  -0.704442
   0.859375	  -0.742779
   0.869141	  -0.752558
   0.878906	  -0.742719
   0.888672	  -0.722067
   0.898438	  -0.697641
   0.908203	  -0.673901
   0.917969	  -0.652847
   0.927734	  -0.634827
   0.937500	  -0.619537
   0.947266	  -0.606673
   0.957031	  -0.595907
   0.966797	  -0.586216
   0.976562	  -0.574918
   0.986328	  -0.557031
   0.996094	  -0.525490
   1.005859	  -0.472484
   1.015625	  -0.391710
   1.025391	  -0.280908
   1.035156	  -0.143776
   1.044922	   0.009550
   1.054688	   0.163887
   1.064453	   0.302117
   1.074219	   0.409232
   1.083984	   0.476162
   1.093750	   0.502179
   1.103516	   0.495071
   1.113281	   0.468947
   1.123047	   0.440264
   1.132812	   0.423290
   1.142578	   0.426364
   1.152344	   0.450090
   1.162109	   0.487955
   1.171875	   0.529078
   1.181641	   0.562078
   1.191406	   0.578752
   1.201172	   0.576324
   1.210938	   0.557594
   1.220703	   0.529078
   1.230469	   0.497932
   1.240234	   0.468889
   1.250000	   0.442404
   1.259766	   0.414719
   1.269531	   0.379845
   1.279297	   0.332712
   1.289062	   0.272263
   1.298828	   0.203259
   1.308594	   0.135969
   1.318359	   0.083692
   1.328125	   0.058800
   1.337891	   0.068582
   1.347656	   0.112270
   1.357422	   0.180268
   1.367188	   0.255904
   1.376953	   0.319209
   1.386719	   0.351573
   1.396484	   0.339902
   1.406250	   0.279110
   1.416016	   0.172398
   1.425781	   0.029504
   1.435547	  -0.136229
   1.445312	  -0.310865
   1.455078	  -0.481962
   1.464844	  -0.639281
   1.474609	  -0.774251
   1.484375	  -0.878900
   1.494141	  -0.945163
   1.503906	  -0.965263
   1.513672	  -0.933353
   1.523438	  -0.847949
   1.533203	  -0.714191
   1.542969	  -0.544837
   1.552734	  -0.359208
   1.562500	  -0.179996
   1.572266	  -0.028635
   1.582031	   0.079432
   1.591797	   0.138074
   1.601562	   0.151183
   1.611328	   0.130408
   1.621094	   0.090503
   1.630859	   0.043742
   1.640625	  -0.004741
   1.650391	  -0.059090
   1.660156	  -0.131489
   1.669922	  -0.237854
   1.679688	  -0.391777
   1.689453	  -0.598723
   1.699219	  -0.852455
   1.708984	  -1.134996
   1.718750	  -1.420295
   1.728516	  -1.680584
   1.738281	  -1.893450
   1.748047	  -2.047450
   1.757812	  -2.144474
   1.767578	  -2.198131
   1.777344	  -2.228678
   1.787109	  -2.256106
   1.796875	  -2.293563
   1.806641	  -2.343129
   1.816406	  -2.395189
   1.826172	  -2.431448
   1.835938	  -2.430523
   1.845703	  -2.374245
   1.855469	  -2.252711
   1.865234	  -2.066623
   1.875000	  -1.826412
   1.884766	  -1.548707
   1.894531	  -1.251531
   1.904297	  -0.949892
   1.914062	  -0.653161
   1.923828	  -0.364879
   1.933594	  -0.084759
   1.943359	   0.188144
   1.953125	   0.452431
   1.962891	   0.702710
   1.972656	   0.929908
   1.982422	   1.123360
   1.992188	   1.273855
   2.001953	   1.376445
   2.011719	   1.431986
   2.021484	   1.446830
   2.031250	   1.430810
   2.041016	   1.394249
   2.050781	   1.345072
   2.060547	   1.286981
   2.070312	   1.219288
   2.080078	   1.138315
   2.089844	   1.039780
   2.099609	   0.921218
   2.109375	   0.783591
   2.119141	   0.631565
   2.128906	   0.472499
   2.138672	   0.314652
   2.148438	   0.165395
   2.158203	   0.030136
   2.167969	  -0.087694
   2.177734	  -0.185709
   2.187500	  -0.261257
   2.197266	  -0.310474
   2.207031	  -0.328316
   2.216797	  -0.309791
   2.226562	  -0.252074
   2.236328	  -0.156794
   2.246094	  -0.031557
   2.255859	   0.110023
   2.265625	   0.250065
   2.275391	   0.369625
   2.285156	   0.452526
   2.294922	   0.488715
   2.304688	   0.476200
   2.314453	   0.420997
   2.324219	   0.335193
   2.333984	   0.233762
   2.343750	   0.131138
   2.353516	   0.038538
   2.363281	  -0.037320
   2.373047	  -0.093971
   2.382812	  -0.131854
   2.392578	  -0.152609
   2.402344	  -0.157789
   2.412109	  -0.148482
   2.421875	  -0.125887
   2.431641	  -0.092395
   2.441406	  -0.052495
   2.451172	  -0.012822
   2.460938	   0.018975
   2.470703	   0.036396
   2.480469	   0.036646
   2.490234	   0.022665
   2.500000	   0.003785
   2.509766	  -0.005465
   2.519531	   0.011706
   2.529297	   0.070372
   2.539062	   0.179950
   2.548828	   0.341431
   2.558594	   0.546609
   2.568359	   0.779537
   2.578125	   1.019815
   2.587891	   1.246789
   2.597656	   1.443524
   2.607422	   1.599555
   2.617188	   1.711837
   2.626953	   1.783873
   2.636719	   1.823504
   2.646484	   1.840152
   2.656250	   1.842329
   2.666016	   1.835981
   2.675781	   1.823913
   2.685547	   1.806149
   2.695312	   1.780848
   2.705078	   1.745367
   2.714844	   1.697130
   2.724609	   1.634178
   2.734375	   1.555432
   2.744141	   1.460778
   2.753906	   1.351073
   2.763672	   1.228069
   2.773438	   1.094176
   2.783203	   0.951975
   2.792969	   0.803506
   2.802734	   0.649482
   2.812500	   0.488768
   2.822266	   0.318478
   2.832031	   0.134929
   2.841797	  -0.064605
   2.851562	  -0.279741
   2.861328	  -0.505138
   2.871094	  -0.729717
   2.880859	  -0.937517
   2.890625	  -1.110290
   2.900391	  -1.231348
   2.910156	  -1.289644
   2.919922	  -1.282869
   2.929688	  -1.218494
   2.939453	  -1.112260
   2.949219	  -0.984415
   2.958984	  -0.854772
   2.968750	  -0.738097
   2.978516	  -0.641324
   2.988281	  -0.563513
   2.998047	  -0.498557
   3.007812	  -0.439663
   3.017578	  -0.383931
   3.027344	  -0.335240
   3.037109	  -0.304151
   3.046875	  -0.304561
   3.056641	  -0.348035
   3.066406	  -0.437707
   3.076172	  -0.563993
   3.085938	  -0.703954
   3.095703	  -0.825077
   3.105469	  -0.892787
   3.115234	  -0.879702
   3.125000	  -0.773887
   3.134766	  -0.583502
   3.144531	  -0.336176
   3.154297	  -0.073012
   3.164062	   0.161235
   3.173828	   0.329074
   3.183594	   0.409169
   3.193359	   0.400701
   3.203125	   0.322055
   3.212891	   0.204431
   3.222656	   0.082439
   3.232422	  -0.015384
   3.242188	  -0.073379
   3.251953	  -0.091061
   3.261719	  -0.080628
   3.271484	  -0.060888
   3.281250	  -0.049872
   3.291016	  -0.058627
   3.300781	  -0.088056
   3.310547	  -0.129560
   3.320312	  -0.168830
   3.330078	  -0.191189
   3.339844	  -0.186496
   3.349609	  -0.151970
   3.359375	  -0.092242
   3.369141	  -0.016974
   3.378906	   0.062718
   3.388672	   0.137519
   3.398438	   0.201637
   3.408203	   0.252556
   3.417969	   0.289282
   3.427734	   0.310227
   3.437500	   0.312004
   3.447266	   0.289981
   3.457031	   0.240596
   3.466797	   0.164571
   3.476562	   0.069560
   3.486328	  -0.029225
   3.496094	  -0.111227
   3.505859	  -0.155380
   3.515625	  -0.146285
   3.525391	  -0.079740
   3.535156	   0.034384
   3.544922	   0.173182
   3.554688	   0.305743
   3.564453	   0.400854
   3.574219	   0.435139
   3.583984	   0.399154
   3.593750	   0.299538
   3.603516	   0.156610
   3.613281	  -0.001775
   3.623047	  -0.148045
   3.632812	  -0.261889
   3.642578	  -0.334241
   3.652344	  -0.367207
   3.662109	  -0.370346
   3.671875	  -0.354980
   3.681641	  -0.328805
   3.691406	  -0.292925
   3.701172	  -0.242376
   3.710938	  -0.169877
   3.720703	  -0.071230
   3.730469	   0.049857
   3.740234	   0.179652
   3.750000	   0.296117
   3.759766	   0.374240
   3.769531	   0.393380
   3.779297	   0.344224
   3.789062	   0.232979
   3.798828	   0.081288
   3.808594	  -0.078295
   3.818359	  -0.209969
   3.828125	  -0.283242
   3.837891	  -0.279943
   3.847656	  -0.197838
   3.857422	  -0.050216
   3.867188	   0.137961
   3.876953	   0.335753
   3.886719	   0.511952
   3.896484	   0.639389
   3.906250	   0.697250
   3.916016	   0.671819
   3.925781	   0.556575
   3.935547	   0.352607
   3.945312	   0.069714
   3.955078	  -0.272300
   3.964844	  -0.643320
   3.974609	  -1.004954
   3.984375	  -1.315681
   3.994141	  -1.538715
   4.003906	  -1.650863
   4.013672	  -1.649665
   4.023438	  -1.556060
   4.033203	  -1.410772
   4.042969	  -1.264469
   4.052734	  -1.163903
   4.062500	  -1.137931
   4.072266	  -1.187869
   4.082031	  -1.285700
   4.091797	  -1.381410
   4.101562	  -1.417842
   4.111328	  -1.348794
   4.121094	  -1.154707
   4.130859	  -0.850685
   4.140625	  -0.483750
   4.150391	  -0.119655
   4.160156	   0.176989
   4.169922	   0.363091
   4.179688	   0.431281
   4.189453	   0.413024
   4.199219	   0.369144
   4.208984	   0.370354
   4.218750	   0.473789
   4.228516	   0.703033
   4.238281	   1.038260
   4.248047	   1.419951
   4.257812	   1.765336
   4.267578	   1.992533
   4.277344	   2.044777
   4.287109	   1.907001
   4.296875	   1.609459
   4.306641	   1.217287
   4.316406	   0.809477
   4.326172	   0.454232
   4.335938	   0.188822
   4.345703	   0.010555
   4.355469	  -0.118277
   4.365234	  -0.253289
   4.375000	  -0.444657
   4.384766	  -0.715561
   4.394531	  -1.049883
   4.404297	  -1.393527
   4.414062	  -1.669225
   4.423828	  -1.800155
   4.433594	  -1.734768
   4.443359	  -1.464787
   4.453125	  -1.030523
   4.462891	  -0.511774
   4.472656	  -0.007164
   4.482422	   0.391622
   4.492188	   0.622819
   4.501953	   0.668013
   4.511719	   0.552570
   4.521484	   0.333786
   4.531250	   0.081332
   4.541016	  -0.143383
   4.550781	  -0.302471
   4.560547	  -0.387295
   4.570312	  -0.414034
   4.580078	  -0.411879
   4.589844	  -0.408891
   4.599609	  -0.420839
   4.609375	  -0.446694
   4.619141	  -0.471688
   4.628906	  -0.475860
   4.638672	  -0.444102
   4.648438	  -0.373393
   4.658203	  -0.274289
   4.667969	  -0.166237
   4.677734	  -0.068838
   4.687500	   0.007124
   4.697266	   0.064951
   4.707031	   0.121134
   4.716797	   0.198295
   4.726562	   0.314560
   4.736328	   0.473509
   4.746094	   0.658937
   4.755859	   0.836971
   4.765625	   0.965440
   4.775391	   1.007574
   4.785156	   0.945304
   4.794922	   0.787259
   4.804688	   0.568213
   4.814453	   0.339642
   4.824219	   0.154144
   4.833984	   0.048817
   4.843750	   0.033155
   4.853516	   0.085713
   4.863281	   0.160843
   4.873047	   0.203449
   4.882812	   0.166956
   4.892578	   0.028600
   4.902344	  -0.202982
   4.912109	  -0.490262
   4.921875	  -0.778457
   4.931641	  -1.012298
   4.941406	  -1.152322
   4.951172	  -1.185397
   4.960938	  -1.126332
   4.970703	  -1.010489
   4.980469	  -0.880418
   4.990234	  -0.771372
   5.000000	  -0.700720
   5.009766	  -0.664633
   5.019531	  -0.642694
   5.029297	  -0.608222
   5.039062	  -0.540181
   5.048828	  -0.432173
   5.058594	  -0.295295
   5.068359	  -0.154061
   5.078125	  -0.037184
   5.087891	   0.033136
   5.097656	   0.049332
   5.107422	   0.021018
   5.117188	  -0.028822
   5.126953	  -0.072400
   5.136719	  -0.087075
   5.146484	  -0.062944
   5.156250	  -0.005304
   5.166016	   0.068689
   5.175781	   0.137601
   5.185547	   0.184378
   5.195312	   0.202565
   5.205078	   0.197673
   5.214844	   0.183265
   5.224609	   0.173548
   5.234375	   0.175728
   5.244141	   0.185536
   5.253906	   0.188136
   5.263672	   0.164395
   5.273438	   0.100262
   5.283203	  -0.004504
   5.292969	  -0.132054
   5.302734	  -0.248944
   5.312500	  -0.315232
   5.322266	  -0.297409
   5.332031	  -0.180693
   5.341797	   0.023902
   5.351562	   0.280721
   5.361328	   0.539011
   5.371094	   0.747990
   5.380859	   0.872448
   5.390625	   0.903455
   5.400391	   0.860280
   5.410156	   0.782622
   5.419922	   0.715681
   5.429688	   0.693229
   5.439453	   0.724716
   5.449219	   0.791164
   5.458984	   0.851585
   5.468750	   0.857940
   5.478516	   0.773509
   5.488281	   0.588189
   5.498047	   0.325090
   5.507812	   0.035751
   5.517578	  -0.214813
   5.527344	  -0.368388
   5.537109	  -0.392373
   5.546875	  -0.290689
   5.556641	  -0.102949
   5.566406	   0.107963
   5.576172	   0.275816
   5.585938	   0.351809
   5.595703	   0.319288
   5.605469	   0.197576
   5.615234	   0.033882
   5.625000	  -0.113700
   5.634766	  -0.196107
   5.644531	  -0.189292
   5.654297	  -0.100990
   5.664062	   0.033640
   5.673828	   0.165499
   5.683594	   0.248953
   5.693359	   0.256847
   5.703125	   0.187855
   5.712891	   0.063958
   5.722656	  -0.080471
   5.732422	  -0.213366
   5.742188	  -0.317574
   5.751953	  -0.396402
   5.761719	  -0.469984
   5.771484	  -0.564005
   5.781250	  -0.695369
   5.791016	  -0.860749
   5.800781	  -1.033000
   5.810547	  -1.167529
   5.820312	  -1.216866
   5.830078	  -1.148413
   5.839844	  -0.958789
   5.849609	  -0.679084
   5.859375	  -0.368334
   5.869141	  -0.096708
   5.878906	   0.076322
   5.888672	   0.121535
   5.898438	   0.050394
   5.908203	  -0.087534
   5.917969	  -0.219721
   5.927734	  -0.273645
   5.937500	  -0.200104
   5.947266	   0.010801
   5.957031	   0.326207
   5.966797	   0.680592
   5.976562	   0.995891
   5.986328	   1.204838
   5.996094	   1.269820
   6.005859	   1.191313
   6.015625	   1.003711
   6.025391	   0.760740
   6.035156	   0.516136
   6.044922	   0.306584
   6.054688	   0.142737
   6.064453	   0.010883
   6.074219	  -0.116190
   6.083984	  -0.263950
   6.093750	  -0.442716
   6.103516	  -0.641390
   6.113281	  -0.830646
   6.123047	  -0.974163
   6.132812	  -1.043286
   6.142578	  -1.029187
   6.152344	  -0.947554
   6.162109	  -0.833770
   6.171875	  -0.730263
   6.181641	  -0.670845
   6.191406	  -0.668148
   6.201172	  -0.709169
   6.210938	  -0.760902
   6.220703	  -0.784121
   6.230469	  -0.750139
   6.240234	  -0.654004
   6.250000	  -0.518781
   6.259766	  -0.388810
   6.269531	  -0.314027
   6.279297	  -0.331008
   6.289062	  -0.447909
   6.298828	  -0.639347
   6.308594	  -0.853767
   6.318359	  -1.031259
   6.328125	  -1.125739
   6.337891	  -1.123480
   6.347656	  -1.050920
   6.357422	  -0.968236
   6.367188	  -0.950189
   6.376953	  -1.060316
   6.386719	  -1.327121
   6.396484	  -1.730462
   6.406250	  -2.202959
   6.416016	  -2.646188
   6.425781	  -2.956402
   6.435547	  -3.051435
   6.445312	  -2.890256
   6.455078	  -2.479508
   6.464844	  -1.866043
   6.474609	  -1.119299
   6.484375	  -0.310436
   6.494141	   0.504576
   6.503906	   1.293300
   6.513672	   2.046236
   6.523438	   2.771051
   6.533203	   3.487517
   6.542969	   4.228187
   6.552734	   5.046159
   6.562500	   6.026284
   6.572266	   7.292003
   6.582031	   8.998875
   6.591797	  11.308776
   6.601562	  14.345364
   6.611328	  18.139674
   6.621094	  22.581548
   6.630859	  27.395146
   6.640625	  32.153180
   6.650391	  36.334972
   6.660156	  39.420413
   6.669922	  40.999281
   6.679688	  40.867545
   6.689453	  39.082398
   6.699219	  35.956739
   6.708984	  31.989632
   6.718750	  27.747629
   6.728516	  23.727071
   6.738281	  20.234692
   6.748047	  17.320244
   6.757812	  14.780960
   6.767578	  12.237340
   6.777344	   9.258839
   6.787109	   5.503144
   6.796875	   0.828394
   6.806641	  -4.654332
   6.816406	 -10.603089
   6.826172	 -16.534028
   6.835938	 -21.949491
   6.845703	 -26.465962
   6.855469	 -29.903255
   6.865234	 -32.308955
   6.875000	 -33.912681
   6.884766	 -35.026721
   6.894531	 -35.926034
   6.904297	 -36.746396
   6.914062	 -37.432859
   6.923828	 -37.753986
   6.933594	 -37.376018
   6.943359	 -35.972096
   6.953125	 -33.331082
   6.962891	 -29.431546
   6.972656	 -24.458675
   6.982422	 -18.760967
   6.992188	 -12.763234
   7.001953	  -6.866144
   7.011719	  -1.365874
   7.021484	   3.580568
   7.031250	   7.935393
   7.041016	  11.715912
   7.050781	  14.912552
   7.060547	  17.422106
   7.070312	  19.024753
   7.080078	  19.418834
   7.089844	  18.307598
   7.099609	  15.513411
   7.109375	  11.083591
   7.119141	   5.351715
   7.128906	  -1.070612
   7.138672	  -7.377251
   7.148438	 -12.710363
   7.158203	 -16.329158
   7.167969	 -17.762888
   7.177734	 -16.909826
   7.187500	 -14.057783
   7.197266	  -9.821832
   7.207031	  -5.015453
   7.216797	  -0.486736
   7.226562	   3.042352
   7.236328	   5.099200
   7.246094	   5.523634
   7.255859	   4.464169
   7.265625	   2.316294
   7.275391	  -0.377167
   7.285156	  -3.038895
   7.294922	  -5.160236
   7.304688	  -6.378271
   7.314453	  -6.518768
   7.324219	  -5.604576
   7.333984	  -3.834207
   7.343750	  -1.537664
   7.353516	   0.883002
   7.363281	   3.021260
   7.373047	   4.534421
   7.382812	   5.204366
   7.392578	   4.981155
   7.402344	   3.999898
   7.412109	   2.563668
   7.421875	   1.090549
   7.431641	   0.030794
   7.441406	  -0.231468
   7.451172	   0.528989
   7.460938	   2.314285
   7.470703	   4.886911
   7.480469	   7.810138
   7.490234	  10.540892
   7.500000	  12.556458
   7.509766	  13.485716
   7.519531	  13.211902
   7.529297	  11.918640
   7.539062	  10.063653
   7.548828	   8.282155
   7.558594	   7.240015
   7.568359	   7.470559
   7.578125	   9.234523
   7.587891	  12.438450
   7.597656	  16.633455
   7.607422	  21.097150
   7.617188	  24.981251
   7.626953	  27.491239
   7.636719	  28.056438
   7.646484	  26.451049
   7.656250	  22.838475
   7.666016	  17.729720
   7.675781	  11.867129
   7.685547	   6.062115
   7.695312	   1.025695
   7.705078	  -2.768920
   7.714844	  -5.161522
   7.724609	  -6.303950
   7.734375	  -6.588178
   7.744141	  -6.525758
   7.753906	  -6.611822
   7.763672	  -7.208777
   7.773438	  -8.477604
   7.783203	 -10.370334
   7.792969	 -12.679813
   7.802734	 -15.127156
   7.812500	 -17.457510
   7.822266	 -19.513776
   7.832031	 -21.265831
   7.841797	 -22.787446
   7.851562	 -24.190106
   7.861328	 -25.537341
   7.871094	 -26.770478
   7.880859	 -27.674486
   7.890625	 -27.901118
   7.900391	 -27.048905
   7.910156	 -24.780957
   7.919922	 -20.947543
   7.929688	 -15.675765
   7.939453	  -9.395156
   7.949219	  -2.784602
   7.958984	   3.351995
   7.968750	   8.252568
   7.978516	  11.363479
   7.988281	  12.460734
   7.998047	  11.691522
   8.007812	   9.522915
   8.017578	   6.610423
   8.027344	   3.621989
   8.037109	   1.066300
   8.046875	  -0.826404
   8.056641	  -2.137531
   8.066406	  -3.198589
   8.076172	  -4.453749
   8.085938	  -6.287814
   8.095703	  -8.871348
   8.105469	 -12.070105
   8.115234	 -15.447290
   8.125000	 -18.360126
   8.134766	 -20.124522
   8.144531	 -20.201613
   8.154297	 -18.353251
   8.164062	 -14.722282
   8.173828	  -9.814723
   8.183594	  -4.388597
   8.193359	   0.720049
   8.203125	   4.786798
   8.212891	   7.354142
   8.222656	   8.313506
   8.232422	   7.896550
   8.242188	   6.583485
   8.251953	   4.957754
   8.261719	   3.548577
   8.271484	   2.702867
   8.281250	   2.516745
   8.291016	   2.838540
   8.300781	   3.335465
   8.310547	   3.600737
   8.320312	   3.270498
   8.330078	   2.121414
   8.339844	   0.128558
   8.349609	  -2.524533
   8.359375	  -5.479822
   8.369141	  -8.270625
   8.378906	 -10.403692
   8.388672	 -11.442647
   8.398438	 -11.081165
   8.408203	  -9.197848
   8.417969	  -5.887272
   8.427734	  -1.462888
   8.437500	   3.571583
   8.447266	   8.583459
   8.457031	  12.901789
   8.466797	  15.927364
   8.476562	  17.244499
   8.486328	  16.711646
   8.496094	  14.507304
   8.505859	  11.113788
   8.515625	   7.233986
   8.525391	   3.652686
   8.535156	   1.069993
   8.544922	  -0.055135
   8.554688	   0.387878
   8.564453	   2.132610
   8.574219	   4.596365
   8.583984	   7.018005
   8.593750	   8.639894
   8.603516	   8.888552
   8.613281	   7.508379
   8.623047	   4.615275
   8.632812	   0.658632
   8.642578	  -3.695107
   8.652344	  -7.723628
   8.662109	 -10.810493
   8.671875	 -12.565770
   8.681641	 -12.878074
   8.691406	 -11.891902
   8.701172	  -9.925817
   8.710938	  -7.362476
   8.720703	  -4.546314
   8.730469	  -1.717974
   8.740234	   1.000734
   8.750000	   3.576022
   8.759766	   6.005408
   8.769531	   8.262239
   8.779297	  10.265626
   8.789062	  11.888446
   8.798828	  13.000299
   8.808594	  13.528068
   8.818359	  13.509050
   8.828125	  13.113228
   8.837891	  12.621427
   8.847656	  12.361421
   8.857422	  12.619067
   8.867188	  13.551150
   8.876953	  15.127415
   8.886719	  17.121035
   8.896484	  19.152152
   8.906250	  20.772961
   8.916016	  21.570460
   8.925781	  21.258178
   8.935547	  19.732476
   8.945312	  17.080531
   8.955078	  13.542031
   8.964844	   9.439917
   8.974609	   5.103107
   8.984375	   0.803950
   8.994141	  -3.274200
   9.003906	  -7.035429
   9.013672	 -10.443383
   9.023438	 -13.482364
   9.033203	 -16.124124
   9.042969	 -18.312433
   9.052734	 -19.968870
   9.062500	 -21.014348
   9.072266	 -21.394844
   9.082031	 -21.099018
   9.091797	 -20.159724
   9.101562	 -18.639050
   9.111328	 -16.604243
   9.121094	 -14.106495
   9.130859	 -11.174148
   9.140625	  -7.826416
   9.150391	  -4.105080
   9.160156	  -0.113209
   9.169922	   3.955036
   9.179688	   7.808824
   9.189453	  11.088050
   9.199219	  13.422039
   9.208984	  14.506917
   9.218750	  14.181267
   9.228516	  12.478014
   9.238281	   9.635663
   9.248047	   6.062700
   9.257812	   2.261959
   9.267578	  -1.267013
   9.277344	  -4.123430
   9.287109	  -6.075258
   9.296875	  -7.087779
   9.306641	  -7.306328
   9.316406	  -7.000900
   9.326172	  -6.489491
   9.335938	  -6.060766
   9.345703	  -5.914440
   9.355469	  -6.130830
   9.365234	  -6.671994
   9.375000	  -7.408635
   9.384766	  -8.161826
   9.394531	  -8.747518
   9.404297	  -9.014259
   9.414062	  -8.868955
   9.423828	  -8.289828
   9.433594	  -7.328545
   9.443359	  -6.104095
   9.453125	  -4.790017
   9.462891	  -3.595142
   9.472656	  -2.737524
   9.482422	  -2.412334
   9.492188	  -2.757091
   9.501953	  -3.820556
   9.511719	  -5.543325
   9.521484	  -7.757394
   9.531250	 -10.208242
   9.541016	 -12.597007
   9.550781	 -14.634053
   9.560547	 -16.090735
   9.570312	 -16.835509
   9.580078	 -16.844287
   9.589844	 -16.182380
   9.599609	 -14.964172
   9.609375	 -13.304005
   9.619141	 -11.274911
   9.628906	  -8.889514
   9.638672	  -6.110063
   9.648438	  -2.884486
   9.658203	   0.804170
   9.667969	   4.893062
   9.677734	   9.217301
   9.687500	  13.521031
   9.697266	  17.501828
   9.707031	  20.876795
   9.716797	  23.450477
   9.726562	  25.162674
   9.736328	  26.099545
   9.746094	  26.462460
   9.755859	  26.502559
   9.765625	  26.440377
   9.775391	  26.395468
   9.785156	  26.348580
   9.794922	  26.149161
   9.804688	  25.566803
   9.814453	  24.371135
   9.824219	  22.415203
   9.833984	  19.695695
   9.843750	  16.370137
   9.853516	  12.724331
   9.863281	   9.098802
   9.873047	   5.795897
   9.882812	   2.995514
   9.892578	   0.705134
   9.902344	  -1.240217
   9.912109	  -3.127237
   9.921875	  -5.276814
   9.931641	  -7.944120
   9.941406	 -11.233852
   9.951172	 -15.053193
   9.960938	 -19.113965
   9.970703	 -22.981799
   9.980469	 -26.158039
   9.990234	 -28.173069
  10.000000	 -28.669186
  10.009766	 -27.456632
  10.019531	 -24.535498
  10.029297	 -20.085682
  10.039062	 -14.433989
  10.048828	  -8.010118
  10.058594	  -1.301564
  10.068359	   5.186984
  10.078125	  10.969137
  10.087891	  15.609759
  10.097656	  18.758193
  10.107422	  20.181946
  10.117188	  19.796992
  10.126953	  17.687450
  10.136719	  14.106533
  10.146484	   9.453172
  10.156250	   4.224178
  10.166016	  -1.051490
  10.175781	  -5.884201
  10.185547	  -9.886250
  10.195312	 -12.812819
  10.205078	 -14.574124
  10.214844	 -15.219358
  10.224609	 -14.900320
  10.234375	 -13.827103
  10.244141	 -12.228485
  10.253906	 -10.325722
  10.263672	  -8.321934
  10.273438	  -6.402611
  10.283203	  -4.738464
  10.292969	  -3.481625
  10.302734	  -2.750049
  10.312500	  -2.601597
  10.322266	  -3.005990
  10.332031	  -3.826980
  10.341797	  -4.826675
  10.351562	  -5.698645
  10.361328	  -6.127556
  10.371094	  -5.863539
  10.380859	  -4.792448
  10.390625	  -2.981404
  10.400391	  -0.683594
  10.410156	   1.703670
  10.419922	   3.720891
  10.429688	   4.949814
  10.439453	   5.112776
  10.449219	   4.142220
  10.458984	   2.201783
  10.468750	  -0.347204
  10.478516	  -3.025635
  10.488281	  -5.342666
  10.498047	  -6.901109
  10.507812	  -7.476315
  10.517578	  -7.050484
  10.527344	  -5.796742
  10.537109	  -4.020600
  10.546875	  -2.076851
  10.556641	  -0.284911
  10.566406	   1.136089
  10.576172	   2.098369
  10.585938	   2.639092
  10.595703	   2.883135
  10.605469	   2.989163
  10.615234	   3.095756
  10.625000	   3.282072
  10.634766	   3.551510
  10.644531	   3.839254
  10.654297	   4.037874
  10.664062	   4.031162
  10.673828	   3.725814
  10.683594	   3.073167
  10.693359	   2.077601
  10.703125	   0.792704
  10.712891	  -0.690445
  10.722656	  -2.257551
  10.732422	  -3.783626
  10.742188	  -5.141931
  10.751953	  -6.210110
  10.761719	  -6.876044
  10.771484	  -7.046134
  10.781250	  -6.657352
  10.791016	  -5.692081
  10.800781	  -4.192370
  10.810547	  -2.268786
  10.820312	  -0.099115
  10.830078	   2.086076
  10.839844	   4.031059
  10.849609	   5.492356
  10.859375	   6.279666
  10.869141	   6.292402
  10.878906	   5.544038
  10.888672	   4.168325
  10.898438	   2.404583
  10.908203	   0.563170
  10.917969	  -1.023985
  10.927734	  -2.059876
  10.937500	  -2.336290
  10.947266	  -1.775312
  10.957031	  -0.450306
  10.966797	   1.418688
  10.976562	   3.495947
  10.986328	   5.383551
  10.996094	   6.689006
  11.005859	   7.095385
  11.015625	   6.421006
  11.025391	   4.656772
  11.035156	   1.972912
  11.044922	  -1.307514
  11.054688	  -4.764360
  11.064453	  -7.955148
  11.074219	 -10.494231
  11.083984	 -12.120345
  11.093750	 -12.738673
  11.103516	 -12.428840
  11.113281	 -11.417661
  11.123047	 -10.023234
  11.132812	  -8.583238
  11.142578	  -7.383562
  11.152344	  -6.602859
  11.162109	  -6.284374
  11.171875	  -6.339657
  11.181641	  -6.581147
  11.191406	  -6.774089
  11.201172	  -6.694391
  11.210938	  -6.178618
  11.220703	  -5.155385
  11.230469	  -3.652802
  11.240234	  -1.782968
  11.250000	   0.290008
  11.259766	   2.388630
  11.269531	   4.356945
  11.279297	   6.083644
  11.289062	   7.509285
  11.298828	   8.618329
  11.308594	   9.420731
  11.318359	   9.930203
  11.328125	  10.146534
  11.337891	  10.047577
  11.347656	   9.593414
  11.357422	   8.741616
  11.367188	   7.469432
  11.376953	   5.796799
  11.386719	   3.803670
  11.396484	   1.636299
  11.406250	  -0.500644
  11.416016	  -2.366267
  11.425781	  -3.717120
  11.435547	  -4.346941
  11.445312	  -4.125427
  11.455078	  -3.028533
  11.464844	  -1.153636
  11.474609	   1.284953
  11.484375	   3.981386
  11.494141	   6.582047
  11.503906	   8.741265
  11.513672	  10.179489
  11.523438	  10.732933
  11.533203	  10.384251
  11.542969	   9.266717
  11.552734	   7.639242
  11.562500	   5.835569
  11.572266	   4.196858
  11.582031	   3.001192
  11.591797	   2.405152
  11.601562	   2.410791
  11.611328	   2.866312
  11.621094	   3.501425
  11.630859	   3.990391
  11.640625	   4.029081
  11.650391	   3.408659
  11.660156	   2.068813
  11.669922	   0.117953
  11.679688	  -2.184676
  11.689453	  -4.481060
  11.699219	  -6.388715
  11.708984	  -7.580092
  11.718750	  -7.848959
  11.728516	  -7.149056
  11.738281	  -5.597225
  11.748047	  -3.441893
  11.757812	  -1.005900
  11.767578	   1.381708
  11.777344	   3.448604
  11.787109	   5.022873
  11.796875	   6.049296
  11.806641	   6.577387
  11.816406	   6.727407
  11.826172	   6.645384
  11.835938	   6.459749
  11.845703	   6.250322
  11.855469	   6.035854
  11.865234	   5.780655
  11.875000	   5.415676
  11.884766	   4.866124
  11.894531	   4.077028
  11.904297	   3.030016
  11.914062	   1.748090
  11.923828	   0.289126
  11.933594	  -1.268042
  11.943359	  -2.839653
  11.953125	  -4.350282
  11.962891	  -5.740440
  11.972656	  -6.968149
  11.982422	  -8.006357
  11.992188	  -8.839151
  12.001953	  -9.459406
  12.011719	  -9.869070
  12.021484	 -10.081417
  12.031250	 -10.123073
  12.041016	 -10.033210
  12.050781	  -9.858137
  12.060547	  -9.641351
  12.070312	  -9.411247
  12.080078	  -9.170277
  12.089844	  -8.889623
  12.099609	  -8.512264
  12.109375	  -7.964856
  12.119141	  -7.175996
  12.128906	  -6.096084
  12.138672	  -4.713099
  12.148438	  -3.059555
  12.158203	  -1.208416
  12.167969	   0.740814
  12.177734	   2.681516
  12.187500	   4.518866
  12.197266	   6.182413
  12.207031	   7.628856
  12.216797	   8.835037
  12.226562	   9.784832
  12.236328	  10.456013
  12.246094	  10.813439
  12.255859	  10.812843
  12.265625	  10.415606
  12.275391	   9.610540
  12.285156	   8.435298
  12.294922	   6.988925
  12.304688	   5.428775
  12.314453	   3.949332
  12.324219	   2.746013
  12.333984	   1.972254
  12.343750	   1.701235
  12.353516	   1.903475
  12.363281	   2.447940
  12.373047	   3.128274
  12.382812	   3.708820
  12.392578	   3.979438
  12.402344	   3.805323
  12.412109	   3.158999
  12.421875	   2.126247
  12.431641	   0.884529
  12.441406	  -0.340357
  12.451172	  -1.328109
  12.460938	  -1.914661
  12.470703	  -2.027534
  12.480469	  -1.698067
  12.490234	  -1.049026
  12.500000	  -0.262311
  12.509766	   0.464047
  12.519531	   0.958758
  12.529297	   1.110412
  12.539062	   0.884837
  12.548828	   0.325130
  12.558594	  -0.463034
  12.568359	  -1.335496
  12.578125	  -2.136956
  12.587891	  -2.726262
  12.597656	  -2.996179
  12.607422	  -2.886137
  12.617188	  -2.387904
  12.626953	  -1.544772
  12.636719	  -0.444826
  12.646484	   0.791281
  12.656250	   2.027472
  12.666016	   3.132936
  12.675781	   4.003739
  12.685547	   4.581470
  12.695312	   4.864495
  12.705078	   4.908044
  12.714844	   4.811497
  12.724609	   4.694361
  12.734375	   4.665773
  12.744141	   4.794819
  12.753906	   5.089563
  12.763672	   5.491008
  12.773438	   5.884592
  12.783203	   6.127059
  12.792969	   6.082193
  12.802734	   5.656173
  12.812500	   4.823175
  12.822266	   3.634427
  12.832031	   2.208444
  12.841797	   0.705401
  12.851562	  -0.707199
  12.861328	  -1.888306
  12.871094	  -2.748025
  12.880859	  -3.257869
  12.890625	  -3.445718
  12.900391	  -3.379036
  12.910156	  -3.142858
  12.919922	  -2.819580
  12.929688	  -2.475876
  12.939453	  -2.158706
  12.949219	  -1.898763
  12.958984	  -1.717128
  12.968750	  -1.630224
  12.978516	  -1.649589
  12.988281	  -1.775843
  12.998047	  -1.989412
  13.007812	  -2.242743
  13.017578	  -2.459056
  13.027344	  -2.540853
  13.037109	  -2.388058
  13.046875	  -1.921969
  13.056641	  -1.108475
  13.066406	   0.026665
  13.076172	   1.395901
  13.085938	   2.863095
  13.095703	   4.269068
  13.105469	   5.462941
  13.115234	   6.330901
  13.125000	   6.814724
  13.134766	   6.915584
  13.144531	   6.683128
  13.154297	   6.194210
  13.164062	   5.528531
  13.173828	   4.748889
  13.183594	   3.891687
  13.193359	   2.969554
  13.203125	   1.983716
  13.212891	   0.940562
  13.222656	  -0.134328
  13.232422	  -1.190200
  13.242188	  -2.155616
  13.251953	  -2.952046
  13.261719	  -3.511984
  13.271484	  -3.795492
  13.281250	  -3.799766
  13.291016	  -3.558794
  13.300781	  -3.133625
  13.310547	  -2.596815
  13.320312	  -2.016341
  13.330078	  -1.443949
  13.339844	  -0.910933
  13.349609	  -0.431357
  13.359375	  -0.009974
  13.369141	   0.349440
  13.378906	   0.639351
  13.388672	   0.849496
  13.398438	   0.973053
  13.408203	   1.014812
  13.417969	   0.996935
  13.427734	   0.958452
  13.437500	   0.946877
  13.447266	   1.003482
  13.457031	   1.146692
  13.466797	   1.359514
  13.476562	   1.586400
  13.486328	   1.742286
  13.496094	   1.732744
  13.505859	   1.480317
  13.515625	   0.949620
  13.525391	   0.163541
  13.535156	  -0.794925
  13.544922	  -1.796645
  13.554688	  -2.692939
  13.564453	  -3.347885
  13.574219	  -3.667718
  13.583984	  -3.619625
  13.593750	  -3.235373
  13.603516	  -2.599635
  13.613281	  -1.827136
  13.623047	  -1.035547
  13.632812	  -0.321609
  13.642578	   0.253743
  13.652344	   0.668762
  13.662109	   0.933990
  13.671875	   1.079155
  13.681641	   1.139122
  13.691406	   1.143472
  13.701172	   1.112083
  13.710938	   1.056414
  13.720703	   0.984010
  13.730469	   0.902816
  13.740234	   0.822573
  13.750000	   0.752342
  13.759766	   0.695381
  13.769531	   0.644212
  13.779297	   0.579067
  13.789062	   0.471789
  13.798828	   0.295093
  13.808594	   0.034691
  13.818359	  -0.299939
  13.828125	  -0.670568
  13.837891	  -1.014066
  13.847656	  -1.255387
  13.857422	  -1.326920
  13.867188	  -1.188917
  13.876953	  -0.844863
  13.886719	  -0.346632
  13.896484	   0.212963
  13.906250	   0.719031
  13.916016	   1.060299
  13.925781	   1.154992
  13.935547	   0.970103
  13.945312	   0.529091
  13.955078	  -0.093773
  13.964844	  -0.790584
  13.974609	  -1.443783
  13.984375	  -1.950793
  13.994141	  -2.243515
  14.003906	  -2.298773
  14.013672	  -2.138485
  14.023438	  -1.820978
  14.033203	  -1.426664
  14.042969	  -1.041961
  14.052734	  -0.744774
  14.062500	  -0.593647
  14.072266	  -0.621248
  14.082031	  -0.831838
  14.091797	  -1.201952
  14.101562	  -1.683659
  14.111328	  -2.210172
  14.121094	  -2.703813
  14.130859	  -3.086178
  14.140625	  -3.289682
  14.150391	  -3.268815
  14.160156	  -3.008795
  14.169922	  -2.529253
  14.179688	  -1.881370
  14.189453	  -1.138431
  14.199219	  -0.381559
  14.208984	   0.316089
  14.218750	   0.902721
  14.228516	   1.355494
  14.238281	   1.680509
  14.248047	   1.905670
  14.257812	   2.068973
  14.267578	   2.206114
  14.277344	   2.341277
  14.287109	   2.483690
  14.296875	   2.630360
  14.306641	   2.773136
  14.316406	   2.906732
  14.326172	   3.033996
  14.335938	   3.165926
  14.345703	   3.315990
  14.355469	   3.490734
  14.365234	   3.680385
  14.375000	   3.853564
  14.384766	   3.959118
  14.394531	   3.935729
  14.404297	   3.727210
  14.414062	   3.299144
  14.423828	   2.651669
  14.433594	   1.824064
  14.443359	   0.889146
  14.453125	  -0.061359
  14.462891	  -0.936456
  14.472656	  -1.664867
  14.482422	  -2.207880
  14.492188	  -2.562517
  14.501953	  -2.754569
  14.511719	  -2.824255
  14.521484	  -2.809541
  14.531250	  -2.732754
  14.541016	  -2.594831
  14.550781	  -2.378839
  14.560547	  -2.061231
  14.570312	  -1.626626
  14.580078	  -1.080777
  14.589844	  -0.457022
  14.599609	   0.186271
  14.609375	   0.776703
  14.619141	   1.243988
  14.628906	   1.536242
  14.638672	   1.631540
  14.648438	   1.541451
  14.658203	   1.305935
  14.667969	   0.981718
  14.677734	   0.628124
  14.687500	   0.294776
  14.697266	   0.014545
  14.707031	  -0.197034
  14.716797	  -0.337009
  14.726562	  -0.407830
  14.736328	  -0.411212
  14.746094	  -0.345712
  14.755859	  -0.208903
  14.765625	  -0.002936
  14.775391	   0.259275
  14.785156	   0.550450
  14.794922	   0.830310
  14.804688	   1.052418
  14.814453	   1.174898
  14.824219	   1.171758
  14.833984	   1.040985
  14.843750	   0.806444
  14.853516	   0.512483
  14.863281	   0.212543
  14.873047	  -0.044940
  14.882812	  -0.229082
  14.892578	  -0.333792
  14.902344	  -0.377596
  14.912109	  -0.396351
  14.921875	  -0.431378
  14.931641	  -0.516901
  14.941406	  -0.670730
  14.951172	  -0.890860
  14.960938	  -1.158573
  14.970703	  -1.446428
  14.980469	  -1.727982
  14.990234	  -1.985719
  15.000000	  -2.214493
  15.009766	  -2.419594
  15.019531	  -2.610532
  15.029297	  -2.793193
  15.039062	  -2.963555
  15.048828	  -3.105536
  15.058594	  -3.193965
  15.068359	  -3.201800
  15.078125	  -3.109114
  15.087891	  -2.910697
  15.097656	  -2.619548
  15.107422	  -2.264933
  15.117188	  -1.885485
  15.126953	  -1.519537
  15.136719	  -1.195741
  15.146484	  -0.926908
  15.156250	  -0.708887
  15.166016	  -0.524591
  15.175781	  -0.351625
  15.185547	  -0.170866
  15.195312	   0.026841
  15.205078	   0.237906
  15.214844	   0.447784
  15.224609	   0.636397
  15.234375	   0.785113
  15.244141	   0.882783
  15.253906	   0.928823
  15.263672	   0.932403
  15.273438	   0.908209
  15.283203	   0.870340
  15.292969	   0.826475
  15.302734	   0.774268
  15.312500	   0.701132
  15.322266	   0.587453
  15.332031	   0.412268
  15.341797	   0.159773
  15.351562	  -0.175070
  15.361328	  -0.583160
  15.371094	  -1.040735
  15.380859	  -1.511623
  15.390625	  -1.951614
  15.400391	  -2.314079
  15.410156	  -2.556006
  15.419922	  -2.643782
  15.429688	  -2.558195
  15.439453	  -2.298189
  15.449219	  -1.882809
  15.458984	  -1.350720
  15.468750	  -0.756784
  15.478516	  -0.165545
  15.488281	   0.357869
  15.498047	   0.758101
  15.507812	   0.999230
  15.517578	   1.071464
  15.527344	   0.992985
  15.537109	   0.805992
  15.546875	   0.567413
  15.556641	   0.336184
  15.566406	   0.160098
  15.576172	   0.065486
  15.585938	   0.052443
  15.595703	   0.096866
  15.605469	   0.158780
  15.615234	   0.194681
  15.625000	   0.170508
  15.634766	   0.071712
  15.644531	  -0.092307
  15.654297	  -0.290486
  15.664062	  -0.478325
  15.673828	  -0.609667
  15.683594	  -0.648724
  15.693359	  -0.579144
  15.703125	  -0.407855
  15.712891	  -0.162973
  15.722656	   0.113319
  15.732422	   0.374769
  15.742188	   0.581214
  15.751953	   0.706426
  15.761719	   0.742031
  15.771484	   0.697073
  15.781250	   0.593898
  15.791016	   0.461813
  15.800781	   0.330212
  15.810547	   0.222655
  15.820312	   0.152871
  15.830078	   0.123066
  15.839844	   0.124416
  15.849609	   0.139361
  15.859375	   0.145192
  15.869141	   0.118442
  15.878906	   0.039549
  15.888672	  -0.102793
  15.898438	  -0.308312
  15.908203	  -0.563608
  15.917969	  -0.843031
  15.927734	  -1.112225
  15.937500	  -1.334022
  15.947266	  -1.475659
  15.957031	  -1.515781
  15.966797	  -1.449474
  15.976562	  -1.289872
  15.986328	  -1.065657
  15.996094	  -0.814805
  16.005859	  -0.576027
  16.015625	  -0.380017
  16.025391	  -0.242828
  16.035156	  -0.163113
  16.044922	  -0.123972
  16.054688	  -0.098822
  16.064453	  -0.059614
  16.074219	   0.014945
  16.083984	   0.133428
  16.093750	   0.289548
  16.103516	   0.464248
  16.113281	   0.631225
  16.123047	   0.764126
  16.132812	   0.843336
  16.142578	   0.860502
  16.152344	   0.819761
  16.162109	   0.735634
  16.171875	   0.628487
  16.181641	   0.519046
  16.191406	   0.423491
  16.201172	   0.350319
  16.210938	   0.299487
  16.220703	   0.263669
  16.230469	   0.230976
  16.240234	   0.188281
  16.250000	   0.124378
  16.259766	   0.032484
  16.269531	  -0.088121
  16.279297	  -0.231336
  16.289062	  -0.384349
  16.298828	  -0.528663
  16.308594	  -0.642146
  16.318359	  -0.702148
  16.328125	  -0.689475
  16.337891	  -0.592684
  16.347656	  -0.411768
  16.357422	  -0.160162
  16.367188	   0.135836
  16.376953	   0.440614
  16.386719	   0.715373
  16.396484	   0.925614
  16.406250	   1.048212
  16.416016	   1.076206
  16.425781	   1.019924
  16.435547	   0.903984
  16.445312	   0.760878
  16.455078	   0.622838
  16.464844	   0.514198
  16.474609	   0.446316
  16.484375	   0.416345
  16.494141	   0.409959
  16.503906	   0.406940
  16.513672	   0.387727
  16.523438	   0.338826
  16.533203	   0.255499
  16.542969	   0.141194
  16.552734	   0.004308
  16.562500	  -0.146173
  16.572266	  -0.304319
  16.582031	  -0.468680
  16.591797	  -0.640914
  16.601562	  -0.822183
  16.611328	  -1.008832
  16.621094	  -1.189226
  16.630859	  -1.343365
  16.640625	  -1.445899
  16.650391	  -1.471988
  16.660156	  -1.404329
  16.669922	  -1.239118
  16.679688	  -0.988890
  16.689453	  -0.681100
  16.699219	  -0.352593
  16.708984	  -0.041471
  16.718750	   0.221335
  16.728516	   0.418316
  16.738281	   0.547705
  16.748047	   0.621323
  16.757812	   0.658820
  16.767578	   0.680255
  16.777344	   0.699400
  16.787109	   0.719801
  16.796875	   0.734642
  16.806641	   0.730182
  16.816406	   0.691389
  16.826172	   0.607776
  16.835938	   0.477524
  16.845703	   0.308656
  16.855469	   0.117113
  16.865234	  -0.077384
  16.875000	  -0.256143
  16.884766	  -0.405383
  16.894531	  -0.518035
  16.904297	  -0.593211
  16.914062	  -0.633934
  16.923828	  -0.644284
  16.933594	  -0.627241
  16.943359	  -0.584054
  16.953125	  -0.515275
  16.962891	  -0.422846
  16.972656	  -0.312163
  16.982422	  -0.193037
  16.992188	  -0.078884
  17.001953	   0.015793
  17.011719	   0.078866
  17.021484	   0.103813
  17.031250	   0.091530
  17.041016	   0.050041
  17.050781	  -0.007882
  17.060547	  -0.068397
  17.070312	  -0.120371
  17.080078	  -0.157999
  17.089844	  -0.181480
  17.099609	  -0.195667
  17.109375	  -0.207335
  17.119141	  -0.222179
  17.128906	  -0.242683
  17.138672	  -0.267586
  17.148438	  -0.293008
  17.158203	  -0.314587
  17.167969	  -0.329595
  17.177734	  -0.338008
  17.187500	  -0.341956
  17.197266	  -0.343708
  17.207031	  -0.343023
  17.216797	  -0.335102
  17.226562	  -0.310240
  17.236328	  -0.255749
  17.246094	  -0.159814
  17.255859	  -0.016167
  17.265625	   0.172055
  17.275391	   0.390784
  17.285156	   0.616715
  17.294922	   0.822081
  17.304688	   0.981281
  17.314453	   1.077480
  17.324219	   1.107125
  17.333984	   1.080930
  17.343750	   1.020913
  17.353516	   0.954306
  17.363281	   0.906135
  17.373047	   0.892652
  17.382812	   0.917515
  17.392578	   0.971713
  17.402344	   1.037021
  17.412109	   1.091711
  17.421875	   1.116609
  17.431641	   1.099628
  17.441406	   1.037583
  17.451172	   0.935074
  17.460938	   0.801258
  17.470703	   0.645978
  17.480469	   0.476777
  17.490234	   0.297844
  17.500000	   0.111086
  17.509766	  -0.081370
  17.519531	  -0.274522
  17.529297	  -0.458991
  17.539062	  -0.621530
  17.548828	  -0.747564
  17.558594	  -0.824936
  17.568359	  -0.847516
  17.578125	  -0.817274
  17.587891	  -0.743969
  17.597656	  -0.642430
  17.607422	  -0.528315
  17.617188	  -0.413824
  17.626953	  -0.304861
  17.636719	  -0.200672
  17.646484	  -0.096052
  17.656250	   0.014706
  17.666016	   0.133643
  17.675781	   0.256356
  17.685547	   0.371750
  17.695312	   0.464570
  17.705078	   0.519899
  17.714844	   0.528098
  17.724609	   0.488427
  17.734375	   0.410001
  17.744141	   0.309665
  17.753906	   0.207427
  17.763672	   0.120956
  17.773438	   0.060996
  17.783203	   0.029208
  17.792969	   0.019120
  17.802734	   0.019756
  17.812500	   0.020552
  17.822266	   0.015757
  17.832031	   0.006691
  17.841797	   0.001027
  17.851562	   0.009370
  17.861328	   0.040397
  17.871094	   0.096373
  17.880859	   0.170757
  17.890625	   0.248892
  17.900391	   0.311676
  17.910156	   0.341051
  17.919922	   0.325471
  17.929688	   0.263484
  17.939453	   0.164206
  17.949219	   0.044493
  17.958984	  -0.076217
  17.968750	  -0.181673
  17.978516	  -0.263267
  17.988281	  -0.321723
  17.998047	  -0.365584
  18.007812	  -0.407104
  18.017578	  -0.457097
  18.027344	  -0.520549
  18.037109	  -0.594491
  18.046875	  -0.668806
  18.056641	  -0.729537
  18.066406	  -0.763445
  18.076172	  -0.762128
  18.085938	  -0.724268
  18.095703	  -0.655286
  18.105469	  -0.564680
  18.115234	  -0.462180
  18.125000	  -0.354249
  18.134766	  -0.242316
  18.144531	  -0.123428
  18.154297	   0.006941
  18.164062	   0.151027
  18.173828	   0.305413
  18.183594	   0.459586
  18.193359	   0.597177
  18.203125	   0.699659
  18.212891	   0.751399
  18.222656	   0.744397
  18.232422	   0.681119
  18.242188	   0.574395
  18.251953	   0.444342
  18.261719	   0.313233
  18.271484	   0.199893
  18.281250	   0.115324
  18.291016	   0.060830
  18.300781	   0.029036
  18.310547	   0.007292
  18.320312	  -0.017813
  18.330078	  -0.056309
  18.339844	  -0.112317
  18.349609	  -0.183722
  18.359375	  -0.263783
  18.369141	  -0.343837
  18.378906	  -0.415938
  18.388672	  -0.474494
  18.398438	  -0.516477
  18.408203	  -0.540438
  18.417969	  -0.545068
  18.427734	  -0.528171
  18.437500	  -0.486706
  18.447266	  -0.418007
  18.457031	  -0.321684
  18.466797	  -0.201348
  18.476562	  -0.065226
  18.486328	   0.074867
  18.496094	   0.206095
  18.505859	   0.317953
  18.515625	   0.405215
  18.525391	   0.469319
  18.535156	   0.517503
  18.544922	   0.559786
  18.554688	   0.604713
  18.564453	   0.655326
  18.574219	   0.706853
  18.583984	   0.747132
  18.593750	   0.759868
  18.603516	   0.729828
  18.613281	   0.648367
  18.623047	   0.517408
  18.632812	   0.350471
  18.642578	   0.170212
  18.652344	   0.003087
  18.662109	  -0.127312
  18.671875	  -0.206206
  18.681641	  -0.231073
  18.691406	  -0.211526
  18.701172	  -0.165755
  18.710938	  -0.114699
  18.720703	  -0.075836
  18.730469	  -0.058497
  18.740234	  -0.062077
  18.750000	  -0.077510
  18.759766	  -0.091289
  18.769531	  -0.090553
  18.779297	  -0.067502
  18.789062	  -0.021732
  18.798828	   0.040086
  18.808594	   0.106846
  18.818359	   0.166833
  18.828125	   0.211318
  18.837891	   0.236673
  18.847656	   0.244423
  18.857422	   0.239451
  18.867188	   0.227237
  18.876953	   0.211322
  18.886719	   0.192000
  18.896484	   0.166713
  18.906250	   0.131875
  18.916016	   0.085295
  18.925781	   0.028111
  18.935547	  -0.034628
  18.945312	  -0.095079
  18.955078	  -0.145034
  18.964844	  -0.178748
  18.974609	  -0.195056
  18.984375	  -0.197893
  18.994141	  -0.194940
  19.003906	  -0.194840
  19.013672	  -0.203990
  19.023438	  -0.224123
  19.033203	  -0.251639
  19.042969	  -0.278992
  19.052734	  -0.297692
  19.062500	  -0.301826
  19.072266	  -0.290777
  19.082031	  -0.270061
  19.091797	  -0.249863
  19.101562	  -0.241702
  19.111328	  -0.254338
  19.121094	  -0.290393
  19.130859	  -0.344922
  19.140625	  -0.406531
  19.150391	  -0.460751
  19.160156	  -0.494550
  19.169922	  -0.500483
  19.179688	  -0.479021
  19.189453	  -0.438283
  19.199219	  -0.391225
  19.208984	  -0.351276
  19.218750	  -0.327903
  19.228516	  -0.323624
  19.238281	  -0.333472
  19.248047	  -0.347023
  19.257812	  -0.352233
  19.267578	  -0.339689
  19.277344	  -0.305774
  19.287109	  -0.253677
  19.296875	  -0.191947
  19.306641	  -0.131209
  19.316406	  -0.080302
  19.326172	  -0.043263
  19.335938	  -0.018264
  19.345703	   0.001152
  19.355469	   0.023048
  19.365234	   0.053477
  19.375000	   0.093656
  19.384766	   0.139059
  19.394531	   0.180795
  19.404297	   0.208806
  19.414062	   0.215708
  19.423828	   0.199828
  19.433594	   0.166269
  19.443359	   0.125520
  19.453125	   0.090035
  19.462891	   0.069948
  19.472656	   0.069446
  19.482422	   0.085108
  19.492188	   0.106854
  19.501953	   0.121235
  19.511719	   0.115972
  19.521484	   0.084200
  19.531250	   0.026982
  19.541016	  -0.046763
  19.550781	  -0.122870
  19.560547	  -0.186173
  19.570312	  -0.224957
  19.580078	  -0.234132
  19.589844	  -0.216172
  19.599609	  -0.179631
  19.609375	  -0.135906
  19.619141	  -0.095492
  19.628906	  -0.065048
  19.638672	  -0.046237
  19.648438	  -0.036567
  19.658203	  -0.031700
  19.667969	  -0.028148
  19.677734	  -0.025196
  19.687500	  -0.025227
  19.697266	  -0.032328
  19.707031	  -0.049775
  19.716797	  -0.077504
  19.726562	  -0.110723
  19.736328	  -0.140437
  19.746094	  -0.155898
  19.755859	  -0.148248
  19.765625	  -0.114047
  19.775391	  -0.057342
  19.785156	   0.010645
  19.794922	   0.074325
  19.804688	   0.118264
  19.814453	   0.131970
  19.824219	   0.113336
  19.833984	   0.069520
  19.843750	   0.014870
  19.853516	  -0.033509
  19.863281	  -0.061102
  19.873047	  -0.060523
  19.882812	  -0.033712
  19.892578	   0.008922
  19.902344	   0.052125
  19.912109	   0.080984
  19.921875	   0.085923
  19.931641	   0.065884
  19.941406	   0.028647
  19.951172	  -0.011735
  19.960938	  -0.039513
  19.970703	  -0.042236
  19.980469	  -0.014567
  19.990234	   0.040302
  20.000000	   0.111949
  20.009766	   0.186159
  20.019531	   0.249241
  20.029297	   0.291732
  20.039062	   0.310343
  20.048828	   0.307654
  20.058594	   0.289931
  20.068359	   0.264050
  20.078125	   0.234767
  20.087891	   0.203348
  20.097656	   0.167966
  20.107422	   0.125560
  20.117188	   0.074268
  20.126953	   0.015342
  20.136719	  -0.046309
  20.146484	  -0.103264
  20.156250	  -0.147998
  20.166016	  -0.175643
  20.175781	  -0.185988
  20.185547	  -0.183850
  20.195312	  -0.177581
  20.205078	  -0.176162
  20.214844	  -0.185892
  20.224609	  -0.207911
  20.234375	  -0.237493
  20.244141	  -0.265458
  20.253906	  -0.281266
  20.263672	  -0.276742
  20.273438	  -0.249127
  20.283203	  -0.202340
  20.292969	  -0.145978
  20.302734	  -0.092362
  20.312500	  -0.052617
  20.322266	  -0.033140
  20.332031	  -0.033670
  20.341797	  -0.047601
  20.351562	  -0.064405
  20.361328	  -0.073304
  20.371094	  -0.066896
  20.380859	  -0.043490
  20.390625	  -0.007401
  20.400391	   0.032824
  20.410156	   0.067524
  20.419922	   0.089226
  20.429688	   0.094926
  20.439453	   0.086596
  20.449219	   0.069805
  20.458984	   0.051104
  20.468750	   0.035225
  20.478516	   0.023242
  20.488281	   0.012401
  20.498047	  -0.002304
  20.507812	  -0.025447
  20.517578	  -0.058466
  20.527344	  -0.098073
  20.537109	  -0.136523
  20.546875	  -0.163776
  20.556641	  -0.170876
  20.566406	  -0.153349
  20.576172	  -0.113338
  20.585938	  -0.059624
  20.595703	  -0.005340
  20.605469	   0.035930
  20.615234	   0.054440
  20.625000	   0.047505
  20.634766	   0.020563
  20.644531	  -0.014332
  20.654297	  -0.042131
  20.664062	  -0.049350
  20.673828	  -0.028115
  20.683594	   0.021587
  20.693359	   0.092116
  20.703125	   0.170659
  20.712891	   0.243077
  20.722656	   0.297790
  20.732422	   0.328454
  20.742188	   0.334655
  20.751953	   0.320619
  20.761719	   0.292614
  20.771484	   0.256140
  20.781250	   0.214031
  20.791016	   0.166124
  20.800781	   0.110542
  20.810547	   0.045950
  20.820312	  -0.026226
  20.830078	  -0.100625
  20.839844	  -0.168421
  20.849609	  -0.219395
  20.859375	  -0.244919
  20.869141	  -0.240799
  20.878906	  -0.208885
  20.888672	  -0.156825
  20.898438	  -0.095972
  20.908203	  -0.038104
  20.917969	   0.007892
  20.927734	   0.038276
  20.937500	   0.054856
  20.947266	   0.063480
  20.957031	   0.071196
  20.966797	   0.083165
  20.976562	   0.100478
  20.986328	   0.119679
  20.996094	   0.134150
  21.005859	   0.136815
  21.015625	   0.123131
  21.025391	   0.093195
  21.035156	   0.052151
  21.044922	   0.008687
  21.054688	  -0.027838
  21.064453	  -0.050614
  21.074219	  -0.057722
  21.083984	  -0.052717
  21.093750	  -0.043194
  21.103516	  -0.037813
  21.113281	  -0.042876
  21.123047	  -0.059707
  21.132812	  -0.083843
  21.142578	  -0.106392
  21.152344	  -0.117142
  21.162109	  -0.108331
  21.171875	  -0.077730
  21.181641	  -0.029919
  21.191406	   0.024787
  21.201172	   0.073425
  21.210938	   0.104483
  21.220703	   0.111580
  21.230469	   0.095479
  21.240234	   0.063702
  21.250000	   0.027889
  21.259766	  -0.000195
  21.269531	  -0.012629
  21.279297	  -0.007898
  21.289062	   0.008815
  21.298828	   0.027701
  21.308594	   0.038010
  21.318359	   0.032064
  21.328125	   0.008193
  21.337891	  -0.028409
  21.347656	  -0.067186
  21.357422	  -0.095535
  21.367188	  -0.102778
  21.376953	  -0.083439
  21.386719	  -0.038749
  21.396484	   0.024047
  21.406250	   0.094240
  21.416016	   0.161082
  21.425781	   0.216861
  21.435547	   0.258572
  21.445312	   0.287701
  21.455078	   0.308365
  21.464844	   0.324627
  21.474609	   0.338126
  21.484375	   0.346962
  21.494141	   0.346322
  21.503906	   0.330596
  21.513672	   0.296177
  21.523438	   0.243839
  21.533203	   0.179713
  21.542969	   0.114366
  21.552734	   0.060205
  21.562500	   0.028000
  21.572266	   0.023699
  21.582031	   0.046593
  21.591797	   0.089462
  21.601562	   0.140648
  21.611328	   0.187356
  21.621094	   0.219089
  21.630859	   0.230133
  21.640625	   0.220350
  21.650391	   0.194196
  21.660156	   0.158455
  21.669922	   0.119627
  21.679688	   0.081934
  21.689453	   0.046621
  21.699219	   0.012682
  21.708984	  -0.021448
  21.718750	  -0.056016
  21.728516	  -0.088782
  21.738281	  -0.115101
  21.748047	  -0.129307
  21.757812	  -0.126890
  21.767578	  -0.106624
  21.777344	  -0.071755
  21.787109	  -0.029697
  21.796875	   0.009769
  21.806641	   0.037260
  21.816406	   0.046563
  21.826172	   0.036449
  21.835938	   0.010885
  21.845703	  -0.022460
  21.855469	  -0.054885
  21.865234	  -0.079555
  21.875000	  -0.093607
  21.884766	  -0.098714
  21.894531	  -0.099931
  21.904297	  -0.103282
  21.914062	  -0.112988
  21.923828	  -0.129417
  21.933594	  -0.148519
  21.943359	  -0.163025
  21.953125	  -0.164980
  21.962891	  -0.148739
  21.972656	  -0.113311
  21.982422	  -0.063189
  21.992188	  -0.007331
  22.001953	   0.043408
  22.011719	   0.079512
  22.021484	   0.095616
  22.031250	   0.091929
  22.041016	   0.073820
  22.050781	   0.049750
  22.060547	   0.028330
  22.070312	   0.015539
  22.080078	   0.013091
  22.089844	   0.018461
  22.099609	   0.026461
  22.109375	   0.031708
  22.119141	   0.030997
  22.128906	   0.024637
  22.138672	   0.016259
  22.148438	   0.011152
  22.158203	   0.013814
  22.167969	   0.025665
  22.177734	   0.043870
  22.187500	   0.061805
  22.197266	   0.071061
  22.207031	   0.064343
  22.216797	   0.038204
  22.226562	  -0.005370
  22.236328	  -0.059173
  22.246094	  -0.112746
  22.255859	  -0.155496
  22.265625	  -0.179882
  22.275391	  -0.183596
  22.285156	  -0.169993
  22.294922	  -0.146638
  22.304688	  -0.122523
  22.314453	  -0.104943
  22.324219	  -0.097139
  22.333984	  -0.097513
  22.343750	  -0.100656
  22.353516	  -0.099743
  22.363281	  -0.089376
  22.373047	  -0.067813
  22.382812	  -0.037744
  22.392578	  -0.005347
  22.402344	   0.022002
  22.412109	   0.038487
  22.421875	   0.042027
  22.431641	   0.035026
  22.441406	   0.023409
  22.451172	   0.014290
  22.460938	   0.013152
  22.470703	   0.021613
  22.480469	   0.036651
  22.490234	   0.051637
  22.500000	   0.058818
  22.509766	   0.052378
  22.519531	   0.030919
  22.529297	  -0.001587
  22.539062	  -0.036798
  22.548828	  -0.064663
  22.558594	  -0.076847
  22.568359	  -0.069686
  22.578125	  -0.045607
  22.587891	  -0.012436
  22.597656	   0.019207
  22.607422	   0.039563
  22.617188	   0.043171
  22.626953	   0.030861
  22.636719	   0.009577
  22.646484	  -0.009957
  22.656250	  -0.016945
  22.666016	  -0.004353
  22.675781	   0.028483
  22.685547	   0.075363
  22.695312	   0.125066
  22.705078	   0.164896
  22.714844	   0.184755
  22.724609	   0.180389
  22.734375	   0.154701
  22.744141	   0.116757
  22.753906	   0.078837
  22.763672	   0.052561
  22.773438	   0.045405
  22.783203	   0.058730
  22.792969	   0.087908
  22.802734	   0.124390
  22.812500	   0.158882
  22.822266	   0.184495
  22.832031	   0.198756
  22.841797	   0.203858
  22.851562	   0.205186
  22.861328	   0.208746
  22.871094	   0.218538
  22.880859	   0.234852
  22.890625	   0.254104
  22.900391	   0.270225
  22.910156	   0.277027
  22.919922	   0.270631
  22.929688	   0.251012
  22.939453	   0.222095
  22.949219	   0.190357
  22.958984	   0.162494
  22.968750	   0.143025
  22.978516	   0.132743
  22.988281	   0.128590
  22.998047	   0.124987
  23.007812	   0.116121
  23.017578	   0.098305
  23.027344	   0.071528
  23.037109	   0.039587
  23.046875	   0.008774
  23.056641	  -0.014425
  23.066406	  -0.025731
  23.076172	  -0.024688
  23.085938	  -0.014863
  23.095703	  -0.002562
  23.105469	   0.005479
  23.115234	   0.004569
  23.125000	  -0.006227
  23.134766	  -0.023789
  23.144531	  -0.042173
  23.154297	  -0.054938
  23.164062	  -0.057701
  23.173828	  -0.049960
  23.183594	  -0.035494
  23.193359	  -0.021149
  23.203125	  -0.014432
  23.212891	  -0.020760
  23.222656	  -0.041374
  23.232422	  -0.072700
  23.242188	  -0.107394
  23.251953	  -0.136761
  23.261719	  -0.153677
  23.271484	  -0.155006
  23.281250	  -0.142640
  23.291016	  -0.122796
  23.300781	  -0.103827
  23.310547	  -0.093288
  23.320312	  -0.095321
  23.330078	  -0.109239
  23.339844	  -0.129796
  23.349609	  -0.149024
  23.359375	  -0.158957
  23.369141	  -0.154284
  23.378906	  -0.134019
  23.388672	  -0.101642
  23.398438	  -0.063753
  23.408203	  -0.027775
  23.417969	   0.000414
  23.427734	   0.018067
  23.437500	   0.025855
  23.447266	   0.026842
  23.457031	   0.024655
  23.466797	   0.021629
  23.476562	   0.017731
  23.486328	   0.010695
  23.496094	  -0.002662
  23.505859	  -0.024495
  23.515625	  -0.054176
  23.525391	  -0.087530
  23.535156	  -0.117498
  23.544922	  -0.136132
  23.554688	  -0.137289
  23.564453	  -0.119073
  23.574219	  -0.085101
  23.583984	  -0.044035
  23.593750	  -0.007396
  23.603516	   0.013689
  23.613281	   0.011781
  23.623047	  -0.014615
  23.632812	  -0.060606
  23.642578	  -0.116413
  23.652344	  -0.170345
  23.662109	  -0.212250
  23.671875	  -0.236311
  23.681641	  -0.242295
  23.691406	  -0.234918
  23.701172	  -0.221639
  23.710938	  -0.209708
  23.720703	  -0.203562
  23.730469	  -0.203447
  23.740234	  -0.205713
  23.750000	  -0.204573
  23.759766	  -0.194615
  23.769531	  -0.173071
  23.779297	  -0.140997
  23.789062	  -0.102906
  23.798828	  -0.065033
  23.808594	  -0.032893
  23.818359	  -0.009102
  23.828125	   0.007687
  23.837891	   0.022292
  23.847656	   0.041085
  23.857422	   0.069341
  23.867188	   0.108834
  23.876953	   0.156595
  23.886719	   0.205352
  23.896484	   0.245559
  23.906250	   0.268360
  23.916016	   0.268475
  23.925781	   0.246000
  23.935547	   0.206497
  23.945312	   0.159310
  23.955078	   0.114701
  23.964844	   0.080753
  23.974609	   0.061103
  23.984375	   0.054218
  23.994141	   0.054431
  24.003906	   0.054273
  24.013672	   0.047272
  24.023438	   0.030193
  24.033203	   0.003972
  24.042969	  -0.026925
  24.052734	  -0.056394
  24.062500	  -0.079096
  24.072266	  -0.092428
  24.082031	  -0.097346
  24.091797	  -0.097766
  24.101562	  -0.098797
  24.111328	  -0.104537
  24.121094	  -0.116278
  24.130859	  -0.131843
  24.140625	  -0.146310
  24.150391	  -0.153863
  24.160156	  -0.150061
  24.169922	  -0.133661
  24.179688	  -0.107286
  24.189453	  -0.076638
  24.199219	  -0.048549
  24.208984	  -0.028545
  24.218750	  -0.018846
  24.228516	  -0.017550
  24.238281	  -0.019326
  24.248047	  -0.017392
  24.257812	  -0.006071
  24.267578	   0.016998
  24.277344	   0.049803
  24.287109	   0.086463
  24.296875	   0.119111
  24.306641	   0.140497
  24.316406	   0.146377
  24.326172	   0.136831
  24.335938	   0.116060
  24.345703	   0.090746
  24.355469	   0.067612
  24.365234	   0.051094
  24.375000	   0.041973
  24.384766	   0.037493
  24.394531	   0.032881
  24.404297	   0.023682
  24.414062	   0.007988
  24.423828	  -0.012332
  24.433594	  -0.031926
  24.443359	  -0.043752
  24.453125	  -0.041742
  24.462891	  -0.023395
  24.472656	   0.008717
  24.482422	   0.047129
  24.492188	   0.081413
  24.501953	   0.101275
  24.511719	   0.099792
  24.521484	   0.075720
  24.531250	   0.034049
  24.541016	  -0.015393
  24.550781	  -0.060844
  24.560547	  -0.092085
  24.570312	  -0.103329
  24.580078	  -0.094629
  24.589844	  -0.071389
  24.599609	  -0.042234
  24.609375	  -0.016027
  24.619141	   0.000911
  24.628906	   0.006471
  24.638672	   0.002806
  24.648438	  -0.005103
  24.658203	  -0.011743
  24.667969	  -0.013313
  24.677734	  -0.009055
  24.687500	  -0.001240
  24.697266	   0.006132
  24.707031	   0.009332
  24.716797	   0.006749
  24.726562	  -0.000168
  24.736328	  -0.007299
  24.746094	  -0.009434
  24.755859	  -0.002451
  24.765625	   0.014779
  24.775391	   0.039539
  24.785156	   0.065866
  24.794922	   0.086455
  24.804688	   0.095204
  24.814453	   0.089478
  24.824219	   0.071214
  24.833984	   0.046409
  24.843750	   0.023108
  24.853516	   0.008568
  24.863281	   0.006598
  24.873047	   0.016067
  24.882812	   0.031135
  24.892578	   0.043215
  24.902344	   0.043992
  24.912109	   0.028474
  24.921875	  -0.003022
  24.931641	  -0.044664
  24.941406	  -0.086794
  24.951172	  -0.118977
  24.960938	  -0.133358
  24.970703	  -0.127182
  24.980469	  -0.103625
  24.990234	  -0.070630
  25.000000	  -0.038185
  25.009766	  -0.014973
  25.019531	  -0.005575
  25.029297	  -0.009168
  25.039062	  -0.020151
  25.048828	  -0.030444
  25.058594	  -0.032609
  25.068359	  -0.022675
  25.078125	  -0.001668
  25.087891	   0.024702
  25.097656	   0.048040
  25.107422	   0.060262
  25.117188	   0.056481
  25.126953	   0.036781
  25.136719	   0.006255
  25.146484	  -0.026700
  25.156250	  -0.053208
  25.166016	  -0.066871
  25.175781	  -0.065836
  25.185547	  -0.053265
  25.195312	  -0.036117
  25.205078	  -0.022680
  25.214844	  -0.019771
  25.224609	  -0.030557
  25.234375	  -0.053725
  25.244141	  -0.084191
  25.253906	  -0.115024
  25.263672	  -0.139812
  25.273438	  -0.154609
  25.283203	  -0.158795
  25.292969	  -0.154642
  25.302734	  -0.145849
  25.312500	  -0.135739
  25.322266	  -0.125850
  25.332031	  -0.115514
  25.341797	  -0.102557
  25.351562	  -0.084806
  25.361328	  -0.061730
  25.371094	  -0.035484
  25.380859	  -0.010821
  25.390625	   0.006190
  25.400391	   0.010240
  25.410156	  -0.001104
  25.419922	  -0.026078
  25.429688	  -0.058753
  25.439453	  -0.090539
  25.449219	  -0.112699
  25.458984	  -0.119052
  25.468750	  -0.107925
  25.478516	  -0.082632
  25.488281	  -0.050307
  25.498047	  -0.019453
  25.507812	   0.002948
  25.517578	   0.013747
  25.527344	   0.014548
  25.537109	   0.010920
  25.546875	   0.010167
  25.556641	   0.018482
  25.566406	   0.038484
  25.576172	   0.068064
  25.585938	   0.100952
  25.595703	   0.128834
  25.605469	   0.144268
  25.615234	   0.143362
  25.625000	   0.127258
  25.634766	   0.101871
  25.644531	   0.075965
  25.654297	   0.058218
  25.664062	   0.054314
  25.673828	   0.065068
  25.683594	   0.086223
  25.693359	   0.110003
  25.703125	   0.127828
  25.712891	   0.133268
  25.722656	   0.124167
  25.732422	   0.103254
  25.742188	   0.077028
  25.751953	   0.053386
  25.761719	   0.038852
  25.771484	   0.036397
  25.781250	   0.044625
  25.791016	   0.058545
  25.800781	   0.071612
  25.810547	   0.078235
  25.820312	   0.075818
  25.830078	   0.065577
  25.839844	   0.051877
  25.849609	   0.040359
  25.859375	   0.035603
  25.869141	   0.039246
  25.878906	   0.049269
  25.888672	   0.060766
  25.898438	   0.067884
  25.908203	   0.066234
  25.917969	   0.054824
  25.927734	   0.036760
  25.937500	   0.018404
  25.947266	   0.007237
  25.957031	   0.009173
  25.966797	   0.026311
  25.976562	   0.055938
  25.986328	   0.091207
  25.996094	   0.123283
  26.005859	   0.144233
  26.015625	   0.149658
  26.025391	   0.140134
  26.035156	   0.120959
  26.044922	   0.100262
  26.054688	   0.086164
  26.064453	   0.083949
  26.074219	   0.094252
  26.083984	   0.112883
  26.093750	   0.132329
  26.103516	   0.144396
  26.113281	   0.143046
  26.123047	   0.126447
  26.132812	   0.097517
  26.142578	   0.062821
  26.152344	   0.030240
  26.162109	   0.006264
  26.171875	  -0.006117
  26.181641	  -0.008195
  26.191406	  -0.004763
  26.201172	  -0.002090
  26.210938	  -0.005443
  26.220703	  -0.017056
  26.230469	  -0.035303
  26.240234	  -0.055352
  26.250000	  -0.071030
  26.259766	  -0.077210
  26.269531	  -0.071819
  26.279297	  -0.056723
  26.289062	  -0.037182
  26.298828	  -0.020070
  26.308594	  -0.011519
  26.318359	  -0.014845
  26.328125	  -0.029506
  26.337891	  -0.051440
  26.347656	  -0.074641
  26.357422	  -0.093365
  26.367188	  -0.104139
  26.376953	  -0.106852
  26.386719	  -0.104527
  26.396484	  -0.101913
  26.406250	  -0.103439
  26.416016	  -0.111333
  26.425781	  -0.124634
  26.435547	  -0.139472
  26.445312	  -0.150516
  26.455078	  -0.153058
  26.464844	  -0.144914
  26.474609	  -0.127431
  26.484375	  -0.105170
  26.494141	  -0.084371
  26.503906	  -0.070715
  26.513672	  -0.067218
  26.523438	  -0.073016
  26.533203	  -0.083517
  26.542969	  -0.091884
  26.552734	  -0.091339
  26.562500	  -0.077486
  26.572266	  -0.049826
  26.582031	  -0.011944
  26.591797	   0.029672
  26.601562	   0.067755
  26.611328	   0.096537
  26.621094	   0.113390
  26.630859	   0.119248
  26.640625	   0.117735
  26.650391	   0.113363
  26.660156	   0.109534
  26.669922	   0.107121
  26.679688	   0.104166
  26.689453	   0.096828
  26.699219	   0.081167
  26.708984	   0.055089
  26.718750	   0.019630
  26.728516	  -0.020938
  26.738281	  -0.060312
  26.748047	  -0.092257
  26.757812	  -0.112855
  26.767578	  -0.122055
  26.777344	  -0.123905
  26.787109	  -0.125323
  26.796875	  -0.133767
  26.806641	  -0.154612
  26.816406	  -0.189132
  26.826172	  -0.233812
  26.835938	  -0.281257
  26.845703	  -0.322388
  26.855469	  -0.349185
  26.865234	  -0.357033
  26.875000	  -0.345871
  26.884766	  -0.319794
  26.894531	  -0.285286
  26.904297	  -0.248773
  26.914062	  -0.214390
  26.923828	  -0.182782
  26.933594	  -0.151349
  26.943359	  -0.115798
  26.953125	  -0.072401
  26.962891	  -0.020050
  26.972656	   0.038665
  26.982422	   0.097833
  26.992188	   0.149912
  27.001953	   0.188158
  27.011719	   0.208873
  27.021484	   0.212658
  27.031250	   0.204161
  27.041016	   0.190396
  27.050781	   0.178243
  27.060547	   0.172014
  27.070312	   0.172017
  27.080078	   0.174646
  27.089844	   0.173994
  27.099609	   0.164427
  27.109375	   0.143145
  27.119141	   0.111786
  27.128906	   0.076419
  27.138672	   0.045840
  27.148438	   0.028736
  27.158203	   0.030660
  27.167969	   0.051903
  27.177734	   0.087029
  27.187500	   0.126304
  27.197266	   0.158571
  27.207031	   0.174644
  27.216797	   0.170083
  27.226562	   0.146440
  27.236328	   0.110576
  27.246094	   0.072306
  27.255859	   0.041188
  27.265625	   0.023550
  27.275391	   0.020733
  27.285156	   0.029075
  27.294922	   0.041565
  27.304688	   0.050506
  27.314453	   0.050207
  27.324219	   0.038770
  27.333984	   0.018391
  27.343750	  -0.005840
  27.353516	  -0.028105
  27.363281	  -0.044129
  27.373047	  -0.052689
  27.382812	  -0.055818
  27.392578	  -0.057660
  27.402344	  -0.062481
  27.412109	  -0.072634
  27.421875	  -0.087312
  27.431641	  -0.102599
  27.441406	  -0.112839
  27.451172	  -0.112816
  27.460938	  -0.099915
  27.470703	  -0.075423
  27.480469	  -0.044417
  27.490234	  -0.014217
  27.500000	   0.008078
  27.509766	   0.018103
  27.519531	   0.015871
  27.529297	   0.005916
  27.539062	  -0.004159
  27.548828	  -0.006258
  27.558594	   0.005393
  27.568359	   0.032181
  27.578125	   0.070510
  27.587891	   0.112905
  27.597656	   0.150418
  27.607422	   0.175504
  27.617188	   0.184368
  27.626953	   0.177976
  27.636719	   0.161404
  27.646484	   0.141812
  27.656250	   0.125791
  27.666016	   0.117057
  27.675781	   0.115326
  27.685547	   0.116745
  27.695312	   0.115688
  27.705078	   0.107213
  27.714844	   0.089244
  27.724609	   0.063635
  27.734375	   0.035709
  27.744141	   0.012397
  27.753906	  -0.000316
  27.763672	   0.000272
  27.773438	   0.012365
  27.783203	   0.030039
  27.792969	   0.045118
  27.802734	   0.049908
  27.812500	   0.039850
  27.822266	   0.015126
  27.832031	  -0.019328
  27.841797	  -0.055433
  27.851562	  -0.084639
  27.861328	  -0.100723
  27.871094	  -0.101746
  27.880859	  -0.090507
  27.890625	  -0.073371
  27.900391	  -0.057916
  27.910156	  -0.050260
  27.919922	  -0.053023
  27.929688	  -0.064614
  27.939453	  -0.080063
  27.949219	  -0.093029
  27.958984	  -0.098212
  27.968750	  -0.093277
  27.978516	  -0.079577
  27.988281	  -0.061449
  27.998047	  -0.044397
  28.007812	  -0.032864
  28.017578	  -0.028487
  28.027344	  -0.029505
  28.037109	  -0.031541
  28.046875	  -0.029489
  28.056641	  -0.019756
  28.066406	  -0.001982
  28.076172	   0.020447
  28.085938	   0.041366
  28.095703	   0.053961
  28.105469	   0.053323
  28.115234	   0.038466
  28.125000	   0.013050
  28.134766	  -0.015528
  28.144531	  -0.038415
  28.154297	  -0.048198
  28.164062	  -0.041400
  28.173828	  -0.019711
  28.183594	   0.010514
  28.193359	   0.040327
  28.203125	   0.061130
  28.212891	   0.067475
  28.222656	   0.058745
  28.232422	   0.039156
  28.242188	   0.016085
  28.251953	  -0.002657
  28.261719	  -0.011639
  28.271484	  -0.009718
  28.281250	  -0.000358
  28.291016	   0.009726
  28.300781	   0.013096
  28.310547	   0.004389
  28.320312	  -0.017633
  28.330078	  -0.049500
  28.339844	  -0.084122
  28.349609	  -0.113162
  28.359375	  -0.129825
  28.369141	  -0.131092
  28.378906	  -0.118612
  28.388672	  -0.097965
  28.398438	  -0.076588
  28.408203	  -0.061120
  28.417969	  -0.055144
  28.427734	  -0.058091
  28.437500	  -0.065693
  28.447266	  -0.071754
  28.457031	  -0.070579
  28.466797	  -0.059137
  28.476562	  -0.038177
  28.486328	  -0.011909
  28.496094	   0.013612
  28.505859	   0.032752
  28.515625	   0.042378
  28.525391	   0.042939
  28.535156	   0.038168
  28.544922	   0.033515
  28.554688	   0.033914
  28.564453	   0.041749
  28.574219	   0.055811
  28.583984	   0.071675
  28.593750	   0.083395
  28.603516	   0.085906
  28.613281	   0.077238
  28.623047	   0.059683
  28.632812	   0.039406
  28.642578	   0.024552
  28.652344	   0.022458
  28.662109	   0.036895
  28.671875	   0.066342
  28.681641	   0.103930
  28.691406	   0.139148
  28.701172	   0.160825
  28.710938	   0.160430
  28.720703	   0.134648
  28.730469	   0.086381
  28.740234	   0.023888
  28.750000	  -0.041661
  28.759766	  -0.099403
  28.769531	  -0.141756
  28.779297	  -0.166224
  28.789062	  -0.175541
  28.798828	  -0.176223
  28.808594	  -0.176082
  28.818359	  -0.181591
  28.828125	  -0.195949
  28.837891	  -0.218407
  28.847656	  -0.244941
  28.857422	  -0.269922
  28.867188	  -0.288089
  28.876953	  -0.296128
  28.886719	  -0.293358
  28.896484	  -0.281372
  28.906250	  -0.262929
  28.916016	  -0.240579
  28.925781	  -0.215620
  28.935547	  -0.187758
  28.945312	  -0.155557
  28.955078	  -0.117439
  28.964844	  -0.072767
  28.974609	  -0.022548
  28.984375	   0.030551
  28.994141	   0.082881
  29.003906	   0.130914
  29.013672	   0.172310
  29.023438	   0.206509
  29.033203	   0.234605
  29.042969	   0.258535
  29.052734	   0.279907
  29.062500	   0.298937
  29.072266	   0.313944
  29.082031	   0.321640
  29.091797	   0.318154
  29.101562	   0.300432
  29.111328	   0.267526
  29.121094	   0.221286
  29.130859	   0.166200
  29.140625	   0.108439
  29.150391	   0.054429
  29.160156	   0.009461
  29.169922	  -0.023216
  29.179688	  -0.042547
  29.189453	  -0.049122
  29.199219	  -0.044241
  29.208984	  -0.029055
  29.218750	  -0.004194
  29.228516	   0.029941
  29.238281	   0.072337
  29.248047	   0.120402
  29.257812	   0.169358
  29.267578	   0.212453
  29.277344	   0.242104
  29.287109	   0.251760
  29.296875	   0.237919
  29.306641	   0.201621
  29.316406	   0.148798
  29.326172	   0.089242
  29.335938	   0.034361
  29.345703	  -0.005672
  29.355469	  -0.024525
  29.365234	  -0.021292
  29.375000	  -0.000544
  29.384766	   0.029166
  29.394531	   0.057862
  29.404297	   0.076980
  29.414062	   0.081609
  29.423828	   0.071478
  29.433594	   0.050487
  29.443359	   0.025047
  29.453125	   0.001857
  29.462891	  -0.014101
  29.472656	  -0.020713
  29.482422	  -0.018746
  29.492188	  -0.010872
  29.501953	  -0.000191
  29.511719	   0.011107
  29.521484	   0.022429
  29.531250	   0.034575
  29.541016	   0.048826
  29.550781	   0.065766
  29.560547	   0.084416
  29.570312	   0.102097
  29.580078	   0.115148
  29.589844	   0.120233
  29.599609	   0.115712
  29.609375	   0.102452
  29.619141	   0.083687
  29.628906	   0.063862
  29.638672	   0.046822
  29.648438	   0.034036
  29.658203	   0.023554
  29.667969	   0.010230
  29.677734	  -0.012745
  29.687500	  -0.051410
  29.697266	  -0.108522
  29.707031	  -0.181864
  29.716797	  -0.264061
  29.726562	  -0.344117
  29.736328	  -0.410268
  29.746094	  -0.453301
  29.755859	  -0.469258
  29.765625	  -0.460617
  29.775391	  -0.435513
  29.785156	  -0.405226
  29.794922	  -0.380721
  29.804688	  -0.369362
  29.814453	  -0.372850
  29.824219	  -0.387050
  29.833984	  -0.403683
  29.843750	  -0.413279
  29.853516	  -0.408321
  29.863281	  -0.385525
  29.873047	  -0.346472
  29.882812	  -0.296473
  29.892578	  -0.242136
  29.902344	  -0.188600
  29.912109	  -0.137501
  29.921875	  -0.086448
  29.931641	  -0.030249
  29.941406	   0.036566
  29.951172	   0.116839
  29.960938	   0.208591
  29.970703	   0.304423
  29.980469	   0.392819
  29.990234	   0.461002
  30.000000	   0.498435
  30.009766	   0.499808
  30.019531	   0.466526
  30.029297	   0.406202
  30.039062	   0.330355
  30.048828	   0.251097
  30.058594	   0.177944
  30.068359	   0.115787
  30.078125	   0.064636
  30.087891	   0.021108
  30.097656	  -0.019003
  30.107422	  -0.058097
  30.117188	  -0.095090
  30.126953	  -0.125346
  30.136719	  -0.142244
  30.146484	  -0.139784
  30.156250	  -0.115266
  30.166016	  -0.071005
  30.175781	  -0.014381
  30.185547	   0.043847
  30.195312	   0.092466
  30.205078	   0.122973
  30.214844	   0.131927
  30.224609	   0.121696
  30.234375	   0.099377
  30.244141	   0.074295
  30.253906	   0.054982
  30.263672	   0.046667
  30.273438	   0.050093
  30.283203	   0.062007
  30.292969	   0.076984
  30.302734	   0.089846
  30.312500	   0.097696
  30.322266	   0.100804
  30.332031	   0.102040
  30.341797	   0.105139
  30.351562	   0.112554
  30.361328	   0.123828
  30.371094	   0.135221
  30.380859	   0.140861
  30.390625	   0.135054
  30.400391	   0.114916
  30.410156	   0.082292
  30.419922	   0.044108
  30.429688	   0.010851
  30.439453	  -0.006470
  30.449219	   0.000060
  30.458984	   0.032282
  30.468750	   0.084695
  30.478516	   0.145431
  30.488281	   0.199293
  30.498047	   0.231961
  30.507812	   0.234060
  30.517578	   0.203835
  30.527344	   0.147558
  30.537109	   0.077586
  30.546875	   0.008705
  30.556641	  -0.046074
  30.566406	  -0.078929
  30.576172	  -0.088855
  30.585938	  -0.081109
  30.595703	  -0.064804
  30.605469	  -0.049591
  30.615234	  -0.042583
  30.625000	  -0.046505
  30.634766	  -0.059583
  30.644531	  -0.076997
  30.654297	  -0.093222
  30.664062	  -0.104276
  30.673828	  -0.109039
  30.683594	  -0.109205
  30.693359	  -0.108001
  30.703125	  -0.108299
  30.712891	  -0.110981
  30.722656	  -0.114283
  30.732422	  -0.114474
  30.742188	  -0.107616
  30.751953	  -0.091736
  30.761719	  -0.068497
  30.771484	  -0.043595
  30.781250	  -0.025557
  30.791016	  -0.023222
  30.800781	  -0.042688
  30.810547	  -0.084774
  30.820312	  -0.143943
  30.830078	  -0.209156
  30.839844	  -0.266514
  30.849609	  -0.302905
  30.859375	  -0.309554
  30.869141	  -0.284365
  30.878906	  -0.232332
  30.888672	  -0.163955
  30.898438	  -0.092185
  30.908203	  -0.028924
  30.917969	   0.017837
  30.927734	   0.045421
  30.937500	   0.056129
  30.947266	   0.055471
  30.957031	   0.049752
  30.966797	   0.043933
  30.976562	   0.040475
  30.986328	   0.039486
  30.996094	   0.039882
  31.005859	   0.040944
  31.015625	   0.043492
  31.025391	   0.050085
  31.035156	   0.064100
  31.044922	   0.088034
  31.054688	   0.121739
  31.064453	   0.161380
  31.074219	   0.199698
  31.083984	   0.227659
  31.093750	   0.237047
  31.103516	   0.223166
  31.113281	   0.186671
  31.123047	   0.133845
  31.132812	   0.075101
  31.142578	   0.022129
  31.152344	  -0.015419
  31.162109	  -0.032633
  31.171875	  -0.030547
  31.181641	  -0.015445
  31.191406	   0.003467
  31.201172	   0.017229
  31.210938	   0.020038
  31.220703	   0.010938
  31.230469	  -0.006257
  31.240234	  -0.024712
  31.250000	  -0.037312
  31.259766	  -0.039389
  31.269531	  -0.030436
  31.279297	  -0.014226
  31.289062	   0.002704
  31.298828	   0.013600
  31.308594	   0.014123
  31.318359	   0.004096
  31.328125	  -0.012306
  31.337891	  -0.027978
  31.347656	  -0.035436
  31.357422	  -0.029555
  31.367188	  -0.009510
  31.376953	   0.020782
  31.386719	   0.053892
  31.396484	   0.081350
  31.406250	   0.096473
  31.416016	   0.096560
  31.425781	   0.083684
  31.435547	   0.063810
  31.445312	   0.044601
  31.455078	   0.032683
  31.464844	   0.031376
  31.474609	   0.039675
  31.484375	   0.052815
  31.494141	   0.064190
  31.503906	   0.067884
  31.513672	   0.060894
  31.523438	   0.044227
  31.533203	   0.022496
  31.542969	   0.002201
  31.552734	  -0.010665
  31.562500	  -0.012777
  31.572266	  -0.004610
  31.582031	   0.009847
  31.591797	   0.024676
  31.601562	   0.034285
  31.611328	   0.035471
  31.621094	   0.028495
  31.630859	   0.016766
  31.640625	   0.005247
  31.650391	  -0.001810
  31.660156	  -0.002901
  31.669922	  -0.000286
  31.679688	   0.000480
  31.689453	  -0.007614
  31.699219	  -0.030435
  31.708984	  -0.070305
  31.718750	  -0.124664
  31.728516	  -0.186370
  31.738281	  -0.245598
  31.748047	  -0.292734
  31.757812	  -0.321317
  31.767578	  -0.330004
  31.777344	  -0.322887
  31.787109	  -0.308042
  31.796875	  -0.294772
  31.806641	  -0.290502
  31.816406	  -0.298337
  31.826172	  -0.316126
  31.835938	  -0.337282
  31.845703	  -0.353066
  31.855469	  -0.355503
  31.865234	  -0.339931
  31.875000	  -0.306320
  31.884766	  -0.258976
  31.894531	  -0.204786
  31.904297	  -0.150703
  31.914062	  -0.101378
  31.923828	  -0.057804
  31.933594	  -0.017396
  31.943359	   0.024549
  31.953125	   0.072602
  31.962891	   0.129015
  31.972656	   0.192394
  31.982422	   0.257743
  31.992188	   0.317832
  32.001953	   0.365416
  32.011719	   0.395504
  32.021484	   0.406882
  32.031250	   0.402387
  32.041016	   0.387856
  32.050781	   0.370179
  32.060547	   0.355142
  32.070312	   0.345818
  32.080078	   0.342021
  32.089844	   0.340918
  32.099609	   0.338493
  32.109375	   0.331235
  32.119141	   0.317407
  32.128906	   0.297439
  32.138672	   0.273356
  32.148438	   0.247548
  32.158203	   0.221456
  32.167969	   0.194757
  32.177734	   0.165442
  32.187500	   0.130797
  32.197266	   0.088920
  32.207031	   0.040183
  32.216797	  -0.012008
  32.226562	  -0.061522
  32.236328	  -0.100886
  32.246094	  -0.123336
  32.255859	  -0.124851
  32.265625	  -0.105471
  32.275391	  -0.069417
  32.285156	  -0.023962
  32.294922	   0.022590
  32.304688	   0.063135
  32.314453	   0.093464
  32.324219	   0.112882
  32.333984	   0.123612
  32.343750	   0.129260
  32.353516	   0.132991
  32.363281	   0.136107
  32.373047	   0.137580
  32.382812	   0.134708
  32.392578	   0.124606
  32.402344	   0.105922
  32.412109	   0.080080
  32.421875	   0.051471
  32.431641	   0.026455
  32.441406	   0.011435
  32.451172	   0.010684
  32.460938	   0.024674
  32.470703	   0.049561
  32.480469	   0.078068
  32.490234	   0.101515
  32.500000	   0.112361
  32.509766	   0.106427
  32.519531	   0.084057
  32.529297	   0.049850
  32.539062	   0.011082
  32.548828	  -0.024646
  32.558594	  -0.051717
  32.568359	  -0.068020
  32.578125	  -0.075209
  32.587891	  -0.077691
  32.597656	  -0.080772
  32.607422	  -0.088648
  32.617188	  -0.102945
  32.626953	  -0.122290
  32.636719	  -0.142967
  32.646484	  -0.160342
  32.656250	  -0.170469
  32.666016	  -0.171266
  32.675781	  -0.162869
  32.685547	  -0.147101
  32.695312	  -0.126388
  32.705078	  -0.102629
  32.714844	  -0.076538
  32.724609	  -0.047762
  32.734375	  -0.015712
  32.744141	   0.019280
  32.753906	   0.055047
  32.763672	   0.087410
  32.773438	   0.110980
  32.783203	   0.120751
  32.792969	   0.113948
  32.802734	   0.091412
  32.812500	   0.057883
  32.822266	   0.020919
  32.832031	  -0.011348
  32.841797	  -0.032940
  32.851562	  -0.042316
  32.861328	  -0.043355
  32.871094	  -0.044564
  32.880859	  -0.056606
  32.890625	  -0.088827
  32.900391	  -0.145872
  32.910156	  -0.225482
  32.919922	  -0.318270
  32.929688	  -0.409642
  32.939453	  -0.483376
  32.949219	  -0.525811
  32.958984	  -0.529394
  32.968750	  -0.494553
  32.978516	  -0.429342
  32.988281	  -0.347040
  32.998047	  -0.262482
  33.007812	  -0.188272
  33.017578	  -0.131977
  33.027344	  -0.095072
  33.037109	  -0.073754
  33.046875	  -0.061177
  33.056641	  -0.050232
  33.066406	  -0.035896
  33.076172	  -0.016450
  33.085938	   0.006720
  33.095703	   0.030425
  33.105469	   0.051475
  33.115234	   0.068176
  33.125000	   0.080969
  33.134766	   0.091999
  33.144531	   0.103865
  33.154297	   0.118130
  33.164062	   0.134237
  33.173828	   0.149318
  33.183594	   0.159005
  33.193359	   0.158953
  33.203125	   0.146476
  33.212891	   0.121667
  33.222656	   0.087541
  33.232422	   0.049121
  33.242188	   0.011818
  33.251953	  -0.020308
  33.261719	  -0.045719
  33.271484	  -0.065560
  33.281250	  -0.082734
  33.291016	  -0.100255
  33.300781	  -0.119511
  33.310547	  -0.139148
  33.320312	  -0.155040
  33.330078	  -0.161427
  33.339844	  -0.152830
  33.349609	  -0.126078
  33.359375	  -0.081672
  33.369141	  -0.023971
  33.378906	   0.039905
  33.388672	   0.102099
  33.398438	   0.156238
  33.408203	   0.199053
  33.417969	   0.230819
  33.427734	   0.254458
  33.437500	   0.273666
  33.447266	   0.290811
  33.457031	   0.305436
  33.466797	   0.314028
  33.476562	   0.311211
  33.486328	   0.292001
  33.496094	   0.254303
  33.505859	   0.200695
  33.515625	   0.138724
  33.525391	   0.079433
  33.535156	   0.034471
  33.544922	   0.012653
  33.554688	   0.017095
  33.564453	   0.043911
  33.574219	   0.082996
  33.583984	   0.120731
  33.593750	   0.143832
  33.603516	   0.143159
  33.613281	   0.116328
  33.623047	   0.068323
  33.632812	   0.009953
  33.642578	  -0.045310
  33.652344	  -0.085106
  33.662109	  -0.101414
  33.671875	  -0.092297
  33.681641	  -0.061773
  33.691406	  -0.018035
  33.701172	   0.029258
  33.710938	   0.071645
  33.720703	   0.103668
  33.730469	   0.123367
  33.740234	   0.131541
  33.750000	   0.130301
  33.759766	   0.121629
  33.769531	   0.106564
  33.779297	   0.085305
  33.789062	   0.058073
  33.798828	   0.026237
  33.808594	  -0.006953
  33.818359	  -0.036500
  33.828125	  -0.056790
  33.837891	  -0.063388
  33.847656	  -0.054847
  33.857422	  -0.033772
  33.867188	  -0.006609
  33.876953	   0.017933
  33.886719	   0.031417
  33.896484	   0.028345
  33.906250	   0.008036
  33.916016	  -0.024982
  33.925781	  -0.062288
  33.935547	  -0.094198
  33.945312	  -0.112852
  33.955078	  -0.114691
  33.964844	  -0.101480
  33.974609	  -0.079481
  33.984375	  -0.057078
  33.994141	  -0.041681
  34.003906	  -0.037019
  34.013672	  -0.041821
  34.023438	  -0.050389
  34.033203	  -0.054903
  34.042969	  -0.048644
  34.052734	  -0.028985
  34.062500	   0.000961
  34.072266	   0.032727
  34.082031	   0.054857
  34.091797	   0.056520
  34.101562	   0.031179
  34.111328	  -0.020956
  34.121094	  -0.092562
  34.130859	  -0.171111
  34.140625	  -0.242456
  34.150391	  -0.294956
  34.160156	  -0.322761
  34.169922	  -0.327197
  34.179688	  -0.315809
  34.189453	  -0.299402
  34.199219	  -0.288094
  34.208984	  -0.287717
  34.218750	  -0.297753
  34.228516	  -0.311461
  34.238281	  -0.318127
  34.248047	  -0.306621
  34.257812	  -0.269071
  34.267578	  -0.203429
  34.277344	  -0.114162
  34.287109	  -0.010894
  34.296875	   0.094413
  34.306641	   0.190746
  34.316406	   0.270689
  34.326172	   0.331612
  34.335938	   0.375160
  34.345703	   0.405415
  34.355469	   0.426541
  34.365234	   0.440882
  34.375000	   0.448204
  34.384766	   0.446331
  34.394531	   0.432810
  34.404297	   0.406876
  34.414062	   0.370819
  34.423828	   0.330125
  34.433594	   0.292207
  34.443359	   0.264120
  34.453125	   0.250075
  34.462891	   0.249672
  34.472656	   0.257591
  34.482422	   0.264940
  34.492188	   0.261915
  34.501953	   0.240923
  34.511719	   0.199127
  34.521484	   0.139573
  34.531250	   0.070478
  34.541016	   0.002909
  34.550781	  -0.052425
  34.560547	  -0.088214
  34.570312	  -0.102499
  34.580078	  -0.098937
  34.589844	  -0.085390
  34.599609	  -0.071373
  34.609375	  -0.065233
  34.619141	  -0.071972
  34.628906	  -0.092340
  34.638672	  -0.123340
  34.648438	  -0.159817
  34.658203	  -0.196438
  34.667969	  -0.229315
  34.677734	  -0.256728
  34.687500	  -0.278788
  34.697266	  -0.296319
  34.707031	  -0.309515
  34.716797	  -0.316997
  34.726562	  -0.315721
  34.736328	  -0.301807
  34.746094	  -0.272000
  34.755859	  -0.225205
  34.765625	  -0.163485
  34.775391	  -0.092098
  34.785156	  -0.018511
  34.794922	   0.049332
  34.804688	   0.104917
  34.814453	   0.144645
  34.824219	   0.168448
  34.833984	   0.179397
  34.843750	   0.182513
  34.853516	   0.183241
  34.863281	   0.186090
  34.873047	   0.193821
  34.882812	   0.207293
  34.892578	   0.225810
  34.902344	   0.247646
  34.912109	   0.270387
  34.921875	   0.290948
  34.931641	   0.305317
  34.941406	   0.308337
  34.951172	   0.293896
  34.960938	   0.255791
  34.970703	   0.189252
  34.980469	   0.092787
  34.990234	  -0.030281
  35.000000	  -0.171231
  35.009766	  -0.316772
  35.019531	  -0.451333
  35.029297	  -0.560342
  35.039062	  -0.633619
  35.048828	  -0.667869
  35.058594	  -0.667442
  35.068359	  -0.642993
  35.078125	  -0.608359
  35.087891	  -0.576528
  35.097656	  -0.555897
  35.107422	  -0.548001
  35.117188	  -0.547395
  35.126953	  -0.543746
  35.136719	  -0.525437
  35.146484	  -0.483521
  35.156250	  -0.414730
  35.166016	  -0.322591
  35.175781	  -0.216306
  35.185547	  -0.107843
  35.195312	  -0.008241
  35.205078	   0.075596
  35.214844	   0.142535
  35.224609	   0.196786
  35.234375	   0.245606
  35.244141	   0.296018
  35.253906	   0.351746
  35.263672	   0.411477
  35.273438	   0.469077
  35.283203	   0.515677
  35.292969	   0.542866
  35.302734	   0.545824
  35.312500	   0.525233
  35.322266	   0.487243
  35.332031	   0.441458
  35.341797	   0.397625
  35.351562	   0.362199
  35.361328	   0.336025
  35.371094	   0.314014
  35.380859	   0.287020
  35.390625	   0.245336
  35.400391	   0.182671
  35.410156	   0.099234
  35.419922	   0.002862
  35.429688	  -0.092304
  35.439453	  -0.169235
  35.449219	  -0.212531
  35.458984	  -0.212650
  35.468750	  -0.168587
  35.478516	  -0.088224
  35.488281	   0.013692
  35.498047	   0.119254
  35.507812	   0.211641
  35.517578	   0.278653
  35.527344	   0.314627
  35.537109	   0.320390
  35.546875	   0.301556
  35.556641	   0.265954
  35.566406	   0.221146
  35.576172	   0.172794
  35.585938	   0.124248
  35.595703	   0.077187
  35.605469	   0.032765
  35.615234	  -0.007426
  35.625000	  -0.041090
  35.634766	  -0.065849
  35.644531	  -0.080457
  35.654297	  -0.086067
  35.664062	  -0.086871
  35.673828	  -0.089687
  35.683594	  -0.102431
  35.693359	  -0.131871
  35.703125	  -0.181380
  35.712891	  -0.249454
  35.722656	  -0.329584
  35.732422	  -0.411586
  35.742188	  -0.484065
  35.751953	  -0.537239
  35.761719	  -0.565274
  35.771484	  -0.567404
  35.781250	  -0.547535
  35.791016	  -0.512520
  35.800781	  -0.469747
  35.810547	  -0.424849
  35.820312	  -0.380318
  35.830078	  -0.335415
  35.839844	  -0.287357
  35.849609	  -0.233272
  35.859375	  -0.172224
  35.869141	  -0.106536
  35.878906	  -0.041978
  35.888672	   0.013293
  35.898438	   0.050680
  35.908203	   0.063379
  35.917969	   0.048211
  35.927734	   0.006553
  35.937500	  -0.055853
  35.947266	  -0.130063
  35.957031	  -0.205659
  35.966797	  -0.272558
  35.976562	  -0.322451
  35.986328	  -0.349649
  35.996094	  -0.351316
  36.005859	  -0.327267
  36.015625	  -0.279534
  36.025391	  -0.211901
  36.035156	  -0.129458
  36.044922	  -0.038145
  36.054688	   0.055783
  36.064453	   0.146416
  36.074219	   0.228896
  36.083984	   0.299993
  36.093750	   0.358338
  36.103516	   0.404164
  36.113281	   0.438576
  36.123047	   0.462568
  36.132812	   0.476143
  36.142578	   0.477950
  36.152344	   0.465665
  36.162109	   0.437098
  36.171875	   0.391678
  36.181641	   0.331743
  36.191406	   0.263041
  36.201172	   0.194021
  36.210938	   0.133938
  36.220703	   0.090218
  36.230469	   0.065934
  36.240234	   0.058311
  36.250000	   0.058985
  36.259766	   0.056207
  36.269531	   0.038520
  36.279297	  -0.001121
  36.289062	  -0.062114
  36.298828	  -0.135048
  36.308594	  -0.203231
  36.318359	  -0.246707
  36.328125	  -0.247745
  36.337891	  -0.196192
  36.347656	  -0.093040
  36.357422	   0.049014
  36.367188	   0.208347
  36.376953	   0.359838
  36.386719	   0.481404
  36.396484	   0.559711
  36.406250	   0.593321
  36.416016	   0.592332
  36.425781	   0.574602
  36.435547	   0.559759
  36.445312	   0.562841
  36.455078	   0.589565
  36.464844	   0.634668
  36.474609	   0.683786
  36.484375	   0.718225
  36.494141	   0.721062
  36.503906	   0.682609
  36.513672	   0.603541
  36.523438	   0.494739
  36.533203	   0.373986
  36.542969	   0.260650
  36.552734	   0.170063
  36.562500	   0.109393
  36.572266	   0.076189
  36.582031	   0.059954
  36.591797	   0.046053
  36.601562	   0.020605
  36.611328	  -0.025238
  36.621094	  -0.092921
  36.630859	  -0.176601
  36.640625	  -0.265463
  36.650391	  -0.347268
  36.660156	  -0.411819
  36.669922	  -0.453216
  36.679688	  -0.470285
  36.689453	  -0.465304
  36.699219	  -0.441772
  36.708984	  -0.402274
  36.718750	  -0.347403
  36.728516	  -0.276227
  36.738281	  -0.188126
  36.748047	  -0.085258
  36.757812	   0.025416
  36.767578	   0.131505
  36.777344	   0.216483
  36.787109	   0.262743
  36.796875	   0.255640
  36.806641	   0.187361
  36.816406	   0.059451
  36.826172	  -0.116789
  36.835938	  -0.322167
  36.845703	  -0.533248
  36.855469	  -0.726748
  36.865234	  -0.883545
  36.875000	  -0.991334
  36.884766	  -1.045461
  36.894531	  -1.048028
  36.904297	  -1.005833
  36.914062	  -0.927965
  36.923828	  -0.823781
  36.933594	  -0.701728
  36.943359	  -0.569055
  36.953125	  -0.432120
  36.962891	  -0.296846
  36.972656	  -0.168921
  36.982422	  -0.053549
  36.992188	   0.045127
  37.001953	   0.124626
  37.011719	   0.184395
  37.021484	   0.225490
  37.031250	   0.249711
  37.041016	   0.258465
  37.050781	   0.251803
  37.060547	   0.228079
  37.070312	   0.184417
  37.080078	   0.117919
  37.089844	   0.027209
  37.099609	  -0.086267
  37.109375	  -0.217701
  37.119141	  -0.359426
  37.128906	  -0.502376
  37.138672	  -0.638069
  37.148438	  -0.760452
  37.158203	  -0.866986
  37.167969	  -0.958585
  37.177734	  -1.038418
  37.187500	  -1.109973
  37.197266	  -1.175047
  37.207031	  -1.232335
  37.216797	  -1.277081
  37.226562	  -1.301886
  37.236328	  -1.298351
  37.246094	  -1.258995
  37.255859	  -1.178792
  37.265625	  -1.055907
  37.275391	  -0.891503
  37.285156	  -0.688885
  37.294922	  -0.452501
  37.304688	  -0.187304
  37.314453	   0.101181
  37.324219	   0.406105
  37.333984	   0.718254
  37.343750	   1.025308
  37.353516	   1.311984
  37.363281	   1.561388
  37.373047	   1.757433
  37.382812	   1.887796
  37.392578	   1.946556
  37.402344	   1.935683
  37.412109	   1.864822
  37.421875	   1.749312
  37.431641	   1.606917
  37.441406	   1.454137
  37.451172	   1.303113
  37.460938	   1.159891
  37.470703	   1.024423
  37.480469	   0.892093
  37.490234	   0.756124
  37.500000	   0.610041
  37.509766	   0.449428
  37.519531	   0.272619
  37.529297	   0.080383
  37.539062	  -0.124922
  37.548828	  -0.340103
  37.558594	  -0.561273
  37.568359	  -0.783227
  37.578125	  -0.998331
  37.587891	  -1.195536
  37.597656	  -1.360240
  37.607422	  -1.475508
  37.617188	  -1.524679
  37.626953	  -1.494875
  37.636719	  -1.380477
  37.646484	  -1.185489
  37.656250	  -0.923958
  37.666016	  -0.618135
  37.675781	  -0.294747
  37.685547	   0.019662
  37.695312	   0.303052
  37.705078	   0.540733
  37.714844	   0.726059
  37.724609	   0.859013
  37.734375	   0.943373
  37.744141	   0.983605
  37.753906	   0.982626
  37.763672	   0.941183
  37.773438	   0.858988
  37.783203	   0.737012
  37.792969	   0.579919
  37.802734	   0.397520
  37.812500	   0.204458
  37.822266	   0.017994
  37.832031	  -0.145534
  37.841797	  -0.274473
  37.851562	  -0.364589
  37.861328	  -0.419792
  37.871094	  -0.450531
  37.880859	  -0.470298
  37.890625	  -0.491316
  37.900391	  -0.520777
  37.910156	  -0.558798
  37.919922	  -0.598730
  37.929688	  -0.629649
  37.939453	  -0.640172
  37.949219	  -0.622316
  37.958984	  -0.574157
  37.968750	  -0.500484
  37.978516	  -0.411324
  37.988281	  -0.318950
  37.998047	  -0.234420
  38.007812	  -0.164823
  38.017578	  -0.112070
  38.027344	  -0.073493
  38.037109	  -0.043876
  38.046875	  -0.018065
  38.056641	   0.006835
  38.066406	   0.030442
  38.076172	   0.049545
  38.085938	   0.059725
  38.095703	   0.057453
  38.105469	   0.041793
  38.115234	   0.015074
  38.125000	  -0.017722
  38.134766	  -0.050570
  38.144531	  -0.078355
  38.154297	  -0.098410
  38.164062	  -0.111031
  38.173828	  -0.118830
  38.183594	  -0.125186
  38.193359	  -0.132465
  38.203125	  -0.140720
  38.212891	  -0.147407
  38.222656	  -0.148215
  38.232422	  -0.138692
  38.242188	  -0.115983
  38.251953	  -0.079984
  38.261719	  -0.033434
  38.271484	   0.019114
  38.281250	   0.073011
  38.291016	   0.125213
  38.300781	   0.175238
  38.310547	   0.224919
  38.320312	   0.277024
  38.330078	   0.333245
  38.339844	   0.392437
  38.349609	   0.449906
  38.359375	   0.498222
  38.369141	   0.529437
  38.378906	   0.538015
  38.388672	   0.523383
  38.398438	   0.491073
  38.408203	   0.451824
  38.417969	   0.418715
  38.427734	   0.403161
  38.437500	   0.411097
  38.447266	   0.440735
  38.457031	   0.482844
  38.466797	   0.523705
  38.476562	   0.549930
  38.486328	   0.553650
  38.496094	   0.536277
  38.505859	   0.509443
  38.515625	   0.492491
  38.525391	   0.507060
  38.535156	   0.570245
  38.544922	   0.688388
  38.554688	   0.853458
  38.564453	   1.043295
  38.574219	   1.225820
  38.583984	   1.366163
  38.593750	   1.434762
  38.603516	   1.414212
  38.613281	   1.303005
  38.623047	   1.115252
  38.632812	   0.876649
  38.642578	   0.617969
  38.652344	   0.368013
  38.662109	   0.147891
  38.671875	  -0.032009
  38.681641	  -0.171944
  38.691406	  -0.280168
  38.701172	  -0.368905
  38.710938	  -0.450359
  38.720703	  -0.533898
  38.730469	  -0.624961
  38.740234	  -0.725528
  38.750000	  -0.835444
  38.759766	  -0.953753
  38.769531	  -1.079322
  38.779297	  -1.210538
  38.789062	  -1.344340
  38.798828	  -1.475214
  38.808594	  -1.594850
  38.818359	  -1.692898
  38.828125	  -1.758788
  38.837891	  -1.784128
  38.847656	  -1.764871
  38.857422	  -1.702475
  38.867188	  -1.603575
  38.876953	  -1.478227
  38.886719	  -1.337287
  38.896484	  -1.189795
  38.906250	  -1.041263
  38.916016	  -0.893402
  38.925781	  -0.745324
  38.935547	  -0.595692
  38.945312	  -0.444968
  38.955078	  -0.296861
  38.964844	  -0.158415
  38.974609	  -0.038661
  38.984375	   0.053656
  38.994141	   0.112481
  39.003906	   0.136081
  39.013672	   0.127367
  39.023438	   0.092843
  39.033203	   0.040634
  39.042969	  -0.021570
  39.052734	  -0.087866
  39.062500	  -0.154271
  39.072266	  -0.217663
  39.082031	  -0.274104
  39.091797	  -0.317399
  39.101562	  -0.338764
  39.111328	  -0.328046
  39.121094	  -0.276349
  39.130859	  -0.179302
  39.140625	  -0.039827
  39.150391	   0.130706
  39.160156	   0.313612
  39.169922	   0.486267
  39.179688	   0.626906
  39.189453	   0.719517
  39.199219	   0.757372
  39.208984	   0.744144
  39.218750	   0.692264
  39.228516	   0.619055
  39.238281	   0.541849
  39.248047	   0.473576
  39.257812	   0.420093
  39.267578	   0.379907
  39.277344	   0.346127
  39.287109	   0.309764
  39.296875	   0.263150
  39.306641	   0.202320
  39.316406	   0.127730
  39.326172	   0.043357
  39.335938	  -0.045114
  39.345703	  -0.132031
  39.355469	  -0.212558
  39.365234	  -0.282129
  39.375000	  -0.334882
  39.384766	  -0.361960
  39.394531	  -0.350779
  39.404297	  -0.286128
  39.414062	  -0.153308
  39.423828	   0.057326
  39.433594	   0.345766
  39.443359	   0.699304
  39.453125	   1.092395
  39.462891	   1.489955
  39.472656	   1.853573
  39.482422	   2.149089
  39.492188	   2.353493
  39.501953	   2.459110
  39.511719	   2.473876
  39.521484	   2.417601
  39.531250	   2.315382
  39.541016	   2.190204
  39.550781	   2.056948
  39.560547	   1.919571
  39.570312	   1.772126
  39.580078	   1.603044
  39.589844	   1.401042
  39.599609	   1.160548
  39.609375	   0.884804
  39.619141	   0.585625
  39.628906	   0.280068
  39.638672	  -0.014730
  39.648438	  -0.286602
  39.658203	  -0.531465
  39.667969	  -0.753364
  39.677734	  -0.961457
  39.687500	  -1.165038
  39.697266	  -1.368414
  39.707031	  -1.567505
  39.716797	  -1.749451
  39.726562	  -1.895430
  39.736328	  -1.985781
  39.746094	  -2.005706
  39.755859	  -1.949619
  39.765625	  -1.822708
  39.775391	  -1.639219
  39.785156	  -1.418124
  39.794922	  -1.177740
  39.804688	  -0.931181
  39.814453	  -0.684190
  39.824219	  -0.436051
  39.833984	  -0.183125
  39.843750	   0.076377
  39.853516	   0.338223
  39.863281	   0.590229
  39.873047	   0.813437
  39.882812	   0.986143
  39.892578	   1.089535
  39.902344	   1.113089
  39.912109	   1.057945
  39.921875	   0.937112
  39.931641	   0.772422
  39.941406	   0.589187
  39.951172	   0.410237
  39.960938	   0.251166
  39.970703	   0.118132
  39.980469	   0.008672
  39.990234	  -0.085031
