# Time	Amplitude (cm/s/s)
   0.000000	   0.698718
   0.009766	   0.696727
   0.019531	   0.652584
   0.029297	   0.590054
   0.039062	   0.527765
   0.048828	   0.474901
   0.058594	   0.430719
   0.068359	   0.387612
   0.078125	   0.336239
   0.087891	   0.270626
   0.097656	   0.191316
   0.107422	   0.105551
   0.117188	   0.024610
   0.126953	  -0.040440
   0.136719	  -0.082814
   0.146484	  -0.102290
   0.156250	  -0.104861
   0.166016	  -0.100000
   0.175781	  -0.096741
   0.185547	  -0.100218
   0.195312	  -0.110062
   0.205078	  -0.121290
   0.214844	  -0.127245
   0.224609	  -0.123288
   0.234375	  -0.109587
   0.244141	  -0.091696
   0.253906	  -0.078510
   0.263672	  -0.078318
   0.273438	  -0.094540
   0.283203	  -0.123049
   0.292969	  -0.152483
   0.302734	  -0.167871
   0.312500	  -0.156571
   0.322266	  -0.114466
   0.332031	  -0.049998
   0.341797	   0.015849
   0.351562	   0.054217
   0.361328	   0.036670
   0.371094	  -0.055298
   0.380859	  -0.222634
   0.390625	  -0.445670
   0.400391	  -0.687058
   0.410156	  -0.900206
   0.419922	  -1.040970
   0.429688	  -1.079204
   0.439453	  -1.006708
   0.449219	  -0.839192
   0.458984	  -0.611665
   0.468750	  -0.368689
   0.478516	  -0.152491
   0.488281	   0.007520
   0.498047	   0.100828
   0.507812	   0.135988
   0.517578	   0.135294
   0.527344	   0.126047
   0.537109	   0.131424
   0.546875	   0.163857
   0.556641	   0.222756
   0.566406	   0.296840
   0.576172	   0.369756
   0.585938	   0.426697
   0.595703	   0.459571
   0.605469	   0.469046
   0.615234	   0.463028
   0.625000	   0.452510
   0.634766	   0.446574
   0.644531	   0.448557
   0.654297	   0.454759
   0.664062	   0.456031
   0.673828	   0.441425
   0.683594	   0.402333
   0.693359	   0.335445
   0.703125	   0.243373
   0.712891	   0.132842
   0.722656	   0.011315
   0.732422	  -0.116409
   0.742188	  -0.250055
   0.751953	  -0.393276
   0.761719	  -0.550678
   0.771484	  -0.723559
   0.781250	  -0.906098
   0.791016	  -1.083655
   0.800781	  -1.234174
   0.810547	  -1.332562
   0.820312	  -1.356829
   0.830078	  -1.294056
   0.839844	  -1.144263
   0.849609	  -0.920910
   0.859375	  -0.647911
   0.869141	  -0.354185
   0.878906	  -0.067578
   0.888672	   0.189917
   0.898438	   0.404301
   0.908203	   0.568784
   0.917969	   0.680936
   0.927734	   0.739384
   0.937500	   0.741759
   0.947266	   0.685001
   0.957031	   0.568040
   0.966797	   0.395721
   0.976562	   0.182140
   0.986328	  -0.048510
   0.996094	  -0.264678
   1.005859	  -0.433648
   1.015625	  -0.529635
   1.025391	  -0.541358
   1.035156	  -0.476485
   1.044922	  -0.361161
   1.054688	  -0.234261
   1.064453	  -0.137700
   1.074219	  -0.105469
   1.083984	  -0.154571
   1.093750	  -0.280544
   1.103516	  -0.458918
   1.113281	  -0.652150
   1.123047	  -0.819950
   1.132812	  -0.929939
   1.142578	  -0.965574
   1.152344	  -0.929249
   1.162109	  -0.840008
   1.171875	  -0.726961
   1.181641	  -0.620690
   1.191406	  -0.545297
   1.201172	  -0.513293
   1.210938	  -0.524372
   1.220703	  -0.567799
   1.230469	  -0.627056
   1.240234	  -0.684900
   1.250000	  -0.727228
   1.259766	  -0.744871
   1.269531	  -0.733419
   1.279297	  -0.691907
   1.289062	  -0.621478
   1.298828	  -0.524878
   1.308594	  -0.406979
   1.318359	  -0.275799
   1.328125	  -0.143064
   1.337891	  -0.023368
   1.347656	   0.068449
   1.357422	   0.121267
   1.367188	   0.131769
   1.376953	   0.107059
   1.386719	   0.064464
   1.396484	   0.028000
   1.406250	   0.022142
   1.416016	   0.064588
   1.425781	   0.160270
   1.435547	   0.298691
   1.445312	   0.455706
   1.455078	   0.599504
   1.464844	   0.699119
   1.474609	   0.732929
   1.484375	   0.694496
   1.494141	   0.593887
   1.503906	   0.454078
   1.513672	   0.303580
   1.523438	   0.167690
   1.533203	   0.061173
   1.542969	  -0.015302
   1.552734	  -0.073917
   1.562500	  -0.134170
   1.572266	  -0.214995
   1.582031	  -0.327151
   1.591797	  -0.468371
   1.601562	  -0.622749
   1.611328	  -0.764430
   1.621094	  -0.864254
   1.630859	  -0.897143
   1.640625	  -0.847903
   1.650391	  -0.713801
   1.660156	  -0.503432
   1.669922	  -0.232644
   1.679688	   0.080813
   1.689453	   0.422044
   1.699219	   0.781696
   1.708984	   1.156004
   1.718750	   1.544623
   1.728516	   1.947398
   1.738281	   2.361445
   1.748047	   2.779599
   1.757812	   3.190607
   1.767578	   3.580700
   1.777344	   3.935678
   1.787109	   4.242600
   1.796875	   4.490493
   1.806641	   4.670112
   1.816406	   4.773295
   1.826172	   4.792705
   1.835938	   4.722545
   1.845703	   4.560295
   1.855469	   4.308885
   1.865234	   3.978243
   1.875000	   3.585168
   1.884766	   3.150974
   1.894531	   2.697192
   1.904297	   2.240519
   1.914062	   1.788740
   1.923828	   1.339285
   1.933594	   0.881346
   1.943359	   0.401263
   1.953125	  -0.110322
   1.962891	  -0.651915
   1.972656	  -1.207581
   1.982422	  -1.747895
   1.992188	  -2.235499
   2.001953	  -2.633716
   2.011719	  -2.915525
   2.021484	  -3.069850
   2.031250	  -3.102939
   2.041016	  -3.034252
   2.050781	  -2.888181
   2.060547	  -2.684576
   2.070312	  -2.431598
   2.080078	  -2.123823
   2.089844	  -1.746757
   2.099609	  -1.286615
   2.109375	  -0.742172
   2.119141	  -0.134405
   2.128906	   0.490028
   2.138672	   1.063651
   2.148438	   1.510967
   2.158203	   1.766051
   2.167969	   1.790054
   2.177734	   1.583305
   2.187500	   1.188130
   2.197266	   0.681043
   2.207031	   0.156108
   2.216797	  -0.296127
   2.226562	  -0.608446
   2.236328	  -0.750276
   2.246094	  -0.731198
   2.255859	  -0.594307
   2.265625	  -0.401900
   2.275391	  -0.218009
   2.285156	  -0.092740
   2.294922	  -0.052414
   2.304688	  -0.097345
   2.314453	  -0.206635
   2.324219	  -0.347409
   2.333984	  -0.485012
   2.343750	  -0.591055
   2.353516	  -0.647544
   2.363281	  -0.647072
   2.373047	  -0.590452
   2.382812	  -0.483819
   2.392578	  -0.336856
   2.402344	  -0.162761
   2.412109	   0.020717
   2.421875	   0.190694
   2.431641	   0.320628
   2.441406	   0.384623
   2.451172	   0.364014
   2.460938	   0.254276
   2.470703	   0.069632
   2.480469	  -0.157039
   2.490234	  -0.380038
   2.500000	  -0.551563
   2.509766	  -0.634543
   2.519531	  -0.613718
   2.529297	  -0.501245
   2.539062	  -0.334558
   2.548828	  -0.166586
   2.558594	  -0.050923
   2.568359	  -0.026296
   2.578125	  -0.105123
   2.587891	  -0.269772
   2.597656	  -0.477799
   2.607422	  -0.674577
   2.617188	  -0.809436
   2.626953	  -0.850293
   2.636719	  -0.792336
   2.646484	  -0.658270
   2.656250	  -0.490412
   2.666016	  -0.337467
   2.675781	  -0.240403
   2.685547	  -0.221868
   2.695312	  -0.282171
   2.705078	  -0.402444
   2.714844	  -0.553187
   2.724609	  -0.704680
   2.734375	  -0.835434
   2.744141	  -0.935888
   2.753906	  -1.006572
   2.763672	  -1.052168
   2.773438	  -1.074422
   2.783203	  -1.067242
   2.792969	  -1.016349
   2.802734	  -0.903919
   2.812500	  -0.716629
   2.822266	  -0.453955
   2.832031	  -0.133330
   2.841797	   0.210289
   2.851562	   0.530903
   2.861328	   0.782276
   2.871094	   0.929713
   2.880859	   0.959007
   2.890625	   0.879645
   2.900391	   0.721306
   2.910156	   0.524933
   2.919922	   0.331480
   2.929688	   0.172051
   2.939453	   0.062509
   2.949219	   0.003838
   2.958984	  -0.012604
   2.968750	   0.002419
   2.978516	   0.042463
   2.988281	   0.108036
   2.998047	   0.204425
   3.007812	   0.335723
   3.017578	   0.497839
   3.027344	   0.673798
   3.037109	   0.833956
   3.046875	   0.941880
   3.056641	   0.964413
   3.066406	   0.882596
   3.076172	   0.699467
   3.085938	   0.441599
   3.095703	   0.153243
   3.105469	  -0.115435
   3.115234	  -0.322382
   3.125000	  -0.445316
   3.134766	  -0.487069
   3.144531	  -0.472718
   3.154297	  -0.439462
   3.164062	  -0.422712
   3.173828	  -0.443272
   3.183594	  -0.500121
   3.193359	  -0.571365
   3.203125	  -0.623038
   3.212891	  -0.622581
   3.222656	  -0.552123
   3.232422	  -0.416654
   3.242188	  -0.243959
   3.251953	  -0.076082
   3.261719	   0.044840
   3.271484	   0.091440
   3.281250	   0.061372
   3.291016	  -0.020858
   3.300781	  -0.111414
   3.310547	  -0.161643
   3.320312	  -0.134759
   3.330078	  -0.018999
   3.339844	   0.167304
   3.349609	   0.380591
   3.359375	   0.565361
   3.369141	   0.671514
   3.378906	   0.670016
   3.388672	   0.561777
   3.398438	   0.376939
   3.408203	   0.165058
   3.417969	  -0.020358
   3.427734	  -0.137699
   3.437500	  -0.168339
   3.447266	  -0.119623
   3.457031	  -0.019351
   3.466797	   0.095733
   3.476562	   0.193051
   3.486328	   0.254195
   3.496094	   0.278621
   3.505859	   0.280280
   3.515625	   0.279133
   3.525391	   0.291279
   3.535156	   0.321752
   3.544922	   0.362775
   3.554688	   0.397954
   3.564453	   0.410454
   3.574219	   0.391580
   3.583984	   0.345954
   3.593750	   0.290858
   3.603516	   0.249621
   3.613281	   0.241428
   3.623047	   0.271504
   3.632812	   0.325766
   3.642578	   0.372575
   3.652344	   0.371619
   3.662109	   0.287293
   3.671875	   0.102060
   3.681641	  -0.174985
   3.691406	  -0.507659
   3.701172	  -0.840971
   3.710938	  -1.115744
   3.720703	  -1.284946
   3.730469	  -1.326465
   3.740234	  -1.248205
   3.750000	  -1.083997
   3.759766	  -0.881908
   3.769531	  -0.689028
   3.779297	  -0.537862
   3.789062	  -0.438663
   3.798828	  -0.379788
   3.808594	  -0.335241
   3.818359	  -0.276094
   3.828125	  -0.181347
   3.837891	  -0.044315
   3.847656	   0.127343
   3.857422	   0.317212
   3.867188	   0.508355
   3.876953	   0.690276
   3.886719	   0.861396
   3.896484	   1.025868
   3.906250	   1.186190
   3.916016	   1.335111
   3.925781	   1.450982
   3.935547	   1.499599
   3.945312	   1.443070
   3.955078	   1.253228
   3.964844	   0.924833
   3.974609	   0.483210
   3.984375	  -0.017563
   3.994141	  -0.506658
   4.003906	  -0.915643
   4.013672	  -1.198775
   4.023438	  -1.347387
   4.033203	  -1.392829
   4.042969	  -1.396023
   4.052734	  -1.426327
   4.062500	  -1.536356
   4.072266	  -1.741333
   4.082031	  -2.010471
   4.091797	  -2.274182
   4.101562	  -2.445569
   4.111328	  -2.449618
   4.121094	  -2.250435
   4.130859	  -1.867009
   4.140625	  -1.371425
   4.150391	  -0.869112
   4.160156	  -0.466826
   4.169922	  -0.238443
   4.179688	  -0.199827
   4.189453	  -0.301443
   4.199219	  -0.441816
   4.208984	  -0.498154
   4.218750	  -0.364746
   4.228516	   0.013004
   4.238281	   0.619807
   4.248047	   1.373059
   4.257812	   2.145964
   4.267578	   2.803785
   4.277344	   3.241619
   4.287109	   3.411716
   4.296875	   3.331997
   4.306641	   3.073696
   4.316406	   2.733003
   4.326172	   2.396777
   4.335938	   2.114101
   4.345703	   1.883218
   4.355469	   1.657896
   4.365234	   1.370523
   4.375000	   0.963481
   4.384766	   0.417545
   4.394531	  -0.232873
   4.404297	  -0.903239
   4.414062	  -1.480393
   4.423828	  -1.855082
   4.433594	  -1.954911
   4.443359	  -1.766939
   4.453125	  -1.342648
   4.462891	  -0.783842
   4.472656	  -0.214211
   4.482422	   0.254219
   4.492188	   0.549263
   4.501953	   0.653048
   4.511719	   0.599305
   4.521484	   0.455729
   4.531250	   0.298315
   4.541016	   0.186673
   4.550781	   0.148258
   4.560547	   0.175717
   4.570312	   0.236728
   4.580078	   0.291343
   4.589844	   0.309657
   4.599609	   0.283135
   4.609375	   0.225816
   4.619141	   0.165830
   4.628906	   0.131356
   4.638672	   0.137174
   4.648438	   0.177508
   4.658203	   0.228129
   4.667969	   0.256888
   4.677734	   0.238392
   4.687500	   0.166721
   4.697266	   0.060731
   4.707031	  -0.040753
   4.716797	  -0.092611
   4.726562	  -0.061184
   4.736328	   0.060573
   4.746094	   0.246585
   4.755859	   0.442952
   4.765625	   0.583974
   4.775391	   0.613833
   4.785156	   0.506527
   4.794922	   0.276924
   4.804688	  -0.021426
   4.814453	  -0.311604
   4.824219	  -0.517146
   4.833984	  -0.586661
   4.843750	  -0.511080
   4.853516	  -0.327624
   4.863281	  -0.108916
   4.873047	   0.059452
   4.882812	   0.105762
   4.892578	  -0.005150
   4.902344	  -0.260586
   4.912109	  -0.603535
   4.921875	  -0.949723
   4.931641	  -1.212561
   4.941406	  -1.328000
   4.951172	  -1.271641
   4.960938	  -1.063157
   4.970703	  -0.757388
   4.980469	  -0.425661
   4.990234	  -0.133817
   5.000000	   0.075974
   5.009766	   0.194227
   5.019531	   0.241939
   5.029297	   0.258894
   5.039062	   0.287133
   5.048828	   0.355402
   5.058594	   0.469556
   5.068359	   0.611518
   5.078125	   0.746324
   5.087891	   0.834231
   5.097656	   0.843545
   5.107422	   0.760054
   5.117188	   0.590596
   5.126953	   0.360409
   5.136719	   0.105948
   5.146484	  -0.134062
   5.156250	  -0.326618
   5.166016	  -0.449669
   5.175781	  -0.494160
   5.185547	  -0.463611
   5.195312	  -0.372416
   5.205078	  -0.243838
   5.214844	  -0.107902
   5.224609	   0.001309
   5.234375	   0.049753
   5.244141	   0.009276
   5.253906	  -0.135411
   5.263672	  -0.380364
   5.273438	  -0.699045
   5.283203	  -1.044118
   5.292969	  -1.355319
   5.302734	  -1.572317
   5.312500	  -1.649552
   5.322266	  -1.568753
   5.332031	  -1.344997
   5.341797	  -1.023740
   5.351562	  -0.668970
   5.361328	  -0.345536
   5.371094	  -0.100876
   5.380859	   0.048109
   5.390625	   0.118633
   5.400391	   0.154617
   5.410156	   0.210388
   5.419922	   0.330663
   5.429688	   0.533352
   5.439453	   0.801032
   5.449219	   1.084163
   5.458984	   1.315334
   5.468750	   1.430100
   5.478516	   1.387741
   5.488281	   1.185158
   5.498047	   0.859328
   5.507812	   0.477416
   5.517578	   0.117682
   5.527344	  -0.152721
   5.537109	  -0.296048
   5.546875	  -0.312698
   5.556641	  -0.237978
   5.566406	  -0.128400
   5.576172	  -0.042339
   5.585938	  -0.021499
   5.595703	  -0.079037
   5.605469	  -0.197719
   5.615234	  -0.337960
   5.625000	  -0.452365
   5.634766	  -0.501499
   5.644531	  -0.465569
   5.654297	  -0.348602
   5.664062	  -0.174531
   5.673828	   0.022498
   5.683594	   0.209505
   5.693359	   0.363443
   5.703125	   0.474545
   5.712891	   0.543800
   5.722656	   0.576521
   5.732422	   0.575451
   5.742188	   0.536788
   5.751953	   0.451112
   5.761719	   0.308931
   5.771484	   0.108402
   5.781250	  -0.138342
   5.791016	  -0.403517
   5.800781	  -0.648216
   5.810547	  -0.832224
   5.820312	  -0.925972
   5.830078	  -0.920360
   5.839844	  -0.830613
   5.849609	  -0.692335
   5.859375	  -0.550639
   5.869141	  -0.445832
   5.878906	  -0.400501
   5.888672	  -0.412514
   5.898438	  -0.456482
   5.908203	  -0.493271
   5.917969	  -0.484295
   5.927734	  -0.405594
   5.937500	  -0.256752
   5.947266	  -0.061511
   5.957031	   0.140093
   5.966797	   0.305225
   5.976562	   0.402543
   5.986328	   0.422187
   5.996094	   0.377974
   6.005859	   0.301147
   6.015625	   0.228116
   6.025391	   0.186774
   6.035156	   0.186465
   6.044922	   0.215271
   6.054688	   0.245558
   6.064453	   0.245625
   6.074219	   0.193041
   6.083984	   0.084613
   6.093750	  -0.060836
   6.103516	  -0.208029
   6.113281	  -0.317193
   6.123047	  -0.358083
   6.132812	  -0.320925
   6.142578	  -0.220254
   6.152344	  -0.090172
   6.162109	   0.027299
   6.171875	   0.096605
   6.181641	   0.100618
   6.191406	   0.045940
   6.201172	  -0.040256
   6.210938	  -0.120532
   6.220703	  -0.160756
   6.230469	  -0.141934
   6.240234	  -0.066042
   6.250000	   0.046100
   6.259766	   0.163839
   6.269531	   0.258965
   6.279297	   0.316449
   6.289062	   0.339521
   6.298828	   0.347195
   6.308594	   0.365336
   6.318359	   0.414884
   6.328125	   0.502002
   6.337891	   0.614234
   6.347656	   0.724406
   6.357422	   0.800989
   6.367188	   0.820984
   6.376953	   0.780232
   6.386719	   0.696788
   6.396484	   0.605473
   6.406250	   0.545060
   6.416016	   0.542416
   6.425781	   0.599420
   6.435547	   0.687787
   6.445312	   0.754401
   6.455078	   0.736111
   6.464844	   0.579557
   6.474609	   0.259566
   6.484375	  -0.210211
   6.494141	  -0.778471
   6.503906	  -1.369644
   6.513672	  -1.906066
   6.523438	  -2.332736
   6.533203	  -2.637596
   6.542969	  -2.861561
   6.552734	  -3.095383
   6.562500	  -3.463983
   6.572266	  -4.101912
   6.582031	  -5.125399
   6.591797	  -6.606680
   6.601562	  -8.555166
   6.611328	 -10.908246
   6.621094	 -13.532699
   6.630859	 -16.236339
   6.640625	 -18.788639
   6.650391	 -20.948479
   6.660156	 -22.496351
   6.669922	 -23.267256
   6.679688	 -23.179191
   6.689453	 -22.251261
   6.699219	 -20.605733
   6.708984	 -18.450523
   6.718750	 -16.042524
   6.728516	 -13.637350
   6.738281	 -11.435807
   6.748047	  -9.540200
   6.757812	  -7.932900
   6.767578	  -6.485031
   6.777344	  -4.995419
   6.787109	  -3.251196
   6.796875	  -1.094260
   6.806641	   1.525266
   6.816406	   4.524868
   6.826172	   7.703241
   6.835938	  10.789005
   6.845703	  13.510913
   6.855469	  15.668581
   6.865234	  17.181817
   6.875000	  18.102667
   6.884766	  18.585790
   6.894531	  18.826174
   6.904297	  18.984209
   6.914062	  19.122852
   6.923828	  19.178363
   6.933594	  18.975477
   6.943359	  18.283315
   6.953125	  16.894559
   6.962891	  14.702075
   6.972656	  11.747392
   6.982422	   8.224264
   6.992188	   4.435390
   7.001953	   0.716132
   7.011719	  -2.649482
   7.021484	  -5.492277
   7.031250	  -7.779560
   7.041016	  -9.587951
   7.050781	 -11.037847
   7.060547	 -12.214093
   7.070312	 -13.103382
   7.080078	 -13.574152
   7.089844	 -13.410475
   7.099609	 -12.392341
   7.109375	 -10.397146
   7.119141	  -7.487417
   7.128906	  -3.951527
   7.138672	  -0.277450
   7.148438	   2.939539
   7.158203	   5.132594
   7.167969	   5.904347
   7.177734	   5.131428
   7.187500	   3.000051
   7.197266	  -0.039665
   7.207031	  -3.388695
   7.216797	  -6.450579
   7.226562	  -8.775796
   7.236328	 -10.158269
   7.246094	 -10.658612
   7.255859	 -10.551522
   7.265625	 -10.217660
   7.275391	 -10.015930
   7.285156	 -10.175764
   7.294922	 -10.739892
   7.304688	 -11.569988
   7.314453	 -12.406660
   7.324219	 -12.958814
   7.333984	 -12.990554
   7.343750	 -12.378220
   7.353516	 -11.123594
   7.363281	  -9.326257
   7.373047	  -7.132299
   7.382812	  -4.682925
   7.392578	  -2.083186
   7.402344	   0.600002
   7.412109	   3.315479
   7.421875	   5.997077
   7.431641	   8.544072
   7.441406	  10.826988
   7.451172	  12.720662
   7.460938	  14.152608
   7.470703	  15.145198
   7.480469	  15.829656
   7.490234	  16.419298
   7.500000	  17.145909
   7.509766	  18.180371
   7.519531	  19.569378
   7.529297	  21.219030
   7.539062	  22.941996
   7.548828	  24.561564
   7.558594	  26.041229
   7.568359	  27.591867
   7.578125	  29.707504
   7.587891	  33.097895
   7.597656	  38.517834
   7.607422	  46.529818
   7.617188	  57.266183
   7.626953	  70.267885
   7.636719	  84.463773
   7.646484	  98.318282
   7.656250	 110.126463
   7.666016	 118.387833
   7.675781	 122.160222
   7.685547	 121.292472
   7.695312	 116.463349
   7.705078	 109.006340
   7.714844	 100.561284
   7.724609	  92.645361
   7.734375	  86.261788
   7.744141	  81.655661
   7.753906	  78.284661
   7.763672	  75.009815
   7.773438	  70.447112
   7.783203	  63.374199
   7.792969	  53.072094
   7.802734	  39.504294
   7.812500	  23.287762
   7.822266	   5.475542
   7.832031	 -12.771296
   7.841797	 -30.512399
   7.851562	 -47.250888
   7.861328	 -62.980936
   7.871094	 -78.050225
   7.880859	 -92.889079
   7.890625	-107.702162
   7.900391	-122.231049
   7.910156	-135.672679
   7.919922	-146.787712
   7.929688	-154.170650
   7.939453	-156.600734
   7.949219	-153.366131
   7.958984	-144.462258
   7.968750	-130.605347
   7.978516	-113.061167
   7.988281	 -93.346880
   7.998047	 -72.902468
   8.007812	 -52.834650
   8.017578	 -33.808788
   8.027344	 -16.112473
   8.037109	   0.144765
   8.046875	  14.778039
   8.056641	  27.321535
   8.066406	  36.957315
   8.076172	  42.620529
   8.085938	  43.263387
   8.095703	  38.204535
   8.105469	  27.456651
   8.115234	  11.924112
   8.125000	  -6.604888
   8.134766	 -25.691039
   8.144531	 -42.657542
   8.154297	 -55.089490
   8.164062	 -61.299181
   8.173828	 -60.646104
   8.183594	 -53.638497
   8.193359	 -41.799294
   8.203125	 -27.336673
   8.212891	 -12.702482
   8.222656	  -0.140503
   8.232422	   8.681975
   8.242188	  12.895736
   8.251953	  12.481619
   8.261719	   8.169308
   8.271484	   1.227000
   8.281250	  -6.802597
   8.291016	 -14.368381
   8.300781	 -20.141212
   8.310547	 -23.186882
   8.320312	 -23.072893
   8.330078	 -19.906915
   8.339844	 -14.306546
   8.349609	  -7.300558
   8.359375	  -0.165553
   8.369141	   5.788785
   8.378906	   9.458878
   8.388672	  10.170148
   8.398438	   7.835266
   8.408203	   3.003703
   8.417969	  -3.223126
   8.427734	  -9.406872
   8.437500	 -14.078902
   8.447266	 -16.071482
   8.457031	 -14.793145
   8.466797	 -10.375825
   8.476562	  -3.650358
   8.486328	   4.049819
   8.496094	  11.211081
   8.505859	  16.507140
   8.515625	  19.116772
   8.525391	  18.908855
   8.535156	  16.447225
   8.544922	  12.816621
   8.554688	   9.319427
   8.564453	   7.127075
   8.574219	   6.980246
   8.583984	   9.015769
   8.593750	  12.760632
   8.603516	  17.286034
   8.613281	  21.470971
   8.623047	  24.297669
   8.632812	  25.097443
   8.642578	  23.685111
   8.652344	  20.355956
   8.662109	  15.759951
   8.671875	  10.701249
   8.681641	   5.927444
   8.691406	   1.969092
   8.701172	  -0.931835
   8.710938	  -2.797458
   8.720703	  -3.817224
   8.730469	  -4.223178
   8.740234	  -4.185914
   8.750000	  -3.767783
   8.759766	  -2.946158
   8.769531	  -1.692618
   8.779297	  -0.072682
   8.789062	   1.677774
   8.798828	   3.136668
   8.808594	   3.758005
   8.818359	   3.003683
   8.828125	   0.511542
   8.837891	  -3.748859
   8.847656	  -9.382433
   8.857422	 -15.572861
   8.867188	 -21.196516
   8.876953	 -25.028591
   8.886719	 -25.998663
   8.896484	 -23.437813
   8.906250	 -17.258702
   8.916016	  -8.023670
   8.925781	   3.119389
   8.935547	  14.623963
   8.945312	  24.817773
   8.955078	  32.205636
   8.964844	  35.740023
   8.974609	  35.004378
   8.984375	  30.273418
   8.994141	  22.441034
   9.003906	  12.834209
   9.013672	   2.954433
   9.023438	  -5.798352
   9.033203	 -12.362862
   9.042969	 -16.169021
   9.052734	 -17.180563
   9.062500	 -15.827380
   9.072266	 -12.851323
   9.082031	  -9.106911
   9.091797	  -5.365759
   9.101562	  -2.169149
   9.111328	   0.241657
   9.121094	   1.909115
   9.130859	   3.071269
   9.140625	   4.033630
   9.150391	   5.041366
   9.160156	   6.189379
   9.169922	   7.394740
   9.179688	   8.436467
   9.189453	   9.047072
   9.199219	   9.024760
   9.208984	   8.328812
   9.218750	   7.125587
   9.228516	   5.767145
   9.238281	   4.704656
   9.248047	   4.358719
   9.257812	   4.982615
   9.267578	   6.558421
   9.277344	   8.758507
   9.287109	  10.988262
   9.296875	  12.504514
   9.306641	  12.583836
   9.316406	  10.701269
   9.326172	   6.676435
   9.335938	   0.751308
   9.345703	  -6.420052
   9.355469	 -13.869171
   9.365234	 -20.478040
   9.375000	 -25.176988
   9.384766	 -27.135644
   9.394531	 -25.910401
   9.404297	 -21.522392
   9.414062	 -14.454837
   9.423828	  -5.574040
   9.433594	   4.008861
   9.443359	  13.109918
   9.453125	  20.649579
   9.462891	  25.807962
   9.472656	  28.136055
   9.482422	  27.608001
   9.492188	  24.608013
   9.501953	  19.854413
   9.511719	  14.272081
   9.521484	   8.832473
   9.531250	   4.386423
   9.541016	   1.517708
   9.550781	   0.443830
   9.560547	   0.983806
   9.570312	   2.601524
   9.580078	   4.518924
   9.589844	   5.878814
   9.599609	   5.925737
   9.609375	   4.168026
   9.619141	   0.486813
   9.628906	  -4.831752
   9.638672	 -11.148533
   9.648438	 -17.596741
   9.658203	 -23.253458
   9.667969	 -27.320202
   9.677734	 -29.274000
   9.687500	 -28.957884
   9.697266	 -26.594104
   9.707031	 -22.721006
   9.716797	 -18.071146
   9.726562	 -13.419880
   9.736328	  -9.437996
   9.746094	  -6.578422
   9.755859	  -5.017130
   9.765625	  -4.654938
   9.775391	  -5.173410
   9.785156	  -6.127506
   9.794922	  -7.052070
   9.804688	  -7.559123
   9.814453	  -7.407676
   9.824219	  -6.535443
   9.833984	  -5.050625
   9.843750	  -3.189787
   9.853516	  -1.253554
   9.863281	   0.465303
   9.873047	   1.746784
   9.882812	   2.489397
   9.892578	   2.728731
   9.902344	   2.626135
   9.912109	   2.430326
   9.921875	   2.419808
   9.931641	   2.837741
   9.941406	   3.832660
   9.951172	   5.417662
   9.960938	   7.457282
   9.970703	   9.685747
   9.980469	  11.753574
   9.990234	  13.293156
  10.000000	  13.989492
  10.009766	  13.640844
  10.019531	  12.196353
  10.029297	   9.763107
  10.039062	   6.582448
  10.048828	   2.982635
  10.058594	  -0.679664
  10.068359	  -4.074680
  10.078125	  -6.939260
  10.087891	  -9.093923
  10.097656	 -10.437212
  10.107422	 -10.923971
  10.117188	 -10.538543
  10.126953	  -9.274564
  10.136719	  -7.129981
  10.146484	  -4.119988
  10.156250	  -0.303692
  10.166016	   4.185472
  10.175781	   9.118240
  10.185547	  14.168437
  10.195312	  18.938741
  10.205078	  23.012308
  10.214844	  26.021318
  10.224609	  27.717490
  10.234375	  28.027134
  10.244141	  27.075399
  10.253906	  25.170583
  10.263672	  22.748416
  10.273438	  20.285844
  10.283203	  18.201773
  10.292969	  16.766385
  10.302734	  16.039945
  10.312500	  15.856412
  10.322266	  15.857752
  10.332031	  15.573703
  10.341797	  14.531245
  10.351562	  12.370643
  10.361328	   8.942422
  10.371094	   4.362723
  10.380859	  -0.987223
  10.390625	  -6.519977
  10.400391	 -11.548787
  10.410156	 -15.421135
  10.419922	 -17.650973
  10.429688	 -18.021061
  10.439453	 -16.632657
  10.449219	 -13.890836
  10.458984	 -10.427671
  10.468750	  -6.979144
  10.478516	  -4.241848
  10.488281	  -2.739863
  10.498047	  -2.729634
  10.507812	  -4.161782
  10.517578	  -6.705867
  10.527344	  -9.830092
  10.537109	 -12.916444
  10.546875	 -15.385147
  10.556641	 -16.802145
  10.566406	 -16.949152
  10.576172	 -15.845821
  10.585938	 -13.724952
  10.595703	 -10.971578
  10.605469	  -8.042834
  10.615234	  -5.386772
  10.625000	  -3.375151
  10.634766	  -2.259178
  10.644531	  -2.150409
  10.654297	  -3.023525
  10.664062	  -4.734713
  10.673828	  -7.049189
  10.683594	  -9.673159
  10.693359	 -12.287878
  10.703125	 -14.585065
  10.712891	 -16.302921
  10.722656	 -17.260376
  10.732422	 -17.384857
  10.742188	 -16.727096
  10.751953	 -15.456651
  10.761719	 -13.834496
  10.771484	 -12.163974
  10.781250	 -10.727447
  10.791016	  -9.721207
  10.800781	  -9.203823
  10.810547	  -9.071880
  10.820312	  -9.071870
  10.830078	  -8.848839
  10.839844	  -8.023380
  10.849609	  -6.280990
  10.859375	  -3.453892
  10.869141	   0.423826
  10.878906	   5.101394
  10.888672	  10.141757
  10.898438	  14.992082
  10.908203	  19.080528
  10.917969	  21.919915
  10.927734	  23.197691
  10.937500	  22.834728
  10.947266	  21.001962
  10.957031	  18.092224
  10.966797	  14.652914
  10.976562	  11.292058
  10.986328	   8.574596
  10.996094	   6.927045
  11.005859	   6.567078
  11.015625	   7.470253
  11.025391	   9.379969
  11.035156	  11.859389
  11.044922	  14.376580
  11.054688	  16.407679
  11.064453	  17.538646
  11.074219	  17.545293
  11.083984	  16.434414
  11.093750	  14.435917
  11.103516	  11.945872
  11.113281	   9.431433
  11.123047	   7.318024
  11.132812	   5.884669
  11.142578	   5.192845
  11.152344	   5.067481
  11.162109	   5.136771
  11.171875	   4.923071
  11.181641	   3.963961
  11.191406	   1.934054
  11.201172	  -1.262985
  11.210938	  -5.456055
  11.220703	 -10.232489
  11.230469	 -15.022543
  11.240234	 -19.221840
  11.250000	 -22.321358
  11.259766	 -24.012809
  11.269531	 -24.243989
  11.279297	 -23.212008
  11.289062	 -21.298599
  11.298828	 -18.966404
  11.308594	 -16.644404
  11.318359	 -14.632046
  11.328125	 -13.045180
  11.337891	 -11.814579
  11.347656	 -10.733465
  11.357422	  -9.537838
  11.367188	  -7.996057
  11.376953	  -5.983517
  11.386719	  -3.524055
  11.396484	  -0.789868
  11.406250	   1.936998
  11.416016	   4.329175
  11.425781	   6.086946
  11.435547	   7.001965
  11.445312	   6.998271
  11.455078	   6.143976
  11.464844	   4.634326
  11.474609	   2.752630
  11.484375	   0.818865
  11.494141	  -0.863672
  11.503906	  -2.054822
  11.513672	  -2.610847
  11.523438	  -2.501018
  11.533203	  -1.806364
  11.542969	  -0.701368
  11.552734	   0.578849
  11.562500	   1.781460
  11.572266	   2.682704
  11.582031	   3.130646
  11.591797	   3.075541
  11.601562	   2.580587
  11.611328	   1.809104
  11.621094	   0.989013
  11.630859	   0.361103
  11.640625	   0.122159
  11.650391	   0.376331
  11.660156	   1.106971
  11.669922	   2.176598
  11.679688	   3.355669
  11.689453	   4.373369
  11.699219	   4.977737
  11.708984	   4.990038
  11.718750	   4.340043
  11.728516	   3.074410
  11.738281	   1.337922
  11.748047	  -0.665273
  11.757812	  -2.718331
  11.767578	  -4.633159
  11.777344	  -6.276438
  11.787109	  -7.575898
  11.796875	  -8.509215
  11.806641	  -9.083215
  11.816406	  -9.313232
  11.826172	  -9.210998
  11.835938	  -8.784957
  11.845703	  -8.051190
  11.855469	  -7.048420
  11.865234	  -5.848480
  11.875000	  -4.555129
  11.884766	  -3.288502
  11.894531	  -2.158346
  11.904297	  -1.234216
  11.914062	  -0.523114
  11.923828	   0.036333
  11.933594	   0.558921
  11.943359	   1.179678
  11.953125	   2.011318
  11.962891	   3.105085
  11.972656	   4.427485
  11.982422	   5.861099
  11.992188	   7.230511
  12.001953	   8.346583
  12.011719	   9.056488
  12.021484	   9.284816
  12.031250	   9.053582
  12.041016	   8.475173
  12.050781	   7.720373
  12.060547	   6.970955
  12.070312	   6.370732
  12.080078	   5.989089
  12.089844	   5.806915
  12.099609	   5.727944
  12.109375	   5.610997
  12.119141	   5.312789
  12.128906	   4.728586
  12.138672	   3.819501
  12.148438	   2.619992
  12.158203	   1.225422
  12.167969	  -0.234688
  12.177734	  -1.628531
  12.187500	  -2.849478
  12.197266	  -3.832130
  12.207031	  -4.554443
  12.216797	  -5.028006
  12.226562	  -5.281961
  12.236328	  -5.347134
  12.246094	  -5.245735
  12.255859	  -4.989083
  12.265625	  -4.582506
  12.275391	  -4.034006
  12.285156	  -3.362330
  12.294922	  -2.600897
  12.304688	  -1.796071
  12.314453	  -1.000693
  12.324219	  -0.265542
  12.333984	   0.368069
  12.343750	   0.872180
  12.353516	   1.231902
  12.363281	   1.442151
  12.373047	   1.503775
  12.382812	   1.421486
  12.392578	   1.204899
  12.402344	   0.872242
  12.412109	   0.454694
  12.421875	  -0.001526
  12.431641	  -0.437679
  12.441406	  -0.790461
  12.451172	  -1.004005
  12.460938	  -1.042686
  12.470703	  -0.900586
  12.480469	  -0.604093
  12.490234	  -0.206034
  12.500000	   0.227581
  12.509766	   0.634607
  12.519531	   0.972624
  12.529297	   1.228757
  12.539062	   1.420406
  12.548828	   1.586668
  12.558594	   1.773148
  12.568359	   2.014937
  12.578125	   2.323072
  12.587891	   2.678613
  12.597656	   3.035984
  12.607422	   3.334298
  12.617188	   3.512954
  12.626953	   3.526668
  12.636719	   3.355546
  12.646484	   3.007660
  12.656250	   2.514126
  12.666016	   1.919017
  12.675781	   1.267851
  12.685547	   0.598434
  12.695312	  -0.063418
  12.705078	  -0.702694
  12.714844	  -1.309979
  12.724609	  -1.874915
  12.734375	  -2.381256
  12.744141	  -2.805527
  12.753906	  -3.119743
  12.763672	  -3.297064
  12.773438	  -3.318177
  12.783203	  -3.176077
  12.792969	  -2.877686
  12.802734	  -2.442067
  12.812500	  -1.896305
  12.822266	  -1.270925
  12.832031	  -0.596692
  12.841797	   0.096200
  12.851562	   0.776786
  12.861328	   1.411259
  12.871094	   1.962122
  12.880859	   2.390278
  12.890625	   2.660608
  12.900391	   2.750135
  12.910156	   2.656467
  12.919922	   2.403575
  12.929688	   2.042283
  12.939453	   1.644157
  12.949219	   1.289365
  12.958984	   1.050986
  12.968750	   0.979449
  12.978516	   1.091055
  12.988281	   1.363542
  12.998047	   1.739933
  13.007812	   2.139729
  13.017578	   2.474769
  13.027344	   2.666010
  13.037109	   2.657541
  13.046875	   2.425101
  13.056641	   1.977906
  13.066406	   1.354256
  13.076172	   0.612663
  13.085938	  -0.179117
  13.095703	  -0.954799
  13.105469	  -1.658258
  13.115234	  -2.249190
  13.125000	  -2.705530
  13.134766	  -3.022920
  13.144531	  -3.211822
  13.154297	  -3.292950
  13.164062	  -3.291766
  13.173828	  -3.232839
  13.183594	  -3.134967
  13.193359	  -3.008009
  13.203125	  -2.852185
  13.212891	  -2.660193
  13.222656	  -2.421784
  13.232422	  -2.129705
  13.242188	  -1.785319
  13.251953	  -1.402054
  13.261719	  -1.005289
  13.271484	  -0.628204
  13.281250	  -0.304393
  13.291016	  -0.059167
  13.300781	   0.097888
  13.310547	   0.176674
  13.320312	   0.205156
  13.330078	   0.222746
  13.339844	   0.270074
  13.349609	   0.377890
  13.359375	   0.558240
  13.369141	   0.800450
  13.378906	   1.073094
  13.388672	   1.331399
  13.398438	   1.528000
  13.408203	   1.624073
  13.417969	   1.597954
  13.427734	   1.449226
  13.437500	   1.197721
  13.447266	   0.878294
  13.457031	   0.533276
  13.466797	   0.204730
  13.476562	  -0.071778
  13.486328	  -0.271101
  13.496094	  -0.380296
  13.505859	  -0.399011
  13.515625	  -0.339269
  13.525391	  -0.224931
  13.535156	  -0.090470
  13.544922	   0.021863
  13.554688	   0.067323
  13.564453	   0.006583
  13.574219	  -0.184705
  13.583984	  -0.506892
  13.593750	  -0.930707
  13.603516	  -1.397684
  13.613281	  -1.828010
  13.623047	  -2.135112
  13.632812	  -2.244133
  13.642578	  -2.109753
  13.652344	  -1.728444
  13.662109	  -1.141306
  13.671875	  -0.426028
  13.681641	   0.320456
  13.691406	   1.004280
  13.701172	   1.556018
  13.710938	   1.945324
  13.720703	   2.184921
  13.730469	   2.323077
  13.740234	   2.427049
  13.750000	   2.562473
  13.759766	   2.774683
  13.769531	   3.077043
  13.779297	   3.448978
  13.789062	   3.843313
  13.798828	   4.199731
  13.808594	   4.459659
  13.818359	   4.578014
  13.828125	   4.528880
  13.837891	   4.304758
  13.847656	   3.911406
  13.857422	   3.361729
  13.867188	   2.672101
  13.876953	   1.862990
  13.886719	   0.963433
  13.896484	   0.016706
  13.906250	  -0.916623
  13.916016	  -1.761625
  13.925781	  -2.439340
  13.935547	  -2.882999
  13.945312	  -3.055913
  13.955078	  -2.965219
  13.964844	  -2.666060
  13.974609	  -2.253095
  13.984375	  -1.839966
  13.994141	  -1.531262
  14.003906	  -1.394394
  14.013672	  -1.439541
  14.023438	  -1.614071
  14.033203	  -1.814035
  14.042969	  -1.910479
  14.052734	  -1.783946
  14.062500	  -1.357957
  14.072266	  -0.622283
  14.082031	   0.360464
  14.091797	   1.466864
  14.101562	   2.540145
  14.111328	   3.425774
  14.121094	   4.005832
  14.130859	   4.223498
  14.140625	   4.091936
  14.150391	   3.686325
  14.160156	   3.122185
  14.169922	   2.526514
  14.179688	   2.009424
  14.189453	   1.643106
  14.199219	   1.452234
  14.208984	   1.416487
  14.218750	   1.482720
  14.228516	   1.582249
  14.238281	   1.648254
  14.248047	   1.629242
  14.257812	   1.496382
  14.267578	   1.244562
  14.277344	   0.888649
  14.287109	   0.457157
  14.296875	  -0.014525
  14.306641	  -0.489952
  14.316406	  -0.935902
  14.326172	  -1.325245
  14.335938	  -1.638756
  14.345703	  -1.866121
  14.355469	  -2.006054
  14.365234	  -2.065246
  14.375000	  -2.055955
  14.384766	  -1.992391
  14.394531	  -1.886644
  14.404297	  -1.745278
  14.414062	  -1.567806
  14.423828	  -1.347815
  14.433594	  -1.076712
  14.443359	  -0.749089
  14.453125	  -0.368031
  14.462891	   0.051525
  14.472656	   0.482754
  14.482422	   0.890599
  14.492188	   1.238278
  14.501953	   1.494796
  14.511719	   1.641225
  14.521484	   1.673898
  14.531250	   1.603645
  14.541016	   1.451537
  14.550781	   1.242716
  14.560547	   1.000466
  14.570312	   0.742442
  14.580078	   0.480068
  14.589844	   0.220830
  14.599609	  -0.027915
  14.609375	  -0.255600
  14.619141	  -0.447310
  14.628906	  -0.585668
  14.638672	  -0.655280
  14.648438	  -0.648109
  14.658203	  -0.567607
  14.667969	  -0.429706
  14.677734	  -0.259827
  14.687500	  -0.086502
  14.697266	   0.066458
  14.707031	   0.186674
  14.716797	   0.276407
  14.726562	   0.351035
  14.736328	   0.433136
  14.746094	   0.544083
  14.755859	   0.695929
  14.765625	   0.886325
  14.775391	   1.098159
  14.785156	   1.303994
  14.794922	   1.473706
  14.804688	   1.582649
  14.814453	   1.617564
  14.824219	   1.578365
  14.833984	   1.475493
  14.843750	   1.324263
  14.853516	   1.138697
  14.863281	   0.927557
  14.873047	   0.694314
  14.882812	   0.441191
  14.892578	   0.175587
  14.902344	  -0.083985
  14.912109	  -0.305506
  14.921875	  -0.446598
  14.931641	  -0.463291
  14.941406	  -0.322350
  14.951172	  -0.013472
  14.960938	   0.442753
  14.970703	   0.994274
  14.980469	   1.565454
  14.990234	   2.071858
  15.000000	   2.438170
  15.009766	   2.614377
  15.019531	   2.585743
  15.029297	   2.373923
  15.039062	   2.029202
  15.048828	   1.616429
  15.058594	   1.198979
  15.068359	   0.825351
  15.078125	   0.521867
  15.087891	   0.292743
  15.097656	   0.126317
  15.107422	   0.004405
  15.117188	  -0.088975
  15.126953	  -0.162530
  15.136719	  -0.217590
  15.146484	  -0.252164
  15.156250	  -0.266694
  15.166016	  -0.268443
  15.175781	  -0.272097
  15.185547	  -0.295817
  15.195312	  -0.354005
  15.205078	  -0.449612
  15.214844	  -0.569351
  15.224609	  -0.684347
  15.234375	  -0.756921
  15.244141	  -0.751884
  15.253906	  -0.648859
  15.263672	  -0.451406
  15.273438	  -0.189425
  15.283203	   0.086641
  15.292969	   0.318631
  15.302734	   0.456958
  15.312500	   0.475412
  15.322266	   0.379791
  15.332031	   0.207454
  15.341797	   0.017607
  15.351562	  -0.124942
  15.361328	  -0.167836
  15.371094	  -0.085704
  15.380859	   0.112998
  15.390625	   0.388686
  15.400391	   0.681806
  15.410156	   0.928929
  15.419922	   1.078972
  15.429688	   1.104993
  15.439453	   1.008636
  15.449219	   0.816706
  15.458984	   0.571718
  15.468750	   0.319846
  15.478516	   0.100022
  15.488281	  -0.062939
  15.498047	  -0.160027
  15.507812	  -0.195222
  15.517578	  -0.180235
  15.527344	  -0.129265
  15.537109	  -0.055710
  15.546875	   0.028465
  15.556641	   0.111340
  15.566406	   0.179188
  15.576172	   0.215888
  15.585938	   0.204669
  15.595703	   0.132077
  15.605469	  -0.007088
  15.615234	  -0.205837
  15.625000	  -0.443936
  15.634766	  -0.690712
  15.644531	  -0.911365
  15.654297	  -1.075103
  15.664062	  -1.162644
  15.673828	  -1.170719
  15.683594	  -1.112096
  15.693359	  -1.011184
  15.703125	  -0.896660
  15.712891	  -0.793606
  15.722656	  -0.717663
  15.732422	  -0.672953
  15.742188	  -0.654075
  15.751953	  -0.651024
  15.761719	  -0.654836
  15.771484	  -0.661604
  15.781250	  -0.673222
  15.791016	  -0.694593
  15.800781	  -0.728501
  15.810547	  -0.770408
  15.820312	  -0.805598
  15.830078	  -0.810367
  15.839844	  -0.757463
  15.849609	  -0.624386
  15.859375	  -0.401907
  15.869141	  -0.099863
  15.878906	   0.252049
  15.888672	   0.609209
  15.898438	   0.921638
  15.908203	   1.145542
  15.917969	   1.253507
  15.927734	   1.240364
  15.937500	   1.123123
  15.947266	   0.935182
  15.957031	   0.716784
  15.966797	   0.504717
  15.976562	   0.324326
  15.986328	   0.185918
  15.996094	   0.086110
  16.005859	   0.012985
  16.015625	  -0.047191
  16.025391	  -0.104232
  16.035156	  -0.161190
  16.044922	  -0.215052
  16.054688	  -0.260204
  16.064453	  -0.292857
  16.074219	  -0.314371
  16.083984	  -0.331913
  16.093750	  -0.356059
  16.103516	  -0.396205
  16.113281	  -0.455616
  16.123047	  -0.528174
  16.132812	  -0.598310
  16.142578	  -0.644488
  16.152344	  -0.645260
  16.162109	  -0.585946
  16.171875	  -0.463668
  16.181641	  -0.288974
  16.191406	  -0.083457
  16.201172	   0.125932
  16.210938	   0.313976
  16.220703	   0.463430
  16.230469	   0.568411
  16.240234	   0.633999
  16.250000	   0.672437
  16.259766	   0.697424
  16.269531	   0.718603
  16.279297	   0.738159
  16.289062	   0.750578
  16.298828	   0.745438
  16.308594	   0.711993
  16.318359	   0.643717
  16.328125	   0.541077
  16.337891	   0.411532
  16.347656	   0.266864
  16.357422	   0.118958
  16.367188	  -0.024255
  16.376953	  -0.161078
  16.386719	  -0.295623
  16.396484	  -0.434825
  16.406250	  -0.584059
  16.416016	  -0.743074
  16.425781	  -0.903934
  16.435547	  -1.051924
  16.445312	  -1.169307
  16.455078	  -1.240747
  16.464844	  -1.258562
  16.474609	  -1.225927
  16.484375	  -1.156826
  16.494141	  -1.072610
  16.503906	  -0.996160
  16.513672	  -0.945467
  16.523438	  -0.928623
  16.533203	  -0.941724
  16.542969	  -0.970260
  16.552734	  -0.993404
  16.562500	  -0.989795
  16.572266	  -0.943013
  16.582031	  -0.845215
  16.591797	  -0.698154
  16.601562	  -0.511673
  16.611328	  -0.300603
  16.621094	  -0.081298
  16.630859	   0.131065
  16.640625	   0.323850
  16.650391	   0.487078
  16.660156	   0.612952
  16.669922	   0.695561
  16.679688	   0.731367
  16.689453	   0.720441
  16.699219	   0.667922
  16.708984	   0.584748
  16.718750	   0.486821
  16.728516	   0.392254
  16.738281	   0.317115
  16.748047	   0.270826
  16.757812	   0.252764
  16.767578	   0.251456
  16.777344	   0.247091
  16.787109	   0.216973
  16.796875	   0.142543
  16.806641	   0.015896
  16.816406	  -0.156307
  16.826172	  -0.352944
  16.835938	  -0.542810
  16.845703	  -0.692181
  16.855469	  -0.773471
  16.865234	  -0.772479
  16.875000	  -0.692117
  16.884766	  -0.551570
  16.894531	  -0.381181
  16.904297	  -0.214638
  16.914062	  -0.080744
  16.923828	   0.002904
  16.933594	   0.032746
  16.943359	   0.018149
  16.953125	  -0.022907
  16.962891	  -0.069696
  16.972656	  -0.104290
  16.982422	  -0.115252
  16.992188	  -0.098744
  17.001953	  -0.057312
  17.011719	   0.002707
  17.021484	   0.073882
  17.031250	   0.149473
  17.041016	   0.223867
  17.050781	   0.291932
  17.060547	   0.348059
  17.070312	   0.385762
  17.080078	   0.398418
  17.089844	   0.381117
  17.099609	   0.332976
  17.109375	   0.258906
  17.119141	   0.169870
  17.128906	   0.081143
  17.138672	   0.008802
  17.148438	  -0.034580
  17.158203	  -0.043692
  17.167969	  -0.022389
  17.177734	   0.017002
  17.187500	   0.056880
  17.197266	   0.079122
  17.207031	   0.069921
  17.216797	   0.023188
  17.226562	  -0.058486
  17.236328	  -0.165480
  17.246094	  -0.284664
  17.255859	  -0.403461
  17.265625	  -0.512971
  17.275391	  -0.609146
  17.285156	  -0.691749
  17.294922	  -0.761768
  17.304688	  -0.818536
  17.314453	  -0.857930
  17.324219	  -0.872613
  17.333984	  -0.854433
  17.343750	  -0.798206
  17.353516	  -0.705432
  17.363281	  -0.586388
  17.373047	  -0.459505
  17.382812	  -0.347822
  17.392578	  -0.273402
  17.402344	  -0.251338
  17.412109	  -0.285265
  17.421875	  -0.365896
  17.431641	  -0.473142
  17.441406	  -0.581271
  17.451172	  -0.665538
  17.460938	  -0.708315
  17.470703	  -0.702884
  17.480469	  -0.653916
  17.490234	  -0.574718
  17.500000	  -0.482394
  17.509766	  -0.392640
  17.519531	  -0.315893
  17.529297	  -0.255915
  17.539062	  -0.210949
  17.548828	  -0.176627
  17.558594	  -0.149210
  17.568359	  -0.127760
  17.578125	  -0.114348
  17.587891	  -0.112304
  17.597656	  -0.123371
  17.607422	  -0.145148
  17.617188	  -0.170141
  17.626953	  -0.187147
  17.636719	  -0.184740
  17.646484	  -0.155745
  17.656250	  -0.101013
  17.666016	  -0.030928
  17.675781	   0.036264
  17.685547	   0.079108
  17.695312	   0.079305
  17.705078	   0.027800
  17.714844	  -0.071428
  17.724609	  -0.201263
  17.734375	  -0.335266
  17.744141	  -0.444367
  17.753906	  -0.504463
  17.763672	  -0.502633
  17.773438	  -0.440139
  17.783203	  -0.331405
  17.792969	  -0.199470
  17.802734	  -0.069480
  17.812500	   0.037672
  17.822266	   0.109661
  17.832031	   0.143892
  17.841797	   0.145581
  17.851562	   0.123842
  17.861328	   0.087490
  17.871094	   0.042155
  17.880859	  -0.010297
  17.890625	  -0.070096
  17.900391	  -0.136636
  17.910156	  -0.205760
  17.919922	  -0.268716
  17.929688	  -0.313499
  17.939453	  -0.328339
  17.949219	  -0.306150
  17.958984	  -0.248210
  17.968750	  -0.165489
  17.978516	  -0.076772
  17.988281	  -0.003839
  17.998047	   0.034936
  18.007812	   0.030563
  18.017578	  -0.013052
  18.027344	  -0.079360
  18.037109	  -0.143317
  18.046875	  -0.178301
  18.056641	  -0.163747
  18.066406	  -0.091196
  18.076172	   0.033064
  18.085938	   0.189486
  18.095703	   0.350365
  18.105469	   0.486900
  18.115234	   0.576072
  18.125000	   0.605395
  18.134766	   0.574353
  18.144531	   0.492520
  18.154297	   0.375358
  18.164062	   0.239326
  18.173828	   0.097944
  18.183594	  -0.040085
  18.193359	  -0.170513
  18.203125	  -0.291570
  18.212891	  -0.401588
  18.222656	  -0.497435
  18.232422	  -0.574491
  18.242188	  -0.628185
  18.251953	  -0.656348
  18.261719	  -0.661241
  18.271484	  -0.650202
  18.281250	  -0.634351
  18.291016	  -0.625564
  18.300781	  -0.632686
  18.310547	  -0.658288
  18.320312	  -0.697208
  18.330078	  -0.737534
  18.339844	  -0.763846
  18.349609	  -0.761732
  18.359375	  -0.722134
  18.369141	  -0.644101
  18.378906	  -0.535064
  18.388672	  -0.408587
  18.398438	  -0.280391
  18.408203	  -0.164003
  18.417969	  -0.067452
  18.427734	   0.007992
  18.437500	   0.066792
  18.447266	   0.116398
  18.457031	   0.163923
  18.466797	   0.213468
  18.476562	   0.265018
  18.486328	   0.315149
  18.496094	   0.359049
  18.505859	   0.392893
  18.515625	   0.415483
  18.525391	   0.428459
  18.535156	   0.434980
  18.544922	   0.437506
  18.554688	   0.435677
  18.564453	   0.425374
  18.574219	   0.399537
  18.583984	   0.350689
  18.593750	   0.274310
  18.603516	   0.171832
  18.613281	   0.051993
  18.623047	  -0.070179
  18.632812	  -0.176665
  18.642578	  -0.251120
  18.652344	  -0.283412
  18.662109	  -0.272523
  18.671875	  -0.226767
  18.681641	  -0.161202
  18.691406	  -0.093039
  18.701172	  -0.036579
  18.710938	   0.000657
  18.720703	   0.019316
  18.730469	   0.026729
  18.740234	   0.033155
  18.750000	   0.047169
  18.759766	   0.071892
  18.769531	   0.103443
  18.779297	   0.132183
  18.789062	   0.146290
  18.798828	   0.136347
  18.808594	   0.099244
  18.818359	   0.039922
  18.828125	  -0.029728
  18.837891	  -0.094486
  18.847656	  -0.140670
  18.857422	  -0.160542
  18.867188	  -0.154666
  18.876953	  -0.131360
  18.886719	  -0.103455
  18.896484	  -0.083495
  18.906250	  -0.079132
  18.916016	  -0.090365
  18.925781	  -0.109643
  18.935547	  -0.124802
  18.945312	  -0.123777
  18.955078	  -0.099380
  18.964844	  -0.052400
  18.974609	   0.008148
  18.984375	   0.067754
  18.994141	   0.111208
  19.003906	   0.127773
  19.013672	   0.114899
  19.023438	   0.079167
  19.033203	   0.034086
  19.042969	  -0.004477
  19.052734	  -0.023665
  19.062500	  -0.017904
  19.072266	   0.009375
  19.082031	   0.047151
  19.091797	   0.080820
  19.101562	   0.097355
  19.111328	   0.089787
  19.121094	   0.059454
  19.130859	   0.015269
  19.140625	  -0.029650
  19.150391	  -0.062726
  19.160156	  -0.076302
  19.169922	  -0.070085
  19.179688	  -0.050805
  19.189453	  -0.029282
  19.199219	  -0.016025
  19.208984	  -0.017019
  19.218750	  -0.031265
  19.228516	  -0.051003
  19.238281	  -0.064515
  19.248047	  -0.060506
  19.257812	  -0.032446
  19.267578	   0.018704
  19.277344	   0.084390
  19.287109	   0.151021
  19.296875	   0.204280
  19.306641	   0.233634
  19.316406	   0.235467
  19.326172	   0.213760
  19.335938	   0.178134
  19.345703	   0.140062
  19.355469	   0.108692
  19.365234	   0.087816
  19.375000	   0.075108
  19.384766	   0.063831
  19.394531	   0.046308
  19.404297	   0.017770
  19.414062	  -0.020965
  19.423828	  -0.063078
  19.433594	  -0.097843
  19.443359	  -0.114523
  19.453125	  -0.106619
  19.462891	  -0.074875
  19.472656	  -0.027812
  19.482422	   0.020538
  19.492188	   0.055027
  19.501953	   0.064446
  19.511719	   0.045485
  19.521484	   0.004181
  19.531250	  -0.045697
  19.541016	  -0.086842
  19.550781	  -0.103782
  19.560547	  -0.087635
  19.570312	  -0.038684
  19.580078	   0.034066
  19.589844	   0.116090
  19.599609	   0.192120
  19.609375	   0.250829
  19.619141	   0.287780
  19.628906	   0.305738
  19.638672	   0.312363
  19.648438	   0.316291
  19.658203	   0.323132
  19.667969	   0.332957
  19.677734	   0.340190
  19.687500	   0.335961
  19.697266	   0.311991
  19.707031	   0.264520
  19.716797	   0.196724
  19.726562	   0.118641
  19.736328	   0.044518
  19.746094	  -0.011565
  19.755859	  -0.040240
  19.765625	  -0.039981
  19.775391	  -0.017655
  19.785156	   0.013736
  19.794922	   0.039364
  19.804688	   0.047471
  19.814453	   0.033165
  19.824219	  -0.000162
  19.833984	  -0.042250
  19.843750	  -0.079653
  19.853516	  -0.100382
  19.863281	  -0.097853
  19.873047	  -0.072815
  19.882812	  -0.032651
  19.892578	   0.011580
  19.902344	   0.049210
  19.912109	   0.073620
  19.921875	   0.084181
  19.931641	   0.085830
  19.941406	   0.086536
  19.951172	   0.093691
  19.960938	   0.110843
  19.970703	   0.136028
  19.980469	   0.162344
  19.990234	   0.180543
  20.000000	   0.182638
  20.009766	   0.165154
  20.019531	   0.130748
  20.029297	   0.087551
  20.039062	   0.046438
  20.048828	   0.017212
  20.058594	   0.005116
  20.068359	   0.008986
  20.078125	   0.021768
  20.087891	   0.033254
  20.097656	   0.034062
  20.107422	   0.019402
  20.117188	  -0.008756
  20.126953	  -0.041971
  20.136719	  -0.068026
  20.146484	  -0.075115
  20.156250	  -0.056061
  20.166016	  -0.011059
  20.175781	   0.052029
  20.185547	   0.119983
  20.195312	   0.178315
  20.205078	   0.215764
  20.214844	   0.227637
  20.224609	   0.216894
  20.234375	   0.192656
  20.244141	   0.166765
  20.253906	   0.149641
  20.263672	   0.146934
  20.273438	   0.158110
  20.283203	   0.177356
  20.292969	   0.196352
  20.302734	   0.207749
  20.312500	   0.207994
  20.322266	   0.198401
  20.332031	   0.184106
  20.341797	   0.171349
  20.351562	   0.164227
  20.361328	   0.162271
  20.371094	   0.159920
  20.380859	   0.148225
  20.390625	   0.118289
  20.400391	   0.065181
  20.410156	  -0.009140
  20.419922	  -0.095123
  20.429688	  -0.177571
  20.439453	  -0.239762
  20.449219	  -0.268435
  20.458984	  -0.257978
  20.468750	  -0.212362
  20.478516	  -0.144113
  20.488281	  -0.070610
  20.498047	  -0.008899
  20.507812	   0.029251
  20.517578	   0.040434
  20.527344	   0.029867
  20.537109	   0.008804
  20.546875	  -0.009884
  20.556641	  -0.016391
  20.566406	  -0.007250
  20.576172	   0.013913
  20.585938	   0.038325
  20.595703	   0.055946
  20.605469	   0.059791
  20.615234	   0.049074
  20.625000	   0.029992
  20.634766	   0.013817
  20.644531	   0.012961
  20.654297	   0.036410
  20.664062	   0.086170
  20.673828	   0.156006
  20.683594	   0.232965
  20.693359	   0.301176
  20.703125	   0.346629
  20.712891	   0.361288
  20.722656	   0.345165
  20.732422	   0.305666
  20.742188	   0.254536
  20.751953	   0.203521
  20.761719	   0.160325
  20.771484	   0.126278
  20.781250	   0.096518
  20.791016	   0.062556
  20.800781	   0.016244
  20.810547	  -0.046323
  20.820312	  -0.122403
  20.830078	  -0.202603
  20.839844	  -0.273290
  20.849609	  -0.320612
  20.859375	  -0.334741
  20.869141	  -0.312917
  20.878906	  -0.260289
  20.888672	  -0.188346
  20.898438	  -0.111531
  20.908203	  -0.043255
  20.917969	   0.007395
  20.927734	   0.037223
  20.937500	   0.048454
  20.947266	   0.046643
  20.957031	   0.037916
  20.966797	   0.026674
  20.976562	   0.014606
  20.986328	   0.001251
  20.996094	  -0.014283
  21.005859	  -0.031354
  21.015625	  -0.046557
  21.025391	  -0.053929
  21.035156	  -0.046672
  21.044922	  -0.019831
  21.054688	   0.027119
  21.064453	   0.088866
  21.074219	   0.154780
  21.083984	   0.211413
  21.093750	   0.246314
  21.103516	   0.251922
  21.113281	   0.228205
  21.123047	   0.183056
  21.132812	   0.130175
  21.142578	   0.085022
  21.152344	   0.060078
  21.162109	   0.060949
  21.171875	   0.084559
  21.181641	   0.120039
  21.191406	   0.152026
  21.201172	   0.165318
  21.210938	   0.149393
  21.220703	   0.101403
  21.230469	   0.026771
  21.240234	  -0.062679
  21.250000	  -0.152319
  21.259766	  -0.228810
  21.269531	  -0.283369
  21.279297	  -0.313279
  21.289062	  -0.321355
  21.298828	  -0.313804
  21.308594	  -0.297418
  21.318359	  -0.277175
  21.328125	  -0.255050
  21.337891	  -0.230319
  21.347656	  -0.201027
  21.357422	  -0.165872
  21.367188	  -0.125633
  21.376953	  -0.083520
  21.386719	  -0.044305
  21.396484	  -0.012605
  21.406250	   0.008940
  21.416016	   0.020800
  21.425781	   0.026477
  21.435547	   0.031166
  21.445312	   0.039652
  21.455078	   0.054230
  21.464844	   0.073494
  21.474609	   0.092523
  21.484375	   0.104461
  21.494141	   0.102975
  21.503906	   0.084686
  21.513672	   0.050669
  21.523438	   0.006439
  21.533203	  -0.039647
  21.542969	  -0.079008
  21.552734	  -0.105576
  21.562500	  -0.117648
  21.572266	  -0.118209
  21.582031	  -0.113580
  21.591797	  -0.110922
  21.601562	  -0.115501
  21.611328	  -0.128748
  21.621094	  -0.147823
  21.630859	  -0.166875
  21.640625	  -0.179503
  21.650391	  -0.181484
  21.660156	  -0.172718
  21.669922	  -0.157572
  21.679688	  -0.143429
  21.689453	  -0.137890
  21.699219	  -0.145609
  21.708984	  -0.165941
  21.718750	  -0.192308
  21.728516	  -0.213640
  21.738281	  -0.217510
  21.748047	  -0.193983
  21.757812	  -0.138905
  21.767578	  -0.055552
  21.777344	   0.045951
  21.787109	   0.151240
  21.796875	   0.245534
  21.806641	   0.317426
  21.816406	   0.361464
  21.826172	   0.378785
  21.835938	   0.375722
  21.845703	   0.361021
  21.855469	   0.342682
  21.865234	   0.325554
  21.875000	   0.310428
  21.884766	   0.294808
  21.894531	   0.274901
  21.904297	   0.247955
  21.914062	   0.213984
  21.923828	   0.176194
  21.933594	   0.139975
  21.943359	   0.110881
  21.953125	   0.092420
  21.962891	   0.084545
  21.972656	   0.083480
  21.982422	   0.082986
  21.992188	   0.076603
  22.001953	   0.060065
  22.011719	   0.032940
  22.021484	  -0.001093
  22.031250	  -0.035476
  22.041016	  -0.063050
  22.050781	  -0.078541
  22.060547	  -0.080324
  22.070312	  -0.070822
  22.080078	  -0.055398
  22.089844	  -0.040183
  22.099609	  -0.029688
  22.109375	  -0.025142
  22.119141	  -0.024215
  22.128906	  -0.022265
  22.138672	  -0.014646
  22.148438	   0.000826
  22.158203	   0.022256
  22.167969	   0.043621
  22.177734	   0.056457
  22.187500	   0.052780
  22.197266	   0.028257
  22.207031	  -0.015538
  22.216797	  -0.070663
  22.226562	  -0.124470
  22.236328	  -0.162966
  22.246094	  -0.174864
  22.255859	  -0.155028
  22.265625	  -0.106212
  22.275391	  -0.038499
  22.285156	   0.033396
  22.294922	   0.094101
  22.304688	   0.131618
  22.314453	   0.140190
  22.324219	   0.121201
  22.333984	   0.082009
  22.343750	   0.033239
  22.353516	  -0.014464
  22.363281	  -0.053124
  22.373047	  -0.078815
  22.382812	  -0.091473
  22.392578	  -0.093491
  22.402344	  -0.087859
  22.412109	  -0.076671
  22.421875	  -0.060598
  22.431641	  -0.039439
  22.441406	  -0.013380
  22.451172	   0.015744
  22.460938	   0.043895
  22.470703	   0.065407
  22.480469	   0.074615
  22.490234	   0.067990
  22.500000	   0.045923
  22.509766	   0.013362
  22.519531	  -0.021123
  22.529297	  -0.047701
  22.539062	  -0.058365
  22.548828	  -0.049679
  22.558594	  -0.024194
  22.568359	   0.010083
  22.578125	   0.042088
  22.587891	   0.061260
  22.597656	   0.061077
  22.607422	   0.041361
  22.617188	   0.008522
  22.626953	  -0.026408
  22.636719	  -0.051329
  22.646484	  -0.057048
  22.656250	  -0.040334
  22.666016	  -0.005019
  22.675781	   0.039230
  22.685547	   0.080058
  22.695312	   0.106395
  22.705078	   0.111939
  22.714844	   0.096943
  22.724609	   0.067768
  22.734375	   0.034392
  22.744141	   0.006792
  22.753906	  -0.008516
  22.763672	  -0.010568
  22.773438	  -0.003993
  22.783203	   0.002972
  22.792969	   0.001718
  22.802734	  -0.013415
  22.812500	  -0.042952
  22.822266	  -0.081970
  22.832031	  -0.121756
  22.841797	  -0.152805
  22.851562	  -0.168049
  22.861328	  -0.165175
  22.871094	  -0.147222
  22.880859	  -0.121283
  22.890625	  -0.095837
  22.900391	  -0.077722
  22.910156	  -0.069852
  22.919922	  -0.070496
  22.929688	  -0.074336
  22.939453	  -0.074862
  22.949219	  -0.067163
  22.958984	  -0.050043
  22.968750	  -0.026659
  22.978516	  -0.003430
  22.988281	   0.012363
  22.998047	   0.015392
  23.007812	   0.004424
  23.017578	  -0.017004
  23.027344	  -0.041691
  23.037109	  -0.061241
  23.046875	  -0.069021
  23.056641	  -0.062525
  23.066406	  -0.044244
  23.076172	  -0.020743
  23.085938	  -0.000237
  23.095703	   0.010424
  23.105469	   0.008291
  23.115234	  -0.004592
  23.125000	  -0.021920
  23.134766	  -0.035445
  23.144531	  -0.038037
  23.154297	  -0.026362
  23.164062	  -0.002221
  23.173828	   0.027974
  23.183594	   0.055392
  23.193359	   0.071868
  23.203125	   0.072771
  23.212891	   0.058631
  23.222656	   0.034939
  23.232422	   0.010210
  23.242188	  -0.006990
  23.251953	  -0.010988
  23.261719	  -0.000849
  23.271484	   0.019492
  23.281250	   0.042838
  23.291016	   0.061444
  23.300781	   0.069815
  23.310547	   0.066553
  23.320312	   0.054583
  23.330078	   0.039709
  23.339844	   0.028072
  23.349609	   0.023506
  23.359375	   0.025831
  23.369141	   0.030764
  23.378906	   0.031538
  23.388672	   0.021638
  23.398438	  -0.002334
  23.408203	  -0.038793
  23.417969	  -0.081029
  23.427734	  -0.118957
  23.437500	  -0.142209
  23.447266	  -0.143515
  23.457031	  -0.121207
  23.466797	  -0.079936
  23.476562	  -0.029335
  23.486328	   0.018963
  23.496094	   0.054934
  23.505859	   0.073194
  23.515625	   0.074430
  23.525391	   0.064784
  23.535156	   0.053453
  23.544922	   0.049374
  23.554688	   0.058159
  23.564453	   0.080322
  23.574219	   0.111364
  23.583984	   0.143606
  23.593750	   0.169028
  23.603516	   0.182080
  23.613281	   0.181441
  23.623047	   0.170149
  23.632812	   0.154128
  23.642578	   0.139735
  23.652344	   0.131284
  23.662109	   0.129493
  23.671875	   0.131416
  23.681641	   0.131835
  23.691406	   0.125554
  23.701172	   0.109654
  23.710938	   0.084839
  23.720703	   0.055313
  23.730469	   0.027233
  23.740234	   0.006324
  23.750000	  -0.004431
  23.759766	  -0.006094
  23.769531	  -0.003549
  23.779297	  -0.003766
  23.789062	  -0.013166
  23.798828	  -0.035056
  23.808594	  -0.068108
  23.818359	  -0.106473
  23.828125	  -0.141561
  23.837891	  -0.164871
  23.847656	  -0.170895
  23.857422	  -0.159025
  23.867188	  -0.133790
  23.876953	  -0.103311
  23.886719	  -0.076521
  23.896484	  -0.060127
  23.906250	  -0.056422
  23.916016	  -0.062700
  23.925781	  -0.072487
  23.935547	  -0.078103
  23.945312	  -0.073628
  23.955078	  -0.057146
  23.964844	  -0.031473
  23.974609	  -0.003085
  23.984375	   0.020339
  23.994141	   0.032835
  24.003906	   0.032429
  24.013672	   0.021909
  24.023438	   0.007776
  24.033203	  -0.002256
  24.042969	  -0.002297
  24.052734	   0.009294
  24.062500	   0.029015
  24.072266	   0.049253
  24.082031	   0.060917
  24.091797	   0.056755
  24.101562	   0.034164
  24.111328	  -0.003536
  24.121094	  -0.047877
  24.130859	  -0.087820
  24.140625	  -0.113277
  24.150391	  -0.118341
  24.160156	  -0.103108
  24.169922	  -0.073446
  24.179688	  -0.038817
  24.189453	  -0.008927
  24.199219	   0.009582
  24.208984	   0.015230
  24.218750	   0.011848
  24.228516	   0.006752
  24.238281	   0.007629
  24.248047	   0.019302
  24.257812	   0.041572
  24.267578	   0.068951
  24.277344	   0.092407
  24.287109	   0.102517
  24.296875	   0.092879
  24.306641	   0.062572
  24.316406	   0.016735
  24.326172	  -0.034943
  24.335938	  -0.081316
  24.345703	  -0.113371
  24.355469	  -0.127029
  24.365234	  -0.124202
  24.375000	  -0.111715
  24.384766	  -0.098523
  24.394531	  -0.092231
  24.404297	  -0.096182
  24.414062	  -0.108175
  24.423828	  -0.121270
  24.433594	  -0.126404
  24.443359	  -0.115865
  24.453125	  -0.086373
  24.462891	  -0.040658
  24.472656	   0.013046
  24.482422	   0.063439
  24.492188	   0.099668
  24.501953	   0.114702
  24.511719	   0.107416
  24.521484	   0.082688
  24.531250	   0.049522
  24.541016	   0.017923
  24.550781	  -0.004374
  24.560547	  -0.014158
  24.570312	  -0.013256
  24.580078	  -0.007204
  24.589844	  -0.002666
  24.599609	  -0.004615
  24.609375	  -0.014354
  24.619141	  -0.029091
  24.628906	  -0.043205
  24.638672	  -0.050650
  24.648438	  -0.047554
  24.658203	  -0.033969
  24.667969	  -0.014081
  24.677734	   0.005243
  24.687500	   0.017031
  24.697266	   0.016929
  24.707031	   0.005018
  24.716797	  -0.013994
  24.726562	  -0.032364
  24.736328	  -0.042118
  24.746094	  -0.038081
  24.755859	  -0.019989
  24.765625	   0.007124
  24.775391	   0.034483
  24.785156	   0.052567
  24.794922	   0.054504
  24.804688	   0.038659
  24.814453	   0.009467
  24.824219	  -0.023824
  24.833984	  -0.050112
  24.843750	  -0.060099
  24.853516	  -0.049380
  24.863281	  -0.019908
  24.873047	   0.020674
  24.882812	   0.061591
  24.892578	   0.092486
  24.902344	   0.106740
  24.912109	   0.103405
  24.921875	   0.087149
  24.931641	   0.066273
  24.941406	   0.049555
  24.951172	   0.043097
  24.960938	   0.048267
  24.970703	   0.061473
  24.980469	   0.075760
  24.990234	   0.083630
  25.000000	   0.079977
  25.009766	   0.064083
  25.019531	   0.039914
  25.029297	   0.014654
  25.039062	  -0.003981
  25.048828	  -0.010618
  25.058594	  -0.004231
  25.068359	   0.011492
  25.078125	   0.029544
  25.087891	   0.042255
  25.097656	   0.044223
  25.107422	   0.034431
  25.117188	   0.016762
  25.126953	  -0.001292
  25.136719	  -0.011285
  25.146484	  -0.006882
  25.156250	   0.013772
  25.166016	   0.047216
  25.175781	   0.085679
  25.185547	   0.119558
  25.195312	   0.140491
  25.205078	   0.143926
  25.214844	   0.130326
  25.224609	   0.104610
  25.234375	   0.074115
  25.244141	   0.045871
  25.253906	   0.024221
  25.263672	   0.009647
  25.273438	  -0.000786
  25.283203	  -0.011615
  25.292969	  -0.026533
  25.302734	  -0.046312
  25.312500	  -0.067954
  25.322266	  -0.085451
  25.332031	  -0.091933
  25.341797	  -0.082413
  25.351562	  -0.056097
  25.361328	  -0.017344
  25.371094	   0.025178
  25.380859	   0.060937
  25.390625	   0.080783
  25.400391	   0.079906
  25.410156	   0.059448
  25.419922	   0.026210
  25.429688	  -0.009497
  25.439453	  -0.037126
  25.449219	  -0.049186
  25.458984	  -0.043463
  25.468750	  -0.023418
  25.478516	   0.003292
  25.488281	   0.027625
  25.498047	   0.042270
  25.507812	   0.043969
  25.517578	   0.034272
  25.527344	   0.018529
  25.537109	   0.003555
  25.546875	  -0.005112
  25.556641	  -0.005328
  25.566406	   0.000947
  25.576172	   0.008568
  25.585938	   0.011400
  25.595703	   0.004912
  25.605469	  -0.011812
  25.615234	  -0.035425
  25.625000	  -0.059299
  25.634766	  -0.075785
  25.644531	  -0.078936
  25.654297	  -0.066682
  25.664062	  -0.041667
  25.673828	  -0.010424
  25.683594	   0.018805
  25.693359	   0.038819
  25.703125	   0.045790
  25.712891	   0.040328
  25.722656	   0.026927
  25.732422	   0.012026
  25.742188	   0.001428
  25.751953	  -0.001948
  25.761719	   0.000865
  25.771484	   0.005399
  25.781250	   0.005643
  25.791016	  -0.003400
  25.800781	  -0.023478
  25.810547	  -0.052034
  25.820312	  -0.082776
  25.830078	  -0.107705
  25.839844	  -0.119887
  25.849609	  -0.115967
  25.859375	  -0.097506
  25.869141	  -0.070606
  25.878906	  -0.043947
  25.888672	  -0.025889
  25.898438	  -0.021667
  25.908203	  -0.031656
  25.917969	  -0.051333
  25.927734	  -0.072920
  25.937500	  -0.088142
  25.947266	  -0.091088
  25.957031	  -0.080187
  25.966797	  -0.058604
  25.976562	  -0.032955
  25.986328	  -0.010832
  25.996094	   0.001933
  26.005859	   0.003279
  26.015625	  -0.004525
  26.025391	  -0.015931
  26.035156	  -0.024361
  26.044922	  -0.024782
  26.054688	  -0.015651
  26.064453	   0.000504
  26.074219	   0.018071
  26.083984	   0.030525
  26.093750	   0.032955
  26.103516	   0.023999
  26.113281	   0.006434
  26.123047	  -0.013793
  26.132812	  -0.029752
  26.142578	  -0.036113
  26.152344	  -0.031154
  26.162109	  -0.017437
  26.171875	  -0.000869
  26.181641	   0.011507
  26.191406	   0.014191
  26.201172	   0.005370
  26.210938	  -0.012284
  26.220703	  -0.032487
  26.230469	  -0.047587
  26.240234	  -0.051383
  26.250000	  -0.041472
  26.259766	  -0.020248
  26.269531	   0.005838
  26.279297	   0.028534
  26.289062	   0.040745
  26.298828	   0.039153
  26.308594	   0.025514
  26.318359	   0.006148
  26.328125	  -0.010212
  26.337891	  -0.015495
  26.347656	  -0.005167
  26.357422	   0.020101
  26.367188	   0.054579
  26.376953	   0.089412
  26.386719	   0.115639
  26.396484	   0.127251
  26.406250	   0.123187
  26.416016	   0.107573
  26.425781	   0.088123
  26.435547	   0.073281
  26.445312	   0.069143
  26.455078	   0.077244
  26.464844	   0.094014
  26.474609	   0.112076
  26.484375	   0.122909
  26.494141	   0.119919
  26.503906	   0.100804
  26.513672	   0.068380
  26.523438	   0.029580
  26.533203	  -0.006996
  26.542969	  -0.034075
  26.552734	  -0.048185
  26.562500	  -0.050708
  26.572266	  -0.047168
  26.582031	  -0.045026
  26.591797	  -0.050814
  26.601562	  -0.067646
  26.611328	  -0.094022
  26.621094	  -0.124331
  26.630859	  -0.150865
  26.640625	  -0.166577
  26.650391	  -0.167575
  26.660156	  -0.154447
  26.669922	  -0.131939
  26.679688	  -0.107141
  26.689453	  -0.086852
  26.699219	  -0.075132
  26.708984	  -0.071927
  26.718750	  -0.073277
  26.728516	  -0.073016
  26.738281	  -0.065311
  26.748047	  -0.047069
  26.757812	  -0.019306
  26.767578	   0.013065
  26.777344	   0.042966
  26.787109	   0.063780
  26.796875	   0.071901
  26.806641	   0.068252
  26.816406	   0.058176
  26.826172	   0.049700
  26.835938	   0.050760
  26.845703	   0.066361
  26.855469	   0.096685
  26.865234	   0.136828
  26.875000	   0.178272
  26.884766	   0.211576
  26.894531	   0.229362
  26.904297	   0.228555
  26.914062	   0.211127
  26.923828	   0.183134
  26.933594	   0.152431
  26.943359	   0.125939
  26.953125	   0.107437
  26.962891	   0.096647
  26.972656	   0.089900
  26.982422	   0.082036
  26.992188	   0.068787
  27.001953	   0.048691
  27.011719	   0.023805
  27.021484	  -0.001048
  27.031250	  -0.020205
  27.041016	  -0.029484
  27.050781	  -0.028000
  27.060547	  -0.018716
  27.070312	  -0.007487
  27.080078	  -0.000910
  27.089844	  -0.003777
  27.099609	  -0.017098
  27.109375	  -0.037485
  27.119141	  -0.058196
  27.128906	  -0.071528
  27.138672	  -0.071704
  27.148438	  -0.057227
  27.158203	  -0.031773
  27.167969	  -0.003242
  27.177734	   0.018773
  27.187500	   0.026279
  27.197266	   0.015755
  27.207031	  -0.010398
  27.216797	  -0.044422
  27.226562	  -0.075658
  27.236328	  -0.094098
  27.246094	  -0.093871
  27.255859	  -0.075478
  27.265625	  -0.046007
  27.275391	  -0.017219
  27.285156	  -0.002129
  27.294922	  -0.011174
  27.304688	  -0.049189
  27.314453	  -0.114136
  27.324219	  -0.197916
  27.333984	  -0.288905
  27.343750	  -0.375323
  27.353516	  -0.448314
  27.363281	  -0.503773
  27.373047	  -0.542473
  27.382812	  -0.568620
  27.392578	  -0.587513
  27.402344	  -0.603241
  27.412109	  -0.617232
  27.421875	  -0.628116
  27.431641	  -0.632789
  27.441406	  -0.628162
  27.451172	  -0.612786
  27.460938	  -0.587679
  27.470703	  -0.556008
  27.480469	  -0.521762
  27.490234	  -0.487969
  27.500000	  -0.455204
  27.509766	  -0.421033
  27.519531	  -0.380671
  27.529297	  -0.328670
  27.539062	  -0.261028
  27.548828	  -0.176950
  27.558594	  -0.079579
  27.568359	   0.024587
  27.578125	   0.127419
  27.587891	   0.221396
  27.597656	   0.301556
  27.607422	   0.366464
  27.617188	   0.417859
  27.626953	   0.459147
  27.636719	   0.493348
  27.646484	   0.521291
  27.656250	   0.540798
  27.666016	   0.547188
  27.675781	   0.534950
  27.685547	   0.499991
  27.695312	   0.441608
  27.705078	   0.363446
  27.714844	   0.273043
  27.724609	   0.180109
  27.734375	   0.094114
  27.744141	   0.022062
  27.753906	  -0.032797
  27.763672	  -0.070874
  27.773438	  -0.094880
  27.783203	  -0.107790
  27.792969	  -0.110981
  27.802734	  -0.103336
  27.812500	  -0.081740
  27.822266	  -0.042820
  27.832031	   0.014710
  27.841797	   0.088043
  27.851562	   0.169519
  27.861328	   0.247574
  27.871094	   0.309288
  27.880859	   0.343811
  27.890625	   0.345566
  27.900391	   0.316141
  27.910156	   0.264150
  27.919922	   0.203024
  27.929688	   0.147340
  27.939453	   0.108831
  27.949219	   0.093314
  27.958984	   0.099476
  27.968750	   0.119854
  27.978516	   0.143626
  27.988281	   0.160226
  27.998047	   0.162597
  28.007812	   0.149037
  28.017578	   0.123137
  28.027344	   0.091966
  28.037109	   0.063272
  28.046875	   0.042750
  28.056641	   0.032332
  28.066406	   0.030053
  28.076172	   0.031403
  28.085938	   0.031539
  28.095703	   0.027445
  28.105469	   0.019157
  28.115234	   0.009596
  28.125000	   0.003110
  28.134766	   0.003332
  28.144531	   0.011261
  28.154297	   0.024400
  28.164062	   0.037344
  28.173828	   0.043697
  28.183594	   0.038599
  28.193359	   0.020905
  28.203125	  -0.005872
  28.212891	  -0.034326
  28.222656	  -0.055454
  28.232422	  -0.061750
  28.242188	  -0.049985
  28.251953	  -0.022677
  28.261719	   0.012379
  28.271484	   0.044430
  28.281250	   0.063212
  28.291016	   0.062372
  28.300781	   0.041671
  28.310547	   0.007211
  28.320312	  -0.030447
  28.330078	  -0.059644
  28.339844	  -0.071346
  28.349609	  -0.061966
  28.359375	  -0.034352
  28.369141	   0.003368
  28.378906	   0.040638
  28.388672	   0.068018
  28.398438	   0.080171
  28.408203	   0.077287
  28.417969	   0.064514
  28.427734	   0.049651
  28.437500	   0.040023
  28.447266	   0.039684
  28.457031	   0.047980
  28.466797	   0.059970
  28.476562	   0.068527
  28.486328	   0.067298
  28.496094	   0.053413
  28.505859	   0.028909
  28.515625	   0.000307
  28.525391	  -0.023538
  28.535156	  -0.034553
  28.544922	  -0.028421
  28.554688	  -0.006343
  28.564453	   0.025070
  28.574219	   0.055748
  28.583984	   0.075293
  28.593750	   0.076223
  28.603516	   0.056210
  28.613281	   0.018606
  28.623047	  -0.028876
  28.632812	  -0.076774
  28.642578	  -0.116818
  28.652344	  -0.144146
  28.662109	  -0.158060
  28.671875	  -0.161172
  28.681641	  -0.157368
  28.691406	  -0.149509
  28.701172	  -0.137824
  28.710938	  -0.119682
  28.720703	  -0.090862
  28.730469	  -0.047844
  28.740234	   0.009816
  28.750000	   0.078019
  28.759766	   0.148273
  28.769531	   0.209572
  28.779297	   0.251472
  28.789062	   0.267333
  28.798828	   0.256597
  28.808594	   0.225231
  28.818359	   0.184110
  28.828125	   0.145780
  28.837891	   0.120675
  28.847656	   0.114000
  28.857422	   0.124345
  28.867188	   0.144458
  28.876953	   0.163896
  28.886719	   0.172632
  28.896484	   0.164356
  28.906250	   0.138377
  28.916016	   0.099503
  28.925781	   0.056021
  28.935547	   0.016552
  28.945312	  -0.013041
  28.955078	  -0.031598
  28.964844	  -0.042743
  28.974609	  -0.053133
  28.984375	  -0.069539
  28.994141	  -0.095854
  29.003906	  -0.131167
  29.013672	  -0.169632
  29.023438	  -0.202214
  29.033203	  -0.219730
  29.042969	  -0.216102
  29.052734	  -0.190671
  29.062500	  -0.148739
  29.072266	  -0.100129
  29.082031	  -0.056233
  29.091797	  -0.026562
  29.101562	  -0.015946
  29.111328	  -0.023323
  29.121094	  -0.042466
  29.130859	  -0.064347
  29.140625	  -0.080286
  29.150391	  -0.084776
  29.160156	  -0.077068
  29.169922	  -0.061034
  29.179688	  -0.043483
  29.189453	  -0.031592
  29.199219	  -0.030435
  29.208984	  -0.041452
  29.218750	  -0.062321
  29.228516	  -0.088164
  29.238281	  -0.113516
  29.248047	  -0.134230
  29.257812	  -0.148598
  29.267578	  -0.157293
  29.277344	  -0.162259
  29.287109	  -0.165101
  29.296875	  -0.165726
  29.306641	  -0.161884
  29.316406	  -0.149897
  29.326172	  -0.126331
  29.335938	  -0.089973
  29.345703	  -0.043277
  29.355469	   0.007402
  29.365234	   0.053058
  29.375000	   0.084459
  29.384766	   0.094991
  29.394531	   0.082926
  29.404297	   0.052276
  29.414062	   0.011842
  29.423828	  -0.027320
  29.433594	  -0.055219
  29.443359	  -0.065957
  29.453125	  -0.059454
  29.462891	  -0.041279
  29.472656	  -0.020638
  29.482422	  -0.007219
  29.492188	  -0.007930
  29.501953	  -0.024654
  29.511719	  -0.053743
  29.521484	  -0.087392
  29.531250	  -0.116362
  29.541016	  -0.133106
  29.550781	  -0.134191
  29.560547	  -0.121215
  29.570312	  -0.099956
  29.580078	  -0.078102
  29.589844	  -0.062411
  29.599609	  -0.056323
  29.609375	  -0.058846
  29.619141	  -0.065055
  29.628906	  -0.067968
  29.638672	  -0.061084
  29.648438	  -0.040628
  29.658203	  -0.006745
  29.667969	   0.036758
  29.677734	   0.083922
  29.687500	   0.128802
  29.697266	   0.167418
  29.707031	   0.198788
  29.716797	   0.224687
  29.726562	   0.248290
  29.736328	   0.272302
  29.746094	   0.297349
  29.755859	   0.321305
  29.765625	   0.339864
  29.775391	   0.348150
  29.785156	   0.342748
  29.794922	   0.323355
  29.804688	   0.293365
  29.814453	   0.259088
  29.824219	   0.227825
  29.833984	   0.205454
  29.843750	   0.194390
  29.853516	   0.192672
  29.863281	   0.194530
  29.873047	   0.192272
  29.882812	   0.178828
  29.892578	   0.150075
  29.902344	   0.106127
  29.912109	   0.051164
  29.921875	  -0.008101
  29.931641	  -0.064728
  29.941406	  -0.113755
  29.951172	  -0.153493
  29.960938	  -0.185455
  29.970703	  -0.212979
  29.980469	  -0.239119
  29.990234	  -0.264667
  30.000000	  -0.287112
  30.009766	  -0.301022
  30.019531	  -0.299766
  30.029297	  -0.278005
  30.039062	  -0.234034
  30.048828	  -0.171080
  30.058594	  -0.097042
  30.068359	  -0.022650
  30.078125	   0.041342
  30.087891	   0.087026
  30.097656	   0.111268
  30.107422	   0.116077
  30.117188	   0.107317
  30.126953	   0.092252
  30.136719	   0.076854
  30.146484	   0.063847
  30.156250	   0.052195
  30.166016	   0.038187
  30.175781	   0.017670
  30.185547	  -0.011462
  30.195312	  -0.047518
  30.205078	  -0.084750
  30.214844	  -0.114771
  30.224609	  -0.129215
  30.234375	  -0.122725
  30.244141	  -0.095179
  30.253906	  -0.052308
  30.263672	  -0.004406
  30.273438	   0.036514
  30.283203	   0.060195
  30.292969	   0.061102
  30.302734	   0.039890
  30.312500	   0.002900
  30.322266	  -0.040107
  30.332031	  -0.079176
  30.341797	  -0.107235
  30.351562	  -0.121968
  30.361328	  -0.125919
  30.371094	  -0.124867
  30.380859	  -0.125148
  30.390625	  -0.130950
  30.400391	  -0.142588
  30.410156	  -0.156381
  30.419922	  -0.166130
  30.429688	  -0.165616
  30.439453	  -0.151142
  30.449219	  -0.123154
  30.458984	  -0.086286
  30.468750	  -0.047829
  30.478516	  -0.015160
  30.488281	   0.006896
  30.498047	   0.017775
  30.507812	   0.021303
  30.517578	   0.024162
  30.527344	   0.033237
  30.537109	   0.052822
  30.546875	   0.082723
  30.556641	   0.117987
  30.566406	   0.150407
  30.576172	   0.171305
  30.585938	   0.174607
  30.595703	   0.159120
  30.605469	   0.129172
  30.615234	   0.093360
  30.625000	   0.061814
  30.634766	   0.042901
  30.644531	   0.040513
  30.654297	   0.052857
  30.664062	   0.073146
  30.673828	   0.091911
  30.683594	   0.100133
  30.693359	   0.092088
  30.703125	   0.066966
  30.712891	   0.028775
  30.722656	  -0.015331
  30.732422	  -0.057605
  30.742188	  -0.092174
  30.751953	  -0.116519
  30.761719	  -0.131512
  30.771484	  -0.140093
  30.781250	  -0.145234
  30.791016	  -0.148079
  30.800781	  -0.147072
  30.810547	  -0.138462
  30.820312	  -0.118036
  30.830078	  -0.083373
  30.839844	  -0.035682
  30.849609	   0.019593
  30.859375	   0.073811
  30.869141	   0.117558
  30.878906	   0.143687
  30.888672	   0.149882
  30.898438	   0.139762
  30.908203	   0.122029
  30.917969	   0.107815
  30.927734	   0.107059
  30.937500	   0.125113
  30.947266	   0.160734
  30.957031	   0.206188
  30.966797	   0.249493
  30.976562	   0.278064
  30.986328	   0.282588
  30.996094	   0.259837
  31.005859	   0.213509
  31.015625	   0.152865
  31.025391	   0.089665
  31.035156	   0.034500
  31.044922	  -0.006244
  31.054688	  -0.031770
  31.064453	  -0.046230
  31.074219	  -0.056382
  31.083984	  -0.068494
  31.093750	  -0.085648
  31.103516	  -0.106460
  31.113281	  -0.125633
  31.123047	  -0.136126
  31.132812	  -0.132081
  31.142578	  -0.111392
  31.152344	  -0.076948
  31.162109	  -0.036051
  31.171875	   0.001787
  31.181641	   0.027884
  31.191406	   0.037173
  31.201172	   0.029724
  31.210938	   0.010483
  31.220703	  -0.012657
  31.230469	  -0.031717
  31.240234	  -0.041370
  31.250000	  -0.040551
  31.259766	  -0.032375
  31.269531	  -0.022437
  31.279297	  -0.016183
  31.289062	  -0.016399
  31.298828	  -0.021802
  31.308594	  -0.027339
  31.318359	  -0.026114
  31.328125	  -0.012263
  31.337891	   0.016299
  31.347656	   0.056328
  31.357422	   0.099560
  31.367188	   0.134858
  31.376953	   0.151549
  31.386719	   0.142809
  31.396484	   0.107951
  31.406250	   0.052793
  31.416016	  -0.012005
  31.425781	  -0.074105
  31.435547	  -0.123057
  31.445312	  -0.153090
  31.455078	  -0.164213
  31.464844	  -0.161344
  31.474609	  -0.151885
  31.484375	  -0.142686
  31.494141	  -0.137528
  31.503906	  -0.136038
  31.513672	  -0.134356
  31.523438	  -0.127230
  31.533203	  -0.110646
  31.542969	  -0.083949
  31.552734	  -0.050564
  31.562500	  -0.017018
  31.572266	   0.009404
  31.582031	   0.023468
  31.591797	   0.024174
  31.601562	   0.015424
  31.611328	   0.004841
  31.621094	   0.001087
  31.630859	   0.010647
  31.640625	   0.035229
  31.650391	   0.070813
  31.660156	   0.108745
  31.669922	   0.138589
  31.679688	   0.151753
  31.689453	   0.144629
  31.699219	   0.120099
  31.708984	   0.086819
  31.718750	   0.056487
  31.728516	   0.039991
  31.738281	   0.043777
  31.748047	   0.067690
  31.757812	   0.105053
  31.767578	   0.144976
  31.777344	   0.176072
  31.787109	   0.190301
  31.796875	   0.185590
  31.806641	   0.166322
  31.816406	   0.141529
  31.826172	   0.121472
  31.835938	   0.113798
  31.845703	   0.120686
  31.855469	   0.137960
  31.865234	   0.156515
  31.875000	   0.165519
  31.884766	   0.156262
  31.894531	   0.125285
  31.904297	   0.075677
  31.914062	   0.016088
  31.923828	  -0.042164
  31.933594	  -0.088888
  31.943359	  -0.118345
  31.953125	  -0.130950
  31.962891	  -0.132782
  31.972656	  -0.133089
  31.982422	  -0.140725
  31.992188	  -0.160778
  32.001953	  -0.192621
  32.011719	  -0.230027
  32.021484	  -0.263326
  32.031250	  -0.282785
  32.041016	  -0.282029
  32.050781	  -0.260291
  32.060547	  -0.222727
  32.070312	  -0.178720
  32.080078	  -0.138816
  32.089844	  -0.111377
  32.099609	  -0.100115
  32.109375	  -0.103322
  32.119141	  -0.114962
  32.128906	  -0.127140
  32.138672	  -0.132998
  32.148438	  -0.128972
  32.158203	  -0.115641
  32.167969	  -0.096955
  32.177734	  -0.078253
  32.187500	  -0.063924
  32.197266	  -0.055655
  32.207031	  -0.051958
  32.216797	  -0.049139
  32.226562	  -0.043277
  32.236328	  -0.032384
  32.246094	  -0.017823
  32.255859	  -0.004343
  32.265625	   0.001366
  32.275391	  -0.006875
  32.285156	  -0.032202
  32.294922	  -0.073050
  32.304688	  -0.123085
  32.314453	  -0.172826
  32.324219	  -0.212457
  32.333984	  -0.234868
  32.343750	  -0.237844
  32.353516	  -0.224608
  32.363281	  -0.202515
  32.373047	  -0.180340
  32.382812	  -0.165149
  32.392578	  -0.159862
  32.402344	  -0.162412
  32.412109	  -0.166785
  32.421875	  -0.165577
  32.431641	  -0.153103
  32.441406	  -0.127897
  32.451172	  -0.093657
  32.460938	  -0.058225
  32.470703	  -0.030935
  32.480469	  -0.019260
  32.490234	  -0.025957
  32.500000	  -0.047778
  32.509766	  -0.076248
  32.519531	  -0.100282
  32.529297	  -0.109764
  32.539062	  -0.098835
  32.548828	  -0.067755
  32.558594	  -0.022670
  32.568359	   0.026602
  32.578125	   0.070005
  32.587891	   0.100654
  32.597656	   0.117022
  32.607422	   0.123143
  32.617188	   0.126782
  32.626953	   0.136245
  32.636719	   0.157014
  32.646484	   0.189427
  32.656250	   0.228269
  32.666016	   0.264428
  32.675781	   0.288049
  32.685547	   0.292057
  32.695312	   0.274793
  32.705078	   0.240816
  32.714844	   0.199562
  32.724609	   0.162317
  32.734375	   0.138548
  32.744141	   0.132850
  32.753906	   0.143553
  32.763672	   0.163443
  32.773438	   0.182306
  32.783203	   0.190405
  32.792969	   0.181671
  32.802734	   0.155562
  32.812500	   0.117008
  32.822266	   0.074558
  32.832031	   0.037473
  32.841797	   0.012802
  32.851562	   0.003461
  32.861328	   0.007903
  32.871094	   0.021338
  32.880859	   0.037946
  32.890625	   0.053134
  32.900391	   0.064997
  32.910156	   0.074450
  32.919922	   0.084079
  32.929688	   0.096272
  32.939453	   0.111463
  32.949219	   0.127288
  32.958984	   0.139050
  32.968750	   0.141375
  32.978516	   0.130433
  32.988281	   0.105825
  32.998047	   0.071337
  33.007812	   0.034164
  33.017578	   0.002773
  33.027344	  -0.015874
  33.037109	  -0.018757
  33.046875	  -0.007985
  33.056641	   0.009765
  33.066406	   0.025410
  33.076172	   0.030512
  33.085938	   0.020160
  33.095703	  -0.005338
  33.105469	  -0.040558
  33.115234	  -0.076830
  33.125000	  -0.105221
  33.134766	  -0.119567
  33.144531	  -0.118483
  33.154297	  -0.105637
  33.164062	  -0.088223
  33.173828	  -0.074187
  33.183594	  -0.069248
  33.193359	  -0.074794
  33.203125	  -0.087421
  33.212891	  -0.100275
  33.222656	  -0.105683
  33.232422	  -0.098104
  33.242188	  -0.076288
  33.251953	  -0.043846
  33.261719	  -0.008027
  33.271484	   0.022852
  33.281250	   0.042345
  33.291016	   0.048081
  33.300781	   0.042394
  33.310547	   0.031128
  33.320312	   0.021043
  33.330078	   0.016813
  33.339844	   0.018773
  33.349609	   0.022314
  33.359375	   0.019264
  33.369141	   0.000821
  33.378906	  -0.038947
  33.388672	  -0.100313
  33.398438	  -0.176844
  33.408203	  -0.256576
  33.417969	  -0.325101
  33.427734	  -0.369588
  33.437500	  -0.382433
  33.447266	  -0.363333
  33.457031	  -0.319115
  33.466797	  -0.261421
  33.476562	  -0.203075
  33.486328	  -0.154356
  33.496094	  -0.120428
  33.505859	  -0.100693
  33.515625	  -0.090148
  33.525391	  -0.082108
  33.535156	  -0.071186
  33.544922	  -0.055405
  33.554688	  -0.036663
  33.564453	  -0.019470
  33.574219	  -0.008522
  33.583984	  -0.006163
  33.593750	  -0.010822
  33.603516	  -0.017132
  33.613281	  -0.017803
  33.623047	  -0.006595
  33.632812	   0.018736
  33.642578	   0.054691
  33.652344	   0.092283
  33.662109	   0.119411
  33.671875	   0.124657
  33.681641	   0.101292
  33.691406	   0.050095
  33.701172	  -0.020044
  33.710938	  -0.094064
  33.720703	  -0.154685
  33.730469	  -0.187173
  33.740234	  -0.183410
  33.750000	  -0.143999
  33.759766	  -0.077758
  33.769531	   0.001160
  33.779297	   0.077561
  33.789062	   0.139492
  33.798828	   0.181174
  33.808594	   0.203734
  33.818359	   0.213668
  33.828125	   0.219709
  33.837891	   0.229281
  33.847656	   0.245752
  33.857422	   0.267385
  33.867188	   0.288174
  33.876953	   0.300143
  33.886719	   0.296155
  33.896484	   0.272218
  33.906250	   0.228508
  33.916016	   0.168907
  33.925781	   0.099404
  33.935547	   0.026122
  33.945312	  -0.046189
  33.955078	  -0.114617
  33.964844	  -0.177442
  33.974609	  -0.232792
  33.984375	  -0.277362
  33.994141	  -0.305955
  34.003906	  -0.312261
  34.013672	  -0.290776
  34.023438	  -0.239221
  34.033203	  -0.160521
  34.042969	  -0.063460
  34.052734	   0.038502
  34.062500	   0.130082
  34.072266	   0.197941
  34.082031	   0.234221
  34.091797	   0.238661
  34.101562	   0.218594
  34.111328	   0.186721
  34.121094	   0.157362
  34.130859	   0.142350
  34.140625	   0.147873
  34.150391	   0.173228
  34.160156	   0.211804
  34.169922	   0.253852
  34.179688	   0.289999
  34.189453	   0.314272
  34.199219	   0.325584
  34.208984	   0.327262
  34.218750	   0.324888
  34.228516	   0.323345
  34.238281	   0.324250
  34.248047	   0.324753
  34.257812	   0.318194
  34.267578	   0.296395
  34.277344	   0.252745
  34.287109	   0.184960
  34.296875	   0.096471
  34.306641	  -0.004060
  34.316406	  -0.104976
  34.326172	  -0.194833
  34.335938	  -0.265473
  34.345703	  -0.313932
  34.355469	  -0.342571
  34.365234	  -0.357485
  34.375000	  -0.365852
  34.384766	  -0.373225
  34.394531	  -0.381768
  34.404297	  -0.390029
  34.414062	  -0.394218
  34.423828	  -0.390415
  34.433594	  -0.376738
  34.443359	  -0.354588
  34.453125	  -0.328426
  34.462891	  -0.304153
  34.472656	  -0.286752
  34.482422	  -0.278135
  34.492188	  -0.276114
  34.501953	  -0.274994
  34.511719	  -0.267647
  34.521484	  -0.248335
  34.531250	  -0.215217
  34.541016	  -0.171536
  34.550781	  -0.124931
  34.560547	  -0.085024
  34.570312	  -0.060066
  34.580078	  -0.053861
  34.589844	  -0.064099
  34.599609	  -0.082802
  34.609375	  -0.098814
  34.619141	  -0.101526
  34.628906	  -0.084535
  34.638672	  -0.047930
  34.648438	   0.001676
  34.658203	   0.053447
  34.667969	   0.096195
  34.677734	   0.122486
  34.687500	   0.131507
  34.697266	   0.129610
  34.707031	   0.128273
  34.716797	   0.140098
  34.726562	   0.174191
  34.736328	   0.232532
  34.746094	   0.308609
  34.755859	   0.388861
  34.765625	   0.456498
  34.775391	   0.496457
  34.785156	   0.499853
  34.794922	   0.466447
  34.804688	   0.404359
  34.814453	   0.327153
  34.824219	   0.249353
  34.833984	   0.181934
  34.843750	   0.129335
  34.853516	   0.088939
  34.863281	   0.053134
  34.873047	   0.013107
  34.882812	  -0.037036
  34.892578	  -0.097327
  34.902344	  -0.161255
  34.912109	  -0.217569
  34.921875	  -0.253948
  34.931641	  -0.261218
  34.941406	  -0.236657
  34.951172	  -0.185224
  34.960938	  -0.118301
  34.970703	  -0.050400
  34.980469	   0.005034
  34.990234	   0.039329
  35.000000	   0.050598
  35.009766	   0.043505
  35.019531	   0.027024
  35.029297	   0.011079
  35.039062	   0.003291
  35.048828	   0.006943
  35.058594	   0.020706
  35.068359	   0.040041
  35.078125	   0.059554
  35.087891	   0.075273
  35.097656	   0.085957
  35.107422	   0.092978
  35.117188	   0.098942
  35.126953	   0.105722
  35.136719	   0.112851
  35.146484	   0.117022
  35.156250	   0.113009
  35.166016	   0.095715
  35.175781	   0.062531
  35.185547	   0.015050
  35.195312	  -0.040672
  35.205078	  -0.095529
  35.214844	  -0.140074
  35.224609	  -0.167591
  35.234375	  -0.176399
  35.244141	  -0.170521
  35.253906	  -0.158371
  35.263672	  -0.149876
  35.273438	  -0.153013
  35.283203	  -0.170989
  35.292969	  -0.201090
  35.302734	  -0.235627
  35.312500	  -0.264653
  35.322266	  -0.279469
  35.332031	  -0.275641
  35.341797	  -0.254427
  35.351562	  -0.222071
  35.361328	  -0.187264
  35.371094	  -0.157708
  35.380859	  -0.137132
  35.390625	  -0.123906
  35.400391	  -0.111858
  35.410156	  -0.093039
  35.419922	  -0.061427
  35.429688	  -0.016160
  35.439453	   0.037015
  35.449219	   0.086753
  35.458984	   0.119416
  35.468750	   0.123594
  35.478516	   0.094295
  35.488281	   0.035271
  35.498047	  -0.041435
  35.507812	  -0.118725
  35.517578	  -0.179466
  35.527344	  -0.211661
  35.537109	  -0.212044
  35.546875	  -0.186870
  35.556641	  -0.149636
  35.566406	  -0.116489
  35.576172	  -0.100891
  35.585938	  -0.109326
  35.595703	  -0.139497
  35.605469	  -0.181531
  35.615234	  -0.221713
  35.625000	  -0.247353
  35.634766	  -0.251047
  35.644531	  -0.232842
  35.654297	  -0.199600
  35.664062	  -0.161886
  35.673828	  -0.129595
  35.683594	  -0.108001
  35.693359	  -0.095724
  35.703125	  -0.085382
  35.712891	  -0.066708
  35.722656	  -0.030969
  35.732422	   0.024995
  35.742188	   0.096669
  35.751953	   0.172573
  35.761719	   0.237657
  35.771484	   0.278234
  35.781250	   0.286724
  35.791016	   0.264513
  35.800781	   0.221820
  35.810547	   0.174552
  35.820312	   0.139161
  35.830078	   0.127238
  35.839844	   0.141702
  35.849609	   0.175914
  35.859375	   0.216018
  35.869141	   0.245715
  35.878906	   0.251845
  35.888672	   0.228861
  35.898438	   0.180698
  35.908203	   0.119424
  35.917969	   0.061221
  35.927734	   0.021083
  35.937500	   0.008098
  35.947266	   0.022874
  35.957031	   0.057909
  35.966797	   0.100651
  35.976562	   0.138046
  35.986328	   0.160914
  35.996094	   0.166606
  36.005859	   0.159074
  36.015625	   0.146469
  36.025391	   0.137295
  36.035156	   0.136637
  36.044922	   0.143968
  36.054688	   0.153373
  36.064453	   0.156127
  36.074219	   0.144664
  36.083984	   0.116394
  36.093750	   0.075875
  36.103516	   0.034385
  36.113281	   0.006895
  36.123047	   0.007364
  36.132812	   0.043936
  36.142578	   0.115679
  36.152344	   0.212030
  36.162109	   0.315216
  36.171875	   0.404942
  36.181641	   0.463871
  36.191406	   0.482231
  36.201172	   0.460160
  36.210938	   0.407200
  36.220703	   0.339251
  36.230469	   0.274075
  36.240234	   0.226790
  36.250000	   0.206662
  36.259766	   0.215896
  36.269531	   0.250446
  36.279297	   0.302139
  36.289062	   0.361158
  36.298828	   0.417939
  36.308594	   0.464054
  36.318359	   0.492140
  36.328125	   0.495448
  36.337891	   0.467710
  36.347656	   0.403835
  36.357422	   0.301454
  36.367188	   0.162789
  36.376953	  -0.003998
  36.386719	  -0.184853
  36.396484	  -0.361738
  36.406250	  -0.516200
  36.416016	  -0.633712
  36.425781	  -0.707485
  36.435547	  -0.740428
  36.445312	  -0.744455
  36.455078	  -0.737135
  36.464844	  -0.736594
  36.474609	  -0.756199
  36.484375	  -0.800683
  36.494141	  -0.864959
  36.503906	  -0.936011
  36.513672	  -0.997227
  36.523438	  -1.033726
  36.533203	  -1.036936
  36.542969	  -1.006890
  36.552734	  -0.951555
  36.562500	  -0.883477
  36.572266	  -0.814984
  36.582031	  -0.753606
  36.591797	  -0.699328
  36.601562	  -0.644566
  36.611328	  -0.576826
  36.621094	  -0.483078
  36.630859	  -0.354288
  36.640625	  -0.188582
  36.650391	   0.007980
  36.660156	   0.223120
  36.669922	   0.441799
  36.679688	   0.650061
  36.689453	   0.837857
  36.699219	   0.999915
  36.708984	   1.134531
  36.718750	   1.241006
  36.728516	   1.316975
  36.738281	   1.356960
  36.748047	   1.352954
  36.757812	   1.297048
  36.767578	   1.185222
  36.777344	   1.020882
  36.787109	   0.816658
  36.796875	   0.593508
  36.806641	   0.377073
  36.816406	   0.192196
  36.826172	   0.057213
  36.835938	  -0.020226
  36.845703	  -0.044500
  36.855469	  -0.030111
  36.865234	   0.002822
  36.875000	   0.034224
  36.884766	   0.049095
  36.894531	   0.040440
  36.904297	   0.009402
  36.914062	  -0.037088
  36.923828	  -0.090017
  36.933594	  -0.141825
  36.943359	  -0.188440
  36.953125	  -0.229174
  36.962891	  -0.264752
  36.972656	  -0.294499
  36.982422	  -0.314099
  36.992188	  -0.315094
  37.001953	  -0.286615
  37.011719	  -0.218907
  37.021484	  -0.107421
  37.031250	   0.044100
  37.041016	   0.222866
  37.050781	   0.409196
  37.060547	   0.581116
  37.070312	   0.720034
  37.080078	   0.815669
  37.089844	   0.868560
  37.099609	   0.889265
  37.109375	   0.894436
  37.119141	   0.901012
  37.128906	   0.920427
  37.138672	   0.954695
  37.148438	   0.995635
  37.158203	   1.027416
  37.167969	   1.031511
  37.177734	   0.992376
  37.187500	   0.901999
  37.197266	   0.761941
  37.207031	   0.582391
  37.216797	   0.378822
  37.226562	   0.167606
  37.236328	  -0.037813
  37.246094	  -0.228920
  37.255859	  -0.401853
  37.265625	  -0.555325
  37.275391	  -0.687909
  37.285156	  -0.796080
  37.294922	  -0.874020
  37.304688	  -0.915406
  37.314453	  -0.916528
  37.324219	  -0.879371
  37.333984	  -0.813218
  37.343750	  -0.733768
  37.353516	  -0.659645
  37.363281	  -0.607248
  37.373047	  -0.585586
  37.382812	  -0.592950
  37.392578	  -0.616777
  37.402344	  -0.637026
  37.412109	  -0.632199
  37.421875	  -0.586179
  37.431641	  -0.493677
  37.441406	  -0.362472
  37.451172	  -0.211620
  37.460938	  -0.066137
  37.470703	   0.050201
  37.480469	   0.121654
  37.490234	   0.144779
  37.500000	   0.128867
  37.509766	   0.092544
  37.519531	   0.057753
  37.529297	   0.043161
  37.539062	   0.059089
  37.548828	   0.105495
  37.558594	   0.173352
  37.568359	   0.248660
  37.578125	   0.317424
  37.587891	   0.369758
  37.597656	   0.401740
  37.607422	   0.414591
  37.617188	   0.411844
  37.626953	   0.395928
  37.636719	   0.365805
  37.646484	   0.316837
  37.656250	   0.243105
  37.666016	   0.141366
  37.675781	   0.015066
  37.685547	  -0.123372
  37.695312	  -0.253241
  37.705078	  -0.349473
  37.714844	  -0.388861
  37.724609	  -0.356736
  37.734375	  -0.251963
  37.744141	  -0.088513
  37.753906	   0.107057
  37.763672	   0.301641
  37.773438	   0.463418
  37.783203	   0.569199
  37.792969	   0.609218
  37.802734	   0.588071
  37.812500	   0.521804
  37.822266	   0.432264
  37.832031	   0.340627
  37.841797	   0.262073
  37.851562	   0.203075
  37.861328	   0.161743
  37.871094	   0.130668
  37.880859	   0.100949
  37.890625	   0.065884
  37.900391	   0.023132
  37.910156	  -0.025110
  37.919922	  -0.073598
  37.929688	  -0.116311
  37.939453	  -0.148448
  37.949219	  -0.167436
  37.958984	  -0.172751
  37.968750	  -0.164984
  37.978516	  -0.144883
  37.988281	  -0.113087
  37.998047	  -0.070812
  38.007812	  -0.021215
  38.017578	   0.029355
  38.027344	   0.071143
  38.037109	   0.092416
  38.046875	   0.082515
  38.056641	   0.035708
  38.066406	  -0.045501
  38.076172	  -0.149069
  38.085938	  -0.255049
  38.095703	  -0.340192
  38.105469	  -0.384426
  38.115234	  -0.377313
  38.125000	  -0.322342
  38.134766	  -0.237428
  38.144531	  -0.151081
  38.154297	  -0.095110
  38.164062	  -0.095927
  38.173828	  -0.167036
  38.183594	  -0.305072
  38.193359	  -0.490617
  38.203125	  -0.693568
  38.212891	  -0.881343
  38.222656	  -1.027321
  38.232422	  -1.116906
  38.242188	  -1.149426
  38.251953	  -1.135563
  38.261719	  -1.091485
  38.271484	  -1.031979
  38.281250	  -0.965090
  38.291016	  -0.890141
  38.300781	  -0.799684
  38.310547	  -0.684427
  38.320312	  -0.539074
  38.330078	  -0.366657
  38.339844	  -0.179545
  38.349609	   0.003430
  38.359375	   0.162752
  38.369141	   0.284751
  38.378906	   0.366352
  38.388672	   0.416055
  38.398438	   0.450547
  38.408203	   0.487953
  38.417969	   0.540108
  38.427734	   0.606737
  38.437500	   0.673906
  38.447266	   0.717696
  38.457031	   0.712173
  38.466797	   0.639134
  38.476562	   0.496282
  38.486328	   0.300840
  38.496094	   0.086995
  38.505859	  -0.102396
  38.515625	  -0.227488
  38.525391	  -0.262923
  38.535156	  -0.205486
  38.544922	  -0.075472
  38.554688	   0.088703
  38.564453	   0.240994
  38.574219	   0.340065
  38.583984	   0.359701
  38.593750	   0.294307
  38.603516	   0.158141
  38.613281	  -0.020933
  38.623047	  -0.210728
  38.632812	  -0.383756
  38.642578	  -0.523110
  38.652344	  -0.623654
  38.662109	  -0.688798
  38.671875	  -0.724771
  38.681641	  -0.735068
  38.691406	  -0.717550
  38.701172	  -0.665410
  38.710938	  -0.571549
  38.720703	  -0.434422
  38.730469	  -0.262631
  38.740234	  -0.075933
  38.750000	   0.098380
  38.759766	   0.232984
  38.769531	   0.309467
  38.779297	   0.325523
  38.789062	   0.297482
  38.798828	   0.256728
  38.808594	   0.240633
  38.818359	   0.280612
  38.828125	   0.391083
  38.837891	   0.563075
  38.847656	   0.764865
  38.857422	   0.949811
  38.867188	   1.069202
  38.876953	   1.086282
  38.886719	   0.987107
  38.896484	   0.784885
  38.906250	   0.516470
  38.916016	   0.232169
  38.925781	  -0.017947
  38.935547	  -0.196984
  38.945312	  -0.289614
  38.955078	  -0.303666
  38.964844	  -0.264962
  38.974609	  -0.207540
  38.984375	  -0.162744
  38.994141	  -0.150727
  39.003906	  -0.176814
  39.013672	  -0.233273
  39.023438	  -0.305179
  39.033203	  -0.377685
  39.042969	  -0.441811
  39.052734	  -0.496657
  39.062500	  -0.547544
  39.072266	  -0.601220
  39.082031	  -0.660489
  39.091797	  -0.720745
  39.101562	  -0.770163
  39.111328	  -0.793719
  39.121094	  -0.779644
  39.130859	  -0.725757
  39.140625	  -0.643009
  39.150391	  -0.554409
  39.160156	  -0.489172
  39.169922	  -0.473667
  39.179688	  -0.522064
  39.189453	  -0.629898
  39.199219	  -0.772942
  39.208984	  -0.912137
  39.218750	  -1.003337
  39.228516	  -1.009030
  39.238281	  -0.908525
  39.248047	  -0.703565
  39.257812	  -0.417793
  39.267578	  -0.090441
  39.277344	   0.233608
  39.287109	   0.514247
  39.296875	   0.723997
  39.306641	   0.851275
  39.316406	   0.898756
  39.326172	   0.878155
  39.335938	   0.803802
  39.345703	   0.687531
  39.355469	   0.536603
  39.365234	   0.355005
  39.375000	   0.147057
  39.384766	  -0.078682
  39.394531	  -0.307296
  39.404297	  -0.518508
  39.414062	  -0.690833
  39.423828	  -0.807558
  39.433594	  -0.862388
  39.443359	  -0.862516
  39.453125	  -0.827734
  39.462891	  -0.785495
  39.472656	  -0.763337
  39.482422	  -0.781009
  39.492188	  -0.844808
  39.501953	  -0.945927
  39.511719	  -1.063253
  39.521484	  -1.169587
  39.531250	  -1.239167
  39.541016	  -1.254025
  39.550781	  -1.207270
  39.560547	  -1.102563
  39.570312	  -0.950445
  39.580078	  -0.763255
  39.589844	  -0.550764
  39.599609	  -0.318210
  39.609375	  -0.067345
  39.619141	   0.200179
  39.628906	   0.478747
  39.638672	   0.756041
  39.648438	   1.013135
  39.658203	   1.227837
  39.667969	   1.380369
  39.677734	   1.459461
  39.687500	   1.466601
  39.697266	   1.416696
  39.707031	   1.334579
  39.716797	   1.248275
  39.726562	   1.181073
  39.736328	   1.144979
  39.746094	   1.137677
  39.755859	   1.143993
  39.765625	   1.141309
  39.775391	   1.107093
  39.785156	   1.025971
  39.794922	   0.894064
  39.804688	   0.719281
  39.814453	   0.517742
  39.824219	   0.307883
  39.833984	   0.104541
  39.843750	  -0.084752
  39.853516	  -0.259947
  39.863281	  -0.425208
  39.873047	  -0.583628
  39.882812	  -0.732169
  39.892578	  -0.859058
  39.902344	  -0.944958
  39.912109	  -0.967872
  39.921875	  -0.910266
  39.931641	  -0.766009
  39.941406	  -0.544620
  39.951172	  -0.271158
  39.960938	   0.018510
  39.970703	   0.285762
  39.980469	   0.498180
  39.990234	   0.636681
