# Time	Amplitude (cm/s/s)
   0.000000	  -0.482306
   0.009766	  -0.538146
   0.019531	  -0.583401
   0.029297	  -0.607287
   0.039062	  -0.603186
   0.048828	  -0.570901
   0.058594	  -0.516789
   0.068359	  -0.451728
   0.078125	  -0.387625
   0.087891	  -0.333662
   0.097656	  -0.293593
   0.107422	  -0.264962
   0.117188	  -0.240467
   0.126953	  -0.210898
   0.136719	  -0.168570
   0.146484	  -0.110000
   0.156250	  -0.036928
   0.166016	   0.044608
   0.175781	   0.126694
   0.185547	   0.202469
   0.195312	   0.268411
   0.205078	   0.325090
   0.214844	   0.376125
   0.224609	   0.425762
   0.234375	   0.476057
   0.244141	   0.524816
   0.253906	   0.565178
   0.263672	   0.587152
   0.273438	   0.580652
   0.283203	   0.539044
   0.292969	   0.461938
   0.302734	   0.356233
   0.312500	   0.234972
   0.322266	   0.114319
   0.332031	   0.009630
   0.341797	  -0.068149
   0.351562	  -0.114629
   0.361328	  -0.132068
   0.371094	  -0.127540
   0.380859	  -0.109934
   0.390625	  -0.086901
   0.400391	  -0.062811
   0.410156	  -0.038317
   0.419922	  -0.011506
   0.429688	   0.020011
   0.439453	   0.057014
   0.449219	   0.097527
   0.458984	   0.137082
   0.468750	   0.170297
   0.478516	   0.193094
   0.488281	   0.204601
   0.498047	   0.207883
   0.507812	   0.209083
   0.517578	   0.215206
   0.527344	   0.231328
   0.537109	   0.258320
   0.546875	   0.292021
   0.556641	   0.324306
   0.566406	   0.345780
   0.576172	   0.349197
   0.585938	   0.332375
   0.595703	   0.299475
   0.605469	   0.260097
   0.615234	   0.226369
   0.625000	   0.208994
   0.634766	   0.213615
   0.644531	   0.238798
   0.654297	   0.276419
   0.664062	   0.314385
   0.673828	   0.340795
   0.683594	   0.348111
   0.693359	   0.335849
   0.703125	   0.310820
   0.712891	   0.284762
   0.722656	   0.270152
   0.732422	   0.275628
   0.742188	   0.302624
   0.751953	   0.344420
   0.761719	   0.387981
   0.771484	   0.417990
   0.781250	   0.421728
   0.791016	   0.393129
   0.800781	   0.334652
   0.810547	   0.256339
   0.820312	   0.172427
   0.830078	   0.096694
   0.839844	   0.038166
   0.849609	  -0.001376
   0.859375	  -0.027287
   0.869141	  -0.049484
   0.878906	  -0.078408
   0.888672	  -0.121022
   0.898438	  -0.178266
   0.908203	  -0.244854
   0.917969	  -0.311387
   0.927734	  -0.367943
   0.937500	  -0.407724
   0.947266	  -0.429395
   0.957031	  -0.437216
   0.966797	  -0.438931
   0.976562	  -0.442236
   0.986328	  -0.451172
   0.996094	  -0.463888
   1.005859	  -0.472666
   1.015625	  -0.466334
   1.025391	  -0.434243
   1.035156	  -0.370418
   1.044922	  -0.276371
   1.054688	  -0.161500
   1.064453	  -0.040849
   1.074219	   0.069077
   1.083984	   0.155043
   1.093750	   0.210765
   1.103516	   0.238303
   1.113281	   0.246717
   1.123047	   0.248493
   1.132812	   0.255001
   1.142578	   0.272568
   1.152344	   0.300484
   1.162109	   0.331554
   1.171875	   0.354898
   1.181641	   0.359918
   1.191406	   0.339978
   1.201172	   0.294496
   1.210938	   0.228804
   1.220703	   0.151942
   1.230469	   0.073362
   1.240234	  -0.000160
   1.250000	  -0.066183
   1.259766	  -0.126237
   1.269531	  -0.183653
   1.279297	  -0.240541
   1.289062	  -0.295236
   1.298828	  -0.341384
   1.308594	  -0.369235
   1.318359	  -0.368830
   1.328125	  -0.334002
   1.337891	  -0.265695
   1.347656	  -0.173261
   1.357422	  -0.073038
   1.367188	   0.015548
   1.376953	   0.075203
   1.386719	   0.095644
   1.396484	   0.076504
   1.406250	   0.027264
   1.416016	  -0.035829
   1.425781	  -0.094877
   1.435547	  -0.135814
   1.445312	  -0.152495
   1.455078	  -0.148090
   1.464844	  -0.133403
   1.474609	  -0.122784
   1.484375	  -0.129066
   1.494141	  -0.159228
   1.503906	  -0.212191
   1.513672	  -0.279331
   1.523438	  -0.347368
   1.533203	  -0.402482
   1.542969	  -0.434182
   1.552734	  -0.437638
   1.562500	  -0.413880
   1.572266	  -0.368079
   1.582031	  -0.306846
   1.591797	  -0.235801
   1.601562	  -0.158448
   1.611328	  -0.076763
   1.621094	   0.006860
   1.630859	   0.087326
   1.640625	   0.155433
   1.650391	   0.198298
   1.660156	   0.201819
   1.669922	   0.154572
   1.679688	   0.051819
   1.689453	  -0.101890
   1.699219	  -0.292673
   1.708984	  -0.500160
   1.718750	  -0.702545
   1.728516	  -0.882293
   1.738281	  -1.030657
   1.748047	  -1.149421
   1.757812	  -1.249193
   1.767578	  -1.344723
   1.777344	  -1.448753
   1.787109	  -1.566462
   1.796875	  -1.692411
   1.806641	  -1.811098
   1.816406	  -1.901017
   1.826172	  -1.940910
   1.835938	  -1.916176
   1.845703	  -1.823277
   1.855469	  -1.670704
   1.865234	  -1.476173
   1.875000	  -1.261029
   1.884766	  -1.043758
   1.894531	  -0.834790
   1.904297	  -0.634318
   1.914062	  -0.433819
   1.923828	  -0.220656
   1.933594	   0.015849
   1.943359	   0.279005
   1.953125	   0.561852
   1.962891	   0.847733
   1.972656	   1.114086
   1.982422	   1.338151
   1.992188	   1.502624
   2.001953	   1.599417
   2.011719	   1.630397
   2.021484	   1.605033
   2.031250	   1.536013
   2.041016	   1.434510
   2.050781	   1.306866
   2.060547	   1.153853
   2.070312	   0.972709
   2.080078	   0.761083
   2.089844	   0.521339
   2.099609	   0.263501
   2.109375	   0.005598
   2.119141	  -0.228908
   2.128906	  -0.415941
   2.138672	  -0.536408
   2.148438	  -0.580836
   2.158203	  -0.551645
   2.167969	  -0.462393
   2.177734	  -0.334321
   2.187500	  -0.191288
   2.197266	  -0.054614
   2.207031	   0.060776
   2.216797	   0.148056
   2.226562	   0.207973
   2.236328	   0.246645
   2.246094	   0.272703
   2.255859	   0.294710
   2.265625	   0.319505
   2.275391	   0.351587
   2.285156	   0.393224
   2.294922	   0.444774
   2.304688	   0.504803
   2.314453	   0.569875
   2.324219	   0.634302
   2.333984	   0.690293
   2.343750	   0.728963
   2.353516	   0.742267
   2.363281	   0.725518
   2.373047	   0.679670
   2.382812	   0.612449
   2.392578	   0.537594
   2.402344	   0.472062
   2.412109	   0.431734
   2.421875	   0.426821
   2.431641	   0.458396
   2.441406	   0.517289
   2.451172	   0.585883
   2.460938	   0.642459
   2.470703	   0.666851
   2.480469	   0.645725
   2.490234	   0.575841
   2.500000	   0.464314
   2.509766	   0.325847
   2.519531	   0.177903
   2.529297	   0.035465
   2.539062	  -0.092912
   2.548828	  -0.206526
   2.558594	  -0.311146
   2.568359	  -0.415539
   2.578125	  -0.527356
   2.587891	  -0.649971
   2.597656	  -0.781456
   2.607422	  -0.915974
   2.617188	  -1.046881
   2.626953	  -1.170103
   2.636719	  -1.286232
   2.646484	  -1.400232
   2.656250	  -1.518645
   2.666016	  -1.645239
   2.675781	  -1.776818
   2.685547	  -1.901064
   2.695312	  -1.997692
   2.705078	  -2.043054
   2.714844	  -2.017038
   2.724609	  -1.910090
   2.734375	  -1.727918
   2.744141	  -1.491974
   2.753906	  -1.235120
   2.763672	  -0.993456
   2.773438	  -0.796644
   2.783203	  -0.659691
   2.792969	  -0.578854
   2.802734	  -0.533057
   2.812500	  -0.490528
   2.822266	  -0.418651
   2.832031	  -0.294008
   2.841797	  -0.109529
   2.851562	   0.123415
   2.861328	   0.378435
   2.871094	   0.621799
   2.880859	   0.821721
   2.890625	   0.956242
   2.900391	   1.017285
   2.910156	   1.009900
   2.919922	   0.947422
   2.929688	   0.844679
   2.939453	   0.711985
   2.949219	   0.552233
   2.958984	   0.362151
   2.968750	   0.137150
   2.978516	  -0.122277
   2.988281	  -0.405279
   2.998047	  -0.688901
   3.007812	  -0.941027
   3.017578	  -1.127471
   3.027344	  -1.221109
   3.037109	  -1.210051
   3.046875	  -1.102020
   3.056641	  -0.923247
   3.066406	  -0.711954
   3.076172	  -0.508314
   3.085938	  -0.343959
   3.095703	  -0.234269
   3.105469	  -0.175823
   3.115234	  -0.149652
   3.125000	  -0.129110
   3.134766	  -0.089640
   3.144531	  -0.017230
   3.154297	   0.087152
   3.164062	   0.208434
   3.173828	   0.323082
   3.183594	   0.407439
   3.193359	   0.445817
   3.203125	   0.435658
   3.212891	   0.388132
   3.222656	   0.324184
   3.232422	   0.267571
   3.242188	   0.237352
   3.251953	   0.242388
   3.261719	   0.279534
   3.271484	   0.335882
   3.281250	   0.393968
   3.291016	   0.437927
   3.300781	   0.458381
   3.310547	   0.454474
   3.320312	   0.432609
   3.330078	   0.402696
   3.339844	   0.373578
   3.349609	   0.349508
   3.359375	   0.329011
   3.369141	   0.306452
   3.378906	   0.275523
   3.388672	   0.233064
   3.398438	   0.181537
   3.408203	   0.128987
   3.417969	   0.086350
   3.427734	   0.063065
   3.437500	   0.062675
   3.447266	   0.080228
   3.457031	   0.102690
   3.466797	   0.112509
   3.476562	   0.093278
   3.486328	   0.035652
   3.496094	  -0.058580
   3.505859	  -0.175766
   3.515625	  -0.293438
   3.525391	  -0.386290
   3.535156	  -0.433260
   3.544922	  -0.423484
   3.554688	  -0.359292
   3.564453	  -0.255375
   3.574219	  -0.134475
   3.583984	  -0.021079
   3.593750	   0.064900
   3.603516	   0.112572
   3.613281	   0.121513
   3.623047	   0.100137
   3.632812	   0.061896
   3.642578	   0.020828
   3.652344	  -0.012058
   3.662109	  -0.030544
   3.671875	  -0.032977
   3.681641	  -0.020609
   3.691406	   0.004415
   3.701172	   0.040461
   3.710938	   0.086619
   3.720703	   0.141873
   3.730469	   0.203866
   3.740234	   0.268168
   3.750000	   0.328695
   3.759766	   0.379381
   3.769531	   0.416537
   3.779297	   0.440861
   3.789062	   0.458052
   3.798828	   0.477400
   3.808594	   0.508530
   3.818359	   0.557284
   3.828125	   0.622260
   3.837891	   0.693463
   3.847656	   0.753958
   3.857422	   0.784322
   3.867188	   0.768703
   3.876953	   0.700492
   3.886719	   0.585624
   3.896484	   0.442150
   3.906250	   0.295927
   3.916016	   0.173603
   3.925781	   0.095064
   3.935547	   0.067780
   3.945312	   0.084947
   3.955078	   0.128066
   3.964844	   0.173143
   3.974609	   0.198424
   3.984375	   0.191091
   3.994141	   0.150688
   4.003906	   0.088193
   4.013672	   0.021217
   4.023438	  -0.032879
   4.033203	  -0.063369
   4.042969	  -0.069746
   4.052734	  -0.061193
   4.062500	  -0.052207
   4.072266	  -0.056063
   4.082031	  -0.078659
   4.091797	  -0.115197
   4.101562	  -0.151110
   4.111328	  -0.167138
   4.121094	  -0.146802
   4.130859	  -0.083606
   4.140625	   0.014774
   4.150391	   0.127098
   4.160156	   0.224054
   4.169922	   0.277048
   4.179688	   0.267392
   4.189453	   0.192800
   4.199219	   0.068878
   4.208984	  -0.075027
   4.218750	  -0.204383
   4.228516	  -0.289689
   4.238281	  -0.315038
   4.248047	  -0.282295
   4.257812	  -0.209607
   4.267578	  -0.124930
   4.277344	  -0.056857
   4.287109	  -0.025888
   4.296875	  -0.039011
   4.306641	  -0.089190
   4.316406	  -0.159604
   4.326172	  -0.230773
   4.335938	  -0.287816
   4.345703	  -0.325140
   4.355469	  -0.346933
   4.365234	  -0.363525
   4.375000	  -0.385234
   4.384766	  -0.416314
   4.394531	  -0.451553
   4.404297	  -0.477067
   4.414062	  -0.475169
   4.423828	  -0.431594
   4.433594	  -0.342321
   4.443359	  -0.217266
   4.453125	  -0.079126
   4.462891	   0.042586
   4.472656	   0.120537
   4.482422	   0.138593
   4.492188	   0.097709
   4.501953	   0.016504
   4.511719	  -0.073912
   4.521484	  -0.139328
   4.531250	  -0.153035
   4.541016	  -0.104207
   4.550781	  -0.001305
   4.560547	   0.130564
   4.570312	   0.257420
   4.580078	   0.346726
   4.589844	   0.376884
   4.599609	   0.342919
   4.609375	   0.256769
   4.619141	   0.142406
   4.628906	   0.027750
   4.638672	  -0.063748
   4.648438	  -0.119071
   4.658203	  -0.137449
   4.667969	  -0.127903
   4.677734	  -0.103963
   4.687500	  -0.077854
   4.697266	  -0.056462
   4.707031	  -0.040460
   4.716797	  -0.026556
   4.726562	  -0.011541
   4.736328	   0.003958
   4.746094	   0.013930
   4.755859	   0.008595
   4.765625	  -0.021254
   4.775391	  -0.078916
   4.785156	  -0.157754
   4.794922	  -0.240513
   4.804688	  -0.302817
   4.814453	  -0.320111
   4.824219	  -0.275876
   4.833984	  -0.168253
   4.843750	  -0.012529
   4.853516	   0.161751
   4.863281	   0.318461
   4.873047	   0.425079
   4.882812	   0.462108
   4.892578	   0.428638
   4.902344	   0.342160
   4.912109	   0.232678
   4.921875	   0.133086
   4.931641	   0.069035
   4.941406	   0.051649
   4.951172	   0.075408
   4.960938	   0.121712
   4.970703	   0.166612
   4.980469	   0.189821
   4.990234	   0.181713
   5.000000	   0.145903
   5.009766	   0.096636
   5.019531	   0.052194
   5.029297	   0.026979
   5.039062	   0.025370
   5.048828	   0.039760
   5.058594	   0.053518
   5.068359	   0.047752
   5.078125	   0.009233
   5.087891	  -0.063628
   5.097656	  -0.159180
   5.107422	  -0.256078
   5.117188	  -0.330813
   5.126953	  -0.366456
   5.136719	  -0.359322
   5.146484	  -0.320919
   5.156250	  -0.274241
   5.166016	  -0.245554
   5.175781	  -0.254555
   5.185547	  -0.306476
   5.195312	  -0.389121
   5.205078	  -0.476099
   5.214844	  -0.535293
   5.224609	  -0.539687
   5.234375	  -0.476742
   5.244141	  -0.352956
   5.253906	  -0.191929
   5.263672	  -0.026536
   5.273438	   0.112049
   5.283203	   0.204599
   5.292969	   0.249714
   5.302734	   0.263235
   5.312500	   0.271453
   5.322266	   0.300608
   5.332031	   0.366520
   5.341797	   0.468178
   5.351562	   0.587644
   5.361328	   0.696357
   5.371094	   0.765526
   5.380859	   0.776814
   5.390625	   0.729352
   5.400391	   0.640464
   5.410156	   0.539760
   5.419922	   0.458719
   5.429688	   0.419547
   5.439453	   0.427420
   5.449219	   0.468973
   5.458984	   0.517640
   5.468750	   0.543876
   5.478516	   0.526490
   5.488281	   0.460816
   5.498047	   0.360615
   5.507812	   0.252880
   5.517578	   0.167380
   5.527344	   0.124825
   5.537109	   0.128122
   5.546875	   0.160191
   5.556641	   0.189440
   5.566406	   0.181169
   5.576172	   0.110901
   5.585938	  -0.025222
   5.595703	  -0.206950
   5.605469	  -0.394939
   5.615234	  -0.542831
   5.625000	  -0.612373
   5.634766	  -0.586343
   5.644531	  -0.474693
   5.654297	  -0.311600
   5.664062	  -0.144315
   5.673828	  -0.017542
   5.683594	   0.041246
   5.693359	   0.030481
   5.703125	  -0.025851
   5.712891	  -0.087425
   5.722656	  -0.112396
   5.732422	  -0.072566
   5.742188	   0.036407
   5.751953	   0.193339
   5.761719	   0.358841
   5.771484	   0.488949
   5.781250	   0.550108
   5.791016	   0.530170
   5.800781	   0.441553
   5.810547	   0.315601
   5.820312	   0.190405
   5.830078	   0.096698
   5.839844	   0.047077
   5.849609	   0.032525
   5.859375	   0.027420
   5.869141	   0.001041
   5.878906	  -0.068901
   5.888672	  -0.185945
   5.898438	  -0.331838
   5.908203	  -0.472104
   5.917969	  -0.568290
   5.927734	  -0.592379
   5.937500	  -0.537905
   5.947266	  -0.423450
   5.957031	  -0.286943
   5.966797	  -0.172603
   5.976562	  -0.115183
   5.986328	  -0.127303
   5.996094	  -0.194675
   6.005859	  -0.281211
   6.015625	  -0.342395
   6.025391	  -0.342200
   6.035156	  -0.267401
   6.044922	  -0.133912
   6.054688	   0.017385
   6.064453	   0.134103
   6.074219	   0.170422
   6.083984	   0.103314
   6.093750	  -0.058999
   6.103516	  -0.279579
   6.113281	  -0.505546
   6.123047	  -0.686628
   6.132812	  -0.792814
   6.142578	  -0.824676
   6.152344	  -0.812498
   6.162109	  -0.804376
   6.171875	  -0.847538
   6.181641	  -0.969651
   6.191406	  -1.167063
   6.201172	  -1.404475
   6.210938	  -1.626437
   6.220703	  -1.776737
   6.230469	  -1.818745
   6.240234	  -1.749275
   6.250000	  -1.600759
   6.259766	  -1.430649
   6.269531	  -1.301662
   6.279297	  -1.259854
   6.289062	  -1.318499
   6.298828	  -1.453781
   6.308594	  -1.614125
   6.318359	  -1.740072
   6.328125	  -1.787645
   6.337891	  -1.746738
   6.347656	  -1.647577
   6.357422	  -1.552450
   6.367188	  -1.535075
   6.376953	  -1.654408
   6.386719	  -1.931820
   6.396484	  -2.339521
   6.406250	  -2.804358
   6.416016	  -3.225840
   6.425781	  -3.502513
   6.435547	  -3.558073
   6.445312	  -3.359008
   6.455078	  -2.918761
   6.464844	  -2.288233
   6.474609	  -1.537108
   6.484375	  -0.733197
   6.494141	   0.073112
   6.503906	   0.855054
   6.513672	   1.606449
   6.523438	   2.333535
   6.533203	   3.047824
   6.542969	   3.765152
   6.552734	   4.512568
   6.562500	   5.339860
   6.572266	   6.328640
   6.582031	   7.590653
   6.591797	   9.249574
   6.601562	  11.406287
   6.611328	  14.094868
   6.621094	  17.242369
   6.630859	  20.647664
   6.640625	  23.991460
   6.650391	  26.881561
   6.660156	  28.926670
   6.669922	  29.821801
   6.679688	  29.422415
   6.689453	  27.784983
   6.699219	  25.159517
   6.708984	  21.932586
   6.718750	  18.533902
   6.728516	  15.331024
   6.738281	  12.541419
   6.748047	  10.187061
   6.757812	   8.104943
   6.767578	   6.010578
   6.777344	   3.595836
   6.787109	   0.632080
   6.796875	  -2.952010
   6.806641	  -7.040807
   6.816406	 -11.358359
   6.826172	 -15.542132
   6.835938	 -19.240447
   6.845703	 -22.203362
   6.855469	 -24.339438
   6.865234	 -25.722146
   6.875000	 -26.545867
   6.884766	 -27.047317
   6.894531	 -27.418733
   6.904297	 -27.740951
   6.914062	 -27.957257
   6.923828	 -27.895097
   6.933594	 -27.326976
   6.943359	 -26.049485
   6.953125	 -23.954142
   6.962891	 -21.067390
   6.972656	 -17.548085
   6.982422	 -13.645355
   6.992188	  -9.632902
   7.001953	  -5.743145
   7.011719	  -2.123837
   7.021484	   1.168826
   7.031250	   4.139923
   7.041016	   6.801174
   7.050781	   9.113805
   7.060547	  10.952291
   7.070312	  12.105709
   7.080078	  12.320894
   7.089844	  11.377172
   7.099609	   9.170925
   7.109375	   5.783402
   7.119141	   1.508620
   7.128906	  -3.171132
   7.138672	  -7.659963
   7.148438	 -11.356825
   7.158203	 -13.771820
   7.167969	 -14.622260
   7.177734	 -13.885893
   7.187500	 -11.800009
   7.197266	  -8.808700
   7.207031	  -5.472585
   7.216797	  -2.362641
   7.226562	   0.038904
   7.236328	   1.412038
   7.246094	   1.636181
   7.255859	   0.789476
   7.265625	  -0.884014
   7.275391	  -3.028941
   7.285156	  -5.243581
   7.294922	  -7.144676
   7.304688	  -8.424155
   7.314453	  -8.891932
   7.324219	  -8.500613
   7.333984	  -7.349112
   7.343750	  -5.663648
   7.353516	  -3.756978
   7.363281	  -1.970332
   7.373047	  -0.606744
   7.382812	   0.131885
   7.392578	   0.190189
   7.402344	  -0.324740
   7.412109	  -1.163337
   7.421875	  -1.987758
   7.431641	  -2.449710
   7.441406	  -2.274456
   7.451172	  -1.330652
   7.460938	   0.331784
   7.470703	   2.486187
   7.480469	   4.775938
   7.490234	   6.792755
   7.500000	   8.167756
   7.509766	   8.653676
   7.519531	   8.179343
   7.529297	   6.865024
   7.539062	   4.997193
   7.548828	   2.970811
   7.558594	   1.213815
   7.568359	   0.110747
   7.578125	  -0.059700
   7.587891	   0.836314
   7.597656	   2.775413
   7.607422	   5.588976
   7.617188	   8.993817
   7.626953	  12.634961
   7.636719	  16.134615
   7.646484	  19.142562
   7.656250	  21.383790
   7.666016	  22.698670
   7.675781	  23.069954
   7.685547	  22.630327
   7.695312	  21.645365
   7.705078	  20.470350
   7.714844	  19.485001
   7.724609	  19.016651
   7.734375	  19.267397
   7.744141	  20.262452
   7.753906	  21.833858
   7.763672	  23.646187
   7.773438	  25.260547
   7.783203	  26.222962
   7.792969	  26.156259
   7.802734	  24.833208
   7.812500	  22.213632
   7.822266	  18.438170
   7.832031	  13.783440
   7.841797	   8.593787
   7.851562	   3.210300
   7.861328	  -2.083271
   7.871094	  -7.085272
   7.880859	 -11.669960
   7.890625	 -15.759416
   7.900391	 -19.289497
   7.910156	 -22.186420
   7.919922	 -24.365009
   7.929688	 -25.749712
   7.939453	 -26.309182
   7.949219	 -26.088171
   7.958984	 -25.219809
   7.968750	 -23.907490
   7.978516	 -22.376709
   7.988281	 -20.809520
   7.998047	 -19.283132
   8.007812	 -17.736110
   8.017578	 -15.979180
   8.027344	 -13.754303
   8.037109	 -10.829551
   8.046875	  -7.103549
   8.056641	  -2.686792
   8.066406	   2.069286
   8.076172	   6.611443
   8.085938	  10.288622
   8.095703	  12.497764
   8.105469	  12.834375
   8.115234	  11.206935
   8.125000	   7.882243
   8.134766	   3.446440
   8.144531	  -1.311001
   8.154297	  -5.562324
   8.164062	  -8.614532
   8.173828	 -10.047754
   8.183594	  -9.786281
   8.193359	  -8.088202
   8.203125	  -5.461130
   8.212891	  -2.529847
   8.222656	   0.108080
   8.232422	   2.002910
   8.242188	   2.923598
   8.251953	   2.868748
   8.261719	   2.024153
   8.271484	   0.686219
   8.281250	  -0.823799
   8.291016	  -2.231927
   8.300781	  -3.355304
   8.310547	  -4.113814
   8.320312	  -4.515302
   8.330078	  -4.625897
   8.339844	  -4.537709
   8.349609	  -4.342779
   8.359375	  -4.116722
   8.369141	  -3.910647
   8.378906	  -3.747510
   8.388672	  -3.619641
   8.398438	  -3.486979
   8.408203	  -3.278658
   8.417969	  -2.902100
   8.427734	  -2.262567
   8.437500	  -1.292171
   8.447266	   0.017727
   8.457031	   1.590930
   8.466797	   3.258770
   8.476562	   4.778290
   8.486328	   5.877060
   8.496094	   6.316596
   8.505859	   5.958726
   8.515625	   4.815662
   8.525391	   3.066794
   8.535156	   1.033201
   8.544922	  -0.887514
   8.554688	  -2.311541
   8.564453	  -2.961500
   8.574219	  -2.736493
   8.583984	  -1.739934
   8.593750	  -0.256653
   8.603516	   1.315380
   8.613281	   2.560872
   8.623047	   3.145437
   8.632812	   2.891000
   8.642578	   1.810174
   8.652344	   0.093354
   8.662109	  -1.944680
   8.671875	  -3.941529
   8.681641	  -5.565508
   8.691406	  -6.575717
   8.701172	  -6.851564
   8.710938	  -6.389709
   8.720703	  -5.276048
   8.730469	  -3.646360
   8.740234	  -1.650079
   8.750000	   0.572393
   8.759766	   2.895434
   8.769531	   5.200874
   8.779297	   7.366363
   8.789062	   9.259157
   8.798828	  10.742025
   8.808594	  11.692313
   8.818359	  12.029244
   8.828125	  11.740407
   8.837891	  10.897730
   8.847656	   9.656044
   8.857422	   8.232683
   8.867188	   6.872317
   8.876953	   5.805520
   8.886719	   5.210905
   8.896484	   5.188868
   8.906250	   5.750889
   8.916016	   6.823656
   8.925781	   8.263681
   8.935547	   9.876802
   8.945312	  11.438092
   8.955078	  12.710460
   8.964844	  13.463005
   8.974609	  13.491620
   8.984375	  12.643512
   8.994141	  10.844373
   9.003906	   8.123246
   9.013672	   4.627280
   9.023438	   0.618302
   9.033203	  -3.553789
   9.042969	  -7.499890
   9.052734	 -10.854804
   9.062500	 -13.340726
   9.072266	 -14.814943
   9.082031	 -15.288151
   9.091797	 -14.906945
   9.101562	 -13.904017
   9.111328	 -12.529293
   9.121094	 -10.981594
   9.130859	  -9.361062
   9.140625	  -7.656969
   9.150391	  -5.775025
   9.160156	  -3.596011
   9.169922	  -1.047281
   9.179688	   1.836242
   9.189453	   4.882725
   9.199219	   7.797892
   9.208984	  10.222275
   9.218750	  11.816818
   9.228516	  12.352885
   9.238281	  11.780158
   9.248047	  10.251297
   9.257812	   8.094052
   9.267578	   5.736418
   9.277344	   3.603974
   9.287109	   2.016738
   9.296875	   1.113319
   9.306641	   0.822693
   9.316406	   0.890901
   9.326172	   0.955008
   9.335938	   0.644205
   9.345703	  -0.318682
   9.355469	  -2.041203
   9.365234	  -4.428987
   9.375000	  -7.203273
   9.384766	  -9.961505
   9.394531	 -12.264171
   9.404297	 -13.726142
   9.414062	 -14.091906
   9.423828	 -13.280112
   9.433594	 -11.391645
   9.443359	  -8.684116
   9.453125	  -5.522112
   9.462891	  -2.315352
   9.472656	   0.543598
   9.482422	   2.733296
   9.492188	   4.043847
   9.501953	   4.401379
   9.511719	   3.875647
   9.521484	   2.670152
   9.531250	   1.094260
   9.541016	  -0.482229
   9.550781	  -1.689160
   9.560547	  -2.223917
   9.570312	  -1.916191
   9.580078	  -0.775818
   9.589844	   0.989853
   9.599609	   2.998384
   9.609375	   4.755793
   9.619141	   5.752459
   9.628906	   5.573035
   9.638672	   3.995962
   9.648438	   1.057777
   9.658203	  -2.936255
   9.667969	  -7.461828
   9.677734	 -11.877569
   9.687500	 -15.557589
   9.697266	 -18.024098
   9.707031	 -19.048258
   9.716797	 -18.694414
   9.726562	 -17.296483
   9.736328	 -15.372146
   9.746094	 -13.496136
   9.755859	 -12.164064
   9.765625	 -11.680245
   9.775391	 -12.096173
   9.785156	 -13.212773
   9.794922	 -14.642802
   9.804688	 -15.914583
   9.814453	 -16.588597
   9.824219	 -16.356716
   9.833984	 -15.100388
   9.843750	 -12.896561
   9.853516	  -9.974943
   9.863281	  -6.643089
   9.873047	  -3.203169
   9.882812	   0.115553
   9.892578	   3.191287
   9.902344	   6.005386
   9.912109	   8.605400
   9.921875	  11.051349
   9.931641	  13.365047
   9.941406	  15.499936
   9.951172	  17.341149
   9.960938	  18.734946
   9.970703	  19.536824
   9.980469	  19.661458
   9.990234	  19.117060
  10.000000	  18.011882
  10.009766	  16.529648
  10.019531	  14.880839
  10.029297	  13.244747
  10.039062	  11.720561
  10.048828	  10.303341
  10.058594	   8.893386
  10.068359	   7.337313
  10.078125	   5.489340
  10.087891	   3.274683
  10.097656	   0.735729
  10.107422	  -1.953949
  10.117188	  -4.513782
  10.126953	  -6.613875
  10.136719	  -7.951899
  10.146484	  -8.329229
  10.156250	  -7.706159
  10.166016	  -6.221294
  10.175781	  -4.169368
  10.185547	  -1.942378
  10.195312	   0.051979
  10.205078	   1.475201
  10.214844	   2.126527
  10.224609	   1.979965
  10.234375	   1.182564
  10.244141	   0.015933
  10.253906	  -1.168919
  10.263672	  -2.028079
  10.273438	  -2.295938
  10.283203	  -1.836817
  10.292969	  -0.667982
  10.302734	   1.048550
  10.312500	   3.041712
  10.322266	   4.986089
  10.332031	   6.564424
  10.341797	   7.526283
  10.351562	   7.732727
  10.361328	   7.179738
  10.371094	   5.996869
  10.380859	   4.421627
  10.390625	   2.753998
  10.400391	   1.298911
  10.410156	   0.306784
  10.419922	  -0.076769
  10.429688	   0.158039
  10.439453	   0.880604
  10.449219	   1.844231
  10.458984	   2.735930
  10.468750	   3.242628
  10.478516	   3.120406
  10.488281	   2.251794
  10.498047	   0.677820
  10.507812	  -1.403458
  10.517578	  -3.672942
  10.527344	  -5.754041
  10.537109	  -7.290185
  10.546875	  -8.019102
  10.556641	  -7.827117
  10.566406	  -6.771283
  10.576172	  -5.064663
  10.585938	  -3.028724
  10.595703	  -1.024410
  10.605469	   0.621978
  10.615234	   1.681342
  10.625000	   2.059567
  10.634766	   1.803803
  10.644531	   1.078234
  10.654297	   0.117286
  10.664062	  -0.831301
  10.673828	  -1.560010
  10.683594	  -1.940405
  10.693359	  -1.940648
  10.703125	  -1.620695
  10.712891	  -1.109265
  10.722656	  -0.570070
  10.732422	  -0.165845
  10.742188	  -0.027649
  10.751953	  -0.234271
  10.761719	  -0.803487
  10.771484	  -1.694116
  10.781250	  -2.816099
  10.791016	  -4.045200
  10.800781	  -5.239336
  10.810547	  -6.254498
  10.820312	  -6.959190
  10.830078	  -7.247033
  10.839844	  -7.047396
  10.849609	  -6.333771
  10.859375	  -5.129272
  10.869141	  -3.508369
  10.878906	  -1.593899
  10.888672	   0.451320
  10.898438	   2.438428
  10.908203	   4.171397
  10.917969	   5.469423
  10.927734	   6.190504
  10.937500	   6.253209
  10.947266	   5.653095
  10.957031	   4.470247
  10.966797	   2.865002
  10.976562	   1.060379
  10.986328	  -0.688082
  10.996094	  -2.131638
  11.005859	  -3.070727
  11.015625	  -3.392421
  11.025391	  -3.094601
  11.035156	  -2.290093
  11.044922	  -1.187673
  11.054688	  -0.051848
  11.064453	   0.851360
  11.074219	   1.311216
  11.083984	   1.218569
  11.093750	   0.590058
  11.103516	  -0.436621
  11.113281	  -1.636333
  11.123047	  -2.751558
  11.132812	  -3.555577
  11.142578	  -3.907929
  11.152344	  -3.787855
  11.162109	  -3.296960
  11.171875	  -2.630386
  11.181641	  -2.024155
  11.191406	  -1.692723
  11.201172	  -1.773338
  11.210938	  -2.291751
  11.220703	  -3.157778
  11.230469	  -4.190907
  11.240234	  -5.167987
  11.250000	  -5.879312
  11.259766	  -6.177809
  11.269531	  -6.008738
  11.279297	  -5.413486
  11.289062	  -4.508703
  11.298828	  -3.448755
  11.308594	  -2.383518
  11.318359	  -1.423689
  11.328125	  -0.622364
  11.337891	   0.024068
  11.347656	   0.558767
  11.357422	   1.038606
  11.367188	   1.508928
  11.376953	   1.986795
  11.386719	   2.456817
  11.396484	   2.879000
  11.406250	   3.204151
  11.416016	   3.390439
  11.425781	   3.415256
  11.435547	   3.279073
  11.445312	   3.001430
  11.455078	   2.612150
  11.464844	   2.142279
  11.474609	   1.618697
  11.484375	   1.064159
  11.494141	   0.501694
  11.503906	  -0.039875
  11.513672	  -0.523314
  11.523438	  -0.906048
  11.533203	  -1.149231
  11.542969	  -1.230103
  11.552734	  -1.152889
  11.562500	  -0.953143
  11.572266	  -0.692271
  11.582031	  -0.442274
  11.591797	  -0.264575
  11.601562	  -0.189501
  11.611328	  -0.203646
  11.621094	  -0.250382
  11.630859	  -0.244815
  11.640625	  -0.099627
  11.650391	   0.245691
  11.660156	   0.801459
  11.669922	   1.518208
  11.679688	   2.294842
  11.689453	   3.002976
  11.699219	   3.520698
  11.708984	   3.765711
  11.718750	   3.717775
  11.728516	   3.423484
  11.738281	   2.981849
  11.748047	   2.515110
  11.757812	   2.133794
  11.767578	   1.906707
  11.777344	   1.844865
  11.787109	   1.903769
  11.796875	   2.002579
  11.806641	   2.053401
  11.816406	   1.990937
  11.826172	   1.792981
  11.835938	   1.485546
  11.845703	   1.131672
  11.855469	   0.808315
  11.865234	   0.579466
  11.875000	   0.474599
  11.884766	   0.479426
  11.894531	   0.541619
  11.904297	   0.589127
  11.914062	   0.554656
  11.923828	   0.398134
  11.933594	   0.119990
  11.943359	  -0.238561
  11.953125	  -0.607675
  11.962891	  -0.908918
  11.972656	  -1.076464
  11.982422	  -1.072912
  11.992188	  -0.895528
  12.001953	  -0.572286
  12.011719	  -0.150497
  12.021484	   0.317070
  12.031250	   0.783537
  12.041016	   1.213475
  12.050781	   1.582157
  12.060547	   1.870778
  12.070312	   2.061425
  12.080078	   2.135414
  12.089844	   2.076786
  12.099609	   1.880062
  12.109375	   1.558962
  12.119141	   1.151636
  12.128906	   0.718692
  12.138672	   0.332704
  12.148438	   0.061136
  12.158203	  -0.052525
  12.167969	  -0.003209
  12.177734	   0.171118
  12.187500	   0.397280
  12.197266	   0.585777
  12.207031	   0.655556
  12.216797	   0.557193
  12.226562	   0.287114
  12.236328	  -0.111953
  12.246094	  -0.564791
  12.255859	  -0.987666
  12.265625	  -1.314959
  12.275391	  -1.519869
  12.285156	  -1.622390
  12.294922	  -1.681716
  12.304688	  -1.775237
  12.314453	  -1.970621
  12.324219	  -2.299832
  12.333984	  -2.743437
  12.343750	  -3.230440
  12.353516	  -3.654114
  12.363281	  -3.899415
  12.373047	  -3.874065
  12.382812	  -3.534373
  12.392578	  -2.898553
  12.402344	  -2.044085
  12.412109	  -1.090329
  12.421875	  -0.171609
  12.431641	   0.591692
  12.441406	   1.116614
  12.451172	   1.370436
  12.460938	   1.371041
  12.470703	   1.176587
  12.480469	   0.868749
  12.490234	   0.534667
  12.500000	   0.251907
  12.509766	   0.078817
  12.519531	   0.050389
  12.529297	   0.178138
  12.539062	   0.451873
  12.548828	   0.841816
  12.558594	   1.300720
  12.568359	   1.766842
  12.578125	   2.169210
  12.587891	   2.436195
  12.597656	   2.507101
  12.607422	   2.344866
  12.617188	   1.946645
  12.626953	   1.348747
  12.636719	   0.623406
  12.646484	  -0.133119
  12.656250	  -0.819019
  12.666016	  -1.347764
  12.675781	  -1.665990
  12.685547	  -1.763715
  12.695312	  -1.674145
  12.705078	  -1.463200
  12.714844	  -1.211780
  12.724609	  -0.995730
  12.734375	  -0.868884
  12.744141	  -0.853399
  12.753906	  -0.939215
  12.763672	  -1.091671
  12.773438	  -1.264081
  12.783203	  -1.410981
  12.792969	  -1.498148
  12.802734	  -1.507096
  12.812500	  -1.433956
  12.822266	  -1.284554
  12.832031	  -1.068615
  12.841797	  -0.795826
  12.851562	  -0.475289
  12.861328	  -0.118139
  12.871094	   0.258480
  12.880859	   0.628698
  12.890625	   0.958723
  12.900391	   1.212110
  12.910156	   1.358608
  12.919922	   1.384008
  12.929688	   1.297585
  12.939453	   1.134059
  12.949219	   0.948450
  12.958984	   0.804372
  12.968750	   0.758421
  12.978516	   0.844747
  12.988281	   1.064141
  12.998047	   1.380888
  13.007812	   1.728621
  13.017578	   2.023978
  13.027344	   2.184810
  13.037109	   2.148518
  13.046875	   1.886138
  13.056641	   1.409003
  13.066406	   0.766669
  13.076172	   0.036968
  13.085938	  -0.689295
  13.095703	  -1.325456
  13.105469	  -1.804301
  13.115234	  -2.088664
  13.125000	  -2.175571
  13.134766	  -2.093612
  13.144531	  -1.894431
  13.154297	  -1.640239
  13.164062	  -1.389805
  13.173828	  -1.185606
  13.183594	  -1.044605
  13.193359	  -0.954593
  13.203125	  -0.877109
  13.212891	  -0.756719
  13.222656	  -0.535102
  13.232422	  -0.167105
  13.242188	   0.364858
  13.251953	   1.041780
  13.261719	   1.807227
  13.271484	   2.575791
  13.281250	   3.249643
  13.291016	   3.739717
  13.300781	   3.986520
  13.310547	   3.975171
  13.320312	   3.740416
  13.330078	   3.359749
  13.339844	   2.935888
  13.349609	   2.572782
  13.359375	   2.351304
  13.369141	   2.310995
  13.378906	   2.442759
  13.388672	   2.694390
  13.398438	   2.987272
  13.408203	   3.239431
  13.417969	   3.388358
  13.427734	   3.407156
  13.437500	   3.309572
  13.447266	   3.142793
  13.457031	   2.970455
  13.466797	   2.851148
  13.476562	   2.818889
  13.486328	   2.871307
  13.496094	   2.968876
  13.505859	   3.045207
  13.515625	   3.025215
  13.525391	   2.845801
  13.535156	   2.473222
  13.544922	   1.912510
  13.554688	   1.206807
  13.564453	   0.427375
  13.574219	  -0.342445
  13.583984	  -1.024729
  13.593750	  -1.561414
  13.603516	  -1.922521
  13.613281	  -2.107072
  13.623047	  -2.137703
  13.632812	  -2.051466
  13.642578	  -1.889815
  13.652344	  -1.690342
  13.662109	  -1.481695
  13.671875	  -1.281874
  13.681641	  -1.099060
  13.691406	  -0.933752
  13.701172	  -0.781132
  13.710938	  -0.633116
  13.720703	  -0.480149
  13.730469	  -0.313095
  13.740234	  -0.125519
  13.750000	   0.083771
  13.759766	   0.308566
  13.769531	   0.534446
  13.779297	   0.740160
  13.789062	   0.901462
  13.798828	   0.996796
  13.808594	   1.013379
  13.818359	   0.951765
  13.828125	   0.827198
  13.837891	   0.666853
  13.847656	   0.503387
  13.857422	   0.366448
  13.867188	   0.274655
  13.876953	   0.230571
  13.886719	   0.220415
  13.896484	   0.218787
  13.906250	   0.197077
  13.916016	   0.132993
  13.925781	   0.018172
  13.935547	  -0.138603
  13.945312	  -0.313685
  13.955078	  -0.475701
  13.964844	  -0.595298
  13.974609	  -0.654394
  13.984375	  -0.651956
  13.994141	  -0.604436
  14.003906	  -0.540706
  14.013672	  -0.493094
  14.023438	  -0.487362
  14.033203	  -0.534761
  14.042969	  -0.628612
  14.052734	  -0.746392
  14.062500	  -0.856543
  14.072266	  -0.927800
  14.082031	  -0.938114
  14.091797	  -0.880499
  14.101562	  -0.764205
  14.111328	  -0.611146
  14.121094	  -0.448953
  14.130859	  -0.302988
  14.140625	  -0.189776
  14.150391	  -0.113695
  14.160156	  -0.067603
  14.169922	  -0.036820
  14.179688	  -0.004900
  14.189453	   0.040726
  14.199219	   0.104949
  14.208984	   0.183918
  14.218750	   0.266733
  14.228516	   0.339033
  14.238281	   0.387238
  14.248047	   0.402164
  14.257812	   0.381176
  14.267578	   0.328571
  14.277344	   0.254438
  14.287109	   0.172540
  14.296875	   0.097827
  14.306641	   0.044037
  14.316406	   0.021637
  14.326172	   0.036214
  14.335938	   0.087394
  14.345703	   0.168455
  14.355469	   0.266899
  14.365234	   0.366174
  14.375000	   0.448567
  14.384766	   0.498866
  14.394531	   0.507995
  14.404297	   0.475581
  14.414062	   0.410469
  14.423828	   0.328653
  14.433594	   0.248866
  14.443359	   0.186876
  14.453125	   0.150180
  14.462891	   0.134894
  14.472656	   0.126169
  14.482422	   0.102448
  14.492188	   0.042640
  14.501953	  -0.065796
  14.511719	  -0.220434
  14.521484	  -0.401405
  14.531250	  -0.574137
  14.541016	  -0.697034
  14.550781	  -0.732245
  14.560547	  -0.656551
  14.570312	  -0.469172
  14.580078	  -0.194014
  14.589844	   0.124578
  14.599609	   0.431645
  14.609375	   0.674426
  14.619141	   0.814709
  14.628906	   0.837362
  14.638672	   0.752831
  14.648438	   0.593120
  14.658203	   0.402642
  14.667969	   0.226659
  14.677734	   0.100566
  14.687500	   0.042764
  14.697266	   0.052626
  14.707031	   0.113447
  14.716797	   0.198889
  14.726562	   0.280630
  14.736328	   0.334926
  14.746094	   0.346562
  14.755859	   0.309746
  14.765625	   0.226612
  14.775391	   0.104624
  14.785156	  -0.045763
  14.794922	  -0.212338
  14.804688	  -0.381242
  14.814453	  -0.536627
  14.824219	  -0.660890
  14.833984	  -0.736306
  14.843750	  -0.748200
  14.853516	  -0.688977
  14.863281	  -0.561639
  14.873047	  -0.381273
  14.882812	  -0.173418
  14.892578	   0.030791
  14.902344	   0.201695
  14.912109	   0.318440
  14.921875	   0.374332
  14.931641	   0.378370
  14.941406	   0.352260
  14.951172	   0.323612
  14.960938	   0.317290
  14.970703	   0.347586
  14.980469	   0.413703
  14.990234	   0.500037
  15.000000	   0.581254
  15.009766	   0.630601
  15.019531	   0.628838
  15.029297	   0.570943
  15.039062	   0.468444
  15.048828	   0.346587
  15.058594	   0.237209
  15.068359	   0.169510
  15.078125	   0.161553
  15.087891	   0.215083
  15.097656	   0.315142
  15.107422	   0.434485
  15.117188	   0.541326
  15.126953	   0.608018
  15.136719	   0.618092
  15.146484	   0.569732
  15.156250	   0.474957
  15.166016	   0.355078
  15.175781	   0.234091
  15.185547	   0.132062
  15.195312	   0.060390
  15.205078	   0.020016
  15.214844	   0.002679
  15.224609	  -0.005610
  15.234375	  -0.020178
  15.244141	  -0.053747
  15.253906	  -0.113857
  15.263672	  -0.201969
  15.273438	  -0.313977
  15.283203	  -0.441547
  15.292969	  -0.573656
  15.302734	  -0.697982
  15.312500	  -0.802122
  15.322266	  -0.874830
  15.332031	  -0.907513
  15.341797	  -0.895975
  15.351562	  -0.842057
  15.361328	  -0.754563
  15.371094	  -0.648785
  15.380859	  -0.544265
  15.390625	  -0.460927
  15.400391	  -0.414376
  15.410156	  -0.411634
  15.419922	  -0.448675
  15.429688	  -0.510761
  15.439453	  -0.575816
  15.449219	  -0.620146
  15.458984	  -0.624978
  15.468750	  -0.581939
  15.478516	  -0.495791
  15.488281	  -0.383476
  15.498047	  -0.269643
  15.507812	  -0.179884
  15.517578	  -0.133655
  15.527344	  -0.138944
  15.537109	  -0.190265
  15.546875	  -0.270507
  15.556641	  -0.356041
  15.566406	  -0.423496
  15.576172	  -0.456205
  15.585938	  -0.448479
  15.595703	  -0.406649
  15.605469	  -0.346790
  15.615234	  -0.290073
  15.625000	  -0.257256
  15.634766	  -0.263931
  15.644531	  -0.317719
  15.654297	  -0.417835
  15.664062	  -0.556670
  15.673828	  -0.722474
  15.683594	  -0.902065
  15.693359	  -1.082746
  15.703125	  -1.253133
  15.712891	  -1.403118
  15.722656	  -1.523585
  15.732422	  -1.606493
  15.742188	  -1.645677
  15.751953	  -1.638232
  15.761719	  -1.585936
  15.771484	  -1.495946
  15.781250	  -1.380169
  15.791016	  -1.253122
  15.800781	  -1.128695
  15.810547	  -1.016715
  15.820312	  -0.920420
  15.830078	  -0.835734
  15.839844	  -0.752736
  15.849609	  -0.658960
  15.859375	  -0.543590
  15.869141	  -0.401247
  15.878906	  -0.234203
  15.888672	  -0.052380
  15.898438	   0.128831
  15.908203	   0.292145
  15.917969	   0.422215
  15.927734	   0.508528
  15.937500	   0.546653
  15.947266	   0.537721
  15.957031	   0.486682
  15.966797	   0.400276
  15.976562	   0.285629
  15.986328	   0.149999
  15.996094	   0.001584
  16.005859	  -0.149267
  16.015625	  -0.289412
  16.025391	  -0.403664
  16.035156	  -0.477249
  16.044922	  -0.499522
  16.054688	  -0.467853
  16.064453	  -0.390237
  16.074219	  -0.285372
  16.083984	  -0.179655
  16.093750	  -0.101506
  16.103516	  -0.074379
  16.113281	  -0.110422
  16.123047	  -0.206713
  16.132812	  -0.345358
  16.142578	  -0.497642
  16.152344	  -0.631187
  16.162109	  -0.718160
  16.171875	  -0.742212
  16.181641	  -0.702186
  16.191406	  -0.611606
  16.201172	  -0.494218
  16.210938	  -0.376994
  16.220703	  -0.282726
  16.230469	  -0.224341
  16.240234	  -0.202441
  16.250000	  -0.206531
  16.259766	  -0.219247
  16.269531	  -0.222079
  16.279297	  -0.200779
  16.289062	  -0.148925
  16.298828	  -0.068852
  16.308594	   0.029915
  16.318359	   0.133889
  16.328125	   0.229245
  16.337891	   0.304723
  16.347656	   0.353147
  16.357422	   0.371508
  16.367188	   0.360129
  16.376953	   0.321608
  16.386719	   0.260163
  16.396484	   0.181571
  16.406250	   0.093482
  16.416016	   0.005539
  16.425781	  -0.071255
  16.435547	  -0.126186
  16.445312	  -0.151264
  16.455078	  -0.143727
  16.464844	  -0.107658
  16.474609	  -0.053891
  16.484375	   0.002119
  16.494141	   0.044095
  16.503906	   0.059359
  16.513672	   0.042505
  16.523438	  -0.002940
  16.533203	  -0.065564
  16.542969	  -0.129616
  16.552734	  -0.180017
  16.562500	  -0.207235
  16.572266	  -0.210382
  16.582031	  -0.197480
  16.591797	  -0.182712
  16.601562	  -0.181536
  16.611328	  -0.205268
  16.621094	  -0.256958
  16.630859	  -0.329970
  16.640625	  -0.409796
  16.650391	  -0.478500
  16.660156	  -0.520336
  16.669922	  -0.526627
  16.679688	  -0.498268
  16.689453	  -0.445006
  16.699219	  -0.381765
  16.708984	  -0.323293
  16.718750	  -0.279003
  16.728516	  -0.249797
  16.738281	  -0.227983
  16.748047	  -0.200343
  16.757812	  -0.153308
  16.767578	  -0.078458
  16.777344	   0.023531
  16.787109	   0.141871
  16.796875	   0.257975
  16.806641	   0.350354
  16.816406	   0.400554
  16.826172	   0.398221
  16.835938	   0.343754
  16.845703	   0.247805
  16.855469	   0.127931
  16.865234	   0.003629
  16.875000	  -0.108610
  16.884766	  -0.198683
  16.894531	  -0.263812
  16.904297	  -0.307060
  16.914062	  -0.334255
  16.923828	  -0.350668
  16.933594	  -0.358714
  16.943359	  -0.357472
  16.953125	  -0.344028
  16.962891	  -0.315913
  16.972656	  -0.273502
  16.982422	  -0.221262
  16.992188	  -0.167214
  17.001953	  -0.120721
  17.011719	  -0.089370
  17.021484	  -0.076152
  17.031250	  -0.078046
  17.041016	  -0.086647
  17.050781	  -0.090711
  17.060547	  -0.079797
  17.070312	  -0.047734
  17.080078	   0.005315
  17.089844	   0.072920
  17.099609	   0.144576
  17.109375	   0.209227
  17.119141	   0.258846
  17.128906	   0.290785
  17.138672	   0.308042
  17.148438	   0.317369
  17.158203	   0.325929
  17.167969	   0.337801
  17.177734	   0.351662
  17.187500	   0.360625
  17.197266	   0.354411
  17.207031	   0.323183
  17.216797	   0.261738
  17.226562	   0.172553
  17.236328	   0.066509
  17.246094	  -0.039125
  17.255859	  -0.124946
  17.265625	  -0.174672
  17.275391	  -0.179765
  17.285156	  -0.141996
  17.294922	  -0.073143
  17.304688	   0.008070
  17.314453	   0.080856
  17.324219	   0.127609
  17.333984	   0.137989
  17.343750	   0.110780
  17.353516	   0.053176
  17.363281	  -0.022027
  17.373047	  -0.100319
  17.382812	  -0.169174
  17.392578	  -0.220554
  17.402344	  -0.251709
  17.412109	  -0.264390
  17.421875	  -0.263065
  17.431641	  -0.252972
  17.441406	  -0.238678
  17.451172	  -0.223479
  17.460938	  -0.209572
  17.470703	  -0.198545
  17.480469	  -0.191717
  17.490234	  -0.189980
  17.500000	  -0.193122
  17.509766	  -0.198992
  17.519531	  -0.202995
  17.529297	  -0.198407
  17.539062	  -0.177688
  17.548828	  -0.134538
  17.558594	  -0.066106
  17.568359	   0.025447
  17.578125	   0.132684
  17.587891	   0.244207
  17.597656	   0.347269
  17.607422	   0.430968
  17.617188	   0.488997
  17.626953	   0.521076
  17.636719	   0.532559
  17.646484	   0.532331
  17.656250	   0.529683
  17.666016	   0.531202
  17.675781	   0.538710
  17.685547	   0.548938
  17.695312	   0.555002
  17.705078	   0.549129
  17.714844	   0.525675
  17.724609	   0.483359
  17.734375	   0.425960
  17.744141	   0.361243
  17.753906	   0.298557
  17.763672	   0.245950
  17.773438	   0.207851
  17.783203	   0.184099
  17.792969	   0.170626
  17.802734	   0.161464
  17.812500	   0.151303
  17.822266	   0.137630
  17.832031	   0.121651
  17.841797	   0.107703
  17.851562	   0.101392
  17.861328	   0.107203
  17.871094	   0.126512
  17.880859	   0.156767
  17.890625	   0.192166
  17.900391	   0.225585
  17.910156	   0.251045
  17.919922	   0.265791
  17.929688	   0.271185
  17.939453	   0.272085
  17.949219	   0.274908
  17.958984	   0.285096
  17.968750	   0.304919
  17.978516	   0.332421
  17.988281	   0.361913
  17.998047	   0.385830
  18.007812	   0.397274
  18.017578	   0.392309
  18.027344	   0.371183
  18.037109	   0.338046
  18.046875	   0.299311
  18.056641	   0.261306
  18.066406	   0.228133
  18.076172	   0.200553
  18.085938	   0.176331
  18.095703	   0.151858
  18.105469	   0.124403
  18.115234	   0.094027
  18.125000	   0.064318
  18.134766	   0.041529
  18.144531	   0.032324
  18.154297	   0.040913
  18.164062	   0.066652
  18.173828	   0.103112
  18.183594	   0.139154
  18.193359	   0.161843
  18.203125	   0.160369
  18.212891	   0.129712
  18.222656	   0.072811
  18.232422	   0.000425
  18.242188	  -0.071405
  18.251953	  -0.125572
  18.261719	  -0.148542
  18.271484	  -0.133995
  18.281250	  -0.084376
  18.291016	  -0.009933
  18.300781	   0.074391
  18.310547	   0.153141
  18.320312	   0.214307
  18.330078	   0.251851
  18.339844	   0.266183
  18.349609	   0.262665
  18.359375	   0.248888
  18.369141	   0.231798
  18.378906	   0.215714
  18.388672	   0.201816
  18.398438	   0.189100
  18.408203	   0.176195
  18.417969	   0.163139
  18.427734	   0.152260
  18.437500	   0.147718
  18.447266	   0.153846
  18.457031	   0.172959
  18.466797	   0.203567
  18.476562	   0.239846
  18.486328	   0.272746
  18.496094	   0.292525
  18.505859	   0.291887
  18.515625	   0.268638
  18.525391	   0.226856
  18.535156	   0.176043
  18.544922	   0.128450
  18.554688	   0.095374
  18.564453	   0.083673
  18.574219	   0.093660
  18.583984	   0.119119
  18.593750	   0.149465
  18.603516	   0.173319
  18.613281	   0.182294
  18.623047	   0.173715
  18.632812	   0.151349
  18.642578	   0.123934
  18.652344	   0.102038
  18.662109	   0.094368
  18.671875	   0.104804
  18.681641	   0.131163
  18.691406	   0.166090
  18.701172	   0.199693
  18.710938	   0.222941
  18.720703	   0.230615
  18.730469	   0.222774
  18.740234	   0.204261
  18.750000	   0.182514
  18.759766	   0.164541
  18.769531	   0.154227
  18.779297	   0.150982
  18.789062	   0.150245
  18.798828	   0.145633
  18.808594	   0.131916
  18.818359	   0.107662
  18.828125	   0.076517
  18.837891	   0.046537
  18.847656	   0.027747
  18.857422	   0.028728
  18.867188	   0.053423
  18.876953	   0.099320
  18.886719	   0.157702
  18.896484	   0.215951
  18.906250	   0.261185
  18.916016	   0.284033
  18.925781	   0.281315
  18.935547	   0.256755
  18.945312	   0.219529
  18.955078	   0.181190
  18.964844	   0.152008
  18.974609	   0.137967
  18.984375	   0.139341
  18.994141	   0.151238
  19.003906	   0.165768
  19.013672	   0.174996
  19.023438	   0.173580
  19.033203	   0.160211
  19.042969	   0.137434
  19.052734	   0.110068
  19.062500	   0.082942
  19.072266	   0.058877
  19.082031	   0.037709
  19.091797	   0.016705
  19.101562	  -0.007843
  19.111328	  -0.038534
  19.121094	  -0.075159
  19.130859	  -0.114118
  19.140625	  -0.149256
  19.150391	  -0.173841
  19.160156	  -0.182958
  19.169922	  -0.175411
  19.179688	  -0.154356
  19.189453	  -0.126376
  19.199219	  -0.099262
  19.208984	  -0.079280
  19.218750	  -0.068912
  19.228516	  -0.065916
  19.238281	  -0.064086
  19.248047	  -0.055500
  19.257812	  -0.033465
  19.267578	   0.004859
  19.277344	   0.057114
  19.287109	   0.116180
  19.296875	   0.172256
  19.306641	   0.215888
  19.316406	   0.240894
  19.326172	   0.246176
  19.335938	   0.235802
  19.345703	   0.217346
  19.355469	   0.199111
  19.365234	   0.187202
  19.375000	   0.183510
  19.384766	   0.185262
  19.394531	   0.186295
  19.404297	   0.179522
  19.414062	   0.159699
  19.423828	   0.125478
  19.433594	   0.080031
  19.443359	   0.030039
  19.453125	  -0.016532
  19.462891	  -0.053052
  19.472656	  -0.076264
  19.482422	  -0.087036
  19.492188	  -0.089584
  19.501953	  -0.089516
  19.511719	  -0.091479
  19.521484	  -0.097311
  19.531250	  -0.105414
  19.541016	  -0.111569
  19.550781	  -0.110853
  19.560547	  -0.099916
  19.570312	  -0.078686
  19.580078	  -0.050823
  19.589844	  -0.022674
  19.599609	  -0.001101
  19.609375	   0.009043
  19.619141	   0.006832
  19.628906	  -0.004199
  19.638672	  -0.017134
  19.648438	  -0.024083
  19.658203	  -0.019048
  19.667969	  -0.000244
  19.677734	   0.028992
  19.687500	   0.061086
  19.697266	   0.086633
  19.707031	   0.097527
  19.716797	   0.089729
  19.726562	   0.064710
  19.736328	   0.029047
  19.746094	  -0.007682
  19.755859	  -0.036000
  19.765625	  -0.049551
  19.775391	  -0.047021
  19.785156	  -0.032320
  19.794922	  -0.013026
  19.804688	   0.002324
  19.814453	   0.007108
  19.824219	  -0.001360
  19.833984	  -0.021332
  19.843750	  -0.047753
  19.853516	  -0.074529
  19.863281	  -0.097017
  19.873047	  -0.113795
  19.882812	  -0.127021
  19.892578	  -0.141279
  19.902344	  -0.161363
  19.912109	  -0.189889
  19.921875	  -0.225680
  19.931641	  -0.263619
  19.941406	  -0.296078
  19.951172	  -0.315476
  19.960938	  -0.317040
  19.970703	  -0.300748
  19.980469	  -0.271704
  19.990234	  -0.238736
  20.000000	  -0.211651
  20.009766	  -0.198071
  20.019531	  -0.200942
  20.029297	  -0.217602
  20.039062	  -0.240735
  20.048828	  -0.260891
  20.058594	  -0.269711
  20.068359	  -0.262733
  20.078125	  -0.240828
  20.087891	  -0.209780
  20.097656	  -0.178215
  20.107422	  -0.154626
  20.117188	  -0.144569
  20.126953	  -0.149013
  20.136719	  -0.164395
  20.146484	  -0.184298
  20.156250	  -0.202093
  20.166016	  -0.213530
  20.175781	  -0.218301
  20.185547	  -0.220000
  20.195312	  -0.224492
  20.205078	  -0.237314
  20.214844	  -0.261080
  20.224609	  -0.293900
  20.234375	  -0.329430
  20.244141	  -0.358608
  20.253906	  -0.372491
  20.263672	  -0.365221
  20.273438	  -0.336067
  20.283203	  -0.289822
  20.292969	  -0.235408
  20.302734	  -0.183149
  20.312500	  -0.141673
  20.322266	  -0.115471
  20.332031	  -0.103941
  20.341797	  -0.102166
  20.351562	  -0.103091
  20.361328	  -0.100260
  20.371094	  -0.090099
  20.380859	  -0.072956
  20.390625	  -0.052552
  20.400391	  -0.034121
  20.410156	  -0.022002
  20.419922	  -0.017611
  20.429688	  -0.018609
  20.439453	  -0.019581
  20.449219	  -0.014005
  20.458984	   0.003243
  20.468750	   0.033767
  20.478516	   0.074736
  20.488281	   0.119544
  20.498047	   0.159818
  20.507812	   0.188092
  20.517578	   0.200152
  20.527344	   0.196232
  20.537109	   0.180623
  20.546875	   0.159842
  20.556641	   0.140060
  20.566406	   0.124729
  20.576172	   0.113318
  20.585938	   0.101613
  20.595703	   0.083518
  20.605469	   0.053670
  20.615234	   0.009927
  20.625000	  -0.045238
  20.634766	  -0.104972
  20.644531	  -0.159893
  20.654297	  -0.200950
  20.664062	  -0.222289
  20.673828	  -0.223139
  20.683594	  -0.208042
  20.693359	  -0.185325
  20.703125	  -0.164346
  20.712891	  -0.152458
  20.722656	  -0.152728
  20.732422	  -0.163171
  20.742188	  -0.177745
  20.751953	  -0.188688
  20.761719	  -0.189366
  20.771484	  -0.176617
  20.781250	  -0.151772
  20.791016	  -0.120065
  20.800781	  -0.088675
  20.810547	  -0.064177
  20.820312	  -0.050335
  20.830078	  -0.047037
  20.839844	  -0.050703
  20.849609	  -0.055994
  20.859375	  -0.058094
  20.869141	  -0.054720
  20.878906	  -0.047044
  20.888672	  -0.039215
  20.898438	  -0.036630
  20.908203	  -0.043646
  20.917969	  -0.061590
  20.927734	  -0.087861
  20.937500	  -0.116501
  20.947266	  -0.140061
  20.957031	  -0.152119
  20.966797	  -0.149530
  20.976562	  -0.133603
  20.986328	  -0.109731
  20.996094	  -0.085617
  21.005859	  -0.068682
  21.015625	  -0.063587
  21.025391	  -0.070739
  21.035156	  -0.086292
  21.044922	  -0.103643
  21.054688	  -0.115847
  21.064453	  -0.118099
  21.074219	  -0.109376
  21.083984	  -0.092667
  21.093750	  -0.073744
  21.103516	  -0.058947
  21.113281	  -0.052806
  21.123047	  -0.056404
  21.132812	  -0.067050
  21.142578	  -0.079389
  21.152344	  -0.087507
  21.162109	  -0.087236
  21.171875	  -0.077789
  21.181641	  -0.062097
  21.191406	  -0.045730
  21.201172	  -0.034792
  21.210938	  -0.033578
  21.220703	  -0.042895
  21.230469	  -0.059672
  21.240234	  -0.078058
  21.250000	  -0.091590
  21.259766	  -0.095675
  21.269531	  -0.089419
  21.279297	  -0.076127
  21.289062	  -0.062220
  21.298828	  -0.054927
  21.308594	  -0.059563
  21.318359	  -0.077353
  21.328125	  -0.104643
  21.337891	  -0.133792
  21.347656	  -0.155510
  21.357422	  -0.161845
  21.367188	  -0.148798
  21.376953	  -0.117669
  21.386719	  -0.074651
  21.396484	  -0.028817
  21.406250	   0.010814
  21.416016	   0.038117
  21.425781	   0.051651
  21.435547	   0.054798
  21.445312	   0.054241
  21.455078	   0.057342
  21.464844	   0.069369
  21.474609	   0.091528
  21.484375	   0.120472
  21.494141	   0.149431
  21.503906	   0.170521
  21.513672	   0.177402
  21.523438	   0.167341
  21.533203	   0.142004
  21.542969	   0.106724
  21.552734	   0.068594
  21.562500	   0.034090
  21.572266	   0.007083
  21.582031	  -0.012055
  21.591797	  -0.026024
  21.601562	  -0.039070
  21.611328	  -0.054997
  21.621094	  -0.075504
  21.630859	  -0.099473
  21.640625	  -0.123449
  21.650391	  -0.143087
  21.660156	  -0.154965
  21.669922	  -0.158034
  21.679688	  -0.154113
  21.689453	  -0.147213
  21.699219	  -0.141958
  21.708984	  -0.141705
  21.718750	  -0.147124
  21.728516	  -0.155810
  21.738281	  -0.163155
  21.748047	  -0.164163
  21.757812	  -0.155577
  21.767578	  -0.137475
  21.777344	  -0.113700
  21.787109	  -0.090877
  21.796875	  -0.076279
  21.806641	  -0.075273
  21.816406	  -0.089232
  21.826172	  -0.114682
  21.835938	  -0.144062
  21.845703	  -0.167884
  21.855469	  -0.177625
  21.865234	  -0.168385
  21.875000	  -0.140422
  21.884766	  -0.099060
  21.894531	  -0.052988
  21.904297	  -0.011547
  21.914062	   0.018098
  21.923828	   0.032948
  21.933594	   0.034714
  21.943359	   0.028775
  21.953125	   0.021994
  21.962891	   0.020206
  21.972656	   0.026248
  21.982422	   0.039230
  21.992188	   0.055212
  22.001953	   0.068998
  22.011719	   0.076307
  22.021484	   0.075512
  22.031250	   0.068279
  22.041016	   0.058895
  22.050781	   0.052534
  22.060547	   0.053149
  22.070312	   0.061774
  22.080078	   0.075910
  22.089844	   0.090243
  22.099609	   0.098466
  22.109375	   0.095560
  22.119141	   0.079732
  22.128906	   0.053300
  22.138672	   0.022211
  22.148438	  -0.005665
  22.158203	  -0.022882
  22.167969	  -0.024613
  22.177734	  -0.009965
  22.187500	   0.017979
  22.197266	   0.053355
  22.207031	   0.089470
  22.216797	   0.120806
  22.226562	   0.144384
  22.236328	   0.160080
  22.246094	   0.169872
  22.255859	   0.176411
  22.265625	   0.181525
  22.275391	   0.185269
  22.285156	   0.185881
  22.294922	   0.180642
  22.304688	   0.167268
  22.314453	   0.145243
  22.324219	   0.116529
  22.333984	   0.085333
  22.343750	   0.056957
  22.353516	   0.036150
  22.363281	   0.025560
  22.373047	   0.024881
  22.382812	   0.031028
  22.392578	   0.039303
  22.402344	   0.045141
  22.412109	   0.045801
  22.421875	   0.041389
  22.431641	   0.034819
  22.441406	   0.030737
  22.451172	   0.033789
  22.460938	   0.046876
  22.470703	   0.070026
  22.480469	   0.100296
  22.490234	   0.132739
  22.500000	   0.162050
  22.509766	   0.184299
  22.519531	   0.198077
  22.529297	   0.204663
  22.539062	   0.207148
  22.548828	   0.208881
  22.558594	   0.211854
  22.568359	   0.215678
  22.578125	   0.217569
  22.587891	   0.213398
  22.597656	   0.199417
  22.607422	   0.174017
  22.617188	   0.138815
  22.626953	   0.098612
  22.636719	   0.060139
  22.646484	   0.030005
  22.656250	   0.012525
  22.666016	   0.008222
  22.675781	   0.013559
  22.685547	   0.022045
  22.695312	   0.026368
  22.705078	   0.020836
  22.714844	   0.003291
  22.724609	  -0.024170
  22.734375	  -0.055927
  22.744141	  -0.084748
  22.753906	  -0.104220
  22.763672	  -0.110839
  22.773438	  -0.105025
  22.783203	  -0.090717
  22.792969	  -0.073724
  22.802734	  -0.059428
  22.812500	  -0.050692
  22.822266	  -0.046738
  22.832031	  -0.043391
  22.841797	  -0.034623
  22.851562	  -0.014823
  22.861328	   0.019024
  22.871094	   0.066038
  22.880859	   0.121499
  22.890625	   0.178230
  22.900391	   0.228822
  22.910156	   0.267881
  22.919922	   0.293514
  22.929688	   0.307514
  22.939453	   0.314216
  22.949219	   0.318463
  22.958984	   0.323460
  22.968750	   0.329334
  22.978516	   0.332945
  22.988281	   0.329055
  22.998047	   0.312423
  23.007812	   0.280066
  23.017578	   0.232838
  23.027344	   0.175700
  23.037109	   0.116547
  23.046875	   0.063940
  23.056641	   0.024531
  23.066406	   0.001059
  23.076172	  -0.008379
  23.085938	  -0.009511
  23.095703	  -0.009834
  23.105469	  -0.016002
  23.115234	  -0.031592
  23.125000	  -0.055992
  23.134766	  -0.084781
  23.144531	  -0.111426
  23.154297	  -0.129666
  23.164062	  -0.135719
  23.173828	  -0.129526
  23.183594	  -0.114612
  23.193359	  -0.096655
  23.203125	  -0.081307
  23.212891	  -0.072103
  23.222656	  -0.069220
  23.232422	  -0.069542
  23.242188	  -0.068007
  23.251953	  -0.059710
  23.261719	  -0.041984
  23.271484	  -0.015662
  23.281250	   0.014957
  23.291016	   0.043461
  23.300781	   0.063503
  23.310547	   0.071048
  23.320312	   0.065839
  23.330078	   0.051573
  23.339844	   0.034676
  23.349609	   0.022122
  23.359375	   0.019041
  23.369141	   0.026975
  23.378906	   0.043381
  23.388672	   0.062551
  23.398438	   0.077614
  23.408203	   0.082896
  23.417969	   0.075811
  23.427734	   0.057621
  23.437500	   0.032820
  23.447266	   0.007403
  23.457031	  -0.013341
  23.466797	  -0.026696
  23.476562	  -0.033371
  23.486328	  -0.037046
  23.496094	  -0.042790
  23.505859	  -0.054946
  23.515625	  -0.075264
  23.525391	  -0.101971
  23.535156	  -0.130108
  23.544922	  -0.153034
  23.554688	  -0.164544
  23.564453	  -0.160844
  23.574219	  -0.141718
  23.583984	  -0.110455
  23.593750	  -0.072634
  23.603516	  -0.034198
  23.613281	   0.000447
  23.623047	   0.029648
  23.632812	   0.054613
  23.642578	   0.078422
  23.652344	   0.104348
  23.662109	   0.134138
  23.671875	   0.166923
  23.681641	   0.199156
  23.691406	   0.225606
  23.701172	   0.241037
  23.710938	   0.241939
  23.720703	   0.227702
  23.730469	   0.200777
  23.740234	   0.165823
  23.750000	   0.128149
  23.759766	   0.092061
  23.769531	   0.059705
  23.779297	   0.030836
  23.789062	   0.003533
  23.798828	  -0.024441
  23.808594	  -0.054218
  23.818359	  -0.084932
  23.828125	  -0.113720
  23.837891	  -0.136660
  23.847656	  -0.150276
  23.857422	  -0.153025
  23.867188	  -0.146160
  23.876953	  -0.133557
  23.886719	  -0.120526
  23.896484	  -0.111965
  23.906250	  -0.110527
  23.916016	  -0.115489
  23.925781	  -0.122758
  23.935547	  -0.126113
  23.945312	  -0.119256
  23.955078	  -0.098027
  23.964844	  -0.061985
  23.974609	  -0.014811
  23.984375	   0.036624
  23.994141	   0.084234
  24.003906	   0.121057
  24.013672	   0.143173
  24.023438	   0.150566
  24.033203	   0.146677
  24.042969	   0.136846
  24.052734	   0.126251
  24.062500	   0.118101
  24.072266	   0.112726
  24.082031	   0.107864
  24.091797	   0.100003
  24.101562	   0.086211
  24.111328	   0.065746
  24.121094	   0.040771
  24.130859	   0.015897
  24.140625	  -0.003342
  24.150391	  -0.012512
  24.160156	  -0.010058
  24.169922	   0.001851
  24.179688	   0.017762
  24.189453	   0.030576
  24.199219	   0.033832
  24.208984	   0.023861
  24.218750	   0.001054
  24.228516	  -0.030204
  24.238281	  -0.062923
  24.248047	  -0.089736
  24.257812	  -0.105209
  24.267578	  -0.107429
  24.277344	  -0.098353
  24.287109	  -0.082841
  24.296875	  -0.066743
  24.306641	  -0.054761
  24.316406	  -0.048859
  24.326172	  -0.047768
  24.335938	  -0.047733
  24.345703	  -0.044183
  24.355469	  -0.033657
  24.365234	  -0.015281
  24.375000	   0.008798
  24.384766	   0.034142
  24.394531	   0.055649
  24.404297	   0.069429
  24.414062	   0.074228
  24.423828	   0.071818
  24.433594	   0.066217
  24.443359	   0.062008
  24.453125	   0.062400
  24.462891	   0.067782
  24.472656	   0.075350
  24.482422	   0.079988
  24.492188	   0.076128
  24.501953	   0.059927
  24.511719	   0.030959
  24.521484	  -0.007232
  24.531250	  -0.047956
  24.541016	  -0.083345
  24.550781	  -0.106811
  24.560547	  -0.115112
  24.570312	  -0.109341
  24.580078	  -0.094436
  24.589844	  -0.077422
  24.599609	  -0.064957
  24.609375	  -0.061089
  24.619141	  -0.065964
  24.628906	  -0.075977
  24.638672	  -0.085244
  24.648438	  -0.087885
  24.658203	  -0.080250
  24.667969	  -0.062286
  24.677734	  -0.037542
  24.687500	  -0.011818
  24.697266	   0.009050
  24.707031	   0.021427
  24.716797	   0.025314
  24.726562	   0.024416
  24.736328	   0.024791
  24.746094	   0.032537
  24.755859	   0.051347
  24.765625	   0.080834
  24.775391	   0.116243
  24.785156	   0.149719
  24.794922	   0.172718
  24.804688	   0.178760
  24.814453	   0.165568
  24.824219	   0.135854
  24.833984	   0.096483
  24.843750	   0.056280
  24.853516	   0.023243
  24.863281	   0.002088
  24.873047	  -0.007041
  24.882812	  -0.008304
  24.892578	  -0.008464
  24.902344	  -0.014391
  24.912109	  -0.030639
  24.921875	  -0.057934
  24.931641	  -0.093045
  24.941406	  -0.130026
  24.951172	  -0.162325
  24.960938	  -0.184968
  24.970703	  -0.196054
  24.980469	  -0.197046
  24.990234	  -0.191832
  25.000000	  -0.184964
  25.009766	  -0.179774
  25.019531	  -0.177095
  25.029297	  -0.175053
  25.039062	  -0.169977
  25.048828	  -0.158059
  25.058594	  -0.137079
  25.068359	  -0.107544
  25.078125	  -0.072755
  25.087891	  -0.037798
  25.097656	  -0.007811
  25.107422	   0.013785
  25.117188	   0.026425
  25.126953	   0.032443
  25.136719	   0.035982
  25.146484	   0.041179
  25.156250	   0.050287
  25.166016	   0.062486
  25.175781	   0.073855
  25.185547	   0.078578
  25.195312	   0.070994
  25.205078	   0.047758
  25.214844	   0.009334
  25.224609	  -0.039746
  25.234375	  -0.092011
  25.244141	  -0.139206
  25.253906	  -0.174752
  25.263672	  -0.195663
  25.273438	  -0.203269
  25.283203	  -0.202485
  25.292969	  -0.199892
  25.302734	  -0.201306
  25.312500	  -0.209679
  25.322266	  -0.224064
  25.332031	  -0.239990
  25.341797	  -0.251095
  25.351562	  -0.251416
  25.361328	  -0.237537
  25.371094	  -0.209825
  25.380859	  -0.172360
  25.390625	  -0.131593
  25.400391	  -0.094258
  25.410156	  -0.065276
  25.419922	  -0.046384
  25.429688	  -0.035952
  25.439453	  -0.029976
  25.449219	  -0.023835
  25.458984	  -0.014131
  25.468750	   0.000095
  25.478516	   0.017177
  25.488281	   0.033725
  25.498047	   0.046194
  25.507812	   0.052495
  25.517578	   0.052986
  25.527344	   0.050437
  25.537109	   0.048958
  25.546875	   0.052304
  25.556641	   0.062209
  25.566406	   0.077424
  25.576172	   0.093871
  25.585938	   0.105933
  25.595703	   0.108422
  25.605469	   0.098548
  25.615234	   0.077136
  25.625000	   0.048607
  25.634766	   0.019698
  25.644531	  -0.002705
  25.654297	  -0.013833
  25.664062	  -0.012648
  25.673828	  -0.002182
  25.683594	   0.011501
  25.693359	   0.021399
  25.703125	   0.021971
  25.712891	   0.011033
  25.722656	  -0.009536
  25.732422	  -0.034487
  25.742188	  -0.057056
  25.751953	  -0.071297
  25.761719	  -0.074068
  25.771484	  -0.065962
  25.781250	  -0.050884
  25.791016	  -0.034444
  25.800781	  -0.021788
  25.810547	  -0.015655
  25.820312	  -0.015402
  25.830078	  -0.017342
  25.839844	  -0.016262
  25.849609	  -0.007575
  25.859375	   0.010718
  25.869141	   0.036974
  25.878906	   0.066185
  25.888672	   0.091502
  25.898438	   0.106474
  25.908203	   0.107219
  25.917969	   0.093727
  25.927734	   0.069854
  25.937500	   0.041983
  25.947266	   0.016857
  25.957031	  -0.000666
  25.966797	  -0.009124
  25.976562	  -0.010695
  25.986328	  -0.010127
  25.996094	  -0.012749
  26.005859	  -0.022301
  26.015625	  -0.039407
  26.025391	  -0.061215
  26.035156	  -0.082377
  26.044922	  -0.096961
  26.054688	  -0.100619
  26.064453	  -0.092194
  26.074219	  -0.074168
  26.083984	  -0.051775
  26.093750	  -0.031099
  26.103516	  -0.016844
  26.113281	  -0.010591
  26.123047	  -0.010194
  26.132812	  -0.010539
  26.142578	  -0.005421
  26.152344	   0.010135
  26.162109	   0.037934
  26.171875	   0.075755
  26.181641	   0.117888
  26.191406	   0.156884
  26.201172	   0.185910
  26.210938	   0.200872
  26.220703	   0.201574
  26.230469	   0.191530
  26.240234	   0.176512
  26.250000	   0.162380
  26.259766	   0.152994
  26.269531	   0.148952
  26.279297	   0.147583
  26.289062	   0.144198
  26.298828	   0.134086
  26.308594	   0.114530
  26.318359	   0.086070
  26.328125	   0.052551
  26.337891	   0.019915
  26.347656	  -0.005827
  26.357422	  -0.020717
  26.367188	  -0.024297
  26.376953	  -0.019859
  26.386719	  -0.013388
  26.396484	  -0.011571
  26.406250	  -0.019553
  26.416016	  -0.039215
  26.425781	  -0.068553
  26.435547	  -0.102338
  26.445312	  -0.133801
  26.455078	  -0.156727
  26.464844	  -0.167233
  26.474609	  -0.164650
  26.484375	  -0.151265
  26.494141	  -0.131104
  26.503906	  -0.108275
  26.513672	  -0.085504
  26.523438	  -0.063416
  26.533203	  -0.040766
  26.542969	  -0.015479
  26.552734	   0.013980
  26.562500	   0.047476
  26.572266	   0.082809
  26.582031	   0.116212
  26.591797	   0.143575
  26.601562	   0.161900
  26.611328	   0.170411
  26.621094	   0.170857
  26.630859	   0.166863
  26.640625	   0.162530
  26.650391	   0.160823
  26.660156	   0.162359
  26.669922	   0.165070
  26.679688	   0.164919
  26.689453	   0.157420
  26.699219	   0.139424
  26.708984	   0.110488
  26.718750	   0.073305
  26.728516	   0.032994
  26.738281	  -0.004528
  26.748047	  -0.034516
  26.757812	  -0.054992
  26.767578	  -0.067365
  26.777344	  -0.075828
  26.787109	  -0.085730
  26.796875	  -0.101482
  26.806641	  -0.124783
  26.816406	  -0.153801
  26.826172	  -0.183654
  26.835938	  -0.208018
  26.845703	  -0.221318
  26.855469	  -0.220689
  26.865234	  -0.207000
  26.875000	  -0.184532
  26.884766	  -0.159408
  26.894531	  -0.137326
  26.904297	  -0.121409
  26.914062	  -0.110979
  26.923828	  -0.101729
  26.933594	  -0.087283
  26.943359	  -0.061630
  26.953125	  -0.021577
  26.962891	   0.031642
  26.972656	   0.092214
  26.982422	   0.151143
  26.992188	   0.198768
  27.001953	   0.227559
  27.011719	   0.234285
  27.021484	   0.220812
  27.031250	   0.193305
  27.041016	   0.160122
  27.050781	   0.129150
  27.060547	   0.105488
  27.070312	   0.090240
  27.080078	   0.080780
  27.089844	   0.072304
  27.099609	   0.060040
  27.109375	   0.041285
  27.119141	   0.016512
  27.128906	  -0.010822
  27.138672	  -0.035662
  27.148438	  -0.053359
  27.158203	  -0.061509
  27.167969	  -0.060899
  27.177734	  -0.055190
  27.187500	  -0.049443
  27.197266	  -0.048035
  27.207031	  -0.052793
  27.216797	  -0.062049
  27.226562	  -0.071062
  27.236328	  -0.073680
  27.246094	  -0.064690
  27.255859	  -0.042002
  27.265625	  -0.007858
  27.275391	   0.031436
  27.285156	   0.067211
  27.294922	   0.091042
  27.304688	   0.097371
  27.314453	   0.085246
  27.324219	   0.058568
  27.333984	   0.024752
  27.343750	  -0.007759
  27.353516	  -0.032246
  27.363281	  -0.045820
  27.373047	  -0.050147
  27.382812	  -0.050568
  27.392578	  -0.053955
  27.402344	  -0.066065
  27.412109	  -0.089340
  27.421875	  -0.121919
  27.431641	  -0.158186
  27.441406	  -0.190650
  27.451172	  -0.212461
  27.460938	  -0.219675
  27.470703	  -0.212457
  27.480469	  -0.194838
  27.490234	  -0.173121
  27.500000	  -0.153561
  27.509766	  -0.140137
  27.519531	  -0.133243
  27.529297	  -0.129722
  27.539062	  -0.124224
  27.548828	  -0.111362
  27.558594	  -0.087853
  27.568359	  -0.053880
  27.578125	  -0.013169
  27.587891	   0.028223
  27.597656	   0.063960
  27.607422	   0.089557
  27.617188	   0.103812
  27.626953	   0.109016
  27.636719	   0.109894
  27.646484	   0.111657
  27.656250	   0.117914
  27.666016	   0.129201
  27.675781	   0.142686
  27.685547	   0.153164
  27.695312	   0.154993
  27.705078	   0.144268
  27.714844	   0.120461
  27.724609	   0.086935
  27.734375	   0.050138
  27.744141	   0.017768
  27.753906	  -0.003463
  27.763672	  -0.009697
  27.773438	  -0.000815
  27.783203	   0.019910
  27.792969	   0.047208
  27.802734	   0.075693
  27.812500	   0.101537
  27.822266	   0.123352
  27.832031	   0.142011
  27.841797	   0.159567
  27.851562	   0.177759
  27.861328	   0.196740
  27.871094	   0.214575
  27.880859	   0.227708
  27.890625	   0.232247
  27.900391	   0.225551
  27.910156	   0.207481
  27.919922	   0.180798
  27.929688	   0.150483
  27.939453	   0.122202
  27.949219	   0.100438
  27.958984	   0.086994
  27.968750	   0.080434
  27.978516	   0.076689
  27.988281	   0.070669
  27.998047	   0.058278
  28.007812	   0.038126
  28.017578	   0.012284
  28.027344	  -0.014233
  28.037109	  -0.035088
  28.046875	  -0.044812
  28.056641	  -0.040780
  28.066406	  -0.024263
  28.076172	  -0.000164
  28.085938	   0.024498
  28.095703	   0.042826
  28.105469	   0.050243
  28.115234	   0.045876
  28.125000	   0.032652
  28.134766	   0.016088
  28.144531	   0.002222
  28.154297	  -0.004578
  28.164062	  -0.003119
  28.173828	   0.004303
  28.183594	   0.012887
  28.193359	   0.017233
  28.203125	   0.013447
  28.212891	   0.000673
  28.222656	  -0.018524
  28.232422	  -0.039059
  28.242188	  -0.055190
  28.251953	  -0.062646
  28.261719	  -0.060234
  28.271484	  -0.050315
  28.281250	  -0.037948
  28.291016	  -0.029005
  28.300781	  -0.027919
  28.310547	  -0.035886
  28.320312	  -0.050196
  28.330078	  -0.064951
  28.339844	  -0.072963
  28.349609	  -0.068172
  28.359375	  -0.047759
  28.369141	  -0.013223
  28.378906	   0.029951
  28.388672	   0.073917
  28.398438	   0.110801
  28.408203	   0.134953
  28.417969	   0.144360
  28.427734	   0.140767
  28.437500	   0.128555
  28.447266	   0.112819
  28.457031	   0.097421
  28.466797	   0.083706
  28.476562	   0.070358
  28.486328	   0.054395
  28.496094	   0.032871
  28.505859	   0.004596
  28.515625	  -0.028843
  28.525391	  -0.063190
  28.535156	  -0.092770
  28.544922	  -0.112445
  28.554688	  -0.119539
  28.564453	  -0.114997
  28.574219	  -0.103282
  28.583984	  -0.090972
  28.593750	  -0.084509
  28.603516	  -0.087851
  28.613281	  -0.100899
  28.623047	  -0.119263
  28.632812	  -0.135540
  28.642578	  -0.141712
  28.652344	  -0.131885
  28.662109	  -0.104452
  28.671875	  -0.062944
  28.681641	  -0.015241
  28.691406	   0.028608
  28.701172	   0.059275
  28.710938	   0.070818
  28.720703	   0.062286
  28.730469	   0.037768
  28.740234	   0.004917
  28.750000	  -0.027523
  28.759766	  -0.052373
  28.769531	  -0.066004
  28.779297	  -0.069069
  28.789062	  -0.065839
  28.798828	  -0.062453
  28.808594	  -0.064745
  28.818359	  -0.076381
  28.828125	  -0.097890
  28.837891	  -0.126800
  28.847656	  -0.158736
  28.857422	  -0.188962
  28.867188	  -0.213813
  28.876953	  -0.231503
  28.886719	  -0.242127
  28.896484	  -0.246957
  28.906250	  -0.247402
  28.916016	  -0.244120
  28.925781	  -0.236614
  28.935547	  -0.223472
  28.945312	  -0.203097
  28.955078	  -0.174582
  28.964844	  -0.138344
  28.974609	  -0.096222
  28.984375	  -0.051012
  28.994141	  -0.005604
  29.003906	   0.037875
  29.013672	   0.078563
  29.023438	   0.116764
  29.033203	   0.153262
  29.042969	   0.188321
  29.052734	   0.220795
  29.062500	   0.247752
  29.072266	   0.264852
  29.082031	   0.267419
  29.091797	   0.251896
  29.101562	   0.217160
  29.111328	   0.165257
  29.121094	   0.101227
  29.130859	   0.032078
  29.140625	  -0.034786
  29.150391	  -0.093152
  29.160156	  -0.139088
  29.169922	  -0.171197
  29.179688	  -0.190044
  29.189453	  -0.197037
  29.199219	  -0.193297
  29.208984	  -0.179003
  29.218750	  -0.153539
  29.228516	  -0.116387
  29.238281	  -0.068421
  29.248047	  -0.013000
  29.257812	   0.043687
  29.267578	   0.093372
  29.277344	   0.127486
  29.287109	   0.139479
  29.296875	   0.126961
  29.306641	   0.092890
  29.316406	   0.045302
  29.326172	  -0.004485
  29.335938	  -0.044741
  29.345703	  -0.066458
  29.355469	  -0.065793
  29.365234	  -0.045056
  29.375000	  -0.011932
  29.384766	   0.022852
  29.394531	   0.048679
  29.404297	   0.058070
  29.414062	   0.048656
  29.423828	   0.023565
  29.433594	  -0.009840
  29.443359	  -0.042371
  29.453125	  -0.065766
  29.462891	  -0.074905
  29.472656	  -0.068869
  29.482422	  -0.050609
  29.492188	  -0.025521
  29.501953	   0.000489
  29.511719	   0.022721
  29.521484	   0.038631
  29.531250	   0.047798
  29.541016	   0.051095
  29.550781	   0.049543
  29.560547	   0.043423
  29.570312	   0.032057
  29.580078	   0.014370
  29.589844	  -0.010040
  29.599609	  -0.039818
  29.609375	  -0.071319
  29.619141	  -0.098988
  29.628906	  -0.116662
  29.638672	  -0.119431
  29.648438	  -0.105403
  29.658203	  -0.076717
  29.667969	  -0.039322
  29.677734	  -0.001486
  29.687500	   0.028581
  29.697266	   0.045245
  29.707031	   0.047291
  29.716797	   0.038453
  29.726562	   0.026402
  29.736328	   0.020489
  29.746094	   0.028937
  29.755859	   0.056364
  29.765625	   0.102426
  29.775391	   0.161963
  29.785156	   0.226568
  29.794922	   0.287020
  29.804688	   0.335761
  29.814453	   0.368632
  29.824219	   0.385365
  29.833984	   0.388783
  29.843750	   0.383109
  29.853516	   0.372064
  29.863281	   0.357484
  29.873047	   0.338922
  29.882812	   0.314339
  29.892578	   0.281536
  29.902344	   0.239729
  29.912109	   0.190599
  29.921875	   0.138372
  29.931641	   0.088842
  29.941406	   0.047671
  29.951172	   0.018568
  29.960938	   0.002019
  29.970703	  -0.004960
  29.980469	  -0.007918
  29.990234	  -0.013211
  30.000000	  -0.025977
  30.009766	  -0.048524
  30.019531	  -0.079651
  30.029297	  -0.115097
  30.039062	  -0.148927
  30.048828	  -0.175336
  30.058594	  -0.190251
  30.068359	  -0.192237
  30.078125	  -0.182472
  30.087891	  -0.163933
  30.097656	  -0.140198
  30.107422	  -0.114379
  30.117188	  -0.088590
  30.126953	  -0.064087
  30.136719	  -0.041917
  30.146484	  -0.023657
  30.156250	  -0.011802
  30.166016	  -0.009471
  30.175781	  -0.019448
  30.185547	  -0.042857
  30.195312	  -0.078010
  30.205078	  -0.119986
  30.214844	  -0.161283
  30.224609	  -0.193499
  30.234375	  -0.209602
  30.244141	  -0.206095
  30.253906	  -0.184300
  30.263672	  -0.150255
  30.273438	  -0.113147
  30.283203	  -0.082690
  30.292969	  -0.066259
  30.302734	  -0.066688
  30.312500	  -0.081479
  30.322266	  -0.103694
  30.332031	  -0.124271
  30.341797	  -0.135013
  30.351562	  -0.131252
  30.361328	  -0.113329
  30.371094	  -0.086382
  30.380859	  -0.058527
  30.390625	  -0.038064
  30.400391	  -0.030648
  30.410156	  -0.037377
  30.419922	  -0.054447
  30.429688	  -0.074451
  30.439453	  -0.088883
  30.449219	  -0.090972
  30.458984	  -0.077905
  30.468750	  -0.051700
  30.478516	  -0.018487
  30.488281	   0.013509
  30.498047	   0.036567
  30.507812	   0.045764
  30.517578	   0.040213
  30.527344	   0.022919
  30.537109	  -0.000609
  30.546875	  -0.024401
  30.556641	  -0.043963
  30.566406	  -0.057435
  30.576172	  -0.065623
  30.585938	  -0.071012
  30.595703	  -0.076242
  30.605469	  -0.082725
  30.615234	  -0.089960
  30.625000	  -0.095851
  30.634766	  -0.097841
  30.644531	  -0.094394
  30.654297	  -0.086144
  30.664062	  -0.076180
  30.673828	  -0.069232
  30.683594	  -0.070005
  30.693359	  -0.081227
  30.703125	  -0.102174
  30.712891	  -0.128293
  30.722656	  -0.152175
  30.732422	  -0.165666
  30.742188	  -0.162423
  30.751953	  -0.140095
  30.761719	  -0.101306
  30.771484	  -0.053088
  30.781250	  -0.004858
  30.791016	   0.034402
  30.800781	   0.058860
  30.810547	   0.067522
  30.820312	   0.064348
  30.830078	   0.056743
  30.839844	   0.052945
  30.849609	   0.059205
  30.859375	   0.077699
  30.869141	   0.105885
  30.878906	   0.137485
  30.888672	   0.164733
  30.898438	   0.181105
  30.908203	   0.183566
  30.917969	   0.173591
  30.927734	   0.156616
  30.937500	   0.140150
  30.947266	   0.131216
  30.957031	   0.134007
  30.966797	   0.148539
  30.976562	   0.170742
  30.986328	   0.193874
  30.996094	   0.210747
  31.005859	   0.215973
  31.015625	   0.207467
  31.025391	   0.186764
  31.035156	   0.158135
  31.044922	   0.126902
  31.054688	   0.097632
  31.064453	   0.072859
  31.074219	   0.052743
  31.083984	   0.035726
  31.093750	   0.019794
  31.103516	   0.003809
  31.113281	  -0.011686
  31.123047	  -0.024508
  31.132812	  -0.031715
  31.142578	  -0.030949
  31.152344	  -0.021670
  31.162109	  -0.005754
  31.171875	   0.012845
  31.181641	   0.029287
  31.191406	   0.039473
  31.201172	   0.041484
  31.210938	   0.036267
  31.220703	   0.027253
  31.230469	   0.019025
  31.240234	   0.015476
  31.250000	   0.018162
  31.259766	   0.025478
  31.269531	   0.033012
  31.279297	   0.035025
  31.289062	   0.026538
  31.298828	   0.005326
  31.308594	  -0.026945
  31.318359	  -0.064867
  31.328125	  -0.100733
  31.337891	  -0.126827
  31.347656	  -0.137777
  31.357422	  -0.132183
  31.367188	  -0.112951
  31.376953	  -0.086216
  31.386719	  -0.059239
  31.396484	  -0.038007
  31.406250	  -0.025365
  31.416016	  -0.020322
  31.425781	  -0.018750
  31.435547	  -0.015185
  31.445312	  -0.005061
  31.455078	   0.013430
  31.464844	   0.038548
  31.474609	   0.065539
  31.484375	   0.088314
  31.494141	   0.101631
  31.503906	   0.102997
  31.513672	   0.093587
  31.523438	   0.077851
  31.533203	   0.061944
  31.542969	   0.051569
  31.552734	   0.049998
  31.562500	   0.056993
  31.572266	   0.069015
  31.582031	   0.080626
  31.591797	   0.086563
  31.601562	   0.083719
  31.611328	   0.072311
  31.621094	   0.055795
  31.630859	   0.039586
  31.640625	   0.029042
  31.650391	   0.027466
  31.660156	   0.034872
  31.669922	   0.047962
  31.679688	   0.061335
  31.689453	   0.069480
  31.699219	   0.068828
  31.708984	   0.059103
  31.718750	   0.043470
  31.728516	   0.027414
  31.738281	   0.016758
  31.748047	   0.015527
  31.757812	   0.024442
  31.767578	   0.040577
  31.777344	   0.058321
  31.787109	   0.071287
  31.796875	   0.074484
  31.806641	   0.065976
  31.816406	   0.047432
  31.826172	   0.023395
  31.835938	  -0.000448
  31.845703	  -0.019360
  31.855469	  -0.031211
  31.865234	  -0.037126
  31.875000	  -0.040868
  31.884766	  -0.047213
  31.894531	  -0.059923
  31.904297	  -0.080077
  31.914062	  -0.105400
  31.923828	  -0.130834
  31.933594	  -0.150182
  31.943359	  -0.158205
  31.953125	  -0.152455
  31.962891	  -0.134151
  31.972656	  -0.107817
  31.982422	  -0.079810
  31.992188	  -0.056286
  32.001953	  -0.041337
  32.011719	  -0.035960
  32.021484	  -0.038192
  32.031250	  -0.044313
  32.041016	  -0.050609
  32.050781	  -0.054991
  32.060547	  -0.057848
  32.070312	  -0.061773
  32.080078	  -0.070299
  32.089844	  -0.086134
  32.099609	  -0.109604
  32.109375	  -0.137964
  32.119141	  -0.165889
  32.128906	  -0.187040
  32.138672	  -0.196140
  32.148438	  -0.190827
  32.158203	  -0.172547
  32.167969	  -0.146144
  32.177734	  -0.118222
  32.187500	  -0.094874
  32.197266	  -0.079570
  32.207031	  -0.072016
  32.216797	  -0.068411
  32.226562	  -0.063055
  32.236328	  -0.050739
  32.246094	  -0.029033
  32.255859	   0.000393
  32.265625	   0.031976
  32.275391	   0.057996
  32.285156	   0.071282
  32.294922	   0.067948
  32.304688	   0.049170
  32.314453	   0.021286
  32.324219	  -0.005900
  32.333984	  -0.022135
  32.343750	  -0.020068
  32.353516	   0.002174
  32.363281	   0.040091
  32.373047	   0.083934
  32.382812	   0.121541
  32.392578	   0.141970
  32.402344	   0.138784
  32.412109	   0.111924
  32.421875	   0.067597
  32.431641	   0.016269
  32.441406	  -0.030543
  32.451172	  -0.063590
  32.460938	  -0.078265
  32.470703	  -0.075286
  32.480469	  -0.059617
  32.490234	  -0.038091
  32.500000	  -0.016679
  32.509766	   0.001602
  32.519531	   0.017420
  32.529297	   0.034297
  32.539062	   0.056610
  32.548828	   0.087222
  32.558594	   0.125692
  32.568359	   0.167766
  32.578125	   0.206366
  32.587891	   0.233763
  32.597656	   0.244128
  32.607422	   0.235554
  32.617188	   0.210809
  32.626953	   0.176507
  32.636719	   0.140996
  32.646484	   0.111673
  32.656250	   0.092671
  32.666016	   0.083706
  32.675781	   0.080471
  32.685547	   0.076407
  32.695312	   0.065216
  32.705078	   0.043210
  32.714844	   0.010681
  32.724609	  -0.028168
  32.734375	  -0.066661
  32.744141	  -0.097936
  32.753906	  -0.117221
  32.763672	  -0.123322
  32.773438	  -0.118805
  32.783203	  -0.108855
  32.792969	  -0.099275
  32.802734	  -0.094360
  32.812500	  -0.095441
  32.822266	  -0.100585
  32.832031	  -0.105550
  32.841797	  -0.105573
  32.851562	  -0.097327
  32.861328	  -0.080284
  32.871094	  -0.056977
  32.880859	  -0.032064
  32.890625	  -0.010540
  32.900391	   0.004233
  32.910156	   0.011943
  32.919922	   0.015640
  32.929688	   0.020804
  32.939453	   0.033453
  32.949219	   0.057951
  32.958984	   0.095246
  32.968750	   0.142156
  32.978516	   0.191960
  32.988281	   0.236089
  32.998047	   0.266406
  33.007812	   0.277333
  33.017578	   0.267225
  33.027344	   0.238617
  33.037109	   0.197372
  33.046875	   0.151079
  33.056641	   0.107254
  33.066406	   0.071838
  33.076172	   0.048358
  33.085938	   0.037789
  33.095703	   0.038941
  33.105469	   0.049069
  33.115234	   0.064416
  33.125000	   0.080563
  33.134766	   0.092636
  33.144531	   0.095568
  33.154297	   0.084600
  33.164062	   0.056118
  33.173828	   0.008680
  33.183594	  -0.056085
  33.193359	  -0.133091
  33.203125	  -0.214259
  33.212891	  -0.289880
  33.222656	  -0.350641
  33.232422	  -0.389762
  33.242188	  -0.404600
  33.251953	  -0.397163
  33.261719	  -0.373289
  33.271484	  -0.340706
  33.281250	  -0.306529
  33.291016	  -0.275036
  33.300781	  -0.246444
  33.310547	  -0.217147
  33.320312	  -0.181338
  33.330078	  -0.133487
  33.339844	  -0.070811
  33.349609	   0.005127
  33.359375	   0.088307
  33.369141	   0.169688
  33.378906	   0.239739
  33.388672	   0.291204
  33.398438	   0.321139
  33.408203	   0.331499
  33.417969	   0.328055
  33.427734	   0.318030
  33.437500	   0.307282
  33.447266	   0.298078
  33.457031	   0.288270
  33.466797	   0.272230
  33.476562	   0.243247
  33.486328	   0.196546
  33.496094	   0.131839
  33.505859	   0.054453
  33.515625	  -0.025493
  33.525391	  -0.095648
  33.535156	  -0.144973
  33.544922	  -0.167076
  33.554688	  -0.162231
  33.564453	  -0.137355
  33.574219	  -0.103914
  33.583984	  -0.074402
  33.593750	  -0.058538
  33.603516	  -0.060403
  33.613281	  -0.077431
  33.623047	  -0.101561
  33.632812	  -0.122109
  33.642578	  -0.129393
  33.652344	  -0.117899
  33.662109	  -0.087978
  33.671875	  -0.045575
  33.681641	  -0.000185
  33.691406	   0.038202
  33.701172	   0.062097
  33.710938	   0.068462
  33.720703	   0.059049
  33.730469	   0.039143
  33.740234	   0.015312
  33.750000	  -0.006962
  33.759766	  -0.024894
  33.769531	  -0.038722
  33.779297	  -0.050755
  33.789062	  -0.063648
  33.798828	  -0.078680
  33.808594	  -0.094805
  33.818359	  -0.108879
  33.828125	  -0.117005
  33.837891	  -0.116422
  33.847656	  -0.107139
  33.857422	  -0.092549
  33.867188	  -0.078657
  33.876953	  -0.072067
  33.886719	  -0.077401
  33.896484	  -0.095104
  33.906250	  -0.120516
  33.916016	  -0.144709
  33.925781	  -0.156952
  33.935547	  -0.148107
  33.945312	  -0.113855
  33.955078	  -0.056643
  33.964844	   0.014347
  33.974609	   0.085323
  33.984375	   0.141477
  33.994141	   0.170984
  34.003906	   0.168158
  34.013672	   0.134817
  34.023438	   0.079479
  34.033203	   0.014715
  34.042969	  -0.046445
  34.052734	  -0.093899
  34.062500	  -0.122628
  34.072266	  -0.133076
  34.082031	  -0.129823
  34.091797	  -0.119210
  34.101562	  -0.106845
  34.111328	  -0.095902
  34.121094	  -0.086727
  34.130859	  -0.077735
  34.140625	  -0.067084
  34.150391	  -0.054306
  34.160156	  -0.041158
  34.169922	  -0.031273
  34.179688	  -0.028713
  34.189453	  -0.035985
  34.199219	  -0.052367
  34.208984	  -0.073262
  34.218750	  -0.091007
  34.228516	  -0.096956
  34.238281	  -0.084209
  34.248047	  -0.050050
  34.257812	   0.002773
  34.267578	   0.066434
  34.277344	   0.130018
  34.287109	   0.182503
  34.296875	   0.215776
  34.306641	   0.226716
  34.316406	   0.217710
  34.326172	   0.195488
  34.335938	   0.168757
  34.345703	   0.145485
  34.355469	   0.130758
  34.365234	   0.125880
  34.375000	   0.128898
  34.384766	   0.136184
  34.394531	   0.144350
  34.404297	   0.151674
  34.414062	   0.158464
  34.423828	   0.166243
  34.433594	   0.176161
  34.443359	   0.187370
  34.453125	   0.196172
  34.462891	   0.196450
  34.472656	   0.181417
  34.482422	   0.146133
  34.492188	   0.089906
  34.501953	   0.017614
  34.511719	  -0.060711
  34.521484	  -0.132079
  34.531250	  -0.183984
  34.541016	  -0.208014
  34.550781	  -0.202474
  34.560547	  -0.173106
  34.570312	  -0.131604
  34.580078	  -0.092340
  34.589844	  -0.068292
  34.599609	  -0.067468
  34.609375	  -0.090919
  34.619141	  -0.132919
  34.628906	  -0.183171
  34.638672	  -0.230227
  34.648438	  -0.264951
  34.658203	  -0.282887
  34.667969	  -0.284834
  34.677734	  -0.275578
  34.687500	  -0.261391
  34.697266	  -0.247315
  34.707031	  -0.235257
  34.716797	  -0.223596
  34.726562	  -0.208363
  34.736328	  -0.185477
  34.746094	  -0.153076
  34.755859	  -0.112983
  34.765625	  -0.070653
  34.775391	  -0.033563
  34.785156	  -0.008595
  34.794922	   0.000583
  34.804688	  -0.004864
  34.814453	  -0.019022
  34.824219	  -0.033081
  34.833984	  -0.038363
  34.843750	  -0.029475
  34.853516	  -0.006429
  34.863281	   0.025067
  34.873047	   0.055348
  34.882812	   0.074017
  34.892578	   0.073562
  34.902344	   0.052114
  34.912109	   0.014362
  34.921875	  -0.029741
  34.931641	  -0.068065
  34.941406	  -0.090141
  34.951172	  -0.090452
  34.960938	  -0.070027
  34.970703	  -0.035823
  34.980469	   0.001914
  34.990234	   0.033334
  35.000000	   0.052461
  35.009766	   0.059208
  35.019531	   0.059256
  35.029297	   0.061837
  35.039062	   0.076216
  35.048828	   0.108116
  35.058594	   0.157349
  35.068359	   0.217482
  35.078125	   0.277662
  35.087891	   0.325948
  35.097656	   0.353010
  35.107422	   0.354919
  35.117188	   0.334100
  35.126953	   0.298168
  35.136719	   0.257121
  35.146484	   0.219900
  35.156250	   0.191550
  35.166016	   0.171921
  35.175781	   0.156320
  35.185547	   0.137766
  35.195312	   0.109992
  35.205078	   0.070047
  35.214844	   0.019570
  35.224609	  -0.035684
  35.234375	  -0.087841
  35.244141	  -0.129628
  35.253906	  -0.156792
  35.263672	  -0.169309
  35.273438	  -0.170981
  35.283203	  -0.167623
  35.292969	  -0.164598
  35.302734	  -0.164700
  35.312500	  -0.167220
  35.322266	  -0.168601
  35.332031	  -0.164416
  35.341797	  -0.151873
  35.351562	  -0.131815
  35.361328	  -0.109302
  35.371094	  -0.092402
  35.380859	  -0.089483
  35.390625	  -0.105896
  35.400391	  -0.141277
  35.410156	  -0.188527
  35.419922	  -0.235031
  35.429688	  -0.265894
  35.439453	  -0.268280
  35.449219	  -0.235461
  35.458984	  -0.169268
  35.468750	  -0.080049
  35.478516	   0.015915
  35.488281	   0.100808
  35.498047	   0.160125
  35.507812	   0.186498
  35.517578	   0.181336
  35.527344	   0.153835
  35.537109	   0.117771
  35.546875	   0.087166
  35.556641	   0.072235
  35.566406	   0.076858
  35.576172	   0.098263
  35.585938	   0.128823
  35.595703	   0.159176
  35.605469	   0.181507
  35.615234	   0.191815
  35.625000	   0.190479
  35.634766	   0.181058
  35.644531	   0.167931
  35.654297	   0.153766
  35.664062	   0.137860
  35.673828	   0.115997
  35.683594	   0.081919
  35.693359	   0.029863
  35.703125	  -0.042775
  35.712891	  -0.133635
  35.722656	  -0.235153
  35.732422	  -0.336021
  35.742188	  -0.423886
  35.751953	  -0.488424
  35.761719	  -0.523772
  35.771484	  -0.529591
  35.781250	  -0.510472
  35.791016	  -0.474001
  35.800781	  -0.428213
  35.810547	  -0.379319
  35.820312	  -0.330446
  35.830078	  -0.281691
  35.839844	  -0.231313
  35.849609	  -0.177488
  35.859375	  -0.119871
  35.869141	  -0.060359
  35.878906	  -0.002804
  35.888672	   0.048165
  35.898438	   0.088679
  35.908203	   0.116873
  35.917969	   0.133335
  35.927734	   0.140568
  35.937500	   0.141721
  35.947266	   0.139095
  35.957031	   0.133089
  35.966797	   0.122031
  35.976562	   0.103024
  35.986328	   0.073490
  35.996094	   0.032826
  36.005859	  -0.016513
  36.015625	  -0.069000
  36.025391	  -0.117194
  36.035156	  -0.153717
  36.044922	  -0.173401
  36.054688	  -0.174819
  36.064453	  -0.160646
  36.074219	  -0.136672
  36.083984	  -0.109783
  36.093750	  -0.085609
  36.103516	  -0.066647
  36.113281	  -0.051525
  36.123047	  -0.035672
  36.132812	  -0.013151
  36.142578	   0.021002
  36.152344	   0.068743
  36.162109	   0.128012
  36.171875	   0.193090
  36.181641	   0.256152
  36.191406	   0.309466
  36.201172	   0.347432
  36.210938	   0.367780
  36.220703	   0.371559
  36.230469	   0.362022
  36.240234	   0.342935
  36.250000	   0.317013
  36.259766	   0.285151
  36.269531	   0.246727
  36.279297	   0.200856
  36.289062	   0.148001
  36.298828	   0.091236
  36.308594	   0.036481
  36.318359	  -0.008536
  36.328125	  -0.036359
  36.337891	  -0.042266
  36.347656	  -0.026194
  36.357422	   0.006621
  36.367188	   0.046676
  36.376953	   0.082679
  36.386719	   0.104754
  36.396484	   0.107311
  36.406250	   0.090642
  36.416016	   0.060646
  36.425781	   0.026760
  36.435547	  -0.001239
  36.445312	  -0.016494
  36.455078	  -0.017292
  36.464844	  -0.007471
  36.474609	   0.005089
  36.484375	   0.011400
  36.494141	   0.004672
  36.503906	  -0.017147
  36.513672	  -0.050495
  36.523438	  -0.087293
  36.533203	  -0.117642
  36.542969	  -0.133185
  36.552734	  -0.129960
  36.562500	  -0.109768
  36.572266	  -0.079587
  36.582031	  -0.049229
  36.591797	  -0.028084
  36.601562	  -0.022048
  36.611328	  -0.031700
  36.621094	  -0.052318
  36.630859	  -0.075670
  36.640625	  -0.092921
  36.650391	  -0.097588
  36.660156	  -0.087531
  36.669922	  -0.065284
  36.679688	  -0.036693
  36.689453	  -0.008394
  36.699219	   0.014877
  36.708984	   0.032147
  36.718750	   0.046521
  36.728516	   0.063831
  36.738281	   0.090087
  36.748047	   0.128683
  36.757812	   0.178361
  36.767578	   0.232740
  36.777344	   0.281619
  36.787109	   0.313688
  36.796875	   0.319767
  36.806641	   0.295519
  36.816406	   0.242786
  36.826172	   0.169131
  36.835938	   0.085823
  36.845703	   0.004959
  36.855469	  -0.063325
  36.865234	  -0.112688
  36.875000	  -0.141007
  36.884766	  -0.149477
  36.894531	  -0.140901
  36.904297	  -0.117977
  36.914062	  -0.082296
  36.923828	  -0.034407
  36.933594	   0.025144
  36.943359	   0.094351
  36.953125	   0.168609
  36.962891	   0.240539
  36.972656	   0.301093
  36.982422	   0.341683
  36.992188	   0.356710
  37.001953	   0.345571
  37.011719	   0.313370
  37.021484	   0.269936
  37.031250	   0.227296
  37.041016	   0.196333
  37.050781	   0.183624
  37.060547	   0.189456
  37.070312	   0.207688
  37.080078	   0.227520
  37.089844	   0.236635
  37.099609	   0.224785
  37.109375	   0.186706
  37.119141	   0.123552
  37.128906	   0.042452
  37.138672	  -0.045559
  37.148438	  -0.128535
  37.158203	  -0.196593
  37.167969	  -0.243998
  37.177734	  -0.269858
  37.187500	  -0.277381
  37.197266	  -0.272135
  37.207031	  -0.259979
  37.216797	  -0.245380
  37.226562	  -0.230582
  37.236328	  -0.215749
  37.246094	  -0.199861
  37.255859	  -0.181890
  37.265625	  -0.161798
  37.275391	  -0.140996
  37.285156	  -0.122193
  37.294922	  -0.108793
  37.304688	  -0.104127
  37.314453	  -0.110821
  37.324219	  -0.130452
  37.333984	  -0.163474
  37.343750	  -0.209266
  37.353516	  -0.266104
  37.363281	  -0.330977
  37.373047	  -0.399312
  37.382812	  -0.464860
  37.392578	  -0.520010
  37.402344	  -0.556751
  37.412109	  -0.568221
  37.421875	  -0.550516
  37.431641	  -0.504206
  37.441406	  -0.434947
  37.451172	  -0.352753
  37.460938	  -0.269900
  37.470703	  -0.197879
  37.480469	  -0.144216
  37.490234	  -0.110163
  37.500000	  -0.090062
  37.509766	  -0.072774
  37.519531	  -0.044898
  37.529297	   0.005080
  37.539062	   0.082939
  37.548828	   0.186391
  37.558594	   0.305085
  37.568359	   0.423051
  37.578125	   0.522928
  37.587891	   0.590740
  37.597656	   0.619757
  37.607422	   0.612243
  37.617188	   0.578527
  37.626953	   0.533684
  37.636719	   0.492831
  37.646484	   0.466543
  37.656250	   0.457787
  37.666016	   0.461346
  37.675781	   0.465876
  37.685547	   0.457908
  37.695312	   0.426510
  37.705078	   0.367120
  37.714844	   0.283353
  37.724609	   0.186236
  37.734375	   0.091168
  37.744141	   0.013567
  37.753906	  -0.035420
  37.763672	  -0.051861
  37.773438	  -0.039818
  37.783203	  -0.009835
  37.792969	   0.024265
  37.802734	   0.049213
  37.812500	   0.055592
  37.822266	   0.039680
  37.832031	   0.003456
  37.841797	  -0.046991
  37.851562	  -0.103957
  37.861328	  -0.160629
  37.871094	  -0.212791
  37.880859	  -0.259312
  37.890625	  -0.301451
  37.900391	  -0.341394
  37.910156	  -0.380654
  37.919922	  -0.418926
  37.929688	  -0.453741
  37.939453	  -0.480932
  37.949219	  -0.495653
  37.958984	  -0.493513
  37.968750	  -0.471458
  37.978516	  -0.428185
  37.988281	  -0.364098
  37.998047	  -0.281021
  38.007812	  -0.181909
  38.017578	  -0.070728
  38.027344	   0.047480
  38.037109	   0.166527
  38.046875	   0.279265
  38.056641	   0.378213
  38.066406	   0.456661
  38.076172	   0.510016
  38.085938	   0.536991
  38.095703	   0.540144
  38.105469	   0.525447
  38.115234	   0.500830
  38.125000	   0.474011
  38.134766	   0.450223
  38.144531	   0.430566
  38.154297	   0.411569
  38.164062	   0.386228
  38.173828	   0.346293
  38.183594	   0.285175
  38.193359	   0.200595
  38.203125	   0.096114
  38.212891	  -0.018979
  38.222656	  -0.131472
  38.232422	  -0.227257
  38.242188	  -0.294714
  38.251953	  -0.327489
  38.261719	  -0.325870
  38.271484	  -0.296418
  38.281250	  -0.249995
  38.291016	  -0.198821
  38.300781	  -0.153420
  38.310547	  -0.120290
  38.320312	  -0.100858
  38.330078	  -0.091854
  38.339844	  -0.086828
  38.349609	  -0.078231
  38.359375	  -0.059439
  38.369141	  -0.026194
  38.378906	   0.022760
  38.388672	   0.085796
  38.398438	   0.158996
  38.408203	   0.236919
  38.417969	   0.313265
  38.427734	   0.381401
  38.437500	   0.434797
  38.447266	   0.467578
  38.457031	   0.475274
  38.466797	   0.455754
  38.476562	   0.410123
  38.486328	   0.343241
  38.496094	   0.263533
  38.505859	   0.181926
  38.515625	   0.109992
  38.525391	   0.057691
  38.535156	   0.031254
  38.544922	   0.031824
  38.554688	   0.055231
  38.564453	   0.093027
  38.574219	   0.134470
  38.583984	   0.168941
  38.593750	   0.188105
  38.603516	   0.187293
  38.613281	   0.165821
  38.623047	   0.126342
  38.632812	   0.073599
  38.642578	   0.013089
  38.652344	  -0.049912
  38.662109	  -0.110746
  38.671875	  -0.165294
  38.681641	  -0.209709
  38.691406	  -0.240376
  38.701172	  -0.254364
  38.710938	  -0.250384
  38.720703	  -0.229945
  38.730469	  -0.198192
  38.740234	  -0.163889
  38.750000	  -0.138223
  38.759766	  -0.132500
  38.769531	  -0.155239
  38.779297	  -0.209463
  38.789062	  -0.291108
  38.798828	  -0.389165
  38.808594	  -0.487751
  38.818359	  -0.569669
  38.828125	  -0.620548
  38.837891	  -0.632402
  38.847656	  -0.605556
  38.857422	  -0.548364
  38.867188	  -0.474753
  38.876953	  -0.400298
  38.886719	  -0.337964
  38.896484	  -0.294734
  38.906250	  -0.270066
  38.916016	  -0.256542
  38.925781	  -0.242448
  38.935547	  -0.215439
  38.945312	  -0.166200
  38.955078	  -0.091082
  38.964844	   0.006911
  38.974609	   0.118909
  38.984375	   0.232309
  38.994141	   0.333527
  39.003906	   0.410584
  39.013672	   0.454940
  39.023438	   0.462331
  39.033203	   0.432742
  39.042969	   0.369846
  39.052734	   0.280312
  39.062500	   0.173207
  39.072266	   0.059497
  39.082031	  -0.048551
  39.091797	  -0.138311
  39.101562	  -0.198265
  39.111328	  -0.219847
  39.121094	  -0.199311
  39.130859	  -0.139047
  39.140625	  -0.047775
  39.150391	   0.060667
  39.160156	   0.169871
  39.169922	   0.264202
  39.179688	   0.332097
  39.189453	   0.368439
  39.199219	   0.375312
  39.208984	   0.360937
  39.218750	   0.337096
  39.228516	   0.315806
  39.238281	   0.306205
  39.248047	   0.312494
  39.257812	   0.333431
  39.267578	   0.363325
  39.277344	   0.394063
  39.287109	   0.417418
  39.296875	   0.426881
  39.306641	   0.418592
  39.316406	   0.391289
  39.326172	   0.345618
  39.335938	   0.283342
  39.345703	   0.206927
  39.355469	   0.119737
  39.365234	   0.026674
  39.375000	  -0.065193
  39.384766	  -0.146592
  39.394531	  -0.206999
  39.404297	  -0.236605
  39.414062	  -0.228867
  39.423828	  -0.182817
  39.433594	  -0.104279
  39.443359	  -0.005308
  39.453125	   0.098211
  39.462891	   0.190313
  39.472656	   0.258989
  39.482422	   0.299250
  39.492188	   0.314210
  39.501953	   0.313722
  39.511719	   0.310932
  39.521484	   0.317782
  39.531250	   0.340921
  39.541016	   0.379359
  39.550781	   0.424675
  39.560547	   0.463753
  39.570312	   0.483144
  39.580078	   0.473613
  39.589844	   0.433328
  39.599609	   0.368586
  39.609375	   0.291825
  39.619141	   0.217551
  39.628906	   0.157587
  39.638672	   0.117258
  39.648438	   0.093837
  39.658203	   0.077813
  39.667969	   0.056565
  39.677734	   0.019201
  39.687500	  -0.039109
  39.697266	  -0.114803
  39.707031	  -0.196446
  39.716797	  -0.267964
  39.726562	  -0.313546
  39.736328	  -0.322588
  39.746094	  -0.293065
  39.755859	  -0.232213
  39.765625	  -0.154341
  39.775391	  -0.076538
  39.785156	  -0.013720
  39.794922	   0.025356
  39.804688	   0.039859
  39.814453	   0.035970
  39.824219	   0.023763
  39.833984	   0.013074
  39.843750	   0.009847
  39.853516	   0.014224
  39.863281	   0.020937
  39.873047	   0.021755
  39.882812	   0.008954
  39.892578	  -0.021504
  39.902344	  -0.068292
  39.912109	  -0.125129
  39.921875	  -0.183083
  39.931641	  -0.233878
  39.941406	  -0.272907
  39.951172	  -0.300829
  39.960938	  -0.323105
  39.970703	  -0.347639
  39.980469	  -0.381401
  39.990234	  -0.427268
