# Time	Amplitude (cm/s/s)
   0.000000	  -0.013661
   0.009766	  -0.074398
   0.019531	  -0.101678
   0.029297	  -0.094553
   0.039062	  -0.060425
   0.048828	  -0.012875
   0.058594	   0.032229
   0.068359	   0.061265
   0.078125	   0.066734
   0.087891	   0.049286
   0.097656	   0.017258
   0.107422	  -0.016171
   0.117188	  -0.037360
   0.126953	  -0.036753
   0.136719	  -0.012160
   0.146484	   0.030274
   0.156250	   0.077765
   0.166016	   0.114705
   0.175781	   0.127414
   0.185547	   0.108332
   0.195312	   0.058320
   0.205078	  -0.013603
   0.214844	  -0.092979
   0.224609	  -0.164158
   0.234375	  -0.214694
   0.244141	  -0.238513
   0.253906	  -0.236915
   0.263672	  -0.217224
   0.273438	  -0.189696
   0.283203	  -0.163812
   0.292969	  -0.145274
   0.302734	  -0.134650
   0.312500	  -0.128041
   0.322266	  -0.119357
   0.332031	  -0.103264
   0.341797	  -0.077654
   0.351562	  -0.044696
   0.361328	  -0.010128
   0.371094	   0.018917
   0.380859	   0.036659
   0.390625	   0.040928
   0.400391	   0.034022
   0.410156	   0.021815
   0.419922	   0.011418
   0.429688	   0.008290
   0.439453	   0.013890
   0.449219	   0.024826
   0.458984	   0.033898
   0.468750	   0.032744
   0.478516	   0.015174
   0.488281	  -0.020008
   0.498047	  -0.067769
   0.507812	  -0.117748
   0.517578	  -0.157077
   0.527344	  -0.174256
   0.537109	  -0.162788
   0.546875	  -0.123345
   0.556641	  -0.063716
   0.566406	   0.003478
   0.576172	   0.064538
   0.585938	   0.108669
   0.595703	   0.130863
   0.605469	   0.132761
   0.615234	   0.121251
   0.625000	   0.105386
   0.634766	   0.092742
   0.644531	   0.086537
   0.654297	   0.084537
   0.664062	   0.080138
   0.673828	   0.065220
   0.683594	   0.033745
   0.693359	  -0.015200
   0.703125	  -0.076047
   0.712891	  -0.137598
   0.722656	  -0.185887
   0.732422	  -0.208132
   0.742188	  -0.196503
   0.751953	  -0.150504
   0.761719	  -0.077217
   0.771484	   0.010617
   0.781250	   0.098022
   0.791016	   0.171605
   0.800781	   0.222578
   0.810547	   0.248157
   0.820312	   0.251070
   0.830078	   0.237556
   0.839844	   0.214708
   0.849609	   0.188118
   0.859375	   0.160587
   0.869141	   0.132197
   0.878906	   0.101493
   0.888672	   0.067158
   0.898438	   0.029424
   0.908203	  -0.009369
   0.917969	  -0.045227
   0.927734	  -0.073750
   0.937500	  -0.091577
   0.947266	  -0.097432
   0.957031	  -0.092324
   0.966797	  -0.078855
   0.976562	  -0.059990
   0.986328	  -0.037860
   0.996094	  -0.013184
   1.005859	   0.014373
   1.015625	   0.045028
   1.025391	   0.077394
   1.035156	   0.107409
   1.044922	   0.128331
   1.054688	   0.132087
   1.064453	   0.111739
   1.074219	   0.064329
   1.083984	  -0.006916
   1.093750	  -0.091921
   1.103516	  -0.175177
   1.113281	  -0.239044
   1.123047	  -0.268141
   1.132812	  -0.253564
   1.142578	  -0.195622
   1.152344	  -0.104175
   1.162109	   0.003634
   1.171875	   0.107689
   1.181641	   0.190014
   1.191406	   0.239205
   1.201172	   0.252908
   1.210938	   0.237641
   1.220703	   0.206100
   1.230469	   0.172840
   1.240234	   0.149678
   1.250000	   0.142215
   1.259766	   0.148467
   1.269531	   0.159919
   1.279297	   0.164555
   1.289062	   0.150864
   1.298828	   0.111576
   1.308594	   0.046063
   1.318359	  -0.039210
   1.328125	  -0.132160
   1.337891	  -0.217943
   1.347656	  -0.282334
   1.357422	  -0.314713
   1.367188	  -0.310021
   1.376953	  -0.269394
   1.386719	  -0.199563
   1.396484	  -0.111391
   1.406250	  -0.017967
   1.416016	   0.067374
   1.425781	   0.132870
   1.435547	   0.169901
   1.445312	   0.174232
   1.455078	   0.146817
   1.464844	   0.094006
   1.474609	   0.026899
   1.484375	  -0.040251
   1.494141	  -0.092531
   1.503906	  -0.117372
   1.513672	  -0.107412
   1.523438	  -0.062468
   1.533203	   0.010051
   1.542969	   0.096578
   1.552734	   0.180463
   1.562500	   0.245956
   1.572266	   0.282026
   1.582031	   0.284934
   1.591797	   0.258781
   1.601562	   0.213859
   1.611328	   0.163285
   1.621094	   0.118982
   1.630859	   0.088246
   1.640625	   0.071980
   1.650391	   0.065124
   1.660156	   0.059082
   1.669922	   0.045281
   1.679688	   0.018637
   1.689453	  -0.020294
   1.699219	  -0.065217
   1.708984	  -0.106096
   1.718750	  -0.132567
   1.728516	  -0.137589
   1.738281	  -0.120066
   1.748047	  -0.085497
   1.757812	  -0.044413
   1.767578	  -0.009063
   1.777344	   0.010543
   1.787109	   0.009946
   1.796875	  -0.008205
   1.806641	  -0.034867
   1.816406	  -0.057381
   1.826172	  -0.063416
   1.835938	  -0.044856
   1.845703	  -0.000437
   1.855469	   0.063655
   1.865234	   0.135309
   1.875000	   0.199640
   1.884766	   0.242760
   1.894531	   0.255099
   1.904297	   0.233407
   1.914062	   0.181051
   1.923828	   0.106761
   1.933594	   0.022358
   1.943359	  -0.059785
   1.953125	  -0.128916
   1.962891	  -0.177300
   1.972656	  -0.200795
   1.982422	  -0.198781
   1.992188	  -0.173717
   2.001953	  -0.130567
   2.011719	  -0.076168
   2.021484	  -0.018478
   2.031250	   0.034382
   2.041016	   0.075322
   2.050781	   0.099538
   2.060547	   0.105541
   2.070312	   0.095549
   2.080078	   0.074996
   2.089844	   0.051128
   2.099609	   0.031018
   2.109375	   0.019569
   2.119141	   0.018182
   2.128906	   0.024563
   2.138672	   0.033804
   2.148438	   0.040381
   2.158203	   0.040339
   2.167969	   0.032849
   2.177734	   0.020475
   2.187500	   0.008002
   2.197266	   0.000237
   2.207031	  -0.000328
   2.216797	   0.005023
   2.226562	   0.011441
   2.236328	   0.012534
   2.246094	   0.003615
   2.255859	  -0.015029
   2.265625	  -0.036268
   2.275391	  -0.046766
   2.285156	  -0.030417
   2.294922	   0.026142
   2.304688	   0.127582
   2.314453	   0.265560
   2.324219	   0.417856
   2.333984	   0.551831
   2.343750	   0.631776
   2.353516	   0.628340
   2.363281	   0.527390
   2.373047	   0.335543
   2.382812	   0.080471
   2.392578	  -0.194501
   2.402344	  -0.440243
   2.412109	  -0.613464
   2.421875	  -0.686930
   2.431641	  -0.655358
   2.441406	  -0.535416
   2.451172	  -0.359971
   2.460938	  -0.168477
   2.470703	   0.003559
   2.480469	   0.132934
   2.490234	   0.212666
   2.500000	   0.250717
   2.509766	   0.264460
   2.519531	   0.273055
   2.529297	   0.290419
   2.539062	   0.320999
   2.548828	   0.359408
   2.558594	   0.393535
   2.568359	   0.409597
   2.578125	   0.397033
   2.587891	   0.351496
   2.597656	   0.275096
   2.607422	   0.174296
   2.617188	   0.056795
   2.626953	  -0.070892
   2.636719	  -0.203893
   2.646484	  -0.337209
   2.656250	  -0.462632
   2.666016	  -0.566123
   2.675781	  -0.627548
   2.685547	  -0.623927
   2.695312	  -0.535985
   2.705078	  -0.356290
   2.714844	  -0.096166
   2.724609	   0.211561
   2.734375	   0.515965
   2.744141	   0.757731
   2.753906	   0.883170
   2.763672	   0.858823
   2.773438	   0.682261
   2.783203	   0.385430
   2.792969	   0.028875
   2.802734	  -0.312168
   2.812500	  -0.566240
   2.822266	  -0.683614
   2.832031	  -0.648578
   2.841797	  -0.482474
   2.851562	  -0.236584
   2.861328	   0.022998
   2.871094	   0.234015
   2.880859	   0.354706
   2.890625	   0.373651
   2.900391	   0.310177
   2.910156	   0.205597
   2.919922	   0.108386
   2.929688	   0.058093
   2.939453	   0.073017
   2.949219	   0.145282
   2.958984	   0.244463
   2.968750	   0.328227
   2.978516	   0.356327
   2.988281	   0.303424
   2.998047	   0.166848
   3.007812	  -0.032803
   3.017578	  -0.257983
   3.027344	  -0.465062
   3.037109	  -0.616151
   3.046875	  -0.688316
   3.056641	  -0.677698
   3.066406	  -0.597898
   3.076172	  -0.473761
   3.085938	  -0.332991
   3.095703	  -0.198394
   3.105469	  -0.082939
   3.115234	   0.011296
   3.125000	   0.090632
   3.134766	   0.165091
   3.144531	   0.243288
   3.154297	   0.328484
   3.164062	   0.416742
   3.173828	   0.497307
   3.183594	   0.554743
   3.193359	   0.572094
   3.203125	   0.534383
   3.212891	   0.432021
   3.222656	   0.263853
   3.232422	   0.039589
   3.242188	  -0.218895
   3.251953	  -0.478091
   3.261719	  -0.695990
   3.271484	  -0.828205
   3.281250	  -0.836638
   3.291016	  -0.699207
   3.300781	  -0.418227
   3.310547	  -0.024679
   3.320312	   0.423836
   3.330078	   0.852231
   3.339844	   1.182871
   3.349609	   1.353028
   3.359375	   1.330276
   3.369141	   1.121275
   3.378906	   0.770898
   3.388672	   0.351273
   3.398438	  -0.056613
   3.408203	  -0.383651
   3.417969	  -0.589581
   3.427734	  -0.671000
   3.437500	  -0.657854
   3.447266	  -0.599524
   3.457031	  -0.545043
   3.466797	  -0.524127
   3.476562	  -0.535624
   3.486328	  -0.547708
   3.496094	  -0.510260
   3.505859	  -0.375612
   3.515625	  -0.120668
   3.525391	   0.237529
   3.535156	   0.639028
   3.544922	   0.993240
   3.554688	   1.203557
   3.564453	   1.197187
   3.574219	   0.950819
   3.583984	   0.503398
   3.593750	  -0.049115
   3.603516	  -0.576658
   3.613281	  -0.949700
   3.623047	  -1.075610
   3.632812	  -0.925809
   3.642578	  -0.545155
   3.652344	  -0.040204
   3.662109	   0.450664
   3.671875	   0.796651
   3.681641	   0.911845
   3.691406	   0.779302
   3.701172	   0.454692
   3.710938	   0.048472
   3.720703	  -0.308010
   3.730469	  -0.502196
   3.740234	  -0.473889
   3.750000	  -0.232726
   3.759766	   0.145435
   3.769531	   0.541839
   3.779297	   0.830613
   3.789062	   0.916178
   3.798828	   0.761223
   3.808594	   0.397265
   3.818359	  -0.084890
   3.828125	  -0.561464
   3.837891	  -0.910760
   3.847656	  -1.046659
   3.857422	  -0.941168
   3.867188	  -0.630144
   3.876953	  -0.201354
   3.886719	   0.230970
   3.896484	   0.557443
   3.906250	   0.701894
   3.916016	   0.639416
   3.925781	   0.399958
   3.935547	   0.057515
   3.945312	  -0.291278
   3.955078	  -0.552922
   3.964844	  -0.660380
   3.974609	  -0.588372
   3.984375	  -0.357513
   3.994141	  -0.027139
   4.003906	   0.320637
   4.013672	   0.601361
   4.023438	   0.748189
   4.033203	   0.726910
   4.042969	   0.542963
   4.052734	   0.239230
   4.062500	  -0.114616
   4.072266	  -0.438685
   4.082031	  -0.661622
   4.091797	  -0.737303
   4.101562	  -0.655596
   4.111328	  -0.444527
   4.121094	  -0.163055
   4.130859	   0.114049
   4.140625	   0.315718
   4.150391	   0.393565
   4.160156	   0.335215
   4.169922	   0.168073
   4.179688	  -0.048024
   4.189453	  -0.237746
   4.199219	  -0.332416
   4.208984	  -0.291164
   4.218750	  -0.114773
   4.228516	   0.152298
   4.238281	   0.432951
   4.248047	   0.638901
   4.257812	   0.696594
   4.267578	   0.570002
   4.277344	   0.273294
   4.287109	  -0.130810
   4.296875	  -0.546999
   4.306641	  -0.873288
   4.316406	  -1.029386
   4.326172	  -0.979140
   4.335938	  -0.740338
   4.345703	  -0.378975
   4.355469	   0.010233
   4.365234	   0.331098
   4.375000	   0.512707
   4.384766	   0.527688
   4.394531	   0.396832
   4.404297	   0.179222
   4.414062	  -0.048397
   4.423828	  -0.216127
   4.433594	  -0.281474
   4.443359	  -0.239773
   4.453125	  -0.121847
   4.462891	   0.019447
   4.472656	   0.128667
   4.482422	   0.166395
   4.492188	   0.120943
   4.501953	   0.009738
   4.511719	  -0.129283
   4.521484	  -0.252566
   4.531250	  -0.326494
   4.541016	  -0.338110
   4.550781	  -0.297578
   4.560547	  -0.232113
   4.570312	  -0.174180
   4.580078	  -0.148675
   4.589844	  -0.163903
   4.599609	  -0.209487
   4.609375	  -0.261597
   4.619141	  -0.293137
   4.628906	  -0.284739
   4.638672	  -0.232300
   4.648438	  -0.148295
   4.658203	  -0.056596
   4.667969	   0.016949
   4.677734	   0.054331
   4.687500	   0.051690
   4.697266	   0.019717
   4.707031	  -0.021858
   4.716797	  -0.053302
   4.726562	  -0.063614
   4.736328	  -0.055281
   4.746094	  -0.042923
   4.755859	  -0.046252
   4.765625	  -0.080111
   4.775391	  -0.145741
   4.785156	  -0.227126
   4.794922	  -0.294459
   4.804688	  -0.314001
   4.814453	  -0.261032
   4.824219	  -0.131104
   4.833984	   0.054862
   4.843750	   0.254076
   4.853516	   0.413376
   4.863281	   0.485117
   4.873047	   0.442107
   4.882812	   0.286363
   4.892578	   0.048488
   4.902344	  -0.222247
   4.912109	  -0.473732
   4.921875	  -0.667224
   4.931641	  -0.788208
   4.941406	  -0.848129
   4.951172	  -0.876517
   4.960938	  -0.906588
   4.970703	  -0.959851
   4.980469	  -1.035718
   4.990234	  -1.110329
   5.000000	  -1.145394
   5.009766	  -1.104087
   5.019531	  -0.968215
   5.029297	  -0.750101
   5.039062	  -0.494250
   5.048828	  -0.267335
   5.058594	  -0.139122
   5.068359	  -0.160307
   5.078125	  -0.344544
   5.087891	  -0.660787
   5.097656	  -1.038838
   5.107422	  -1.386730
   5.117188	  -1.614827
   5.126953	  -1.659460
   5.136719	  -1.499260
   5.146484	  -1.159854
   5.156250	  -0.706324
   5.166016	  -0.226495
   5.175781	   0.189584
   5.185547	   0.468161
   5.195312	   0.564088
   5.205078	   0.465300
   5.214844	   0.190485
   5.224609	  -0.217340
   5.234375	  -0.698498
   5.244141	  -1.183819
   5.253906	  -1.601232
   5.263672	  -1.882946
   5.273438	  -1.974443
   5.283203	  -1.845254
   5.292969	  -1.499472
   5.302734	  -0.982147
   5.312500	  -0.377304
   5.322266	   0.205149
   5.332031	   0.652963
   5.341797	   0.880736
   5.351562	   0.856547
   5.361328	   0.616844
   5.371094	   0.262528
   5.380859	  -0.065610
   5.390625	  -0.227275
   5.400391	  -0.127973
   5.410156	   0.244762
   5.419922	   0.806920
   5.429688	   1.392346
   5.439453	   1.794125
   5.449219	   1.822447
   5.458984	   1.362243
   5.468750	   0.412865
   5.478516	  -0.903247
   5.488281	  -2.366762
   5.498047	  -3.715550
   5.507812	  -4.710844
   5.517578	  -5.195715
   5.527344	  -5.128625
   5.537109	  -4.582995
   5.546875	  -3.714864
   5.556641	  -2.711012
   5.566406	  -1.735786
   5.576172	  -0.894274
   5.585938	  -0.222637
   5.595703	   0.294195
   5.605469	   0.687694
   5.615234	   0.970361
   5.625000	   1.116259
   5.634766	   1.067086
   5.644531	   0.762519
   5.654297	   0.182599
   5.664062	  -0.616704
   5.673828	  -1.492899
   5.683594	  -2.241377
   5.693359	  -2.651666
   5.703125	  -2.579055
   5.712891	  -2.006641
   5.722656	  -1.073059
   5.732422	  -0.050635
   5.742188	   0.725013
   5.751953	   0.955433
   5.761719	   0.478777
   5.771484	  -0.665456
   5.781250	  -2.230970
   5.791016	  -3.824733
   5.800781	  -5.016908
   5.810547	  -5.467138
   5.820312	  -5.026393
   5.830078	  -3.780005
   5.839844	  -2.016229
   5.849609	  -0.129652
   5.859375	   1.508388
   5.869141	   2.667786
   5.878906	   3.324354
   5.888672	   3.647486
   5.898438	   3.914426
   5.908203	   4.382175
   5.917969	   5.165512
   5.927734	   6.170165
   5.937500	   7.112439
   5.947266	   7.625764
   5.957031	   7.421008
   5.966797	   6.442898
   5.976562	   4.959436
   5.986328	   3.538347
   5.996094	   2.900481
   6.005859	   3.683757
   6.015625	   6.188039
   6.025391	  10.187926
   6.035156	  14.888873
   6.044922	  19.063777
   6.054688	  21.352159
   6.064453	  20.649211
   6.074219	  16.475020
   6.083984	   9.208741
   6.093750	   0.102577
   6.103516	  -8.950704
   6.113281	 -15.851653
   6.123047	 -18.821831
   6.132812	 -16.883472
   6.142578	 -10.155213
   6.152344	   0.126101
   6.162109	  11.873603
   6.171875	  22.643941
   6.181641	  30.227374
   6.191406	  33.177190
   6.201172	  31.137223
   6.210938	  24.882136
   6.220703	  16.064979
   6.230469	   6.747027
   6.240234	  -1.156979
   6.250000	  -6.365552
   6.259766	  -8.520274
   6.269531	  -8.208780
   6.279297	  -6.727121
   6.289062	  -5.658707
   6.298828	  -6.393016
   6.308594	  -9.716659
   6.318359	 -15.581766
   6.328125	 -23.102333
   6.337891	 -30.765464
   6.347656	 -36.789875
   6.357422	 -39.532963
   6.367188	 -37.846275
   6.376953	 -31.304061
   6.386719	 -20.270433
   6.396484	  -5.813448
   6.406250	  10.493009
   6.416016	  26.823737
   6.425781	  41.360310
   6.435547	  52.515484
   6.445312	  59.105963
   6.455078	  60.470590
   6.464844	  56.537101
   6.474609	  47.838011
   6.484375	  35.469751
   6.494141	  20.985276
   6.503906	   6.214450
   6.513672	  -6.979735
   6.523438	 -16.980946
   6.533203	 -22.687723
   6.542969	 -23.712147
   6.552734	 -20.456155
   6.562500	 -14.034953
   6.572266	  -6.052049
   6.582031	   1.731035
   6.591797	   7.756915
   6.601562	  10.980750
   6.611328	  11.050330
   6.621094	   8.315669
   6.630859	   3.670969
   6.640625	  -1.723331
   6.650391	  -6.759186
   6.660156	 -10.652212
   6.669922	 -13.094047
   6.679688	 -14.250954
   6.689453	 -14.619738
   6.699219	 -14.793364
   6.708984	 -15.213255
   6.718750	 -15.986249
   6.728516	 -16.821910
   6.738281	 -17.107635
   6.748047	 -16.096711
   6.757812	 -13.150771
   6.767578	  -7.962819
   6.777344	  -0.694035
   6.787109	   8.015923
   6.796875	  17.167726
   6.806641	  25.615607
   6.816406	  32.314117
   6.826172	  36.529643
   6.835938	  37.960162
   6.845703	  36.734778
   6.855469	  33.300302
   6.865234	  28.234951
   6.875000	  22.050160
   6.884766	  15.044569
   6.894531	   7.258734
   6.904297	  -1.450902
   6.914062	 -11.236855
   6.923828	 -22.035640
   6.933594	 -33.365227
   6.943359	 -44.219163
   6.953125	 -53.112765
   6.962891	 -58.300373
   6.972656	 -58.136579
   6.982422	 -51.509614
   6.992188	 -38.243759
   7.001953	 -19.359392
   7.011719	   2.900662
   7.021484	  25.323274
   7.031250	  44.236084
   7.041016	  56.190511
   7.050781	  58.676488
   7.060547	  50.705419
   7.070312	  33.114022
   7.080078	   8.497258
   7.089844	 -19.237458
   7.099609	 -45.609911
   7.109375	 -66.438805
   7.119141	 -78.644401
   7.128906	 -80.792766
   7.138672	 -73.255048
   7.148438	 -57.954182
   7.158203	 -37.780509
   7.167969	 -15.846023
   7.177734	   5.211926
   7.187500	  23.686673
   7.197266	  38.904318
   7.207031	  50.970861
   7.216797	  60.277986
   7.226562	  66.961478
   7.236328	  70.525333
   7.246094	  69.793135
   7.255859	  63.239205
   7.265625	  49.617710
   7.275391	  28.690848
   7.285156	   1.797571
   7.294922	 -27.973991
   7.304688	 -56.144222
   7.314453	 -77.706113
   7.324219	 -88.305810
   7.333984	 -85.427154
   7.343750	 -69.231300
   7.353516	 -42.770365
   7.363281	 -11.453535
   7.373047	  18.147249
   7.382812	  39.866944
   7.392578	  49.480668
   7.402344	  45.775792
   7.412109	  30.848599
   7.421875	   9.518861
   7.431641	 -11.996954
   7.441406	 -27.797322
   7.451172	 -33.916307
   7.460938	 -29.392824
   7.470703	 -16.477927
   7.480469	   0.086876
   7.490234	  14.519152
   7.500000	  21.757476
   7.509766	  19.023748
   7.519531	   6.725441
   7.529297	 -11.575926
   7.539062	 -30.134833
   7.548828	 -42.661690
   7.558594	 -44.166209
   7.568359	 -32.473780
   7.578125	  -8.973638
   7.587891	  21.625272
   7.597656	  52.472612
   7.607422	  76.365355
   7.617188	  87.650438
   7.626953	  83.714421
   7.636719	  65.652359
   7.646484	  37.941066
   7.656250	   7.220817
   7.666016	 -19.465899
   7.675781	 -36.488216
   7.685547	 -41.001766
   7.695312	 -33.528856
   7.705078	 -17.618672
   7.714844	   1.280680
   7.724609	  17.395989
   7.734375	  26.199604
   7.744141	  25.550514
   7.753906	  16.119047
   7.763672	   1.020434
   7.773438	 -15.196118
   7.783203	 -27.887659
   7.792969	 -33.600259
   7.802734	 -30.947072
   7.812500	 -20.867459
   7.822266	  -6.236367
   7.832031	   9.026896
   7.841797	  21.074664
   7.851562	  27.153372
   7.861328	  26.261717
   7.871094	  19.291491
   7.880859	   8.648664
   7.890625	  -2.507746
   7.900391	 -11.178983
   7.910156	 -15.337935
   7.919922	 -14.429440
   7.929688	  -9.446672
   7.939453	  -2.588779
   7.949219	   3.387677
   7.958984	   5.940568
   7.968750	   3.435315
   7.978516	  -4.410633
   7.988281	 -16.431100
   7.998047	 -30.272521
   8.007812	 -42.938871
   8.017578	 -51.484211
   8.027344	 -53.690042
   8.037109	 -48.575426
   8.046875	 -36.630801
   8.056641	 -19.730295
   8.066406	  -0.747794
   8.076172	  17.035649
   8.085938	  30.603223
   8.095703	  37.808504
   8.105469	  37.788348
   8.115234	  31.097473
   8.125000	  19.540621
   8.134766	   5.744441
   8.144531	  -7.431577
   8.154297	 -17.510589
   8.164062	 -22.901175
   8.173828	 -23.176047
   8.183594	 -19.069667
   8.193359	 -12.205816
   8.203125	  -4.631408
   8.212891	   1.721330
   8.222656	   5.507700
   8.232422	   6.262447
   8.242188	   4.445253
   8.251953	   1.240784
   8.261719	  -1.821260
   8.271484	  -3.315672
   8.281250	  -2.316980
   8.291016	   1.362577
   8.300781	   7.147024
   8.310547	  13.876156
   8.320312	  20.128147
   8.330078	  24.587744
   8.339844	  26.357330
   8.349609	  25.132660
   8.359375	  21.210183
   8.369141	  15.343779
   8.378906	   8.509781
   8.388672	   1.658561
   8.398438	  -4.475372
   8.408203	  -9.460767
   8.417969	 -13.149199
   8.427734	 -15.577446
   8.437500	 -16.844798
   8.447266	 -17.018500
   8.457031	 -16.102467
   8.466797	 -14.075091
   8.476562	 -10.972671
   8.486328	  -6.976440
   8.496094	  -2.459740
   8.505859	   2.032466
   8.515625	   5.873165
   8.525391	   8.486242
   8.535156	   9.479377
   8.544922	   8.731864
   8.554688	   6.407329
   8.564453	   2.887725
   8.574219	  -1.347011
   8.583984	  -5.849796
   8.593750	 -10.300296
   8.603516	 -14.528449
   8.613281	 -18.460961
   8.623047	 -22.014416
   8.632812	 -24.981402
   8.642578	 -26.962739
   8.652344	 -27.386180
   8.662109	 -25.623398
   8.671875	 -21.181588
   8.681641	 -13.915594
   8.691406	  -4.191653
   8.701172	   7.059398
   8.710938	  18.434206
   8.720703	  28.288573
   8.730469	  35.061435
   8.740234	  37.613882
   8.750000	  35.496807
   8.759766	  29.075837
   8.769531	  19.477381
   8.779297	   8.365200
   8.789062	  -2.399963
   8.798828	 -11.136295
   8.808594	 -16.663925
   8.818359	 -18.502577
   8.828125	 -16.905229
   8.837891	 -12.730962
   8.847656	  -7.198600
   8.857422	  -1.588030
   8.867188	   3.037217
   8.876953	   6.024653
   8.886719	   7.209227
   8.896484	   6.867859
   8.906250	   5.577833
   8.916016	   4.024501
   8.925781	   2.810252
   8.935547	   2.310105
   8.945312	   2.602808
   8.955078	   3.485258
   8.964844	   4.557717
   8.974609	   5.352263
   8.984375	   5.469653
   8.994141	   4.690932
   9.003906	   3.038369
   9.013672	   0.773398
   9.023438	  -1.665925
   9.033203	  -3.771782
   9.042969	  -5.091714
   9.052734	  -5.341823
   9.062500	  -4.480382
   9.072266	  -2.723078
   9.082031	  -0.494723
   9.091797	   1.672158
   9.101562	   3.267676
   9.111328	   3.931203
   9.121094	   3.541164
   9.130859	   2.243228
   9.140625	   0.407726
   9.150391	  -1.473853
   9.160156	  -2.926062
   9.169922	  -3.622623
   9.179688	  -3.477489
   9.189453	  -2.666640
   9.199219	  -1.572687
   9.208984	  -0.666796
   9.218750	  -0.361483
   9.228516	  -0.877543
   9.238281	  -2.165473
   9.248047	  -3.906582
   9.257812	  -5.595769
   9.267578	  -6.683483
   9.277344	  -6.736119
   9.287109	  -5.567686
   9.296875	  -3.303332
   9.306641	  -0.354956
   9.316406	   2.684996
   9.326172	   5.201322
   9.335938	   6.719970
   9.345703	   7.031025
   9.355469	   6.236149
   9.365234	   4.708396
   9.375000	   2.978099
   9.384766	   1.579648
   9.394531	   0.904206
   9.404297	   1.100002
   9.414062	   2.046190
   9.423828	   3.403642
   9.433594	   4.723493
   9.443359	   5.578693
   9.453125	   5.679438
   9.462891	   4.941006
   9.472656	   3.488989
   9.482422	   1.606578
   9.492188	  -0.354813
   9.501953	  -2.071657
   9.511719	  -3.322629
   9.521484	  -4.022645
   9.531250	  -4.212890
   9.541016	  -4.017383
   9.550781	  -3.585780
   9.560547	  -3.043658
   9.570312	  -2.465714
   9.580078	  -1.876876
   9.589844	  -1.275279
   9.599609	  -0.663509
   9.609375	  -0.072713
   9.619141	   0.431522
   9.628906	   0.764349
   9.638672	   0.851761
   9.648438	   0.663212
   9.658203	   0.233088
   9.667969	  -0.338607
   9.677734	  -0.908347
   9.687500	  -1.327483
   9.697266	  -1.484433
   9.707031	  -1.336577
   9.716797	  -0.921252
   9.726562	  -0.342360
   9.736328	   0.262626
   9.746094	   0.764085
   9.755859	   1.076479
   9.765625	   1.178044
   9.775391	   1.108648
   9.785156	   0.948030
   9.794922	   0.783085
   9.804688	   0.675972
   9.814453	   0.643771
   9.824219	   0.655768
   9.833984	   0.648025
   9.843750	   0.548972
   9.853516	   0.306466
   9.863281	  -0.093084
   9.873047	  -0.619452
   9.882812	  -1.207917
   9.892578	  -1.778765
   9.902344	  -2.259483
   9.912109	  -2.601856
   9.921875	  -2.788747
   9.931641	  -2.829507
   9.941406	  -2.747155
   9.951172	  -2.563214
   9.960938	  -2.286418
   9.970703	  -1.909621
   9.980469	  -1.415822
   9.990234	  -0.790838
  10.000000	  -0.037779
  10.009766	   0.811938
  10.019531	   1.694949
  10.029297	   2.521086
  10.039062	   3.186046
  10.048828	   3.588477
  10.058594	   3.647752
  10.068359	   3.319219
  10.078125	   2.604907
  10.087891	   1.558732
  10.097656	   0.285843
  10.107422	  -1.064267
  10.117188	  -2.311449
  10.126953	  -3.265693
  10.136719	  -3.754238
  10.146484	  -3.652155
  10.156250	  -2.911196
  10.166016	  -1.579985
  10.175781	   0.191350
  10.185547	   2.166679
  10.195312	   4.059517
  10.205078	   5.583237
  10.214844	   6.505268
  10.224609	   6.692191
  10.234375	   6.133855
  10.244141	   4.939633
  10.253906	   3.307535
  10.263672	   1.474826
  10.273438	  -0.335573
  10.283203	  -1.957303
  10.292969	  -3.299540
  10.302734	  -4.338697
  10.312500	  -5.088212
  10.322266	  -5.559655
  10.332031	  -5.731754
  10.341797	  -5.541430
  10.351562	  -4.903050
  10.361328	  -3.751295
  10.371094	  -2.093015
  10.380859	  -0.047906
  10.390625	   2.140879
  10.400391	   4.136776
  10.410156	   5.578064
  10.419922	   6.168260
  10.429688	   5.762930
  10.439453	   4.425223
  10.449219	   2.429382
  10.458984	   0.205836
  10.468750	  -1.760975
  10.478516	  -3.055503
  10.488281	  -3.440144
  10.498047	  -2.918048
  10.507812	  -1.729629
  10.517578	  -0.281783
  10.527344	   0.971047
  10.537109	   1.659817
  10.546875	   1.608647
  10.556641	   0.884968
  10.566406	  -0.223621
  10.576172	  -1.299637
  10.585938	  -1.926616
  10.595703	  -1.821562
  10.605469	  -0.928942
  10.615234	   0.552631
  10.625000	   2.219953
  10.634766	   3.577295
  10.644531	   4.178557
  10.654297	   3.758120
  10.664062	   2.312263
  10.673828	   0.107505
  10.683594	  -2.386450
  10.693359	  -4.619805
  10.703125	  -6.106648
  10.712891	  -6.549408
  10.722656	  -5.909844
  10.732422	  -4.408577
  10.742188	  -2.455825
  10.751953	  -0.535077
  10.761719	   0.926390
  10.771484	   1.664157
  10.781250	   1.632650
  10.791016	   0.998205
  10.800781	   0.075018
  10.810547	  -0.774731
  10.820312	  -1.246802
  10.830078	  -1.177328
  10.839844	  -0.580663
  10.849609	   0.364769
  10.859375	   1.375353
  10.869141	   2.146927
  10.878906	   2.440619
  10.888672	   2.146721
  10.898438	   1.310924
  10.908203	   0.118289
  10.917969	  -1.158297
  10.927734	  -2.229788
  10.937500	  -2.863280
  10.947266	  -2.936751
  10.957031	  -2.463617
  10.966797	  -1.582806
  10.976562	  -0.518682
  10.986328	   0.477877
  10.996094	   1.192124
  11.005859	   1.496631
  11.015625	   1.379234
  11.025391	   0.941830
  11.035156	   0.371067
  11.044922	  -0.111518
  11.054688	  -0.307724
  11.064453	  -0.095195
  11.074219	   0.538525
  11.083984	   1.488893
  11.093750	   2.556395
  11.103516	   3.492927
  11.113281	   4.061680
  11.123047	   4.096101
  11.132812	   3.543307
  11.142578	   2.480788
  11.152344	   1.101671
  11.162109	  -0.328385
  11.171875	  -1.532280
  11.181641	  -2.285431
  11.191406	  -2.466570
  11.201172	  -2.082670
  11.210938	  -1.262067
  11.220703	  -0.218166
  11.230469	   0.806134
  11.240234	   1.598299
  11.250000	   2.024571
  11.259766	   2.054847
  11.269531	   1.758799
  11.279297	   1.276172
  11.289062	   0.771128
  11.298828	   0.384434
  11.308594	   0.196979
  11.318359	   0.213987
  11.328125	   0.372649
  11.337891	   0.568857
  11.347656	   0.693469
  11.357422	   0.666466
  11.367188	   0.459009
  11.376953	   0.097941
  11.386719	  -0.346827
  11.396484	  -0.786378
  11.406250	  -1.139606
  11.416016	  -1.354100
  11.425781	  -1.415269
  11.435547	  -1.342346
  11.445312	  -1.174445
  11.455078	  -0.952894
  11.464844	  -0.706716
  11.474609	  -0.446286
  11.484375	  -0.166694
  11.494141	   0.141448
  11.503906	   0.478823
  11.513672	   0.827654
  11.523438	   1.149753
  11.533203	   1.393732
  11.542969	   1.509191
  11.552734	   1.463046
  11.562500	   1.252213
  11.572266	   0.908020
  11.582031	   0.490520
  11.591797	   0.074305
  11.601562	  -0.269712
  11.611328	  -0.490787
  11.621094	  -0.568024
  11.630859	  -0.510558
  11.640625	  -0.348847
  11.650391	  -0.120645
  11.660156	   0.143075
  11.669922	   0.427143
  11.679688	   0.733007
  11.689453	   1.071201
  11.699219	   1.448404
  11.708984	   1.854075
  11.718750	   2.251999
  11.728516	   2.580631
  11.738281	   2.763332
  11.748047	   2.726332
  11.757812	   2.419658
  11.767578	   1.835032
  11.777344	   1.015320
  11.787109	   0.052287
  11.796875	  -0.927502
  11.806641	  -1.785657
  11.816406	  -2.398543
  11.826172	  -2.681344
  11.835938	  -2.604191
  11.845703	  -2.196955
  11.855469	  -1.542015
  11.865234	  -0.757009
  11.875000	   0.028378
  11.884766	   0.696531
  11.894531	   1.162044
  11.904297	   1.384175
  11.914062	   1.369710
  11.923828	   1.166390
  11.933594	   0.848892
  11.943359	   0.500719
  11.953125	   0.195977
  11.962891	  -0.015160
  11.972656	  -0.114373
  11.982422	  -0.115121
  11.992188	  -0.054937
  12.001953	   0.017743
  12.011719	   0.058786
  12.021484	   0.041634
  12.031250	  -0.034898
  12.041016	  -0.146423
  12.050781	  -0.250526
  12.060547	  -0.300018
  12.070312	  -0.258156
  12.080078	  -0.111397
  12.089844	   0.124226
  12.099609	   0.405313
  12.109375	   0.671606
  12.119141	   0.862051
  12.128906	   0.931887
  12.138672	   0.865750
  12.148438	   0.682815
  12.158203	   0.432259
  12.167969	   0.180188
  12.177734	  -0.008282
  12.187500	  -0.086583
  12.197266	  -0.038787
  12.207031	   0.117239
  12.216797	   0.336385
  12.226562	   0.560385
  12.236328	   0.735054
  12.246094	   0.825402
  12.255859	   0.824193
  12.265625	   0.751655
  12.275391	   0.646874
  12.285156	   0.553990
  12.294922	   0.507790
  12.304688	   0.523282
  12.314453	   0.592357
  12.324219	   0.688175
  12.333984	   0.775419
  12.343750	   0.822695
  12.353516	   0.812866
  12.363281	   0.747972
  12.373047	   0.647389
  12.382812	   0.540159
  12.392578	   0.454386
  12.402344	   0.407410
  12.412109	   0.400067
  12.421875	   0.416805
  12.431641	   0.431384
  12.441406	   0.416032
  12.451172	   0.350848
  12.460938	   0.230367
  12.470703	   0.065275
  12.480469	  -0.120977
  12.490234	  -0.299224
  12.500000	  -0.442747
  12.509766	  -0.533838
  12.519531	  -0.566838
  12.529297	  -0.547110
  12.539062	  -0.486850
  12.548828	  -0.399694
  12.558594	  -0.296235
  12.568359	  -0.182047
  12.578125	  -0.058627
  12.587891	   0.073519
  12.597656	   0.211277
  12.607422	   0.346595
  12.617188	   0.466622
  12.626953	   0.556488
  12.636719	   0.603794
  12.646484	   0.603104
  12.656250	   0.558687
  12.666016	   0.484310
  12.675781	   0.399975
  12.685547	   0.326559
  12.695312	   0.280133
  12.705078	   0.267824
  12.714844	   0.286565
  12.724609	   0.325046
  12.734375	   0.368090
  12.744141	   0.401854
  12.753906	   0.418064
  12.763672	   0.415908
  12.773438	   0.401121
  12.783203	   0.382838
  12.792969	   0.369519
  12.802734	   0.365540
  12.812500	   0.369660
  12.822266	   0.375795
  12.832031	   0.375643
  12.841797	   0.361994
  12.851562	   0.331411
  12.861328	   0.285262
  12.871094	   0.228842
  12.880859	   0.169094
  12.890625	   0.112005
  12.900391	   0.060851
  12.910156	   0.016027
  12.919922	  -0.023509
  12.929688	  -0.057916
  12.939453	  -0.084452
  12.949219	  -0.096899
  12.958984	  -0.086975
  12.968750	  -0.047469
  12.978516	   0.024024
  12.988281	   0.122290
  12.998047	   0.233984
  13.007812	   0.340041
  13.017578	   0.420558
  13.027344	   0.460708
  13.037109	   0.455640
  13.046875	   0.412537
  13.056641	   0.348805
  13.066406	   0.286706
  13.076172	   0.246017
  13.085938	   0.237143
  13.095703	   0.257091
  13.105469	   0.289914
  13.115234	   0.311755
  13.125000	   0.299053
  13.134766	   0.237300
  13.144531	   0.127405
  13.154297	  -0.012617
  13.164062	  -0.151501
  13.173828	  -0.253160
  13.183594	  -0.287230
  13.193359	  -0.238482
  13.203125	  -0.112136
  13.212891	   0.066660
  13.222656	   0.259120
  13.232422	   0.423023
  13.242188	   0.523789
  13.251953	   0.543176
  13.261719	   0.483128
  13.271484	   0.363868
  13.281250	   0.217115
  13.291016	   0.076699
  13.300781	  -0.030461
  13.310547	  -0.090409
  13.320312	  -0.103725
  13.330078	  -0.082610
  13.339844	  -0.044911
  13.349609	  -0.007295
  13.359375	   0.020129
  13.369141	   0.036176
  13.378906	   0.047500
  13.388672	   0.064823
  13.398438	   0.098047
  13.408203	   0.152002
  13.417969	   0.224231
  13.427734	   0.305326
  13.437500	   0.381488
  13.447266	   0.438260
  13.457031	   0.464179
  13.466797	   0.453303
  13.476562	   0.406110
  13.486328	   0.328855
  13.496094	   0.231932
  13.505859	   0.127886
  13.515625	   0.029591
  13.525391	  -0.051234
  13.535156	  -0.105252
  13.544922	  -0.126697
  13.554688	  -0.114557
  13.564453	  -0.073517
  13.574219	  -0.014154
  13.583984	   0.048186
  13.593750	   0.096110
  13.603516	   0.114268
  13.613281	   0.093872
  13.623047	   0.036292
  13.632812	  -0.045723
  13.642578	  -0.130130
  13.652344	  -0.190947
  13.662109	  -0.205726
  13.671875	  -0.163041
  13.681641	  -0.067555
  13.691406	   0.059305
  13.701172	   0.183869
  13.710938	   0.269091
  13.720703	   0.285457
  13.730469	   0.220679
  13.740234	   0.085039
  13.750000	  -0.089633
  13.759766	  -0.257532
  13.769531	  -0.371121
  13.779297	  -0.394590
  13.789062	  -0.314543
  13.798828	  -0.144569
  13.808594	   0.077862
  13.818359	   0.301456
  13.828125	   0.475210
  13.837891	   0.562450
  13.847656	   0.550575
  13.857422	   0.453645
  13.867188	   0.307095
  13.876953	   0.156306
  13.886719	   0.042618
  13.896484	  -0.008877
  13.906250	   0.003936
  13.916016	   0.060908
  13.925781	   0.127342
  13.935547	   0.166122
  13.945312	   0.150348
  13.955078	   0.072452
  13.964844	  -0.052974
  13.974609	  -0.193455
  13.984375	  -0.308536
  13.994141	  -0.362178
  14.003906	  -0.333797
  14.013672	  -0.224633
  14.023438	  -0.057652
  14.033203	   0.128815
  14.042969	   0.291646
  14.052734	   0.394498
  14.062500	   0.417055
  14.072266	   0.359473
  14.082031	   0.241080
  14.091797	   0.094083
  14.101562	  -0.045633
  14.111328	  -0.147892
  14.121094	  -0.195284
  14.130859	  -0.186257
  14.140625	  -0.133847
  14.150391	  -0.060848
  14.160156	   0.006961
  14.169922	   0.047606
  14.179688	   0.048081
  14.189453	   0.006863
  14.199219	  -0.066512
  14.208984	  -0.154348
  14.218750	  -0.235318
  14.228516	  -0.289513
  14.238281	  -0.302986
  14.248047	  -0.270946
  14.257812	  -0.199021
  14.267578	  -0.102343
  14.277344	  -0.002547
  14.287109	   0.076840
  14.296875	   0.115779
  14.306641	   0.102743
  14.316406	   0.038166
  14.326172	  -0.064734
  14.335938	  -0.182260
  14.345703	  -0.285466
  14.355469	  -0.347248
  14.365234	  -0.349552
  14.375000	  -0.288753
  14.384766	  -0.177510
  14.394531	  -0.042278
  14.404297	   0.083137
  14.414062	   0.166440
  14.423828	   0.185705
  14.433594	   0.135691
  14.443359	   0.029662
  14.453125	  -0.103973
  14.462891	  -0.229404
  14.472656	  -0.313362
  14.482422	  -0.334387
  14.492188	  -0.288698
  14.501953	  -0.190904
  14.511719	  -0.069384
  14.521484	   0.042250
  14.531250	   0.114964
  14.541016	   0.132419
  14.550781	   0.094952
  14.560547	   0.018337
  14.570312	  -0.072106
  14.580078	  -0.150063
  14.589844	  -0.196603
  14.599609	  -0.205759
  14.609375	  -0.185578
  14.619141	  -0.154508
  14.628906	  -0.134435
  14.638672	  -0.142779
  14.648438	  -0.186279
  14.658203	  -0.258467
  14.667969	  -0.341581
  14.677734	  -0.412182
  14.687500	  -0.448588
  14.697266	  -0.437680
  14.707031	  -0.378944
  14.716797	  -0.284578
  14.726562	  -0.175782
  14.736328	  -0.076557
  14.746094	  -0.007051
  14.755859	   0.021513
  14.765625	   0.008917
  14.775391	  -0.035315
  14.785156	  -0.095797
  14.794922	  -0.156304
  14.804688	  -0.204258
  14.814453	  -0.233356
  14.824219	  -0.243795
  14.833984	  -0.240412
  14.843750	  -0.229689
  14.853516	  -0.216871
  14.863281	  -0.204182
  14.873047	  -0.190630
  14.882812	  -0.173202
  14.892578	  -0.148789
  14.902344	  -0.115972
  14.912109	  -0.075961
  14.921875	  -0.032417
  14.931641	   0.009645
  14.941406	   0.045334
  14.951172	   0.071099
  14.960938	   0.085239
  14.970703	   0.087634
  14.980469	   0.078973
  14.990234	   0.059971
  15.000000	   0.031056
  15.009766	  -0.007306
  15.019531	  -0.053770
  15.029297	  -0.105251
  15.039062	  -0.156567
  15.048828	  -0.200991
  15.058594	  -0.231708
  15.068359	  -0.243766
  15.078125	  -0.235800
  15.087891	  -0.210805
  15.097656	  -0.175491
  15.107422	  -0.138318
  15.117188	  -0.106779
  15.126953	  -0.084932
  15.136719	  -0.072108
  15.146484	  -0.063417
  15.156250	  -0.051975
  15.166016	  -0.032112
  15.175781	  -0.002397
  15.185547	   0.032789
  15.195312	   0.063879
  15.205078	   0.078985
  15.214844	   0.068143
  15.224609	   0.027499
  15.234375	  -0.038163
  15.244141	  -0.115646
  15.253906	  -0.186578
  15.263672	  -0.232792
  15.273438	  -0.242194
  15.283203	  -0.213123
  15.292969	  -0.155593
  15.302734	  -0.088751
  15.312500	  -0.035161
  15.322266	  -0.013622
  15.332031	  -0.032833
  15.341797	  -0.088061
  15.351562	  -0.162049
  15.361328	  -0.230083
  15.371094	  -0.267708
  15.380859	  -0.258706
  15.390625	  -0.200742
  15.400391	  -0.106786
  15.410156	  -0.001748
  15.419922	   0.084731
  15.429688	   0.127113
  15.439453	   0.111682
  15.449219	   0.040737
  15.458984	  -0.068037
  15.468750	  -0.186803
  15.478516	  -0.285728
  15.488281	  -0.341530
  15.498047	  -0.343786
  15.507812	  -0.297171
  15.517578	  -0.219122
  15.527344	  -0.133848
  15.537109	  -0.064740
  15.546875	  -0.027586
  15.556641	  -0.026644
  15.566406	  -0.054558
  15.576172	  -0.095859
  15.585938	  -0.132650
  15.595703	  -0.150496
  15.605469	  -0.142643
  15.615234	  -0.111375
  15.625000	  -0.066362
  15.634766	  -0.020857
  15.644531	   0.012808
  15.654297	   0.026881
  15.664062	   0.019916
  15.673828	  -0.003739
  15.683594	  -0.036201
  15.693359	  -0.069037
  15.703125	  -0.095839
  15.712891	  -0.113560
  15.722656	  -0.122400
  15.732422	  -0.124555
  15.742188	  -0.122612
  15.751953	  -0.118334
  15.761719	  -0.112332
  15.771484	  -0.104625
  15.781250	  -0.095662
  15.791016	  -0.087136
  15.800781	  -0.082048
  15.810547	  -0.083826
  15.820312	  -0.094797
  15.830078	  -0.114673
  15.839844	  -0.139830
  15.849609	  -0.163880
  15.859375	  -0.179561
  15.869141	  -0.181379
  15.878906	  -0.168030
  15.888672	  -0.143582
  15.898438	  -0.116764
  15.908203	  -0.098355
  15.917969	  -0.097419
  15.927734	  -0.117640
  15.937500	  -0.155144
  15.947266	  -0.198753
  15.957031	  -0.232866
  15.966797	  -0.242215
  15.976562	  -0.217021
  15.986328	  -0.156831
  15.996094	  -0.071641
  16.005859	   0.020269
  16.015625	   0.097259
  16.025391	   0.140568
  16.035156	   0.139904
  16.044922	   0.096598
  16.054688	   0.023263
  16.064453	  -0.059960
  16.074219	  -0.131386
  16.083984	  -0.174102
  16.093750	  -0.180600
  16.103516	  -0.154302
  16.113281	  -0.107600
  16.123047	  -0.057169
  16.132812	  -0.018217
  16.142578	   0.000365
  16.152344	  -0.001636
  16.162109	  -0.016579
  16.171875	  -0.032548
  16.181641	  -0.038315
  16.191406	  -0.027851
  16.201172	  -0.002775
  16.210938	   0.028135
  16.220703	   0.052164
  16.230469	   0.057445
  16.240234	   0.037583
  16.250000	  -0.005541
  16.259766	  -0.061815
  16.269531	  -0.115798
  16.279297	  -0.151535
  16.289062	  -0.157632
  16.298828	  -0.130920
  16.308594	  -0.077476
  16.318359	  -0.010716
  16.328125	   0.052755
  16.337891	   0.098144
  16.347656	   0.116664
  16.357422	   0.107621
  16.367188	   0.077853
  16.376953	   0.038876
  16.386719	   0.002842
  16.396484	  -0.021269
  16.406250	  -0.029974
  16.416016	  -0.025501
  16.425781	  -0.014016
  16.435547	  -0.002711
  16.445312	   0.003109
  16.455078	   0.001853
  16.464844	  -0.004172
  16.474609	  -0.010161
  16.484375	  -0.011115
  16.494141	  -0.004068
  16.503906	   0.010632
  16.513672	   0.029460
  16.523438	   0.047149
  16.533203	   0.058788
  16.542969	   0.061705
  16.552734	   0.056375
  16.562500	   0.045990
  16.572266	   0.034888
  16.582031	   0.026515
  16.591797	   0.021759
  16.601562	   0.018393
  16.611328	   0.011887
  16.621094	  -0.002676
  16.630859	  -0.028314
  16.640625	  -0.064408
  16.650391	  -0.106228
  16.660156	  -0.146013
  16.669922	  -0.175260
  16.679688	  -0.187451
  16.689453	  -0.180213
  16.699219	  -0.156119
  16.708984	  -0.121814
  16.718750	  -0.085771
  16.728516	  -0.055472
  16.738281	  -0.035069
  16.748047	  -0.024349
  16.757812	  -0.019387
  16.767578	  -0.014593
  16.777344	  -0.005357
  16.787109	   0.009771
  16.796875	   0.028238
  16.806641	   0.044358
  16.816406	   0.051590
  16.826172	   0.045380
  16.835938	   0.025423
  16.845703	  -0.003596
  16.855469	  -0.033186
  16.865234	  -0.053857
  16.875000	  -0.058572
  16.884766	  -0.045594
  16.894531	  -0.019599
  16.904297	   0.009474
  16.914062	   0.029587
  16.923828	   0.030754
  16.933594	   0.008758
  16.943359	  -0.032911
  16.953125	  -0.083679
  16.962891	  -0.128968
  16.972656	  -0.154794
  16.982422	  -0.152344
  16.992188	  -0.120977
  17.001953	  -0.068601
  17.011719	  -0.009220
  17.021484	   0.041538
  17.031250	   0.071437
  17.041016	   0.075498
  17.050781	   0.057404
  17.060547	   0.027971
  17.070312	   0.001227
  17.080078	  -0.010553
  17.089844	  -0.001109
  17.099609	   0.027700
  17.109375	   0.066688
  17.119141	   0.102753
  17.128906	   0.123682
  17.138672	   0.122679
  17.148438	   0.100986
  17.158203	   0.067645
  17.167969	   0.036443
  17.177734	   0.021056
  17.187500	   0.030047
  17.197266	   0.063472
  17.207031	   0.112282
  17.216797	   0.160817
  17.226562	   0.191614
  17.236328	   0.190989
  17.246094	   0.153578
  17.255859	   0.084356
  17.265625	  -0.002519
  17.275391	  -0.087673
  17.285156	  -0.152037
  17.294922	  -0.182185
  17.304688	  -0.173887
  17.314453	  -0.132844
  17.324219	  -0.072540
  17.333984	  -0.010003
  17.343750	   0.039116
  17.353516	   0.064618
  17.363281	   0.063854
  17.373047	   0.041396
  17.382812	   0.006658
  17.392578	  -0.029566
  17.402344	  -0.058429
  17.412109	  -0.075209
  17.421875	  -0.079784
  17.431641	  -0.075513
  17.441406	  -0.067150
  17.451172	  -0.058648
  17.460938	  -0.051662
  17.470703	  -0.045211
  17.480469	  -0.036462
  17.490234	  -0.022226
  17.500000	  -0.000541
  17.509766	   0.028277
  17.519531	   0.061419
  17.529297	   0.094223
  17.539062	   0.121347
  17.548828	   0.138048
  17.558594	   0.141151
  17.568359	   0.129500
  17.578125	   0.103920
  17.587891	   0.066876
  17.597656	   0.022081
  17.607422	  -0.025810
  17.617188	  -0.071413
  17.626953	  -0.108919
  17.636719	  -0.132666
  17.646484	  -0.138081
  17.656250	  -0.122888
  17.666016	  -0.088222
  17.675781	  -0.039196
  17.685547	   0.015496
  17.695312	   0.065103
  17.705078	   0.099240
  17.714844	   0.110611
  17.724609	   0.097207
  17.734375	   0.063208
  17.744141	   0.018144
  17.753906	  -0.025596
  17.763672	  -0.056246
  17.773438	  -0.066114
  17.783203	  -0.053884
  17.792969	  -0.024983
  17.802734	   0.010186
  17.812500	   0.039628
  17.822266	   0.053698
  17.832031	   0.048302
  17.841797	   0.026273
  17.851562	  -0.003568
  17.861328	  -0.029404
  17.871094	  -0.040469
  17.880859	  -0.030796
  17.890625	  -0.001378
  17.900391	   0.040023
  17.910156	   0.081407
  17.919922	   0.110551
  17.929688	   0.119177
  17.939453	   0.105820
  17.949219	   0.076399
  17.958984	   0.042258
  17.968750	   0.016296
  17.978516	   0.008498
  17.988281	   0.022373
  17.998047	   0.053536
  18.007812	   0.090943
  18.017578	   0.120401
  18.027344	   0.129210
  18.037109	   0.110387
  18.046875	   0.065095
  18.056641	   0.002458
  18.066406	  -0.063152
  18.076172	  -0.116460
  18.085938	  -0.145818
  18.095703	  -0.146486
  18.105469	  -0.121615
  18.115234	  -0.080733
  18.125000	  -0.036331
  18.134766	   0.000248
  18.144531	   0.022203
  18.154297	   0.028888
  18.164062	   0.025181
  18.173828	   0.019000
  18.183594	   0.017903
  18.193359	   0.026066
  18.203125	   0.042667
  18.212891	   0.062228
  18.222656	   0.076721
  18.232422	   0.078617
  18.242188	   0.063784
  18.251953	   0.033182
  18.261719	  -0.007218
  18.271484	  -0.048226
  18.281250	  -0.080281
  18.291016	  -0.096354
  18.300781	  -0.093927
  18.310547	  -0.075413
  18.320312	  -0.046983
  18.330078	  -0.016291
  18.339844	   0.010047
  18.349609	   0.028315
  18.359375	   0.038330
  18.369141	   0.042705
  18.378906	   0.045158
  18.388672	   0.048578
  18.398438	   0.053632
  18.408203	   0.058426
  18.417969	   0.059331
  18.427734	   0.052599
  18.437500	   0.036125
  18.447266	   0.010636
  18.457031	  -0.020156
  18.466797	  -0.050523
  18.476562	  -0.074449
  18.486328	  -0.087497
  18.496094	  -0.088126
  18.505859	  -0.078013
  18.515625	  -0.061298
  18.525391	  -0.043065
  18.535156	  -0.027660
  18.544922	  -0.017462
  18.554688	  -0.012528
  18.564453	  -0.011174
  18.574219	  -0.011173
  18.583984	  -0.011020
  18.593750	  -0.010715
  18.603516	  -0.011707
  18.613281	  -0.016023
  18.623047	  -0.024959
  18.632812	  -0.037929
  18.642578	  -0.052016
  18.652344	  -0.062537
  18.662109	  -0.064502
  18.671875	  -0.054499
  18.681641	  -0.032273
  18.691406	  -0.001355
  18.701172	   0.031605
  18.710938	   0.058706
  18.720703	   0.073271
  18.730469	   0.072105
  18.740234	   0.056712
  18.750000	   0.032988
  18.759766	   0.009402
  18.769531	  -0.005759
  18.779297	  -0.007169
  18.789062	   0.005694
  18.798828	   0.028310
  18.808594	   0.052609
  18.818359	   0.069720
  18.828125	   0.073048
  18.837891	   0.060627
  18.847656	   0.035905
  18.857422	   0.006674
  18.867188	  -0.017529
  18.876953	  -0.028686
  18.886719	  -0.023094
  18.896484	  -0.002750
  18.906250	   0.025195
  18.916016	   0.050750
  18.925781	   0.064402
  18.935547	   0.060347
  18.945312	   0.038536
  18.955078	   0.004861
  18.964844	  -0.030608
  18.974609	  -0.056752
  18.984375	  -0.064889
  18.994141	  -0.051499
  19.003906	  -0.019328
  19.013672	   0.023447
  19.023438	   0.065672
  19.033203	   0.096497
  19.042969	   0.108433
  19.052734	   0.099278
  19.062500	   0.072408
  19.072266	   0.035450
  19.082031	  -0.002119
  19.091797	  -0.031649
  19.101562	  -0.047460
  19.111328	  -0.047897
  19.121094	  -0.035146
  19.130859	  -0.014067
  19.140625	   0.009432
  19.150391	   0.029932
  19.160156	   0.043527
  19.169922	   0.048191
  19.179688	   0.043610
  19.189453	   0.030758
  19.199219	   0.011503
  19.208984	  -0.011597
  19.218750	  -0.035355
  19.228516	  -0.056040
  19.238281	  -0.069705
  19.248047	  -0.072882
  19.257812	  -0.063525
  19.267578	  -0.041931
  19.277344	  -0.011240
  19.287109	   0.022828
  19.296875	   0.053106
  19.306641	   0.072775
  19.316406	   0.077328
  19.326172	   0.066061
  19.335938	   0.042538
  19.345703	   0.013761
  19.355469	  -0.011795
  19.365234	  -0.026723
  19.375000	  -0.026988
  19.384766	  -0.013222
  19.394531	   0.009455
  19.404297	   0.033100
  19.414062	   0.049564
  19.423828	   0.053220
  19.433594	   0.042873
  19.443359	   0.022182
  19.453125	  -0.001558
  19.462891	  -0.019902
  19.472656	  -0.026146
  19.482422	  -0.017657
  19.492188	   0.003194
  19.501953	   0.029819
  19.511719	   0.053661
  19.521484	   0.067142
  19.531250	   0.066280
  19.541016	   0.052056
  19.550781	   0.030055
  19.560547	   0.008483
  19.570312	  -0.004760
  19.580078	  -0.004920
  19.589844	   0.007844
  19.599609	   0.028396
  19.609375	   0.048310
  19.619141	   0.058736
  19.628906	   0.053471
  19.638672	   0.031170
  19.648438	  -0.004041
  19.658203	  -0.043793
  19.667969	  -0.078089
  19.677734	  -0.098453
  19.687500	  -0.100523
  19.697266	  -0.085258
  19.707031	  -0.058368
  19.716797	  -0.028240
  19.726562	  -0.003080
  19.736328	   0.011696
  19.746094	   0.014960
  19.755859	   0.009775
  19.765625	   0.001817
  19.775391	  -0.003080
  19.785156	  -0.001319
  19.794922	   0.006984
  19.804688	   0.017981
  19.814453	   0.025527
  19.824219	   0.023543
  19.833984	   0.008463
  19.843750	  -0.019111
  19.853516	  -0.054150
  19.863281	  -0.088438
  19.873047	  -0.112926
  19.882812	  -0.120405
  19.892578	  -0.107667
  19.902344	  -0.076457
  19.912109	  -0.032961
  19.921875	   0.013942
  19.931641	   0.055086
  19.941406	   0.083313
  19.951172	   0.095006
  19.960938	   0.090511
  19.970703	   0.073461
  19.980469	   0.049396
  19.990234	   0.024169
  20.000000	   0.002663
  20.009766	  -0.011920
  20.019531	  -0.018166
  20.029297	  -0.016148
  20.039062	  -0.007022
  20.048828	   0.007265
  20.058594	   0.024088
  20.068359	   0.040182
  20.078125	   0.051851
  20.087891	   0.055499
  20.097656	   0.048519
  20.107422	   0.030321
  20.117188	   0.003121
  20.126953	  -0.027944
  20.136719	  -0.055627
  20.146484	  -0.072288
  20.156250	  -0.072112
  20.166016	  -0.053156
  20.175781	  -0.018508
  20.185547	   0.023987
  20.195312	   0.063537
  20.205078	   0.089336
  20.214844	   0.093800
  20.224609	   0.075067
  20.234375	   0.037895
  20.244141	  -0.007438
  20.253906	  -0.048037
  20.263672	  -0.072244
  20.273438	  -0.073270
  20.283203	  -0.051429
  20.292969	  -0.014201
  20.302734	   0.025968
  20.312500	   0.055492
  20.322266	   0.063923
  20.332031	   0.047325
  20.341797	   0.009654
  20.351562	  -0.038325
  20.361328	  -0.082254
  20.371094	  -0.108546
  20.380859	  -0.108524
  20.390625	  -0.081038
  20.400391	  -0.032779
  20.410156	   0.023779
  20.419922	   0.074119
  20.429688	   0.105895
  20.439453	   0.112315
  20.449219	   0.093695
  20.458984	   0.056810
  20.468750	   0.012372
  20.478516	  -0.028439
  20.488281	  -0.057239
  20.498047	  -0.070493
  20.507812	  -0.069802
  20.517578	  -0.060507
  20.527344	  -0.049243
  20.537109	  -0.041369
  20.546875	  -0.039163
  20.556641	  -0.041345
  20.566406	  -0.043969
  20.576172	  -0.042247
  20.585938	  -0.032564
  20.595703	  -0.013947
  20.605469	   0.011518
  20.615234	   0.039382
  20.625000	   0.064320
  20.634766	   0.081797
  20.644531	   0.089306
  20.654297	   0.086778
  20.664062	   0.076100
  20.673828	   0.060051
  20.683594	   0.041141
  20.693359	   0.020871
  20.703125	  -0.000322
  20.712891	  -0.022453
  20.722656	  -0.045052
  20.732422	  -0.066397
  20.742188	  -0.083338
  20.751953	  -0.091922
  20.761719	  -0.088650
  20.771484	  -0.071935
  20.781250	  -0.043165
  20.791016	  -0.006898
  20.800781	   0.030023
  20.810547	   0.060221
  20.820312	   0.077879
  20.830078	   0.080468
  20.839844	   0.069508
  20.849609	   0.050048
  20.859375	   0.029036
  20.869141	   0.013070
  20.878906	   0.006321
  20.888672	   0.009304
  20.898438	   0.018930
  20.908203	   0.029772
  20.917969	   0.036119
  20.927734	   0.034045
  20.937500	   0.022794
  20.947266	   0.004990
  20.957031	  -0.014373
  20.966797	  -0.029754
  20.976562	  -0.037026
  20.986328	  -0.034850
  20.996094	  -0.024966
  21.005859	  -0.011336
  21.015625	   0.001518
  21.025391	   0.010313
  21.035156	   0.014225
  21.044922	   0.015053
  21.054688	   0.016242
  21.064453	   0.021145
  21.074219	   0.031212
  21.083984	   0.044845
  21.093750	   0.057460
  21.103516	   0.062821
  21.113281	   0.055254
  21.123047	   0.031971
  21.132812	  -0.005362
  21.142578	  -0.050448
  21.152344	  -0.093753
  21.162109	  -0.125115
  21.171875	  -0.136739
  21.181641	  -0.125616
  21.191406	  -0.094530
  21.201172	  -0.051297
  21.210938	  -0.006447
  21.220703	   0.029906
  21.230469	   0.050996
  21.240234	   0.055188
  21.250000	   0.046060
  21.259766	   0.030792
  21.269531	   0.017458
  21.279297	   0.012143
  21.289062	   0.016897
  21.298828	   0.029162
  21.308594	   0.042866
  21.318359	   0.050731
  21.328125	   0.046994
  21.337891	   0.029575
  21.347656	   0.000962
  21.357422	  -0.032473
  21.367188	  -0.062457
  21.376953	  -0.081412
  21.386719	  -0.084768
  21.396484	  -0.072251
  21.406250	  -0.047762
  21.416016	  -0.017958
  21.425781	   0.009912
  21.435547	   0.030154
  21.445312	   0.040063
  21.455078	   0.040232
  21.464844	   0.033748
  21.474609	   0.024690
  21.484375	   0.016535
  21.494141	   0.011064
  21.503906	   0.008118
  21.513672	   0.006181
  21.523438	   0.003459
  21.533203	  -0.001058
  21.542969	  -0.007029
  21.552734	  -0.012915
  21.562500	  -0.016779
  21.572266	  -0.017334
  21.582031	  -0.014776
  21.591797	  -0.010958
  21.601562	  -0.008778
  21.611328	  -0.010964
  21.621094	  -0.018723
  21.630859	  -0.030840
  21.640625	  -0.043646
  21.650391	  -0.051998
  21.660156	  -0.050997
  21.669922	  -0.037872
  21.679688	  -0.013318
  21.689453	   0.018239
  21.699219	   0.049677
  21.708984	   0.073227
  21.718750	   0.082895
  21.728516	   0.076445
  21.738281	   0.056228
  21.748047	   0.028526
  21.757812	   0.001579
  21.767578	  -0.017064
  21.777344	  -0.022996
  21.787109	  -0.016344
  21.796875	  -0.001635
  21.806641	   0.013860
  21.816406	   0.022733
  21.826172	   0.020115
  21.835938	   0.005487
  21.845703	  -0.017005
  21.855469	  -0.039858
  21.865234	  -0.054725
  21.875000	  -0.055255
  21.884766	  -0.039327
  21.894531	  -0.009890
  21.904297	   0.025864
  21.914062	   0.058723
  21.923828	   0.080315
  21.933594	   0.085659
  21.943359	   0.074559
  21.953125	   0.051419
  21.962891	   0.023584
  21.972656	  -0.001184
  21.982422	  -0.017216
  21.992188	  -0.022581
  22.001953	  -0.019352
  22.011719	  -0.012473
  22.021484	  -0.007670
  22.031250	  -0.009215
  22.041016	  -0.018307
  22.050781	  -0.032653
  22.060547	  -0.047338
  22.070312	  -0.056643
  22.080078	  -0.056128
  22.089844	  -0.044238
  22.099609	  -0.022873
  22.109375	   0.003242
  22.119141	   0.028125
  22.128906	   0.046455
  22.138672	   0.055169
  22.148438	   0.054186
  22.158203	   0.046069
  22.167969	   0.034816
  22.177734	   0.024275
  22.187500	   0.016790
  22.197266	   0.012559
  22.207031	   0.009908
  22.216797	   0.006302
  22.226562	  -0.000328
  22.236328	  -0.010506
  22.246094	  -0.022791
  22.255859	  -0.034187
  22.265625	  -0.041211
  22.275391	  -0.041184
  22.285156	  -0.033254
  22.294922	  -0.018743
  22.304688	  -0.000689
  22.314453	   0.017223
  22.324219	   0.031917
  22.333984	   0.041871
  22.343750	   0.047399
  22.353516	   0.050150
  22.363281	   0.052071
  22.373047	   0.054262
  22.382812	   0.056239
  22.392578	   0.055944
  22.402344	   0.050560
  22.412109	   0.037842
  22.421875	   0.017451
  22.431641	  -0.008284
  22.441406	  -0.034546
  22.451172	  -0.055209
  22.460938	  -0.064674
  22.470703	  -0.059750
  22.480469	  -0.040898
  22.490234	  -0.012356
  22.500000	   0.018986
  22.509766	   0.045631
  22.519531	   0.061774
  22.529297	   0.065077
  22.539062	   0.057288
  22.548828	   0.043474
  22.558594	   0.030104
  22.568359	   0.022643
  22.578125	   0.023505
  22.587891	   0.031101
  22.597656	   0.040359
  22.607422	   0.044560
  22.617188	   0.037886
  22.626953	   0.017787
  22.636719	  -0.013686
  22.646484	  -0.050085
  22.656250	  -0.082318
  22.666016	  -0.101405
  22.675781	  -0.101338
  22.685547	  -0.081116
  22.695312	  -0.045246
  22.705078	  -0.002531
  22.714844	   0.036475
  22.724609	   0.062547
  22.734375	   0.070407
  22.744141	   0.060091
  22.753906	   0.036636
  22.763672	   0.008272
  22.773438	  -0.016258
  22.783203	  -0.030365
  22.792969	  -0.031410
  22.802734	  -0.021126
  22.812500	  -0.004614
  22.822266	   0.011651
  22.832031	   0.022073
  22.841797	   0.023686
  22.851562	   0.016859
  22.861328	   0.004815
  22.871094	  -0.007766
  22.880859	  -0.016498
  22.890625	  -0.018743
  22.900391	  -0.014304
  22.910156	  -0.005170
  22.919922	   0.005472
  22.929688	   0.014540
  22.939453	   0.020136
  22.949219	   0.022015
  22.958984	   0.021333
  22.968750	   0.019835
  22.978516	   0.018884
  22.988281	   0.018755
  22.998047	   0.018495
  23.007812	   0.016412
  23.017578	   0.010956
  23.027344	   0.001623
  23.037109	  -0.010543
  23.046875	  -0.023086
  23.056641	  -0.032907
  23.066406	  -0.037378
  23.076172	  -0.035388
  23.085938	  -0.027858
  23.095703	  -0.017526
  23.105469	  -0.008005
  23.115234	  -0.002478
  23.125000	  -0.002489
  23.134766	  -0.007325
  23.144531	  -0.014251
  23.154297	  -0.019547
  23.164062	  -0.019987
  23.173828	  -0.014214
  23.183594	  -0.003471
  23.193359	   0.008633
  23.203125	   0.017292
  23.212891	   0.018228
  23.222656	   0.009367
  23.232422	  -0.008157
  23.242188	  -0.030072
  23.251953	  -0.050157
  23.261719	  -0.062168
  23.271484	  -0.061887
  23.281250	  -0.048567
  23.291016	  -0.025270
  23.300781	   0.002041
  23.310547	   0.026370
  23.320312	   0.041883
  23.330078	   0.045693
  23.339844	   0.038627
  23.349609	   0.024726
  23.359375	   0.009673
  23.369141	  -0.001286
  23.378906	  -0.005188
  23.388672	  -0.002304
  23.398438	   0.004121
  23.408203	   0.009238
  23.417969	   0.008564
  23.427734	  -0.000167
  23.437500	  -0.015964
  23.447266	  -0.034742
  23.457031	  -0.050642
  23.466797	  -0.058064
  23.476562	  -0.053688
  23.486328	  -0.037767
  23.496094	  -0.014218
  23.505859	   0.010550
  23.515625	   0.029666
  23.525391	   0.038010
  23.535156	   0.033856
  23.544922	   0.019382
  23.554688	  -0.000112
  23.564453	  -0.017997
  23.574219	  -0.028499
  23.583984	  -0.028540
  23.593750	  -0.018617
  23.603516	  -0.002458
  23.613281	   0.014377
  23.623047	   0.026449
  23.632812	   0.030245
  23.642578	   0.025247
  23.652344	   0.013913
  23.662109	   0.000657
  23.671875	  -0.009791
  23.681641	  -0.014017
  23.691406	  -0.011014
  23.701172	  -0.002349
  23.710938	   0.008562
  23.720703	   0.017776
  23.730469	   0.022215
  23.740234	   0.020645
  23.750000	   0.013904
  23.759766	   0.004378
  23.769531	  -0.005031
  23.779297	  -0.012006
  23.789062	  -0.015548
  23.798828	  -0.016101
  23.808594	  -0.015061
  23.818359	  -0.013921
  23.828125	  -0.013461
  23.837891	  -0.013325
  23.847656	  -0.012203
  23.857422	  -0.008521
  23.867188	  -0.001368
  23.876953	   0.008775
  23.886719	   0.019846
  23.896484	   0.028709
  23.906250	   0.032208
  23.916016	   0.028423
  23.925781	   0.017605
  23.935547	   0.002415
  23.945312	  -0.012714
  23.955078	  -0.022938
  23.964844	  -0.024625
  23.974609	  -0.016702
  23.984375	  -0.001185
  23.994141	   0.017322
  24.003906	   0.033045
  24.013672	   0.040929
  24.023438	   0.038346
  24.033203	   0.026029
  24.042969	   0.007883
  24.052734	  -0.010292
  24.062500	  -0.022733
  24.072266	  -0.025662
  24.082031	  -0.018560
  24.091797	  -0.004327
  24.101562	   0.011745
  24.111328	   0.023819
  24.121094	   0.027556
  24.130859	   0.021634
  24.140625	   0.008208
  24.150391	  -0.007853
  24.160156	  -0.020677
  24.169922	  -0.025464
  24.179688	  -0.020192
  24.189453	  -0.006354
  24.199219	   0.011528
  24.208984	   0.027434
  24.218750	   0.035910
  24.228516	   0.033913
  24.238281	   0.021838
  24.248047	   0.003351
  24.257812	  -0.015880
  24.267578	  -0.030118
  24.277344	  -0.035455
  24.287109	  -0.031047
  24.296875	  -0.019250
  24.306641	  -0.004661
  24.316406	   0.007579
  24.326172	   0.013617
  24.335938	   0.012182
  24.345703	   0.004927
  24.355469	  -0.004289
  24.365234	  -0.010887
  24.375000	  -0.011278
  24.384766	  -0.004179
  24.394531	   0.008924
  24.404297	   0.024309
  24.414062	   0.037323
  24.423828	   0.043989
  24.433594	   0.042336
  24.443359	   0.032985
  24.453125	   0.018834
  24.462891	   0.003974
  24.472656	  -0.007736
  24.482422	  -0.013918
  24.492188	  -0.014314
  24.501953	  -0.010622
  24.511719	  -0.005651
  24.521484	  -0.002141
  24.531250	  -0.001707
  24.541016	  -0.004319
  24.550781	  -0.008456
  24.560547	  -0.011861
  24.570312	  -0.012557
  24.580078	  -0.009703
  24.589844	  -0.003964
  24.599609	   0.002761
  24.609375	   0.008117
  24.619141	   0.010259
  24.628906	   0.008599
  24.638672	   0.004038
  24.648438	  -0.001437
  24.658203	  -0.005612
  24.667969	  -0.007019
  24.677734	  -0.005613
  24.687500	  -0.002859
  24.697266	  -0.001143
  24.707031	  -0.002739
  24.716797	  -0.008715
  24.726562	  -0.018239
  24.736328	  -0.028609
  24.746094	  -0.036062
  24.755859	  -0.037109
  24.765625	  -0.029934
  24.775391	  -0.015313
  24.785156	   0.003336
  24.794922	   0.020865
  24.804688	   0.032013
  24.814453	   0.033189
  24.824219	   0.023808
  24.833984	   0.006657
  24.843750	  -0.012874
  24.853516	  -0.028492
  24.863281	  -0.035085
  24.873047	  -0.030472
  24.882812	  -0.016216
  24.892578	   0.002828
  24.902344	   0.020087
  24.912109	   0.029489
  24.921875	   0.027546
  24.931641	   0.014619
  24.941406	  -0.005100
  24.951172	  -0.024903
  24.960938	  -0.037743
  24.970703	  -0.038561
  24.980469	  -0.025983
  24.990234	  -0.002815
  25.000000	   0.024816
  25.009766	   0.049393
  25.019531	   0.064367
  25.029297	   0.066153
  25.039062	   0.055137
  25.048828	   0.035381
  25.058594	   0.013182
  25.068359	  -0.005011
  25.078125	  -0.014592
  25.087891	  -0.014072
  25.097656	  -0.005243
  25.107422	   0.007746
  25.117188	   0.020008
  25.126953	   0.027635
  25.136719	   0.028912
  25.146484	   0.024637
  25.156250	   0.017515
  25.166016	   0.010910
  25.175781	   0.007470
  25.185547	   0.008143
  25.195312	   0.011934
  25.205078	   0.016450
  25.214844	   0.018982
  25.224609	   0.017669
  25.234375	   0.012280
  25.244141	   0.004314
  25.253906	  -0.003614
  25.263672	  -0.008846
  25.273438	  -0.009770
  25.283203	  -0.006498
  25.292969	  -0.000848
  25.302734	   0.004369
  25.312500	   0.006484
  25.322266	   0.004084
  25.332031	  -0.002337
  25.341797	  -0.010464
  25.351562	  -0.016971
  25.361328	  -0.018772
  25.371094	  -0.014234
  25.380859	  -0.003895
  25.390625	   0.009608
  25.400391	   0.022397
  25.410156	   0.030694
  25.419922	   0.032167
  25.429688	   0.026765
  25.439453	   0.016736
  25.449219	   0.005803
  25.458984	  -0.002209
  25.468750	  -0.004779
  25.478516	  -0.001617
  25.488281	   0.005265
  25.498047	   0.012360
  25.507812	   0.016077
  25.517578	   0.014223
  25.527344	   0.006984
  25.537109	  -0.002973
  25.546875	  -0.011377
  25.556641	  -0.013901
  25.566406	  -0.007850
  25.576172	   0.006654
  25.585938	   0.026434
  25.595703	   0.046122
  25.605469	   0.059855
  25.615234	   0.063241
  25.625000	   0.054907
  25.634766	   0.037082
  25.644531	   0.014975
  25.654297	  -0.004869
  25.664062	  -0.016680
  25.673828	  -0.017340
  25.683594	  -0.007375
  25.693359	   0.009279
  25.703125	   0.026647
  25.712891	   0.038765
  25.722656	   0.041693
  25.732422	   0.034802
  25.742188	   0.020901
  25.751953	   0.005179
  25.761719	  -0.006672
  25.771484	  -0.010481
  25.781250	  -0.005064
  25.791016	   0.007361
  25.800781	   0.021947
  25.810547	   0.032905
  25.820312	   0.035502
  25.830078	   0.027675
  25.839844	   0.010735
  25.849609	  -0.011088
  25.859375	  -0.032059
  25.869141	  -0.046818
  25.878906	  -0.052075
  25.888672	  -0.047566
  25.898438	  -0.035970
  25.908203	  -0.021883
  25.917969	  -0.010228
  25.927734	  -0.004683
  25.937500	  -0.006641
  25.947266	  -0.015012
  25.957031	  -0.026862
  25.966797	  -0.038587
  25.976562	  -0.047157
  25.986328	  -0.050986
  25.996094	  -0.050164
  26.005859	  -0.046039
  26.015625	  -0.040418
  26.025391	  -0.034746
  26.035156	  -0.029623
  26.044922	  -0.024849
  26.054688	  -0.019917
  26.064453	  -0.014705
  26.074219	  -0.009997
  26.083984	  -0.007530
  26.093750	  -0.009491
  26.103516	  -0.017596
  26.113281	  -0.032134
  26.123047	  -0.051375
  26.132812	  -0.071681
  26.142578	  -0.088374
  26.152344	  -0.097140
  26.162109	  -0.095498
  26.171875	  -0.083799
  26.181641	  -0.065338
  26.191406	  -0.045458
  26.201172	  -0.029876
  26.210938	  -0.022765
  26.220703	  -0.025252
  26.230469	  -0.034875
  26.240234	  -0.046237
  26.250000	  -0.052708
  26.259766	  -0.048629
  26.269531	  -0.031295
  26.279297	  -0.002049
  26.289062	   0.033906
  26.298828	   0.068942
  26.308594	   0.095214
  26.318359	   0.106937
  26.328125	   0.101975
  26.337891	   0.082233
  26.347656	   0.052771
  26.357422	   0.019974
  26.367188	  -0.010553
  26.376953	  -0.035611
  26.386719	  -0.055014
  26.396484	  -0.070983
  26.406250	  -0.086614
  26.416016	  -0.104033
  26.425781	  -0.122968
  26.435547	  -0.140342
  26.445312	  -0.151091
  26.455078	  -0.149958
  26.464844	  -0.133659
  26.474609	  -0.102599
  26.484375	  -0.061473
  26.494141	  -0.018445
  26.503906	   0.016944
  26.513672	   0.036495
  26.523438	   0.035842
  26.533203	   0.015898
  26.542969	  -0.017263
  26.552734	  -0.054075
  26.562500	  -0.084206
  26.572266	  -0.099495
  26.582031	  -0.096197
  26.591797	  -0.075841
  26.601562	  -0.044488
  26.611328	  -0.010658
  26.621094	   0.017364
  26.630859	   0.033983
  26.640625	   0.037733
  26.650391	   0.031316
  26.660156	   0.020302
  26.669922	   0.010991
  26.679688	   0.008176
  26.689453	   0.013553
  26.699219	   0.025254
  26.708984	   0.038581
  26.718750	   0.047657
  26.728516	   0.047369
  26.738281	   0.034988
  26.748047	   0.010958
  26.757812	  -0.021326
  26.767578	  -0.056594
  26.777344	  -0.089214
  26.787109	  -0.114620
  26.796875	  -0.130225
  26.806641	  -0.135611
  26.816406	  -0.132052
  26.826172	  -0.121640
  26.835938	  -0.106389
  26.845703	  -0.087648
  26.855469	  -0.065966
  26.865234	  -0.041399
  26.875000	  -0.014057
  26.884766	   0.015375
  26.894531	   0.045352
  26.904297	   0.073529
  26.914062	   0.097120
  26.923828	   0.113411
  26.933594	   0.120254
  26.943359	   0.116406
  26.953125	   0.101683
  26.962891	   0.076979
  26.972656	   0.044237
  26.982422	   0.006445
  26.992188	  -0.032374
  27.001953	  -0.067267
  27.011719	  -0.092712
  27.021484	  -0.103325
  27.031250	  -0.094906
  27.041016	  -0.065618
  27.050781	  -0.016983
  27.060547	   0.045686
  27.070312	   0.113716
  27.080078	   0.176423
  27.089844	   0.223176
  27.099609	   0.245678
  27.109375	   0.239862
  27.119141	   0.206831
  27.128906	   0.152529
  27.138672	   0.086204
  27.148438	   0.018082
  27.158203	  -0.043050
  27.167969	  -0.091630
  27.177734	  -0.125955
  27.187500	  -0.147525
  27.197266	  -0.159404
  27.207031	  -0.164237
  27.216797	  -0.162697
  27.226562	  -0.152990
  27.236328	  -0.131634
  27.246094	  -0.095292
  27.255859	  -0.042983
  27.265625	   0.022193
  27.275391	   0.092561
  27.285156	   0.156982
  27.294922	   0.203403
  27.304688	   0.222133
  27.314453	   0.208842
  27.324219	   0.166264
  27.333984	   0.103969
  27.343750	   0.036121
  27.353516	  -0.022188
  27.363281	  -0.058967
  27.373047	  -0.068523
  27.382812	  -0.052811
  27.392578	  -0.020541
  27.402344	   0.015714
  27.412109	   0.043500
  27.421875	   0.054319
  27.431641	   0.046127
  27.441406	   0.023722
  27.451172	  -0.003072
  27.460938	  -0.022826
  27.470703	  -0.026432
  27.480469	  -0.010272
  27.490234	   0.022366
  27.500000	   0.062077
  27.509766	   0.096069
  27.519531	   0.111994
  27.529297	   0.101688
  27.539062	   0.063702
  27.548828	   0.003872
  27.558594	  -0.066194
  27.568359	  -0.132217
  27.578125	  -0.181002
  27.587891	  -0.203745
  27.597656	  -0.198004
  27.607422	  -0.167860
  27.617188	  -0.122365
  27.626953	  -0.072831
  27.636719	  -0.029799
  27.646484	  -0.000550
  27.656250	   0.012257
  27.666016	   0.010572
  27.675781	  -0.000245
  27.685547	  -0.013335
  27.695312	  -0.022367
  27.705078	  -0.023134
  27.714844	  -0.014396
  27.724609	   0.002140
  27.734375	   0.022543
  27.744141	   0.041803
  27.753906	   0.055093
  27.763672	   0.058848
  27.773438	   0.051513
  27.783203	   0.033839
  27.792969	   0.008750
  27.802734	  -0.019203
  27.812500	  -0.044700
  27.822266	  -0.062705
  27.832031	  -0.069541
  27.841797	  -0.063765
  27.851562	  -0.046613
  27.861328	  -0.021847
  27.871094	   0.005051
  27.880859	   0.028221
  27.890625	   0.042998
  27.900391	   0.047284
  27.910156	   0.042297
  27.919922	   0.032386
  27.929688	   0.023870
  27.939453	   0.023146
  27.949219	   0.034596
  27.958984	   0.058916
  27.968750	   0.092437
  27.978516	   0.127744
  27.988281	   0.155503
  27.998047	   0.167038
  28.007812	   0.156910
  28.017578	   0.124727
  28.027344	   0.075592
  28.037109	   0.019004
  28.046875	  -0.033517
  28.056641	  -0.071425
  28.066406	  -0.087866
  28.076172	  -0.081362
  28.085938	  -0.055957
  28.095703	  -0.019832
  28.105469	   0.017160
  28.115234	   0.046273
  28.125000	   0.062112
  28.134766	   0.063724
  28.144531	   0.054265
  28.154297	   0.039471
  28.164062	   0.025498
  28.173828	   0.016875
  28.183594	   0.015211
  28.193359	   0.019021
  28.203125	   0.024620
  28.212891	   0.027687
  28.222656	   0.024916
  28.232422	   0.015153
  28.242188	  -0.000316
  28.251953	  -0.018376
  28.261719	  -0.035286
  28.271484	  -0.048004
  28.281250	  -0.055124
  28.291016	  -0.057115
  28.300781	  -0.055824
  28.310547	  -0.053477
  28.320312	  -0.051618
  28.330078	  -0.050409
  28.339844	  -0.048561
  28.349609	  -0.043938
  28.359375	  -0.034562
  28.369141	  -0.019631
  28.378906	  -0.000140
  28.388672	   0.021169
  28.398438	   0.040521
  28.408203	   0.054239
  28.417969	   0.059896
  28.427734	   0.057058
  28.437500	   0.047357
  28.447266	   0.033891
  28.457031	   0.020159
  28.466797	   0.008958
  28.476562	   0.001622
  28.486328	  -0.002107
  28.496094	  -0.003583
  28.505859	  -0.004342
  28.515625	  -0.005169
  28.525391	  -0.005550
  28.535156	  -0.003736
  28.544922	   0.002556
  28.554688	   0.015082
  28.564453	   0.034043
  28.574219	   0.057535
  28.583984	   0.081720
  28.593750	   0.101741
  28.603516	   0.113078
  28.613281	   0.112915
  28.623047	   0.101020
  28.632812	   0.079838
  28.642578	   0.053733
  28.652344	   0.027656
  28.662109	   0.005676
  28.671875	  -0.010091
  28.681641	  -0.019812
  28.691406	  -0.025429
  28.701172	  -0.029521
  28.710938	  -0.034013
  28.720703	  -0.039207
  28.730469	  -0.043556
  28.740234	  -0.044261
  28.750000	  -0.038493
  28.759766	  -0.024777
  28.769531	  -0.003987
  28.779297	   0.020457
  28.789062	   0.043342
  28.798828	   0.059143
  28.808594	   0.063768
  28.818359	   0.055938
  28.828125	   0.037717
  28.837891	   0.013968
  28.847656	  -0.009107
  28.857422	  -0.025886
  28.867188	  -0.033045
  28.876953	  -0.030504
  28.886719	  -0.021291
  28.896484	  -0.010362
  28.906250	  -0.002807
  28.916016	  -0.002058
  28.925781	  -0.008722
  28.935547	  -0.020437
  28.945312	  -0.032777
  28.955078	  -0.040882
  28.964844	  -0.041221
  28.974609	  -0.032868
  28.984375	  -0.017847
  28.994141	  -0.000434
  29.003906	   0.014315
  29.013672	   0.022282
  29.023438	   0.021648
  29.033203	   0.013414
  29.042969	   0.000930
  29.052734	  -0.011366
  29.062500	  -0.019541
  29.072266	  -0.021494
  29.082031	  -0.017559
  29.091797	  -0.010183
  29.101562	  -0.002845
  29.111328	   0.001368
  29.121094	   0.000968
  29.130859	  -0.003403
  29.140625	  -0.009297
  29.150391	  -0.013531
  29.160156	  -0.013551
  29.169922	  -0.008580
  29.179688	  -0.000069
  29.189453	   0.008730
  29.199219	   0.013948
  29.208984	   0.012601
  29.218750	   0.003848
  29.228516	  -0.010482
  29.238281	  -0.026337
  29.248047	  -0.038722
  29.257812	  -0.043400
  29.267578	  -0.038401
  29.277344	  -0.024796
  29.287109	  -0.006443
  29.296875	   0.011231
  29.306641	   0.022997
  29.316406	   0.025535
  29.326172	   0.018488
  29.335938	   0.004500
  29.345703	  -0.011771
  29.355469	  -0.025293
  29.365234	  -0.032390
  29.375000	  -0.031911
  29.384766	  -0.025462
  29.394531	  -0.016624
  29.404297	  -0.009462
  29.414062	  -0.006909
  29.423828	  -0.009625
  29.433594	  -0.015775
  29.443359	  -0.021813
  29.453125	  -0.023988
  29.462891	  -0.020005
  29.472656	  -0.010188
  29.482422	   0.002329
  29.492188	   0.012518
  29.501953	   0.015202
  29.511719	   0.007040
  29.521484	  -0.011970
  29.531250	  -0.038036
  29.541016	  -0.064413
  29.550781	  -0.083326
  29.560547	  -0.088371
  29.570312	  -0.076640
  29.580078	  -0.049835
  29.589844	  -0.013989
  29.599609	   0.022156
  29.609375	   0.049639
  29.619141	   0.061838
  29.628906	   0.056342
  29.638672	   0.035542
  29.648438	   0.005797
  29.658203	  -0.024515
  29.667969	  -0.047447
  29.677734	  -0.057654
  29.687500	  -0.053660
  29.697266	  -0.037885
  29.707031	  -0.015552
  29.716797	   0.007128
  29.726562	   0.024832
  29.736328	   0.034506
  29.746094	   0.035861
  29.755859	   0.030955
  29.765625	   0.023108
  29.775391	   0.015606
  29.785156	   0.010659
  29.794922	   0.008914
  29.804688	   0.009605
  29.814453	   0.011179
  29.824219	   0.012080
  29.833984	   0.011361
  29.843750	   0.008929
  29.853516	   0.005372
  29.863281	   0.001531
  29.873047	  -0.001942
  29.882812	  -0.004830
  29.892578	  -0.007282
  29.902344	  -0.009487
  29.912109	  -0.011279
  29.921875	  -0.011906
  29.931641	  -0.010120
  29.941406	  -0.004613
  29.951172	   0.005351
  29.960938	   0.019377
  29.970703	   0.035712
  29.980469	   0.051528
  29.990234	   0.063669
  30.000000	   0.069641
  30.009766	   0.068479
  30.019531	   0.061159
  30.029297	   0.050334
  30.039062	   0.039450
  30.048828	   0.031511
  30.058594	   0.027947
  30.068359	   0.028025
  30.078125	   0.029060
  30.087891	   0.027438
  30.097656	   0.020108
  30.107422	   0.006038
  30.117188	  -0.012942
  30.126953	  -0.032268
  30.136719	  -0.045823
  30.146484	  -0.047840
  30.156250	  -0.034941
  30.166016	  -0.007614
  30.175781	   0.029413
  30.185547	   0.068108
  30.195312	   0.099173
  30.205078	   0.114576
  30.214844	   0.109815
  30.224609	   0.085195
  30.234375	   0.045718
  30.244141	  -0.000384
  30.253906	  -0.043995
  30.263672	  -0.077600
  30.273438	  -0.097112
  30.283203	  -0.102519
  30.292969	  -0.097186
  30.302734	  -0.086154
  30.312500	  -0.074050
  30.322266	  -0.063399
  30.332031	  -0.053893
  30.341797	  -0.042889
  30.351562	  -0.026893
  30.361328	  -0.003471
  30.371094	   0.027145
  30.380859	   0.061398
  30.390625	   0.092988
  30.400391	   0.114561
  30.410156	   0.119972
  30.419922	   0.106365
  30.429688	   0.075361
  30.439453	   0.032923
  30.449219	  -0.012120
  30.458984	  -0.050419
  30.468750	  -0.074639
  30.478516	  -0.081367
  30.488281	  -0.071839
  30.498047	  -0.051282
  30.507812	  -0.027133
  30.517578	  -0.006709
  30.527344	   0.004911
  30.537109	   0.006176
  30.546875	  -0.000844
  30.556641	  -0.011487
  30.566406	  -0.020274
  30.576172	  -0.022798
  30.585938	  -0.017135
  30.595703	  -0.004366
  30.605469	   0.011882
  30.615234	   0.026666
  30.625000	   0.035273
  30.634766	   0.034590
  30.644531	   0.023909
  30.654297	   0.004983
  30.664062	  -0.018587
  30.673828	  -0.042376
  30.683594	  -0.062219
  30.693359	  -0.075051
  30.703125	  -0.079352
  30.712891	  -0.075156
  30.722656	  -0.063764
  30.732422	  -0.047309
  30.742188	  -0.028332
  30.751953	  -0.009429
  30.761719	   0.007038
  30.771484	   0.019189
  30.781250	   0.025887
  30.791016	   0.026971
  30.800781	   0.023379
  30.810547	   0.017053
  30.820312	   0.010551
  30.830078	   0.006388
  30.839844	   0.006258
  30.849609	   0.010376
  30.859375	   0.017199
  30.869141	   0.023708
  30.878906	   0.026250
  30.888672	   0.021739
  30.898438	   0.008860
  30.908203	  -0.011154
  30.917969	  -0.034498
  30.927734	  -0.055632
  30.937500	  -0.068789
  30.947266	  -0.069748
  30.957031	  -0.057277
  30.966797	  -0.033765
  30.976562	  -0.004761
  30.986328	   0.022519
  30.996094	   0.041282
  31.005859	   0.047224
  31.015625	   0.039894
  31.025391	   0.022887
  31.035156	   0.002754
  31.044922	  -0.013052
  31.054688	  -0.018580
  31.064453	  -0.011360
  31.074219	   0.006691
  31.083984	   0.029738
  31.093750	   0.049774
  31.103516	   0.059090
  31.113281	   0.052714
  31.123047	   0.030058
  31.132812	  -0.004754
  31.142578	  -0.043968
  31.152344	  -0.078349
  31.162109	  -0.099746
  31.171875	  -0.103280
  31.181641	  -0.088540
  31.191406	  -0.059454
  31.201172	  -0.022982
  31.210938	   0.012942
  31.220703	   0.041514
  31.230469	   0.058629
  31.240234	   0.063464
  31.250000	   0.058058
  31.259766	   0.046121
  31.269531	   0.031573
  31.279297	   0.017321
  31.289062	   0.004639
  31.298828	  -0.006713
  31.308594	  -0.017813
  31.318359	  -0.029651
  31.328125	  -0.042378
  31.337891	  -0.054991
  31.347656	  -0.065561
  31.357422	  -0.071874
  31.367188	  -0.072222
  31.376953	  -0.066015
  31.386719	  -0.054011
  31.396484	  -0.038092
  31.406250	  -0.020701
  31.416016	  -0.004183
  31.425781	   0.009726
  31.435547	   0.020106
  31.445312	   0.026723
  31.455078	   0.029697
  31.464844	   0.029169
  31.474609	   0.025149
  31.484375	   0.017642
  31.494141	   0.006982
  31.503906	  -0.005800
  31.513672	  -0.018799
  31.523438	  -0.029426
  31.533203	  -0.034975
  31.542969	  -0.033440
  31.552734	  -0.024281
  31.562500	  -0.008852
  31.572266	   0.009741
  31.582031	   0.027386
  31.591797	   0.040106
  31.601562	   0.045268
  31.611328	   0.042424
  31.621094	   0.033482
  31.630859	   0.022114
  31.640625	   0.012553
  31.650391	   0.008176
  31.660156	   0.010345
  31.669922	   0.017906
  31.679688	   0.027539
  31.689453	   0.034858
  31.699219	   0.035882
  31.708984	   0.028392
  31.718750	   0.012702
  31.728516	  -0.008421
  31.738281	  -0.030653
  31.748047	  -0.049514
  31.757812	  -0.061766
  31.767578	  -0.066333
  31.777344	  -0.064424
  31.787109	  -0.058826
  31.796875	  -0.052661
  31.806641	  -0.048071
  31.816406	  -0.045341
  31.826172	  -0.042801
  31.835938	  -0.037564
  31.845703	  -0.026828
  31.855469	  -0.009274
  31.865234	   0.013998
  31.875000	   0.039368
  31.884766	   0.061547
  31.894531	   0.075123
  31.904297	   0.076310
  31.914062	   0.064295
  31.923828	   0.041702
  31.933594	   0.013981
  31.943359	  -0.012111
  31.953125	  -0.030468
  31.962891	  -0.037394
  31.972656	  -0.032606
  31.982422	  -0.019161
  31.992188	  -0.002352
  32.001953	   0.012046
  32.011719	   0.019595
  32.021484	   0.018494
  32.031250	   0.009955
  32.041016	  -0.002409
  32.050781	  -0.013939
  32.060547	  -0.020517
  32.070312	  -0.019868
  32.080078	  -0.012143
  32.089844	   0.000334
  32.099609	   0.014019
  32.109375	   0.025387
  32.119141	   0.032023
  32.128906	   0.033186
  32.138672	   0.029715
  32.148438	   0.023390
  32.158203	   0.016068
  32.167969	   0.008971
  32.177734	   0.002399
  32.187500	  -0.004032
  32.197266	  -0.010786
  32.207031	  -0.017749
  32.216797	  -0.023850
  32.226562	  -0.027193
  32.236328	  -0.025701
  32.246094	  -0.018054
  32.255859	  -0.004544
  32.265625	   0.012561
  32.275391	   0.029343
  32.285156	   0.041260
  32.294922	   0.044569
  32.304688	   0.037657
  32.314453	   0.021806
  32.324219	   0.001062
  32.333984	  -0.018835
  32.343750	  -0.032151
  32.353516	  -0.034962
  32.363281	  -0.026463
  32.373047	  -0.009322
  32.382812	   0.011064
  32.392578	   0.028207
  32.402344	   0.036541
  32.412109	   0.033151
  32.421875	   0.018678
  32.431641	  -0.002917
  32.441406	  -0.025629
  32.451172	  -0.043301
  32.460938	  -0.051525
  32.470703	  -0.048923
  32.480469	  -0.037435
  32.490234	  -0.021550
  32.500000	  -0.006787
  32.509766	   0.002054
  32.519531	   0.002276
  32.529297	  -0.006093
  32.539062	  -0.020610
  32.548828	  -0.037441
  32.558594	  -0.052716
  32.568359	  -0.063684
  32.578125	  -0.069321
  32.587891	  -0.070214
  32.597656	  -0.067862
  32.607422	  -0.063734
  32.617188	  -0.058493
  32.626953	  -0.051697
  32.636719	  -0.042086
  32.646484	  -0.028318
  32.656250	  -0.009813
  32.666016	   0.012640
  32.675781	   0.036813
  32.685547	   0.059533
  32.695312	   0.077594
  32.705078	   0.088713
  32.714844	   0.092175
  32.724609	   0.088900
  32.734375	   0.080916
  32.744141	   0.070433
  32.753906	   0.058919
  32.763672	   0.046551
  32.773438	   0.032308
  32.783203	   0.014692
  32.792969	  -0.007172
  32.802734	  -0.032522
  32.812500	  -0.058469
  32.822266	  -0.080325
  32.832031	  -0.092749
  32.841797	  -0.091394
  32.851562	  -0.074508
  32.861328	  -0.043920
  32.871094	  -0.005012
  32.880859	   0.034421
  32.890625	   0.066124
  32.900391	   0.083568
  32.910156	   0.083698
  32.919922	   0.067675
  32.929688	   0.040394
  32.939453	   0.008925
  32.949219	  -0.019602
  32.958984	  -0.039981
  32.968750	  -0.050158
  32.978516	  -0.051351
  32.988281	  -0.047080
  32.998047	  -0.041529
  33.007812	  -0.037834
  33.017578	  -0.036931
  33.027344	  -0.037345
  33.037109	  -0.035969
  33.046875	  -0.029493
  33.056641	  -0.015932
  33.066406	   0.004340
  33.076172	   0.028442
  33.085938	   0.051788
  33.095703	   0.069535
  33.105469	   0.078151
  33.115234	   0.076516
  33.125000	   0.066148
  33.134766	   0.050500
  33.144531	   0.033580
  33.154297	   0.018458
  33.164062	   0.006222
  33.173828	  -0.004190
  33.183594	  -0.015209
  33.193359	  -0.029204
  33.203125	  -0.046954
  33.212891	  -0.066674
  33.222656	  -0.084028
  33.232422	  -0.093251
  33.242188	  -0.089056
  33.251953	  -0.068686
  33.261719	  -0.033390
  33.271484	   0.011285
  33.281250	   0.056576
  33.291016	   0.092725
  33.300781	   0.111676
  33.310547	   0.109406
  33.320312	   0.087150
  33.330078	   0.051089
  33.339844	   0.010602
  33.349609	  -0.024402
  33.359375	  -0.046221
  33.369141	  -0.051339
  33.378906	  -0.041057
  33.388672	  -0.020651
  33.398438	   0.002610
  33.408203	   0.021876
  33.417969	   0.032757
  33.427734	   0.034365
  33.437500	   0.029087
  33.447266	   0.021264
  33.457031	   0.015339
  33.466797	   0.014156
  33.476562	   0.018017
  33.486328	   0.024800
  33.496094	   0.031013
  33.505859	   0.033353
  33.515625	   0.030138
  33.525391	   0.022049
  33.535156	   0.011907
  33.544922	   0.003558
  33.554688	   0.000286
  33.564453	   0.003369
  33.574219	   0.011318
  33.583984	   0.020134
  33.593750	   0.024527
  33.603516	   0.019703
  33.613281	   0.003119
  33.623047	  -0.024398
  33.632812	  -0.058567
  33.642578	  -0.092650
  33.652344	  -0.119218
  33.662109	  -0.132158
  33.671875	  -0.128277
  33.681641	  -0.108062
  33.691406	  -0.075409
  33.701172	  -0.036465
  33.710938	   0.001998
  33.720703	   0.034169
  33.730469	   0.056301
  33.740234	   0.067099
  33.750000	   0.067408
  33.759766	   0.059461
  33.769531	   0.046007
  33.779297	   0.029631
  33.789062	   0.012433
  33.798828	  -0.003967
  33.808594	  -0.018246
  33.818359	  -0.029233
  33.828125	  -0.035936
  33.837891	  -0.037769
  33.847656	  -0.034845
  33.857422	  -0.028159
  33.867188	  -0.019481
  33.876953	  -0.010924
  33.886719	  -0.004275
  33.896484	  -0.000364
  33.906250	   0.001280
  33.916016	   0.002266
  33.925781	   0.004669
  33.935547	   0.010051
  33.945312	   0.018542
  33.955078	   0.028377
  33.964844	   0.036163
  33.974609	   0.037892
  33.984375	   0.030416
  33.994141	   0.012901
  34.003906	  -0.012313
  34.013672	  -0.039852
  34.023438	  -0.062537
  34.033203	  -0.073426
  34.042969	  -0.068038
  34.052734	  -0.046036
  34.062500	  -0.011731
  34.072266	   0.026859
  34.082031	   0.060202
  34.091797	   0.080057
  34.101562	   0.082014
  34.111328	   0.066917
  34.121094	   0.040647
  34.130859	   0.012275
  34.140625	  -0.008881
  34.150391	  -0.016358
  34.160156	  -0.008797
  34.169922	   0.009442
  34.179688	   0.029560
  34.189453	   0.041132
  34.199219	   0.035583
  34.208984	   0.009222
  34.218750	  -0.035191
  34.228516	  -0.088867
  34.238281	  -0.139352
  34.248047	  -0.174115
  34.257812	  -0.184268
  34.267578	  -0.167271
  34.277344	  -0.127769
  34.287109	  -0.076307
  34.296875	  -0.026307
  34.306641	   0.009772
  34.316406	   0.023931
  34.326172	   0.014761
  34.335938	  -0.012386
  34.345703	  -0.047167
  34.355469	  -0.077373
  34.365234	  -0.092439
  34.375000	  -0.086325
  34.384766	  -0.058969
  34.394531	  -0.016023
  34.404297	   0.032938
  34.414062	   0.077099
  34.423828	   0.107174
  34.433594	   0.117499
  34.443359	   0.106983
  34.453125	   0.078830
  34.462891	   0.039287
  34.472656	  -0.004094
  34.482422	  -0.044163
  34.492188	  -0.075441
  34.501953	  -0.094766
  34.511719	  -0.101341
  34.521484	  -0.096368
  34.531250	  -0.082470
  34.541016	  -0.063086
  34.550781	  -0.041922
  34.560547	  -0.022446
  34.570312	  -0.007426
  34.580078	   0.001482
  34.589844	   0.004028
  34.599609	   0.001415
  34.609375	  -0.004000
  34.619141	  -0.009369
  34.628906	  -0.012259
  34.638672	  -0.011558
  34.648438	  -0.008053
  34.658203	  -0.004418
  34.667969	  -0.004513
  34.677734	  -0.012110
  34.687500	  -0.029413
  34.697266	  -0.055857
  34.707031	  -0.087632
  34.716797	  -0.118216
  34.726562	  -0.139840
  34.736328	  -0.145548
  34.746094	  -0.131224
  34.755859	  -0.096962
  34.765625	  -0.047322
  34.775391	   0.009687
  34.785156	   0.064602
  34.794922	   0.108907
  34.804688	   0.137110
  34.814453	   0.147869
  34.824219	   0.143863
  34.833984	   0.130479
  34.843750	   0.113819
  34.853516	   0.098695
  34.863281	   0.087293
  34.873047	   0.078910
  34.882812	   0.070792
  34.892578	   0.059710
  34.902344	   0.043636
  34.912109	   0.022886
  34.921875	   0.000287
  34.931641	  -0.019699
  34.941406	  -0.032565
  34.951172	  -0.035468
  34.960938	  -0.028399
  34.970703	  -0.014354
  34.980469	   0.001588
  34.990234	   0.013979
  35.000000	   0.018894
  35.009766	   0.015311
  35.019531	   0.005469
  35.029297	  -0.005966
  35.039062	  -0.013634
  35.048828	  -0.013497
  35.058594	  -0.004419
  35.068359	   0.011303
  35.078125	   0.028665
  35.087891	   0.041729
  35.097656	   0.045808
  35.107422	   0.039297
  35.117188	   0.024459
  35.126953	   0.006842
  35.136719	  -0.006519
  35.146484	  -0.009520
  35.156250	   0.000807
  35.166016	   0.023076
  35.175781	   0.051788
  35.185547	   0.078988
  35.195312	   0.096813
  35.205078	   0.100085
  35.214844	   0.088073
  35.224609	   0.064810
  35.234375	   0.037837
  35.244141	   0.015768
  35.253906	   0.005485
  35.263672	   0.009878
  35.273438	   0.026897
  35.283203	   0.050220
  35.292969	   0.071332
  35.302734	   0.082337
  35.312500	   0.078581
  35.322266	   0.060255
  35.332031	   0.032463
  35.341797	   0.003751
  35.351562	  -0.016425
  35.361328	  -0.020511
  35.371094	  -0.005074
  35.380859	   0.028177
  35.390625	   0.072835
  35.400391	   0.119471
  35.410156	   0.158004
  35.419922	   0.180063
  35.429688	   0.180717
  35.439453	   0.159222
  35.449219	   0.118744
  35.458984	   0.065319
  35.468750	   0.006451
  35.478516	  -0.050240
  35.488281	  -0.098071
  35.498047	  -0.131948
  35.507812	  -0.148706
  35.517578	  -0.147261
  35.527344	  -0.128669
  35.537109	  -0.096086
  35.546875	  -0.054522
  35.556641	  -0.010271
  35.566406	   0.030047
  35.576172	   0.060730
  35.585938	   0.078248
  35.595703	   0.082139
  35.605469	   0.075199
  35.615234	   0.062775
  35.625000	   0.051273
  35.634766	   0.046261
  35.644531	   0.050737
  35.654297	   0.064143
  35.664062	   0.082510
  35.673828	   0.099742
  35.683594	   0.109685
  35.693359	   0.108303
  35.703125	   0.095214
  35.712891	   0.074021
  35.722656	   0.051255
  35.732422	   0.034213
  35.742188	   0.028405
  35.751953	   0.035469
  35.761719	   0.052308
  35.771484	   0.071819
  35.781250	   0.085036
  35.791016	   0.084036
  35.800781	   0.064630
  35.810547	   0.027945
  35.820312	  -0.019700
  35.830078	  -0.068611
  35.839844	  -0.108677
  35.849609	  -0.132492
  35.859375	  -0.137593
  35.869141	  -0.127047
  35.878906	  -0.108182
  35.888672	  -0.089861
  35.898438	  -0.079251
  35.908203	  -0.079168
  35.917969	  -0.086962
  35.927734	  -0.095343
  35.937500	  -0.094911
  35.947266	  -0.077557
  35.957031	  -0.039586
  35.966797	   0.016516
  35.976562	   0.082301
  35.986328	   0.145555
  35.996094	   0.193776
  36.005859	   0.217827
  36.015625	   0.214584
  36.025391	   0.187733
  36.035156	   0.146485
  36.044922	   0.102661
  36.054688	   0.067133
  36.064453	   0.046780
  36.074219	   0.042943
  36.083984	   0.051806
  36.093750	   0.066483
  36.103516	   0.080006
  36.113281	   0.088117
  36.123047	   0.090860
  36.132812	   0.092410
  36.142578	   0.099199
  36.152344	   0.117010
  36.162109	   0.148087
  36.171875	   0.189322
  36.181641	   0.232227
  36.191406	   0.264821
  36.201172	   0.274910
  36.210938	   0.253778
  36.220703	   0.199144
  36.230469	   0.116455
  36.240234	   0.018100
  36.250000	  -0.079265
  36.259766	  -0.158538
  36.269531	  -0.206060
  36.279297	  -0.214565
  36.289062	  -0.184455
  36.298828	  -0.123221
  36.308594	  -0.043291
  36.318359	   0.040971
  36.328125	   0.116294
  36.337891	   0.172841
  36.347656	   0.205441
  36.357422	   0.213649
  36.367188	   0.200903
  36.376953	   0.173185
  36.386719	   0.137620
  36.396484	   0.101286
  36.406250	   0.070367
  36.416016	   0.049606
  36.425781	   0.041950
  36.435547	   0.048326
  36.445312	   0.067539
  36.455078	   0.096378
  36.464844	   0.130019
  36.474609	   0.162755
  36.484375	   0.188988
  36.494141	   0.204260
  36.503906	   0.206065
  36.513672	   0.194199
  36.523438	   0.170542
  36.533203	   0.138357
  36.542969	   0.101337
  36.552734	   0.062768
  36.562500	   0.025066
  36.572266	  -0.010158
  36.582031	  -0.041628
  36.591797	  -0.067803
  36.601562	  -0.086540
  36.611328	  -0.095313
  36.621094	  -0.092055
  36.630859	  -0.076409
  36.640625	  -0.050907
  36.650391	  -0.021519
  36.660156	   0.002875
  36.669922	   0.012215
  36.679688	  -0.002120
  36.689453	  -0.044473
  36.699219	  -0.112761
  36.708984	  -0.197790
  36.718750	  -0.284493
  36.728516	  -0.354946
  36.738281	  -0.392505
  36.748047	  -0.385943
  36.757812	  -0.332452
  36.767578	  -0.238600
  36.777344	  -0.118942
  36.787109	   0.007370
  36.796875	   0.120998
  36.806641	   0.206628
  36.816406	   0.255805
  36.826172	   0.267698
  36.835938	   0.247762
  36.845703	   0.204915
  36.855469	   0.148302
  36.865234	   0.084783
  36.875000	   0.017936
  36.884766	  -0.051195
  36.894531	  -0.122058
  36.904297	  -0.192207
  36.914062	  -0.255668
  36.923828	  -0.302903
  36.933594	  -0.322641
  36.943359	  -0.305136
  36.953125	  -0.245837
  36.962891	  -0.148176
  36.972656	  -0.024368
  36.982422	   0.106315
  36.992188	   0.221556
  37.001953	   0.301267
  37.011719	   0.332668
  37.021484	   0.313656
  37.031250	   0.253408
  37.041016	   0.169974
  37.050781	   0.085472
  37.060547	   0.020229
  37.070312	  -0.012450
  37.080078	  -0.009434
  37.089844	   0.022047
  37.099609	   0.067148
  37.109375	   0.108222
  37.119141	   0.130246
  37.128906	   0.125259
  37.138672	   0.094564
  37.148438	   0.048110
  37.158203	   0.001335
  37.167969	  -0.029546
  37.177734	  -0.032399
  37.187500	  -0.002801
  37.197266	   0.054537
  37.207031	   0.126867
  37.216797	   0.196606
  37.226562	   0.245705
  37.236328	   0.259982
  37.246094	   0.232312
  37.255859	   0.163986
  37.265625	   0.064052
  37.275391	  -0.052998
  37.285156	  -0.170466
  37.294922	  -0.272768
  37.304688	  -0.348078
  37.314453	  -0.389841
  37.324219	  -0.397037
  37.333984	  -0.373378
  37.343750	  -0.325841
  37.353516	  -0.262972
  37.363281	  -0.193347
  37.373047	  -0.124411
  37.382812	  -0.061810
  37.392578	  -0.009166
  37.402344	   0.031797
  37.412109	   0.060883
  37.421875	   0.078932
  37.431641	   0.087284
  37.441406	   0.087303
  37.451172	   0.080032
  37.460938	   0.066063
  37.470703	   0.045650
  37.480469	   0.019062
  37.490234	  -0.012942
  37.500000	  -0.048652
  37.509766	  -0.085173
  37.519531	  -0.118564
  37.529297	  -0.144403
  37.539062	  -0.158723
  37.548828	  -0.159079
  37.558594	  -0.145440
  37.568359	  -0.120612
  37.578125	  -0.089938
  37.587891	  -0.060276
  37.597656	  -0.038414
  37.607422	  -0.029310
  37.617188	  -0.034634
  37.626953	  -0.052056
  37.636719	  -0.075566
  37.646484	  -0.096843
  37.656250	  -0.107399
  37.666016	  -0.100985
  37.675781	  -0.075611
  37.685547	  -0.034617
  37.695312	   0.013618
  37.705078	   0.057340
  37.714844	   0.084170
  37.724609	   0.084294
  37.734375	   0.053320
  37.744141	  -0.005980
  37.753906	  -0.083565
  37.763672	  -0.163833
  37.773438	  -0.228856
  37.783203	  -0.262458
  37.792969	  -0.254203
  37.802734	  -0.202301
  37.812500	  -0.114656
  37.822266	  -0.007688
  37.832031	   0.096946
  37.841797	   0.177041
  37.851562	   0.214901
  37.861328	   0.201579
  37.871094	   0.139228
  37.880859	   0.040937
  37.890625	  -0.072003
  37.900391	  -0.174828
  37.910156	  -0.244923
  37.919922	  -0.267027
  37.929688	  -0.236743
  37.939453	  -0.161503
  37.949219	  -0.058756
  37.958984	   0.048161
  37.968750	   0.135444
  37.978516	   0.184183
  37.988281	   0.184357
  37.998047	   0.136550
  38.007812	   0.051068
  38.017578	  -0.055165
  38.027344	  -0.163005
  38.037109	  -0.255556
  38.046875	  -0.321565
  38.056641	  -0.356947
  38.066406	  -0.364237
  38.076172	  -0.350379
  38.085938	  -0.323662
  38.095703	  -0.290871
  38.105469	  -0.255499
  38.115234	  -0.217516
  38.125000	  -0.174645
  38.134766	  -0.124595
  38.144531	  -0.067401
  38.154297	  -0.007002
  38.164062	   0.048582
  38.173828	   0.088634
  38.183594	   0.102377
  38.193359	   0.082122
  38.203125	   0.026011
  38.212891	  -0.060477
  38.222656	  -0.164783
  38.232422	  -0.269316
  38.242188	  -0.354873
  38.251953	  -0.404640
  38.261719	  -0.407820
  38.271484	  -0.362051
  38.281250	  -0.274059
  38.291016	  -0.158403
  38.300781	  -0.034621
  38.310547	   0.076606
  38.320312	   0.157428
  38.330078	   0.196140
  38.339844	   0.189161
  38.349609	   0.141334
  38.359375	   0.064538
  38.369141	  -0.025064
  38.378906	  -0.110536
  38.388672	  -0.177699
  38.398438	  -0.217927
  38.408203	  -0.229626
  38.417969	  -0.218066
  38.427734	  -0.193618
  38.437500	  -0.168796
  38.447266	  -0.154815
  38.457031	  -0.158525
  38.466797	  -0.180506
  38.476562	  -0.214868
  38.486328	  -0.250876
  38.496094	  -0.276009
  38.505859	  -0.279678
  38.515625	  -0.256576
  38.525391	  -0.208677
  38.535156	  -0.145250
  38.544922	  -0.080747
  38.554688	  -0.031072
  38.564453	  -0.009206
  38.574219	  -0.021406
  38.583984	  -0.065095
  38.593750	  -0.129112
  38.603516	  -0.196332
  38.613281	  -0.247991
  38.623047	  -0.268537
  38.632812	  -0.249640
  38.642578	  -0.192265
  38.652344	  -0.106203
  38.662109	  -0.007254
  38.671875	   0.087103
  38.681641	   0.162258
  38.691406	   0.209928
  38.701172	   0.229552
  38.710938	   0.227325
  38.720703	   0.213268
  38.730469	   0.197376
  38.740234	   0.186088
  38.750000	   0.180228
  38.759766	   0.175045
  38.769531	   0.162301
  38.779297	   0.133683
  38.789062	   0.084395
  38.798828	   0.015730
  38.808594	  -0.064260
  38.818359	  -0.142279
  38.828125	  -0.203085
  38.837891	  -0.233616
  38.847656	  -0.226735
  38.857422	  -0.183485
  38.867188	  -0.113187
  38.876953	  -0.031332
  38.886719	   0.044162
  38.896484	   0.097335
  38.906250	   0.118038
  38.916016	   0.104299
  38.925781	   0.062643
  38.935547	   0.006349
  38.945312	  -0.047861
  38.955078	  -0.083864
  38.964844	  -0.089957
  38.974609	  -0.061621
  38.984375	  -0.002649
  38.994141	   0.075531
  39.003906	   0.156169
  39.013672	   0.220662
  39.023438	   0.252481
  39.033203	   0.240814
  39.042969	   0.183198
  39.052734	   0.086574
  39.062500	  -0.033529
  39.072266	  -0.155664
  39.082031	  -0.256568
  39.091797	  -0.315969
  39.101562	  -0.321088
  39.111328	  -0.269811
  39.121094	  -0.171675
  39.130859	  -0.046272
  39.140625	   0.080756
  39.150391	   0.183317
  39.160156	   0.240777
  39.169922	   0.242718
  39.179688	   0.191285
  39.189453	   0.100448
  39.199219	  -0.007715
  39.208984	  -0.108761
  39.218750	  -0.182128
  39.228516	  -0.216186
  39.238281	  -0.210689
  39.248047	  -0.175970
  39.257812	  -0.129167
  39.267578	  -0.088618
  39.277344	  -0.068132
  39.287109	  -0.072856
  39.296875	  -0.097964
  39.306641	  -0.130528
  39.316406	  -0.153940
  39.326172	  -0.153467
  39.335938	  -0.121188
  39.345703	  -0.058764
  39.355469	   0.022800
  39.365234	   0.106290
  39.375000	   0.173302
  39.384766	   0.209528
  39.394531	   0.208681
  39.404297	   0.173867
  39.414062	   0.116083
  39.423828	   0.050415
  39.433594	  -0.008725
  39.443359	  -0.051770
  39.453125	  -0.076243
  39.462891	  -0.086433
  39.472656	  -0.090747
  39.482422	  -0.097753
  39.492188	  -0.112348
  39.501953	  -0.133409
  39.511719	  -0.153765
  39.521484	  -0.162538
  39.531250	  -0.149051
  39.541016	  -0.107034
  39.550781	  -0.037688
  39.560547	   0.049431
  39.570312	   0.138059
  39.580078	   0.208968
  39.589844	   0.244723
  39.599609	   0.234078
  39.609375	   0.174797
  39.619141	   0.074181
  39.628906	  -0.052717
  39.638672	  -0.186553
  39.648438	  -0.307803
  39.658203	  -0.400403
  39.667969	  -0.454107
  39.677734	  -0.465215
  39.687500	  -0.435842
  39.697266	  -0.372279
  39.707031	  -0.283149
  39.716797	  -0.177921
  39.726562	  -0.066059
  39.736328	   0.043245
  39.746094	   0.141062
  39.755859	   0.218838
  39.765625	   0.268871
  39.775391	   0.285239
  39.785156	   0.264937
  39.794922	   0.208892
  39.804688	   0.122453
  39.814453	   0.015121
  39.824219	  -0.100514
  39.833984	  -0.210435
  39.843750	  -0.301103
  39.853516	  -0.361253
  39.863281	  -0.383276
  39.873047	  -0.364064
  39.882812	  -0.305308
  39.892578	  -0.213329
  39.902344	  -0.098497
  39.912109	   0.025735
  39.921875	   0.144224
  39.931641	   0.241969
  39.941406	   0.306285
  39.951172	   0.329012
  39.960938	   0.308340
  39.970703	   0.249664
  39.980469	   0.165075
  39.990234	   0.071294
