# Time	Amplitude (cm/s/s)
   0.000000	  -0.062460
   0.009766	  -0.330607
   0.019531	  -0.539597
   0.029297	  -0.653970
   0.039062	  -0.661617
   0.048828	  -0.575656
   0.058594	  -0.429276
   0.068359	  -0.265165
   0.078125	  -0.122694
   0.087891	  -0.026682
   0.097656	   0.018962
   0.107422	   0.030883
   0.117188	   0.039408
   0.126953	   0.077290
   0.136719	   0.167540
   0.146484	   0.314082
   0.156250	   0.498180
   0.166016	   0.681879
   0.175781	   0.817638
   0.185547	   0.861500
   0.195312	   0.786018
   0.205078	   0.589194
   0.214844	   0.296698
   0.224609	  -0.043433
   0.234375	  -0.372338
   0.244141	  -0.635017
   0.253906	  -0.794138
   0.263672	  -0.839115
   0.273438	  -0.787903
   0.283203	  -0.680959
   0.292969	  -0.569023
   0.302734	  -0.498124
   0.312500	  -0.496060
   0.322266	  -0.564197
   0.332031	  -0.677005
   0.341797	  -0.789566
   0.351562	  -0.851017
   0.361328	  -0.820177
   0.371094	  -0.678921
   0.380859	  -0.439420
   0.390625	  -0.143049
   0.400391	   0.148919
   0.410156	   0.370391
   0.419922	   0.467222
   0.429688	   0.411075
   0.439453	   0.206590
   0.449219	  -0.110076
   0.458984	  -0.480810
   0.468750	  -0.840456
   0.478516	  -1.132831
   0.488281	  -1.323402
   0.498047	  -1.405240
   0.507812	  -1.396902
   0.517578	  -1.333285
   0.527344	  -1.252557
   0.537109	  -1.183294
   0.546875	  -1.135776
   0.556641	  -1.099984
   0.566406	  -1.050674
   0.576172	  -0.957690
   0.585938	  -0.798061
   0.595703	  -0.565941
   0.605469	  -0.277177
   0.615234	   0.032925
   0.625000	   0.317923
   0.634766	   0.532000
   0.644531	   0.641503
   0.654297	   0.632737
   0.664062	   0.513793
   0.673828	   0.310145
   0.683594	   0.055766
   0.693359	  -0.217104
   0.703125	  -0.486098
   0.712891	  -0.742159
   0.722656	  -0.987425
   0.732422	  -1.228641
   0.742188	  -1.468846
   0.751953	  -1.700662
   0.761719	  -1.904028
   0.771484	  -2.049649
   0.781250	  -2.107397
   0.791016	  -2.057041
   0.800781	  -1.897657
   0.810547	  -1.652260
   0.820312	  -1.365526
   0.830078	  -1.094653
   0.839844	  -0.895597
   0.849609	  -0.808558
   0.859375	  -0.846972
   0.869141	  -0.993434
   0.878906	  -1.203936
   0.888672	  -1.419375
   0.898438	  -1.581124
   0.908203	  -1.646206
   0.917969	  -1.597776
   0.927734	  -1.447996
   0.937500	  -1.232714
   0.947266	  -0.999739
   0.957031	  -0.794420
   0.966797	  -0.646863
   0.976562	  -0.564564
   0.986328	  -0.532425
   0.996094	  -0.519879
   1.005859	  -0.492655
   1.015625	  -0.425399
   1.025391	  -0.311218
   1.035156	  -0.165252
   1.044922	  -0.021253
   1.054688	   0.077684
   1.064453	   0.091402
   1.074219	  -0.005709
   1.083984	  -0.217129
   1.093750	  -0.522748
   1.103516	  -0.883730
   1.113281	  -1.252114
   1.123047	  -1.582198
   1.132812	  -1.840426
   1.142578	  -2.011051
   1.152344	  -2.096216
   1.162109	  -2.110804
   1.171875	  -2.073949
   1.181641	  -2.000028
   1.191406	  -1.892068
   1.201172	  -1.739750
   1.210938	  -1.522812
   1.220703	  -1.219042
   1.230469	  -0.814675
   1.240234	  -0.314172
   1.250000	   0.253673
   1.259766	   0.835527
   1.269531	   1.360079
   1.279297	   1.750482
   1.289062	   1.940231
   1.298828	   1.888971
   1.308594	   1.594420
   1.318359	   1.097249
   1.328125	   0.477153
   1.337891	  -0.159683
   1.347656	  -0.699519
   1.357422	  -1.042578
   1.367188	  -1.122498
   1.376953	  -0.919374
   1.386719	  -0.463340
   1.396484	   0.172189
   1.406250	   0.886089
   1.416016	   1.570228
   1.425781	   2.130356
   1.435547	   2.502267
   1.445312	   2.659553
   1.455078	   2.611605
   1.464844	   2.393199
   1.474609	   2.049285
   1.484375	   1.619961
   1.494141	   1.130380
   1.503906	   0.588754
   1.513672	  -0.007038
   1.523438	  -0.656630
   1.533203	  -1.342808
   1.542969	  -2.021132
   1.552734	  -2.618249
   1.562500	  -3.041126
   1.572266	  -3.196085
   1.582031	  -3.013184
   1.591797	  -2.469280
   1.601562	  -1.602725
   1.611328	  -0.514352
   1.621094	   0.647121
   1.630859	   1.712887
   1.640625	   2.528814
   1.650391	   2.988610
   1.660156	   3.056782
   1.669922	   2.775181
   1.679688	   2.251094
   1.689453	   1.629740
   1.699219	   1.058214
   1.708984	   0.650298
   1.718750	   0.461281
   1.728516	   0.479228
   1.738281	   0.634571
   1.748047	   0.824880
   1.757812	   0.947525
   1.767578	   0.930881
   1.777344	   0.755272
   1.787109	   0.457906
   1.796875	   0.120659
   1.806641	  -0.155564
   1.816406	  -0.282340
   1.826172	  -0.211989
   1.835938	   0.045613
   1.845703	   0.422555
   1.855469	   0.809072
   1.865234	   1.082012
   1.875000	   1.137848
   1.884766	   0.921231
   1.894531	   0.441359
   1.904297	  -0.228252
   1.914062	  -0.966493
   1.923828	  -1.633424
   1.933594	  -2.103473
   1.943359	  -2.294480
   1.953125	  -2.185262
   1.962891	  -1.817576
   1.972656	  -1.282547
   1.982422	  -0.695650
   1.992188	  -0.167214
   2.001953	   0.223729
   2.011719	   0.445580
   2.021484	   0.516550
   2.031250	   0.493360
   2.041016	   0.449979
   2.050781	   0.452695
   2.060547	   0.538620
   2.070312	   0.703582
   2.080078	   0.902683
   2.089844	   1.063265
   2.099609	   1.106606
   2.109375	   0.972321
   2.119141	   0.638659
   2.128906	   0.133002
   2.138672	  -0.470558
   2.148438	  -1.066252
   2.158203	  -1.540643
   2.167969	  -1.799563
   2.177734	  -1.791129
   2.187500	  -1.518918
   2.197266	  -1.041897
   2.207031	  -0.461008
   2.216797	   0.104268
   2.226562	   0.543590
   2.236328	   0.780829
   2.246094	   0.790437
   2.255859	   0.601251
   2.265625	   0.287077
   2.275391	  -0.053281
   2.285156	  -0.321304
   2.294922	  -0.442899
   2.304688	  -0.385404
   2.314453	  -0.163401
   2.324219	   0.167715
   2.333984	   0.528370
   2.343750	   0.836986
   2.353516	   1.031775
   2.363281	   1.086430
   2.373047	   1.015740
   2.382812	   0.869820
   2.392578	   0.718709
   2.402344	   0.631537
   2.412109	   0.655947
   2.421875	   0.803300
   2.431641	   1.043755
   2.441406	   1.312679
   2.451172	   1.526935
   2.460938	   1.606926
   2.470703	   1.498727
   2.480469	   1.190467
   2.490234	   0.718470
   2.500000	   0.161217
   2.509766	  -0.377755
   2.519531	  -0.793991
   2.529297	  -1.007368
   2.539062	  -0.982080
   2.548828	  -0.736148
   2.558594	  -0.337834
   2.568359	   0.110397
   2.578125	   0.496473
   2.587891	   0.725702
   2.597656	   0.743267
   2.607422	   0.546439
   2.617188	   0.183364
   2.626953	  -0.261155
   2.636719	  -0.688966
   2.646484	  -1.014577
   2.656250	  -1.186684
   2.666016	  -1.199337
   2.675781	  -1.089728
   2.685547	  -0.923468
   2.695312	  -0.771815
   2.705078	  -0.687752
   2.714844	  -0.688193
   2.724609	  -0.747870
   2.734375	  -0.807003
   2.744141	  -0.790688
   2.753906	  -0.634296
   2.763672	  -0.307161
   2.773438	   0.172918
   2.783203	   0.739272
   2.792969	   1.290884
   2.802734	   1.718145
   2.812500	   1.932685
   2.822266	   1.892661
   2.832031	   1.615967
   2.841797	   1.177251
   2.851562	   0.689233
   2.861328	   0.273460
   2.871094	   0.028685
   2.880859	   0.005798
   2.890625	   0.196293
   2.900391	   0.537270
   2.910156	   0.931119
   2.919922	   1.273850
   2.929688	   1.483625
   2.939453	   1.521316
   2.949219	   1.397510
   2.958984	   1.164667
   2.968750	   0.897599
   2.978516	   0.668816
   2.988281	   0.526535
   2.998047	   0.481924
   3.007812	   0.508991
   3.017578	   0.556408
   3.027344	   0.566869
   3.037109	   0.497423
   3.046875	   0.334208
   3.056641	   0.097123
   3.066406	  -0.166670
   3.076172	  -0.397899
   3.085938	  -0.543870
   3.095703	  -0.574691
   3.105469	  -0.492078
   3.115234	  -0.328369
   3.125000	  -0.136519
   3.134766	   0.025428
   3.144531	   0.110444
   3.154297	   0.094435
   3.164062	  -0.019125
   3.173828	  -0.202485
   3.183594	  -0.413065
   3.193359	  -0.605659
   3.203125	  -0.743648
   3.212891	  -0.806301
   3.222656	  -0.790893
   3.232422	  -0.710131
   3.242188	  -0.586659
   3.251953	  -0.446887
   3.261719	  -0.315935
   3.271484	  -0.214531
   3.281250	  -0.157670
   3.291016	  -0.154182
   3.300781	  -0.206316
   3.310547	  -0.308974
   3.320312	  -0.448965
   3.330078	  -0.605217
   3.339844	  -0.750919
   3.349609	  -0.857980
   3.359375	  -0.903188
   3.369141	  -0.874473
   3.378906	  -0.775121
   3.388672	  -0.624096
   3.398438	  -0.451685
   3.408203	  -0.291266
   3.417969	  -0.169523
   3.427734	  -0.098236
   3.437500	  -0.070592
   3.447266	  -0.063592
   3.457031	  -0.046150
   3.466797	   0.009584
   3.476562	   0.117462
   3.486328	   0.270948
   3.496094	   0.443601
   3.505859	   0.596647
   3.515625	   0.691341
   3.525391	   0.702008
   3.535156	   0.625223
   3.544922	   0.481746
   3.554688	   0.310245
   3.564453	   0.154730
   3.574219	   0.049913
   3.583984	   0.009606
   3.593750	   0.022380
   3.603516	   0.056245
   3.613281	   0.070950
   3.623047	   0.033703
   3.632812	  -0.067263
   3.642578	  -0.216331
   3.652344	  -0.373996
   3.662109	  -0.489442
   3.671875	  -0.518187
   3.681641	  -0.438751
   3.691406	  -0.262444
   3.701172	  -0.032529
   3.710938	   0.187425
   3.720703	   0.332422
   3.730469	   0.355994
   3.740234	   0.244541
   3.750000	   0.021196
   3.759766	  -0.262153
   3.769531	  -0.541933
   3.779297	  -0.763186
   3.789062	  -0.896059
   3.798828	  -0.942789
   3.808594	  -0.932854
   3.818359	  -0.908210
   3.828125	  -0.904143
   3.837891	  -0.932981
   3.847656	  -0.976991
   3.857422	  -0.993590
   3.867188	  -0.931519
   3.876953	  -0.752521
   3.886719	  -0.450711
   3.896484	  -0.062232
   3.906250	   0.339201
   3.916016	   0.660496
   3.925781	   0.815996
   3.935547	   0.754505
   3.945312	   0.477633
   3.955078	   0.043101
   3.964844	  -0.448711
   3.974609	  -0.881268
   3.984375	  -1.153503
   3.994141	  -1.206918
   4.003906	  -1.039951
   4.013672	  -0.705491
   4.023438	  -0.292795
   4.033203	   0.100051
   4.042969	   0.394192
   4.052734	   0.549887
   4.062500	   0.572503
   4.072266	   0.503790
   4.082031	   0.402408
   4.091797	   0.321073
   4.101562	   0.288367
   4.111328	   0.301155
   4.121094	   0.329591
   4.130859	   0.332106
   4.140625	   0.274392
   4.150391	   0.145224
   4.160156	  -0.036668
   4.169922	  -0.227046
   4.179688	  -0.370191
   4.189453	  -0.417445
   4.199219	  -0.343714
   4.208984	  -0.156335
   4.218750	   0.106516
   4.228516	   0.386965
   4.238281	   0.624071
   4.248047	   0.770299
   4.257812	   0.802668
   4.267578	   0.725636
   4.277344	   0.565882
   4.287109	   0.361851
   4.296875	   0.152332
   4.306641	  -0.032039
   4.316406	  -0.172230
   4.326172	  -0.259519
   4.335938	  -0.291722
   4.345703	  -0.269893
   4.355469	  -0.197688
   4.365234	  -0.083659
   4.375000	   0.055275
   4.384766	   0.192179
   4.394531	   0.292982
   4.404297	   0.324780
   4.414062	   0.267749
   4.423828	   0.126465
   4.433594	  -0.064544
   4.443359	  -0.245061
   4.453125	  -0.344116
   4.462891	  -0.302386
   4.472656	  -0.095188
   4.482422	   0.252299
   4.492188	   0.664516
   4.501953	   1.032388
   4.511719	   1.244315
   4.521484	   1.222560
   4.531250	   0.953232
   4.541016	   0.498812
   4.550781	  -0.013019
   4.560547	  -0.423119
   4.570312	  -0.588221
   4.580078	  -0.427532
   4.589844	   0.046749
   4.599609	   0.726184
   4.609375	   1.433086
   4.619141	   1.970950
   4.628906	   2.183412
   4.638672	   2.003242
   4.648438	   1.475244
   4.658203	   0.744785
   4.667969	   0.014587
   4.677734	  -0.517093
   4.687500	  -0.717346
   4.697266	  -0.558815
   4.707031	  -0.125907
   4.716797	   0.415292
   4.726562	   0.873647
   4.736328	   1.097427
   4.746094	   1.024939
   4.755859	   0.704143
   4.765625	   0.274340
   4.775391	  -0.084093
   4.785156	  -0.214909
   4.794922	  -0.043668
   4.804688	   0.392410
   4.814453	   0.953517
   4.824219	   1.443156
   4.833984	   1.676009
   4.843750	   1.544935
   4.853516	   1.064030
   4.863281	   0.372238
   4.873047	  -0.304862
   4.882812	  -0.723345
   4.892578	  -0.697163
   4.902344	  -0.157126
   4.912109	   0.826984
   4.921875	   2.068530
   4.931641	   3.322820
   4.941406	   4.362596
   4.951172	   5.044619
   4.960938	   5.344966
   4.970703	   5.351723
   4.980469	   5.218877
   4.990234	   5.099121
   5.000000	   5.081041
   5.009766	   5.154784
   5.019531	   5.220137
   5.029297	   5.135267
   5.039062	   4.788625
   5.048828	   4.166495
   5.058594	   3.388109
   5.068359	   2.690113
   5.078125	   2.359371
   5.087891	   2.632235
   5.097656	   3.592707
   5.107422	   5.106139
   5.117188	   6.817062
   5.126953	   8.221098
   5.136719	   8.797283
   5.146484	   8.165881
   5.156250	   6.225000
   5.166016	   3.221500
   5.175781	  -0.271995
   5.185547	  -3.476058
   5.195312	  -5.592941
   5.205078	  -6.016008
   5.214844	  -4.502580
   5.224609	  -1.260226
   5.234375	   3.081168
   5.244141	   7.608282
   5.253906	  11.340131
   5.263672	  13.464903
   5.273438	  13.535658
   5.283203	  11.573457
   5.292969	   8.051472
   5.302734	   3.765666
   5.312500	  -0.372318
   5.322266	  -3.564500
   5.332031	  -5.318137
   5.341797	  -5.551276
   5.351562	  -4.588180
   5.361328	  -3.050088
   5.371094	  -1.673577
   5.380859	  -1.105834
   5.390625	  -1.729519
   5.400391	  -3.559603
   5.410156	  -6.234256
   5.419922	  -9.097592
   5.429688	 -11.350301
   5.439453	 -12.230195
   5.449219	 -11.181068
   5.458984	  -7.974630
   5.468750	  -2.763841
   5.478516	   3.937599
   5.488281	  11.339777
   5.498047	  18.504684
   5.507812	  24.492830
   5.517578	  28.503996
   5.527344	  29.992317
   5.537109	  28.742187
   5.546875	  24.897759
   5.556641	  18.944241
   5.566406	  11.643738
   5.576172	   3.932607
   5.585938	  -3.208381
   5.595703	  -8.895260
   5.605469	 -12.473765
   5.615234	 -13.622357
   5.625000	 -12.405442
   5.634766	  -9.262961
   5.644531	  -4.932972
   5.654297	  -0.316996
   5.664062	   3.688907
   5.673828	   6.364724
   5.683594	   7.302882
   5.693359	   6.479662
   5.703125	   4.243868
   5.712891	   1.223462
   5.722656	  -1.829381
   5.732422	  -4.218532
   5.742188	  -5.465631
   5.751953	  -5.412865
   5.761719	  -4.240571
   5.771484	  -2.395233
   5.781250	  -0.447435
   5.791016	   1.081064
   5.800781	   1.872367
   5.810547	   1.904607
   5.820312	   1.452997
   5.830078	   0.997251
   5.839844	   1.060553
   5.849609	   2.026939
   5.859375	   3.992825
   5.869141	   6.700961
   5.878906	   9.582547
   5.888672	  11.901292
   5.898438	  12.961064
   5.908203	  12.316209
   5.917969	   9.918429
   5.927734	   6.149241
   5.937500	   1.719435
   5.947266	  -2.542067
   5.957031	  -5.950097
   5.966797	  -8.194304
   5.976562	  -9.460039
   5.986328	 -10.387547
   5.996094	 -11.865034
   6.005859	 -14.704668
   6.015625	 -19.294188
   6.025391	 -25.336041
   6.035156	 -31.772113
   6.044922	 -36.946307
   6.054688	 -38.989975
   6.064453	 -36.345186
   6.074219	 -28.288738
   6.083984	 -15.303177
   6.093750	   0.831835
   6.103516	  17.287809
   6.113281	  30.745250
   6.123047	  38.141616
   6.132812	  37.427453
   6.142578	  28.132638
   6.152344	  11.582683
   6.162109	  -9.310501
   6.171875	 -30.649364
   6.181641	 -48.403927
   6.191406	 -59.307380
   6.201172	 -61.568186
   6.210938	 -55.218181
   6.220703	 -42.011443
   6.230469	 -24.908227
   6.240234	  -7.288831
   6.250000	   7.887268
   6.259766	  18.751329
   6.269531	  24.851389
   6.279297	  27.062223
   6.289062	  27.126553
   6.298828	  26.978702
   6.308594	  28.060140
   6.318359	  30.832512
   6.328125	  34.629618
   6.337891	  37.885035
   6.347656	  38.658096
   6.357422	  35.291784
   6.367188	  26.998142
   6.376953	  14.190729
   6.386719	  -1.538189
   6.396484	 -17.789905
   6.406250	 -31.969882
   6.416016	 -41.954919
   6.425781	 -46.620131
   6.435547	 -46.073598
   6.445312	 -41.536663
   6.455078	 -34.915549
   6.464844	 -28.202236
   6.474609	 -22.891395
   6.484375	 -19.591104
   6.494141	 -17.941364
   6.503906	 -16.856191
   6.513672	 -15.002846
   6.523438	 -11.357187
   6.533203	  -5.650285
   6.542969	   1.444387
   6.552734	   8.452072
   6.562500	  13.530841
   6.572266	  15.068816
   6.582031	  12.258978
   6.591797	   5.466804
   6.601562	  -3.736357
   6.611328	 -12.903538
   6.621094	 -19.326562
   6.630859	 -20.767721
   6.640625	 -16.102130
   6.650391	  -5.684421
   6.660156	   8.671785
   6.669922	  24.105226
   6.679688	  37.402962
   6.689453	  45.794517
   6.699219	  47.630221
   6.708984	  42.762471
   6.718750	  32.531762
   6.728516	  19.368945
   6.738281	   6.129789
   6.748047	  -4.651668
   6.757812	 -11.387512
   6.767578	 -13.774464
   6.777344	 -12.766936
   6.787109	 -10.208370
   6.796875	  -8.237610
   6.806641	  -8.643928
   6.816406	 -12.350551
   6.826172	 -19.162278
   6.835938	 -27.832893
   6.845703	 -36.416656
   6.855469	 -42.791878
   6.865234	 -45.204263
   6.875000	 -42.683006
   6.884766	 -35.229325
   6.894531	 -23.749048
   6.904297	  -9.775452
   6.914062	   4.916710
   6.923828	  18.685130
   6.933594	  30.279675
   6.943359	  38.934670
   6.953125	  44.302101
   6.962891	  46.287617
   6.972656	  44.879360
   6.982422	  40.053873
   6.992188	  31.806586
   7.001953	  20.299938
   7.011719	   6.069266
   7.021484	  -9.806019
   7.031250	 -25.658490
   7.041016	 -39.374496
   7.050781	 -48.722030
   7.060547	 -51.801005
   7.070312	 -47.503509
   7.080078	 -35.854943
   7.089844	 -18.129559
   7.099609	   3.309317
   7.109375	  25.419401
   7.119141	  45.044840
   7.128906	  59.497848
   7.138672	  67.013875
   7.148438	  66.975662
   7.158203	  59.869956
   7.167969	  47.018068
   7.177734	  30.183537
   7.187500	  11.187206
   7.197266	  -8.356373
   7.207031	 -27.121448
   7.216797	 -43.985924
   7.226562	 -57.859114
   7.236328	 -67.539684
   7.246094	 -71.713215
   7.255859	 -69.146704
   7.265625	 -59.056923
   7.275391	 -41.548030
   7.285156	 -17.960404
   7.294922	   9.030105
   7.304688	  35.668882
   7.314453	  57.741676
   7.324219	  71.445575
   7.333984	  74.303711
   7.343750	  65.871268
   7.353516	  48.008977
   7.363281	  24.600186
   7.373047	   0.734674
   7.382812	 -18.464067
   7.392578	 -29.076935
   7.402344	 -29.363291
   7.412109	 -20.195881
   7.421875	  -4.817897
   7.431641	  12.033293
   7.441406	  25.412386
   7.451172	  31.516662
   7.460938	  28.727089
   7.470703	  18.044125
   7.480469	   2.786916
   7.490234	 -12.369116
   7.500000	 -22.751810
   7.509766	 -25.066819
   7.519531	 -18.394732
   7.529297	  -4.520242
   7.539062	  12.510594
   7.548828	  27.490282
   7.558594	  35.503865
   7.568359	  33.330157
   7.578125	  20.394784
   7.587891	  -0.996768
   7.597656	 -26.216781
   7.607422	 -49.513073
   7.617188	 -65.517859
   7.626953	 -70.653252
   7.636719	 -64.050229
   7.646484	 -47.735785
   7.656250	 -26.047474
   7.666016	  -4.447112
   7.675781	  11.933560
   7.685547	  19.616943
   7.695312	  17.620981
   7.705078	   7.607103
   7.714844	  -6.681006
   7.724609	 -20.510787
   7.734375	 -29.472176
   7.744141	 -30.646872
   7.753906	 -23.329578
   7.763672	  -9.130095
   7.773438	   8.540276
   7.783203	  25.429984
   7.792969	  37.578026
   7.802734	  42.307289
   7.812500	  38.828891
   7.822266	  28.325074
   7.832031	  13.524762
   7.841797	  -2.081752
   7.851562	 -15.158720
   7.861328	 -23.324771
   7.871094	 -25.639950
   7.880859	 -22.680814
   7.890625	 -16.219831
   7.900391	  -8.626516
   7.910156	  -2.169636
   7.919922	   1.590068
   7.929688	   2.166481
   7.939453	   0.197812
   7.949219	  -2.810341
   7.958984	  -4.962069
   7.968750	  -4.533538
   7.978516	  -0.474296
   7.988281	   7.274698
   7.998047	  17.717647
   8.007812	  29.003138
   8.017578	  38.833265
   8.027344	  44.984728
   8.037109	  45.822328
   8.046875	  40.690126
   8.056641	  30.094136
   8.066406	  15.636147
   8.076172	  -0.288488
   8.085938	 -14.965968
   8.095703	 -25.911678
   8.105469	 -31.373322
   8.115234	 -30.680645
   8.125000	 -24.364727
   8.134766	 -14.019694
   8.144531	  -1.937148
   8.154297	   9.404199
   8.164062	  17.876741
   8.173828	  22.145661
   8.183594	  21.912099
   8.193359	  17.903830
   8.203125	  11.621640
   8.212891	   4.910482
   8.222656	  -0.531969
   8.232422	  -3.582237
   8.242188	  -3.945252
   8.251953	  -2.175168
   8.261719	   0.534537
   8.271484	   2.727198
   8.281250	   3.117597
   8.291016	   0.964518
   8.300781	  -3.718632
   8.310547	 -10.167181
   8.320312	 -17.073734
   8.330078	 -22.936849
   8.339844	 -26.449049
   8.349609	 -26.817462
   8.359375	 -23.934891
   8.369141	 -18.365500
   8.378906	 -11.163015
   8.388672	  -3.584354
   8.398438	   3.214675
   8.408203	   8.418154
   8.417969	  11.667024
   8.427734	  13.039088
   8.437500	  12.918579
   8.447266	  11.811078
   8.457031	  10.168683
   8.466797	   8.278133
   8.476562	   6.237073
   8.486328	   4.011063
   8.496094	   1.537503
   8.505859	  -1.169536
   8.515625	  -3.954656
   8.525391	  -6.518982
   8.535156	  -8.478039
   8.544922	  -9.455517
   8.554688	  -9.177794
   8.564453	  -7.536907
   8.574219	  -4.604245
   8.583984	  -0.597341
   8.593750	   4.180242
   8.603516	   9.397528
   8.613281	  14.728687
   8.623047	  19.849272
   8.632812	  24.404791
   8.642578	  27.976123
   8.652344	  30.072330
   8.662109	  30.174472
   8.671875	  27.835807
   8.681641	  22.820189
   8.691406	  15.240104
   8.701172	   5.646348
   8.710938	  -4.972462
   8.720703	 -15.301149
   8.730469	 -23.909964
   8.740234	 -29.526266
   8.750000	 -31.303163
   8.759766	 -29.017345
   8.769531	 -23.142119
   8.779297	 -14.771284
   8.789062	  -5.406680
   8.798828	   3.343092
   8.808594	  10.082871
   8.818359	  13.896028
   8.828125	  14.495347
   8.837891	  12.230169
   8.847656	   7.956113
   8.857422	   2.806134
   8.867188	  -2.077390
   8.876953	  -5.785139
   8.886719	  -7.804918
   8.896484	  -8.077674
   8.906250	  -6.944163
   8.916016	  -5.006776
   8.925781	  -2.948211
   8.935547	  -1.354144
   8.945312	  -0.580754
   8.955078	  -0.693011
   8.964844	  -1.480483
   8.974609	  -2.539067
   8.984375	  -3.393386
   8.994141	  -3.627948
   9.003906	  -2.996089
   9.013672	  -1.483024
   9.023438	   0.689036
   9.033203	   3.112449
   9.042969	   5.288813
   9.052734	   6.744130
   9.062500	   7.137696
   9.072266	   6.339651
   9.082031	   4.459337
   9.091797	   1.818084
   9.101562	  -1.126641
   9.111328	  -3.886726
   9.121094	  -6.051855
   9.130859	  -7.373193
   9.140625	  -7.801018
   9.150391	  -7.467572
   9.160156	  -6.621900
   9.169922	  -5.537574
   9.179688	  -4.422546
   9.189453	  -3.360071
   9.199219	  -2.300277
   9.208984	  -1.105820
   9.218750	   0.362970
   9.228516	   2.152327
   9.238281	   4.143263
   9.248047	   6.032816
   9.257812	   7.381981
   9.267578	   7.722720
   9.277344	   6.696151
   9.287109	   4.181218
   9.296875	   0.372491
   9.306641	  -4.221804
   9.316406	  -8.868031
   9.326172	 -12.762565
   9.335938	 -15.214244
   9.345703	 -15.804159
   9.355469	 -14.478368
   9.365234	 -11.547987
   9.375000	  -7.598067
   9.384766	  -3.333272
   9.394531	   0.593578
   9.404297	   3.720393
   9.414062	   5.844297
   9.423828	   7.005484
   9.433594	   7.399872
   9.443359	   7.256695
   9.453125	   6.727362
   9.462891	   5.826356
   9.472656	   4.445316
   9.482422	   2.434364
   9.492188	  -0.280543
   9.501953	  -3.590403
   9.511719	  -7.151244
   9.521484	 -10.415632
   9.531250	 -12.747887
   9.541016	 -13.593703
   9.550781	 -12.653352
   9.560547	 -10.001920
   9.570312	  -6.112635
   9.580078	  -1.767069
   9.589844	   2.129515
   9.599609	   4.778894
   9.609375	   5.701241
   9.619141	   4.864572
   9.628906	   2.691967
   9.638672	  -0.058587
   9.648438	  -2.509239
   9.658203	  -3.911077
   9.667969	  -3.854783
   9.677734	  -2.381774
   9.687500	   0.036580
   9.697266	   2.645400
   9.707031	   4.635166
   9.716797	   5.385626
   9.726562	   4.653160
   9.736328	   2.646854
   9.746094	  -0.028599
   9.755859	  -2.546112
   9.765625	  -4.094898
   9.775391	  -4.115530
   9.785156	  -2.464045
   9.794922	   0.541089
   9.804688	   4.201362
   9.814453	   7.625384
   9.824219	   9.967340
   9.833984	  10.650078
   9.843750	   9.512159
   9.853516	   6.840868
   9.863281	   3.285657
   9.873047	  -0.320676
   9.882812	  -3.181775
   9.892578	  -4.738160
   9.902344	  -4.795865
   9.912109	  -3.552504
   9.921875	  -1.518963
   9.931641	   0.637114
   9.941406	   2.280351
   9.951172	   2.977197
   9.960938	   2.601875
   9.970703	   1.353762
   9.980469	  -0.314135
   9.990234	  -1.832403
  10.000000	  -2.678805
  10.009766	  -2.523709
  10.019531	  -1.319505
  10.029297	   0.687752
  10.039062	   3.025257
  10.048828	   5.119412
  10.058594	   6.446643
  10.068359	   6.669497
  10.078125	   5.723078
  10.087891	   3.830275
  10.097656	   1.442702
  10.107422	  -0.876761
  10.117188	  -2.599269
  10.126953	  -3.365688
  10.136719	  -3.077799
  10.146484	  -1.921558
  10.156250	  -0.316339
  10.166016	   1.196935
  10.175781	   2.099996
  10.185547	   2.036425
  10.195312	   0.909450
  10.205078	  -1.087579
  10.214844	  -3.516548
  10.224609	  -5.804478
  10.234375	  -7.389457
  10.244141	  -7.864410
  10.253906	  -7.080794
  10.263672	  -5.184908
  10.273438	  -2.577507
  10.283203	   0.191894
  10.292969	   2.567016
  10.302734	   4.124431
  10.312500	   4.673150
  10.322266	   4.288133
  10.332031	   3.270403
  10.341797	   2.047231
  10.351562	   1.042494
  10.361328	   0.555195
  10.371094	   0.680903
  10.380859	   1.297608
  10.390625	   2.118069
  10.400391	   2.791004
  10.410156	   3.019239
  10.419922	   2.658455
  10.429688	   1.766576
  10.439453	   0.589264
  10.449219	  -0.513414
  10.458984	  -1.176288
  10.468750	  -1.140759
  10.478516	  -0.334906
  10.488281	   1.101976
  10.498047	   2.857300
  10.507812	   4.533441
  10.517578	   5.759209
  10.527344	   6.290808
  10.537109	   6.072457
  10.546875	   5.239662
  10.556641	   4.066009
  10.566406	   2.871574
  10.576172	   1.922373
  10.585938	   1.352343
  10.595703	   1.131596
  10.605469	   1.089738
  10.615234	   0.985590
  10.625000	   0.600144
  10.634766	  -0.177516
  10.644531	  -1.299185
  10.654297	  -2.558241
  10.664062	  -3.642727
  10.673828	  -4.225187
  10.683594	  -4.062260
  10.693359	  -3.073939
  10.703125	  -1.378463
  10.712891	   0.727941
  10.722656	   2.840967
  10.732422	   4.547864
  10.742188	   5.528567
  10.751953	   5.630306
  10.761719	   4.896051
  10.771484	   3.540997
  10.781250	   1.886316
  10.791016	   0.271154
  10.800781	  -1.031125
  10.810547	  -1.869264
  10.820312	  -2.229406
  10.830078	  -2.208863
  10.839844	  -1.960441
  10.849609	  -1.627639
  10.859375	  -1.292547
  10.869141	  -0.952984
  10.878906	  -0.535055
  10.888672	   0.064611
  10.898438	   0.922444
  10.908203	   2.037492
  10.917969	   3.305230
  10.927734	   4.526205
  10.937500	   5.449039
  10.947266	   5.836326
  10.957031	   5.534364
  10.966797	   4.525832
  10.976562	   2.948923
  10.986328	   1.075818
  10.996094	  -0.745126
  11.005859	  -2.168740
  11.015625	  -2.933133
  11.025391	  -2.919441
  11.035156	  -2.175828
  11.044922	  -0.900175
  11.054688	   0.612908
  11.064453	   2.045815
  11.074219	   3.132505
  11.083984	   3.714714
  11.093750	   3.766503
  11.103516	   3.383162
  11.113281	   2.740366
  11.123047	   2.037211
  11.132812	   1.440178
  11.142578	   1.043544
  11.152344	   0.855827
  11.162109	   0.813574
  11.171875	   0.815695
  11.181641	   0.765847
  11.191406	   0.608865
  11.201172	   0.349901
  11.210938	   0.051031
  11.220703	  -0.192569
  11.230469	  -0.288313
  11.240234	  -0.181691
  11.250000	   0.120253
  11.259766	   0.545218
  11.269531	   0.973180
  11.279297	   1.269909
  11.289062	   1.326260
  11.298828	   1.091217
  11.308594	   0.588631
  11.318359	  -0.087458
  11.328125	  -0.797517
  11.337891	  -1.393850
  11.347656	  -1.759513
  11.357422	  -1.837444
  11.367188	  -1.641584
  11.376953	  -1.247339
  11.386719	  -0.764975
  11.396484	  -0.304604
  11.406250	   0.056272
  11.416016	   0.292774
  11.425781	   0.434413
  11.435547	   0.548645
  11.445312	   0.711969
  11.455078	   0.978231
  11.464844	   1.354616
  11.474609	   1.793441
  11.484375	   2.202867
  11.494141	   2.473748
  11.503906	   2.514663
  11.513672	   2.284447
  11.523438	   1.811989
  11.533203	   1.196615
  11.542969	   0.587976
  11.552734	   0.150329
  11.562500	   0.020690
  11.572266	   0.272249
  11.582031	   0.893065
  11.591797	   1.785882
  11.601562	   2.789148
  11.611328	   3.713599
  11.621094	   4.384771
  11.630859	   4.680533
  11.640625	   4.554509
  11.650391	   4.040420
  11.660156	   3.237698
  11.669922	   2.283584
  11.679688	   1.320085
  11.689453	   0.464707
  11.699219	  -0.208045
  11.708984	  -0.671205
  11.718750	  -0.937007
  11.728516	  -1.040380
  11.738281	  -1.020773
  11.748047	  -0.908451
  11.757812	  -0.719130
  11.767578	  -0.457485
  11.777344	  -0.126843
  11.787109	   0.259738
  11.796875	   0.672111
  11.806641	   1.063008
  11.816406	   1.376137
  11.826172	   1.560163
  11.835938	   1.583972
  11.845703	   1.447859
  11.855469	   1.186333
  11.865234	   0.860814
  11.875000	   0.543791
  11.884766	   0.298925
  11.894531	   0.163136
  11.904297	   0.136441
  11.914062	   0.183041
  11.923828	   0.243800
  11.933594	   0.256578
  11.943359	   0.178261
  11.953125	   0.001470
  11.962891	  -0.239698
  11.972656	  -0.477396
  11.982422	  -0.629588
  11.992188	  -0.626041
  12.001953	  -0.433019
  12.011719	  -0.068944
  12.021484	   0.394448
  12.031250	   0.846810
  12.041016	   1.166453
  12.050781	   1.253033
  12.060547	   1.056529
  12.070312	   0.594113
  12.080078	  -0.050388
  12.089844	  -0.744968
  12.099609	  -1.341357
  12.109375	  -1.712030
  12.119141	  -1.782412
  12.128906	  -1.549596
  12.138672	  -1.082561
  12.148438	  -0.503910
  12.158203	   0.041789
  12.167969	   0.424443
  12.177734	   0.559911
  12.187500	   0.428385
  12.197266	   0.075356
  12.207031	  -0.404230
  12.216797	  -0.893516
  12.226562	  -1.284892
  12.236328	  -1.506193
  12.246094	  -1.535245
  12.255859	  -1.399767
  12.265625	  -1.163948
  12.275391	  -0.906672
  12.285156	  -0.698332
  12.294922	  -0.582994
  12.304688	  -0.570503
  12.314453	  -0.639774
  12.324219	  -0.751056
  12.333984	  -0.862389
  12.343750	  -0.944634
  12.353516	  -0.990316
  12.363281	  -1.013873
  12.373047	  -1.043785
  12.382812	  -1.109632
  12.392578	  -1.228579
  12.402344	  -1.395766
  12.412109	  -1.581649
  12.421875	  -1.737137
  12.431641	  -1.804954
  12.441406	  -1.733958
  12.451172	  -1.492488
  12.460938	  -1.077295
  12.470703	  -0.516098
  12.480469	   0.136447
  12.490234	   0.807910
  12.500000	   1.419946
  12.509766	   1.900241
  12.519531	   2.192406
  12.529297	   2.262641
  12.539062	   2.102872
  12.548828	   1.730739
  12.558594	   1.187044
  12.568359	   0.531160
  12.578125	  -0.165273
  12.587891	  -0.826177
  12.597656	  -1.379991
  12.607422	  -1.768977
  12.617188	  -1.957543
  12.626953	  -1.937971
  12.636719	  -1.731997
  12.646484	  -1.387345
  12.656250	  -0.969348
  12.666016	  -0.549046
  12.675781	  -0.190156
  12.685547	   0.062210
  12.695312	   0.188510
  12.705078	   0.195861
  12.714844	   0.113133
  12.724609	  -0.018491
  12.734375	  -0.156992
  12.744141	  -0.270043
  12.753906	  -0.342059
  12.763672	  -0.376263
  12.773438	  -0.391656
  12.783203	  -0.416095
  12.792969	  -0.477514
  12.802734	  -0.595587
  12.812500	  -0.775730
  12.822266	  -1.006593
  12.832031	  -1.261225
  12.841797	  -1.501390
  12.851562	  -1.683972
  12.861328	  -1.768339
  12.871094	  -1.723548
  12.880859	  -1.534496
  12.890625	  -1.206217
  12.900391	  -0.765624
  12.910156	  -0.260072
  12.919922	   0.247618
  12.929688	   0.687564
  12.939453	   0.993789
  12.949219	   1.116085
  12.958984	   1.030444
  12.968750	   0.745529
  12.978516	   0.303181
  12.988281	  -0.227919
  12.998047	  -0.764616
  13.007812	  -1.225274
  13.017578	  -1.545751
  13.027344	  -1.691502
  13.037109	  -1.662747
  13.046875	  -1.491429
  13.056641	  -1.230885
  13.066406	  -0.941211
  13.076172	  -0.674485
  13.085938	  -0.463966
  13.095703	  -0.320126
  13.105469	  -0.234115
  13.115234	  -0.186957
  13.125000	  -0.160906
  13.134766	  -0.148794
  13.144531	  -0.157969
  13.154297	  -0.207362
  13.164062	  -0.318696
  13.173828	  -0.505029
  13.183594	  -0.760928
  13.193359	  -1.058228
  13.203125	  -1.349585
  13.212891	  -1.579390
  13.222656	  -1.699075
  13.232422	  -1.682055
  13.242188	  -1.533391
  13.251953	  -1.290656
  13.261719	  -1.015121
  13.271484	  -0.775425
  13.281250	  -0.628365
  13.291016	  -0.602508
  13.300781	  -0.689632
  13.310547	  -0.846752
  13.320312	  -1.008307
  13.330078	  -1.105035
  13.339844	  -1.084042
  13.349609	  -0.924242
  13.359375	  -0.642757
  13.369141	  -0.290600
  13.378906	   0.060872
  13.388672	   0.338619
  13.398438	   0.486288
  13.408203	   0.477220
  13.417969	   0.318904
  13.427734	   0.048347
  13.437500	  -0.279539
  13.447266	  -0.606596
  13.457031	  -0.884746
  13.466797	  -1.084517
  13.476562	  -1.197164
  13.486328	  -1.230930
  13.496094	  -1.203715
  13.505859	  -1.135172
  13.515625	  -1.040881
  13.525391	  -0.930070
  13.535156	  -0.806796
  13.544922	  -0.673185
  13.554688	  -0.532758
  13.564453	  -0.392132
  13.574219	  -0.260314
  13.583984	  -0.146028
  13.593750	  -0.054460
  13.603516	   0.014897
  13.613281	   0.068021
  13.623047	   0.113525
  13.632812	   0.158135
  13.642578	   0.202268
  13.652344	   0.237672
  13.662109	   0.248471
  13.671875	   0.215757
  13.681641	   0.124491
  13.691406	  -0.029537
  13.701172	  -0.235195
  13.710938	  -0.465851
  13.720703	  -0.684093
  13.730469	  -0.850269
  13.740234	  -0.932440
  13.750000	  -0.914757
  13.759766	  -0.801689
  13.769531	  -0.616774
  13.779297	  -0.396298
  13.789062	  -0.179897
  13.798828	  -0.001028
  13.808594	   0.119789
  13.818359	   0.177034
  13.828125	   0.177274
  13.837891	   0.132696
  13.847656	   0.053675
  13.857422	  -0.056689
  13.867188	  -0.203903
  13.876953	  -0.398582
  13.886719	  -0.649203
  13.896484	  -0.953618
  13.906250	  -1.292513
  13.916016	  -1.627559
  13.925781	  -1.905676
  13.935547	  -2.069006
  13.945312	  -2.068322
  13.955078	  -1.876428
  13.964844	  -1.497851
  13.974609	  -0.971935
  13.984375	  -0.368089
  13.994141	   0.226094
  14.003906	   0.721291
  14.013672	   1.043814
  14.023438	   1.149991
  14.033203	   1.034407
  14.042969	   0.730313
  14.052734	   0.302261
  14.062500	  -0.167277
  14.072266	  -0.594349
  14.082031	  -0.909565
  14.091797	  -1.070518
  14.101562	  -1.068208
  14.111328	  -0.926450
  14.121094	  -0.694628
  14.130859	  -0.435540
  14.140625	  -0.211000
  14.150391	  -0.068315
  14.160156	  -0.030547
  14.169922	  -0.092649
  14.179688	  -0.224320
  14.189453	  -0.378873
  14.199219	  -0.505997
  14.208984	  -0.565286
  14.218750	  -0.537118
  14.228516	  -0.428006
  14.238281	  -0.268890
  14.248047	  -0.106654
  14.257812	   0.008996
  14.267578	   0.039781
  14.277344	  -0.029757
  14.287109	  -0.187043
  14.296875	  -0.394147
  14.306641	  -0.597816
  14.316406	  -0.744215
  14.326172	  -0.794177
  14.335938	  -0.734544
  14.345703	  -0.582137
  14.355469	  -0.379034
  14.365234	  -0.180344
  14.375000	  -0.038015
  14.384766	   0.014588
  14.394531	  -0.027340
  14.404297	  -0.138571
  14.414062	  -0.271438
  14.423828	  -0.370290
  14.433594	  -0.388528
  14.443359	  -0.303057
  14.453125	  -0.121798
  14.462891	   0.118054
  14.472656	   0.360509
  14.482422	   0.546835
  14.492188	   0.632364
  14.501953	   0.599009
  14.511719	   0.459848
  14.521484	   0.254579
  14.531250	   0.037441
  14.541016	  -0.138525
  14.550781	  -0.236023
  14.560547	  -0.242512
  14.570312	  -0.171177
  14.580078	  -0.053976
  14.589844	   0.070659
  14.599609	   0.171306
  14.609375	   0.233817
  14.619141	   0.265152
  14.628906	   0.289727
  14.638672	   0.339685
  14.648438	   0.442382
  14.658203	   0.609266
  14.667969	   0.829737
  14.677734	   1.071968
  14.687500	   1.290412
  14.697266	   1.437654
  14.707031	   1.476970
  14.716797	   1.391860
  14.726562	   1.189883
  14.736328	   0.899933
  14.746094	   0.564138
  14.755859	   0.227088
  14.765625	  -0.074283
  14.775391	  -0.317276
  14.785156	  -0.494925
  14.794922	  -0.612559
  14.804688	  -0.681187
  14.814453	  -0.710311
  14.824219	  -0.702816
  14.833984	  -0.653704
  14.843750	  -0.553023
  14.853516	  -0.391897
  14.863281	  -0.169443
  14.873047	   0.101923
  14.882812	   0.394885
  14.892578	   0.670252
  14.902344	   0.884151
  14.912109	   0.997650
  14.921875	   0.986295
  14.931641	   0.846988
  14.941406	   0.600283
  14.951172	   0.287324
  14.960938	  -0.037996
  14.970703	  -0.319883
  14.980469	  -0.512030
  14.990234	  -0.586914
  15.000000	  -0.540931
  15.009766	  -0.394232
  15.019531	  -0.185389
  15.029297	   0.037839
  15.039062	   0.229469
  15.048828	   0.355466
  15.058594	   0.400769
  15.068359	   0.371575
  15.078125	   0.292380
  15.087891	   0.198537
  15.097656	   0.126184
  15.107422	   0.102090
  15.117188	   0.136055
  15.126953	   0.217913
  15.136719	   0.320060
  15.146484	   0.404987
  15.156250	   0.435959
  15.166016	   0.387987
  15.175781	   0.256073
  15.185547	   0.058302
  15.195312	  -0.167349
  15.205078	  -0.371879
  15.214844	  -0.507591
  15.224609	  -0.540616
  15.234375	  -0.460139
  15.244141	  -0.281694
  15.253906	  -0.043444
  15.263672	   0.203646
  15.273438	   0.409089
  15.283203	   0.535914
  15.292969	   0.569794
  15.302734	   0.521681
  15.312500	   0.423245
  15.322266	   0.316484
  15.332031	   0.240629
  15.341797	   0.220216
  15.351562	   0.257873
  15.361328	   0.333961
  15.371094	   0.413126
  15.380859	   0.455766
  15.390625	   0.430951
  15.400391	   0.326878
  15.410156	   0.155705
  15.419922	  -0.048706
  15.429688	  -0.239516
  15.439453	  -0.369579
  15.449219	  -0.404360
  15.458984	  -0.331438
  15.468750	  -0.163899
  15.478516	   0.063211
  15.488281	   0.302261
  15.498047	   0.505474
  15.507812	   0.636927
  15.517578	   0.680860
  15.527344	   0.644214
  15.537109	   0.553021
  15.546875	   0.443983
  15.556641	   0.353796
  15.566406	   0.309260
  15.576172	   0.320739
  15.585938	   0.380497
  15.595703	   0.465966
  15.605469	   0.546712
  15.615234	   0.592994
  15.625000	   0.583567
  15.634766	   0.510836
  15.644531	   0.382271
  15.654297	   0.218103
  15.664062	   0.046187
  15.673828	  -0.104469
  15.683594	  -0.209880
  15.693359	  -0.255585
  15.703125	  -0.238665
  15.712891	  -0.167109
  15.722656	  -0.056968
  15.732422	   0.071832
  15.742188	   0.199952
  15.751953	   0.312377
  15.761719	   0.400664
  15.771484	   0.463326
  15.781250	   0.504417
  15.791016	   0.530795
  15.800781	   0.548854
  15.810547	   0.561633
  15.820312	   0.567156
  15.830078	   0.558545
  15.839844	   0.525979
  15.849609	   0.460057
  15.859375	   0.355646
  15.869141	   0.215090
  15.878906	   0.049680
  15.888672	  -0.121264
  15.898438	  -0.273726
  15.908203	  -0.384067
  15.917969	  -0.434540
  15.927734	  -0.417764
  15.937500	  -0.338814
  15.947266	  -0.214246
  15.957031	  -0.068190
  15.966797	   0.073459
  15.976562	   0.189157
  15.986328	   0.266398
  15.996094	   0.303672
  16.005859	   0.309165
  16.015625	   0.296722
  16.025391	   0.280402
  16.035156	   0.269396
  16.044922	   0.264959
  16.054688	   0.260338
  16.064453	   0.243695
  16.074219	   0.203048
  16.083984	   0.131571
  16.093750	   0.031462
  16.103516	  -0.084959
  16.113281	  -0.197389
  16.123047	  -0.282338
  16.132812	  -0.319179
  16.142578	  -0.295636
  16.152344	  -0.211120
  16.162109	  -0.076990
  16.171875	   0.086207
  16.181641	   0.253575
  16.191406	   0.401271
  16.201172	   0.510946
  16.210938	   0.572112
  16.220703	   0.582148
  16.230469	   0.544422
  16.240234	   0.465578
  16.250000	   0.353174
  16.259766	   0.214511
  16.269531	   0.056885
  16.279297	  -0.111199
  16.289062	  -0.278745
  16.298828	  -0.431904
  16.308594	  -0.555140
  16.318359	  -0.633897
  16.328125	  -0.658052
  16.337891	  -0.624988
  16.347656	  -0.541103
  16.357422	  -0.420987
  16.367188	  -0.284254
  16.376953	  -0.150849
  16.386719	  -0.036217
  16.396484	   0.052138
  16.406250	   0.115553
  16.416016	   0.162253
  16.425781	   0.203147
  16.435547	   0.246781
  16.445312	   0.295174
  16.455078	   0.342035
  16.464844	   0.374078
  16.474609	   0.375153
  16.484375	   0.331964
  16.494141	   0.239516
  16.503906	   0.104518
  16.513672	  -0.054509
  16.523438	  -0.210638
  16.533203	  -0.334614
  16.542969	  -0.401930
  16.552734	  -0.398914
  16.562500	  -0.326141
  16.572266	  -0.198257
  16.582031	  -0.040345
  16.591797	   0.118086
  16.601562	   0.249797
  16.611328	   0.335452
  16.621094	   0.366829
  16.630859	   0.347067
  16.640625	   0.288223
  16.650391	   0.207127
  16.660156	   0.120818
  16.669922	   0.042802
  16.679688	  -0.019074
  16.689453	  -0.062902
  16.699219	  -0.091438
  16.708984	  -0.109950
  16.718750	  -0.123920
  16.728516	  -0.137226
  16.738281	  -0.151143
  16.748047	  -0.164210
  16.757812	  -0.172814
  16.767578	  -0.172227
  16.777344	  -0.157864
  16.787109	  -0.126556
  16.796875	  -0.077665
  16.806641	  -0.013882
  16.816406	   0.058499
  16.826172	   0.130025
  16.835938	   0.189371
  16.845703	   0.225389
  16.855469	   0.229601
  16.865234	   0.198566
  16.875000	   0.135410
  16.884766	   0.049905
  16.894531	  -0.043195
  16.904297	  -0.127384
  16.914062	  -0.188472
  16.923828	  -0.218406
  16.933594	  -0.217679
  16.943359	  -0.195447
  16.953125	  -0.167107
  16.962891	  -0.149854
  16.972656	  -0.157411
  16.982422	  -0.195476
  16.992188	  -0.259334
  17.001953	  -0.334497
  17.011719	  -0.400349
  17.021484	  -0.435838
  17.031250	  -0.425598
  17.041016	  -0.364674
  17.050781	  -0.260414
  17.060547	  -0.130899
  17.070312	  -0.000358
  17.080078	   0.107106
  17.089844	   0.173623
  17.099609	   0.191719
  17.109375	   0.165383
  17.119141	   0.107876
  17.128906	   0.037112
  17.138672	  -0.029822
  17.148438	  -0.081264
  17.158203	  -0.113299
  17.167969	  -0.129247
  17.177734	  -0.136733
  17.187500	  -0.143536
  17.197266	  -0.153807
  17.207031	  -0.166043
  17.216797	  -0.173540
  17.226562	  -0.167174
  17.236328	  -0.139471
  17.246094	  -0.088483
  17.255859	  -0.020020
  17.265625	   0.052698
  17.275391	   0.112022
  17.285156	   0.140647
  17.294922	   0.126747
  17.304688	   0.067840
  17.314453	  -0.027842
  17.324219	  -0.142960
  17.333984	  -0.255226
  17.343750	  -0.342919
  17.353516	  -0.390179
  17.363281	  -0.390614
  17.373047	  -0.348295
  17.382812	  -0.275996
  17.392578	  -0.191346
  17.402344	  -0.112095
  17.412109	  -0.051847
  17.421875	  -0.017384
  17.431641	  -0.008102
  17.441406	  -0.017494
  17.451172	  -0.035967
  17.460938	  -0.054064
  17.470703	  -0.065106
  17.480469	  -0.066616
  17.490234	  -0.060275
  17.500000	  -0.050656
  17.509766	  -0.043256
  17.519531	  -0.042496
  17.529297	  -0.050234
  17.539062	  -0.065167
  17.548828	  -0.083173
  17.558594	  -0.098429
  17.568359	  -0.104971
  17.578125	  -0.098308
  17.587891	  -0.076705
  17.597656	  -0.041884
  17.607422	   0.001069
  17.617188	   0.044575
  17.626953	   0.080141
  17.636719	   0.100334
  17.646484	   0.100769
  17.656250	   0.081612
  17.666016	   0.048132
  17.675781	   0.009993
  17.685547	  -0.020747
  17.695312	  -0.032588
  17.705078	  -0.017828
  17.714844	   0.024789
  17.724609	   0.088855
  17.734375	   0.161062
  17.744141	   0.223968
  17.753906	   0.260219
  17.763672	   0.257136
  17.773438	   0.210393
  17.783203	   0.125642
  17.792969	   0.017468
  17.802734	  -0.094178
  17.812500	  -0.189163
  17.822266	  -0.252500
  17.832031	  -0.278264
  17.841797	  -0.270873
  17.851562	  -0.243316
  17.861328	  -0.212809
  17.871094	  -0.195211
  17.880859	  -0.199903
  17.890625	  -0.226776
  17.900391	  -0.266285
  17.910156	  -0.302589
  17.919922	  -0.318804
  17.929688	  -0.302697
  17.939453	  -0.251016
  17.949219	  -0.171024
  17.958984	  -0.078739
  17.968750	   0.005595
  17.978516	   0.063384
  17.988281	   0.083063
  17.998047	   0.063288
  18.007812	   0.012973
  18.017578	  -0.051775
  18.027344	  -0.112783
  18.037109	  -0.155337
  18.046875	  -0.172317
  18.056641	  -0.165700
  18.066406	  -0.145038
  18.076172	  -0.123539
  18.085938	  -0.113147
  18.095703	  -0.120286
  18.105469	  -0.143677
  18.115234	  -0.174878
  18.125000	  -0.201301
  18.134766	  -0.210602
  18.144531	  -0.194947
  18.154297	  -0.153714
  18.164062	  -0.093792
  18.173828	  -0.027430
  18.183594	   0.031569
  18.193359	   0.072017
  18.203125	   0.088500
  18.212891	   0.082557
  18.222656	   0.061616
  18.232422	   0.036164
  18.242188	   0.016174
  18.251953	   0.008030
  18.261719	   0.012876
  18.271484	   0.026826
  18.281250	   0.042784
  18.291016	   0.053113
  18.300781	   0.052178
  18.310547	   0.037929
  18.320312	   0.012111
  18.330078	  -0.020777
  18.339844	  -0.055218
  18.349609	  -0.086365
  18.359375	  -0.111067
  18.369141	  -0.127950
  18.378906	  -0.136724
  18.388672	  -0.137216
  18.398438	  -0.128723
  18.408203	  -0.110123
  18.417969	  -0.080780
  18.427734	  -0.041896
  18.437500	   0.002356
  18.447266	   0.044583
  18.457031	   0.075225
  18.466797	   0.084818
  18.476562	   0.066913
  18.486328	   0.020697
  18.496094	  -0.047638
  18.505859	  -0.125428
  18.515625	  -0.196063
  18.525391	  -0.242925
  18.535156	  -0.253650
  18.544922	  -0.223475
  18.554688	  -0.156613
  18.564453	  -0.065223
  18.574219	   0.033777
  18.583984	   0.123110
  18.593750	   0.189448
  18.603516	   0.226393
  18.613281	   0.235296
  18.623047	   0.223795
  18.632812	   0.202658
  18.642578	   0.182017
  18.652344	   0.168202
  18.662109	   0.162163
  18.671875	   0.159852
  18.681641	   0.154335
  18.691406	   0.138802
  18.701172	   0.109437
  18.710938	   0.067192
  18.720703	   0.017905
  18.730469	  -0.029187
  18.740234	  -0.064033
  18.750000	  -0.078572
  18.759766	  -0.068894
  18.769531	  -0.036162
  18.779297	   0.013891
  18.789062	   0.072607
  18.798828	   0.130618
  18.808594	   0.179946
  18.818359	   0.215448
  18.828125	   0.235353
  18.837891	   0.240933
  18.847656	   0.235590
  18.857422	   0.223737
  18.867188	   0.209779
  18.876953	   0.197354
  18.886719	   0.188854
  18.896484	   0.185130
  18.906250	   0.185342
  18.916016	   0.186935
  18.925781	   0.185889
  18.935547	   0.177341
  18.945312	   0.156678
  18.955078	   0.120953
  18.964844	   0.070315
  18.974609	   0.008974
  18.984375	  -0.054776
  18.994141	  -0.109746
  19.003906	  -0.144188
  19.013672	  -0.148792
  19.023438	  -0.119550
  19.033203	  -0.059599
  19.042969	   0.020666
  19.052734	   0.105446
  19.062500	   0.177043
  19.072266	   0.220113
  19.082031	   0.225520
  19.091797	   0.192651
  19.101562	   0.129468
  19.111328	   0.050248
  19.121094	  -0.028358
  19.130859	  -0.091789
  19.140625	  -0.131235
  19.150391	  -0.145426
  19.160156	  -0.140054
  19.169922	  -0.125113
  19.179688	  -0.111070
  19.189453	  -0.105138
  19.199219	  -0.108897
  19.208984	  -0.117975
  19.218750	  -0.123887
  19.228516	  -0.117341
  19.238281	  -0.091877
  19.248047	  -0.046607
  19.257812	   0.012886
  19.267578	   0.075808
  19.277344	   0.129149
  19.287109	   0.161482
  19.296875	   0.166328
  19.306641	   0.144051
  19.316406	   0.101716
  19.326172	   0.051002
  19.335938	   0.004882
  19.345703	  -0.025893
  19.355469	  -0.035449
  19.365234	  -0.023861
  19.375000	   0.003527
  19.384766	   0.038173
  19.394531	   0.071022
  19.404297	   0.094940
  19.414062	   0.106196
  19.423828	   0.104709
  19.433594	   0.093179
  19.443359	   0.075606
  19.453125	   0.055786
  19.462891	   0.036316
  19.472656	   0.018316
  19.482422	   0.001814
  19.492188	  -0.013538
  19.501953	  -0.027819
  19.511719	  -0.040551
  19.521484	  -0.050862
  19.531250	  -0.057933
  19.541016	  -0.061452
  19.550781	  -0.061773
  19.560547	  -0.059652
  19.570312	  -0.055661
  19.580078	  -0.049553
  19.589844	  -0.039954
  19.599609	  -0.024642
  19.609375	  -0.001436
  19.619141	   0.030554
  19.628906	   0.069820
  19.638672	   0.111986
  19.648438	   0.150356
  19.658203	   0.177482
  19.667969	   0.187365
  19.677734	   0.177598
  19.687500	   0.150686
  19.697266	   0.113950
  19.707031	   0.077864
  19.716797	   0.053196
  19.726562	   0.047777
  19.736328	   0.063905
  19.746094	   0.097308
  19.755859	   0.138077
  19.765625	   0.173427
  19.775391	   0.191492
  19.785156	   0.185004
  19.794922	   0.153695
  19.804688	   0.104612
  19.814453	   0.050185
  19.824219	   0.004612
  19.833984	  -0.020367
  19.843750	  -0.018971
  19.853516	   0.006918
  19.863281	   0.048396
  19.873047	   0.092317
  19.882812	   0.125339
  19.892578	   0.137973
  19.902344	   0.127371
  19.912109	   0.098020
  19.921875	   0.060146
  19.931641	   0.026380
  19.941406	   0.007742
  19.951172	   0.010193
  19.960938	   0.032811
  19.970703	   0.068089
  19.980469	   0.104231
  19.990234	   0.128681
  20.000000	   0.131829
  20.009766	   0.109792
  20.019531	   0.065533
  20.029297	   0.008082
  20.039062	  -0.049824
  20.048828	  -0.094937
  20.058594	  -0.116631
  20.068359	  -0.109201
  20.078125	  -0.072823
  20.087891	  -0.013148
  20.097656	   0.060224
  20.107422	   0.135847
  20.117188	   0.202587
  20.126953	   0.251403
  20.136719	   0.276504
  20.146484	   0.275848
  20.156250	   0.251073
  20.166016	   0.206988
  20.175781	   0.150752
  20.185547	   0.090823
  20.195312	   0.035761
  20.205078	  -0.007027
  20.214844	  -0.032413
  20.224609	  -0.038359
  20.234375	  -0.026173
  20.244141	  -0.000120
  20.253906	   0.033602
  20.263672	   0.068296
  20.273438	   0.098237
  20.283203	   0.119793
  20.292969	   0.131863
  20.302734	   0.135536
  20.312500	   0.133126
  20.322266	   0.126929
  20.332031	   0.118200
  20.341797	   0.106719
  20.351562	   0.091144
  20.361328	   0.070024
  20.371094	   0.043075
  20.380859	   0.012206
  20.390625	  -0.018195
  20.400391	  -0.041935
  20.410156	  -0.052568
  20.419922	  -0.045358
  20.429688	  -0.019037
  20.439453	   0.023268
  20.449219	   0.074332
  20.458984	   0.124341
  20.468750	   0.163229
  20.478516	   0.183145
  20.488281	   0.180323
  20.498047	   0.155775
  20.507812	   0.114665
  20.517578	   0.064573
  20.527344	   0.013282
  20.537109	  -0.033186
  20.546875	  -0.071678
  20.556641	  -0.101856
  20.566406	  -0.125145
  20.576172	  -0.143155
  20.585938	  -0.156273
  20.595703	  -0.163007
  20.605469	  -0.160367
  20.615234	  -0.145154
  20.625000	  -0.115668
  20.634766	  -0.073131
  20.644531	  -0.022218
  20.654297	   0.029618
  20.664062	   0.073899
  20.673828	   0.103415
  20.683594	   0.114280
  20.693359	   0.107044
  20.703125	   0.086410
  20.712891	   0.059634
  20.722656	   0.034114
  20.732422	   0.014982
  20.742188	   0.003549
  20.751953	  -0.002852
  20.761719	  -0.009540
  20.771484	  -0.022130
  20.781250	  -0.043977
  20.791016	  -0.074343
  20.800781	  -0.107999
  20.810547	  -0.136491
  20.820312	  -0.150723
  20.830078	  -0.144048
  20.839844	  -0.114844
  20.849609	  -0.067684
  20.859375	  -0.012645
  20.869141	   0.037128
  20.878906	   0.068888
  20.888672	   0.073770
  20.898438	   0.049247
  20.908203	  -0.000175
  20.917969	  -0.064202
  20.927734	  -0.129532
  20.937500	  -0.183316
  20.947266	  -0.216285
  20.957031	  -0.224671
  20.966797	  -0.210473
  20.976562	  -0.180128
  20.986328	  -0.142143
  20.996094	  -0.104478
  21.005859	  -0.072495
  21.015625	  -0.048005
  21.025391	  -0.029574
  21.035156	  -0.013808
  21.044922	   0.002901
  21.054688	   0.022804
  21.064453	   0.045866
  21.074219	   0.069704
  21.083984	   0.090304
  21.093750	   0.103191
  21.103516	   0.104641
  21.113281	   0.092586
  21.123047	   0.067013
  21.132812	   0.029862
  21.142578	  -0.015437
  21.152344	  -0.064566
  21.162109	  -0.112908
  21.171875	  -0.156013
  21.181641	  -0.189980
  21.191406	  -0.211781
  21.201172	  -0.219585
  21.210938	  -0.213045
  21.220703	  -0.193453
  21.230469	  -0.163650
  21.240234	  -0.127603
  21.250000	  -0.089693
  21.259766	  -0.053868
  21.269531	  -0.022929
  21.279297	   0.001801
  21.289062	   0.020284
  21.298828	   0.033078
  21.308594	   0.040427
  21.318359	   0.041493
  21.328125	   0.034143
  21.337891	   0.015487
  21.347656	  -0.016865
  21.357422	  -0.063219
  21.367188	  -0.120441
  21.376953	  -0.181438
  21.386719	  -0.235882
  21.396484	  -0.272184
  21.406250	  -0.280315
  21.416016	  -0.254690
  21.425781	  -0.196215
  21.435547	  -0.112773
  21.445312	  -0.017841
  21.455078	   0.072502
  21.464844	   0.143391
  21.474609	   0.184721
  21.484375	   0.193391
  21.494141	   0.173566
  21.503906	   0.134899
  21.513672	   0.089300
  21.523438	   0.047292
  21.533203	   0.015132
  21.542969	  -0.006391
  21.552734	  -0.021153
  21.562500	  -0.035226
  21.572266	  -0.053685
  21.582031	  -0.077861
  21.591797	  -0.104108
  21.601562	  -0.124577
  21.611328	  -0.129826
  21.621094	  -0.112400
  21.630859	  -0.070130
  21.640625	  -0.007938
  21.650391	   0.062612
  21.660156	   0.126039
  21.669922	   0.167207
  21.679688	   0.175820
  21.689453	   0.149714
  21.699219	   0.095856
  21.708984	   0.028642
  21.718750	  -0.034053
  21.728516	  -0.075908
  21.738281	  -0.086746
  21.748047	  -0.065310
  21.757812	  -0.019372
  21.767578	   0.036800
  21.777344	   0.086812
  21.787109	   0.116991
  21.796875	   0.120227
  21.806641	   0.097696
  21.816406	   0.058021
  21.826172	   0.014257
  21.835938	  -0.020296
  21.845703	  -0.036097
  21.855469	  -0.030002
  21.865234	  -0.005800
  21.875000	   0.027376
  21.884766	   0.058122
  21.894531	   0.076302
  21.904297	   0.075926
  21.914062	   0.056567
  21.923828	   0.023010
  21.933594	  -0.016585
  21.943359	  -0.053303
  21.953125	  -0.080015
  21.962891	  -0.093077
  21.972656	  -0.092794
  21.982422	  -0.082683
  21.992188	  -0.067924
  22.001953	  -0.053594
  22.011719	  -0.043264
  22.021484	  -0.038285
  22.031250	  -0.037878
  22.041016	  -0.039803
  22.050781	  -0.041289
  22.060547	  -0.039884
  22.070312	  -0.034009
  22.080078	  -0.023167
  22.089844	  -0.007892
  22.099609	   0.010405
  22.109375	   0.029595
  22.119141	   0.046958
  22.128906	   0.059389
  22.138672	   0.063754
  22.148438	   0.057491
  22.158203	   0.039360
  22.167969	   0.010151
  22.177734	  -0.026935
  22.187500	  -0.066500
  22.197266	  -0.101855
  22.207031	  -0.126491
  22.216797	  -0.135766
  22.226562	  -0.128288
  22.236328	  -0.106530
  22.246094	  -0.076387
  22.255859	  -0.045710
  22.265625	  -0.022195
  22.275391	  -0.011242
  22.285156	  -0.014445
  22.294922	  -0.029213
  22.304688	  -0.049668
  22.314453	  -0.068549
  22.324219	  -0.079528
  22.333984	  -0.079195
  22.343750	  -0.068054
  22.353516	  -0.050224
  22.363281	  -0.031950
  22.373047	  -0.019414
  22.382812	  -0.016616
  22.392578	  -0.024009
  22.402344	  -0.038357
  22.412109	  -0.053853
  22.421875	  -0.064100
  22.431641	  -0.064286
  22.441406	  -0.052820
  22.451172	  -0.031898
  22.460938	  -0.006824
  22.470703	   0.015640
  22.480469	   0.029338
  22.490234	   0.030505
  22.500000	   0.018719
  22.509766	  -0.003226
  22.519531	  -0.030383
  22.529297	  -0.057219
  22.539062	  -0.079094
  22.548828	  -0.093189
  22.558594	  -0.098630
  22.568359	  -0.095943
  22.578125	  -0.086179
  22.587891	  -0.070197
  22.597656	  -0.048472
  22.607422	  -0.021508
  22.617188	   0.009320
  22.626953	   0.040975
  22.636719	   0.068485
  22.646484	   0.085548
  22.656250	   0.086001
  22.666016	   0.065800
  22.675781	   0.024853
  22.685547	  -0.031985
  22.695312	  -0.095277
  22.705078	  -0.152818
  22.714844	  -0.192513
  22.724609	  -0.205537
  22.734375	  -0.188839
  22.744141	  -0.146173
  22.753906	  -0.087274
  22.763672	  -0.025355
  22.773438	   0.026377
  22.783203	   0.058170
  22.792969	   0.066121
  22.802734	   0.052832
  22.812500	   0.026169
  22.822266	  -0.003428
  22.832031	  -0.026202
  22.841797	  -0.035893
  22.851562	  -0.031243
  22.861328	  -0.015803
  22.871094	   0.003782
  22.880859	   0.020372
  22.890625	   0.028900
  22.900391	   0.028048
  22.910156	   0.020535
  22.919922	   0.011965
  22.929688	   0.008713
  22.939453	   0.015595
  22.949219	   0.034125
  22.958984	   0.061926
  22.968750	   0.093452
  22.978516	   0.121719
  22.988281	   0.140452
  22.998047	   0.145917
  23.007812	   0.137882
  23.017578	   0.119449
  23.027344	   0.095916
  23.037109	   0.073099
  23.046875	   0.055716
  23.056641	   0.046331
  23.066406	   0.045112
  23.076172	   0.050374
  23.085938	   0.059580
  23.095703	   0.070368
  23.105469	   0.081224
  23.115234	   0.091601
  23.125000	   0.101535
  23.134766	   0.111011
  23.144531	   0.119432
  23.154297	   0.125457
  23.164062	   0.127331
  23.173828	   0.123564
  23.183594	   0.113700
  23.193359	   0.098822
  23.203125	   0.081544
  23.212891	   0.065429
  23.222656	   0.053987
  23.232422	   0.049596
  23.242188	   0.052696
  23.251953	   0.061568
  23.261719	   0.072761
  23.271484	   0.082055
  23.281250	   0.085620
  23.291016	   0.081014
  23.300781	   0.067717
  23.310547	   0.047078
  23.320312	   0.021755
  23.330078	  -0.005097
  23.339844	  -0.030579
  23.349609	  -0.052508
  23.359375	  -0.069486
  23.369141	  -0.080657
  23.378906	  -0.085377
  23.388672	  -0.083013
  23.398438	  -0.073039
  23.408203	  -0.055398
  23.417969	  -0.030992
  23.427734	  -0.002008
  23.437500	   0.028131
  23.447266	   0.055302
  23.457031	   0.075615
  23.466797	   0.086440
  23.476562	   0.087191
  23.486328	   0.079531
  23.496094	   0.066863
  23.505859	   0.053252
  23.515625	   0.042099
  23.525391	   0.035054
  23.535156	   0.031568
  23.544922	   0.029278
  23.554688	   0.025127
  23.564453	   0.016809
  23.574219	   0.004003
  23.583984	  -0.011115
  23.593750	  -0.024351
  23.603516	  -0.030876
  23.613281	  -0.027064
  23.623047	  -0.012151
  23.632812	   0.010949
  23.642578	   0.036057
  23.652344	   0.055348
  23.662109	   0.061751
  23.671875	   0.051343
  23.681641	   0.024941
  23.691406	  -0.011721
  23.701172	  -0.049382
  23.710938	  -0.077849
  23.720703	  -0.089025
  23.730469	  -0.079404
  23.740234	  -0.051216
  23.750000	  -0.011820
  23.759766	   0.028502
  23.769531	   0.059658
  23.779297	   0.074786
  23.789062	   0.072244
  23.798828	   0.055906
  23.808594	   0.033689
  23.818359	   0.014804
  23.828125	   0.006629
  23.837891	   0.012249
  23.847656	   0.029461
  23.857422	   0.051551
  23.867188	   0.069583
  23.876953	   0.075410
  23.886719	   0.064426
  23.896484	   0.037147
  23.906250	  -0.000883
  23.916016	  -0.040795
  23.925781	  -0.073145
  23.935547	  -0.090784
  23.945312	  -0.090946
  23.955078	  -0.075898
  23.964844	  -0.052002
  23.974609	  -0.027561
  23.984375	  -0.010184
  23.994141	  -0.004531
  24.003906	  -0.011146
  24.013672	  -0.026666
  24.023438	  -0.045258
  24.033203	  -0.060734
  24.042969	  -0.068600
  24.052734	  -0.067401
  24.062500	  -0.058951
  24.072266	  -0.047480
  24.082031	  -0.038060
  24.091797	  -0.034865
  24.101562	  -0.039851
  24.111328	  -0.052220
  24.121094	  -0.068770
  24.130859	  -0.084894
  24.140625	  -0.095874
  24.150391	  -0.098015
  24.160156	  -0.089341
  24.169922	  -0.069761
  24.179688	  -0.040798
  24.189453	  -0.005120
  24.199219	   0.033912
  24.208984	   0.072546
  24.218750	   0.106824
  24.228516	   0.132773
  24.238281	   0.146765
  24.248047	   0.146122
  24.257812	   0.129875
  24.267578	   0.099444
  24.277344	   0.058925
  24.287109	   0.014719
  24.296875	  -0.025578
  24.306641	  -0.054845
  24.316406	  -0.068244
  24.326172	  -0.064627
  24.335938	  -0.047036
  24.345703	  -0.022055
  24.355469	   0.001912
  24.365234	   0.016982
  24.375000	   0.018073
  24.384766	   0.004420
  24.394531	  -0.020165
  24.404297	  -0.048422
  24.414062	  -0.071835
  24.423828	  -0.083227
  24.433594	  -0.078960
  24.443359	  -0.060047
  24.453125	  -0.031841
  24.462891	  -0.002383
  24.472656	   0.020041
  24.482422	   0.029393
  24.492188	   0.023632
  24.501953	   0.005226
  24.511719	  -0.019712
  24.521484	  -0.043321
  24.531250	  -0.058319
  24.541016	  -0.060011
  24.550781	  -0.047411
  24.560547	  -0.023197
  24.570312	   0.007370
  24.580078	   0.038139
  24.589844	   0.063780
  24.599609	   0.080999
  24.609375	   0.088953
  24.619141	   0.088864
  24.628906	   0.083108
  24.638672	   0.074200
  24.648438	   0.064041
  24.658203	   0.053669
  24.667969	   0.043475
  24.677734	   0.033696
  24.687500	   0.024851
  24.697266	   0.017893
  24.707031	   0.013965
  24.716797	   0.013879
  24.726562	   0.017567
  24.736328	   0.023828
  24.746094	   0.030529
  24.755859	   0.035297
  24.765625	   0.036452
  24.775391	   0.033832
  24.785156	   0.029137
  24.794922	   0.025555
  24.804688	   0.026733
  24.814453	   0.035370
  24.824219	   0.051929
  24.833984	   0.073975
  24.843750	   0.096452
  24.853516	   0.112925
  24.863281	   0.117465
  24.873047	   0.106598
  24.882812	   0.080668
  24.892578	   0.044126
  24.902344	   0.004556
  24.912109	  -0.029308
  24.921875	  -0.050021
  24.931641	  -0.053573
  24.941406	  -0.040583
  24.951172	  -0.016150
  24.960938	   0.011595
  24.970703	   0.033805
  24.980469	   0.043406
  24.990234	   0.037020
  25.000000	   0.015779
  25.009766	  -0.015165
  25.019531	  -0.048220
  25.029297	  -0.075515
  25.039062	  -0.090970
  25.048828	  -0.091727
  25.058594	  -0.078586
  25.068359	  -0.055461
  25.078125	  -0.028128
  25.087891	  -0.002715
  25.097656	   0.015635
  25.107422	   0.023614
  25.117188	   0.020044
  25.126953	   0.005703
  25.136719	  -0.017086
  25.146484	  -0.044918
  25.156250	  -0.073690
  25.166016	  -0.098949
  25.175781	  -0.116299
  25.185547	  -0.121967
  25.195312	  -0.113551
  25.205078	  -0.090794
  25.214844	  -0.056134
  25.224609	  -0.014725
  25.234375	   0.026273
  25.244141	   0.059101
  25.253906	   0.077266
  25.263672	   0.077323
  25.273438	   0.060055
  25.283203	   0.030563
  25.292969	  -0.002868
  25.302734	  -0.030923
  25.312500	  -0.045851
  25.322266	  -0.043755
  25.332031	  -0.025834
  25.341797	   0.001829
  25.351562	   0.029956
  25.361328	   0.048767
  25.371094	   0.050891
  25.380859	   0.033613
  25.390625	  -0.000226
  25.400391	  -0.042961
  25.410156	  -0.084243
  25.419922	  -0.113926
  25.429688	  -0.124840
  25.439453	  -0.114631
  25.449219	  -0.086166
  25.458984	  -0.046468
  25.468750	  -0.004591
  25.478516	   0.030845
  25.488281	   0.053700
  25.498047	   0.061375
  25.507812	   0.054698
  25.517578	   0.036841
  25.527344	   0.011788
  25.537109	  -0.017044
  25.546875	  -0.047550
  25.556641	  -0.078875
  25.566406	  -0.110694
  25.576172	  -0.142259
  25.585938	  -0.171697
  25.595703	  -0.195946
  25.605469	  -0.211394
  25.615234	  -0.215036
  25.625000	  -0.205674
  25.634766	  -0.184670
  25.644531	  -0.155902
  25.654297	  -0.124852
  25.664062	  -0.097095
  25.673828	  -0.076703
  25.683594	  -0.065124
  25.693359	  -0.060948
  25.703125	  -0.060658
  25.712891	  -0.060098
  25.722656	  -0.056145
  25.732422	  -0.047942
  25.742188	  -0.037249
  25.751953	  -0.027738
  25.761719	  -0.023480
  25.771484	  -0.027161
  25.781250	  -0.038703
  25.791016	  -0.054824
  25.800781	  -0.069764
  25.810547	  -0.076991
  25.820312	  -0.071335
  25.830078	  -0.050826
  25.839844	  -0.017596
  25.849609	   0.022501
  25.859375	   0.061463
  25.869141	   0.091415
  25.878906	   0.106862
  25.888672	   0.106179
  25.898438	   0.091883
  25.908203	   0.069613
  25.917969	   0.046196
  25.927734	   0.027460
  25.937500	   0.016523
  25.947266	   0.013106
  25.957031	   0.014047
  25.966797	   0.014791
  25.976562	   0.011287
  25.986328	   0.001621
  25.996094	  -0.013179
  26.005859	  -0.029420
  26.015625	  -0.041972
  26.025391	  -0.045998
  26.035156	  -0.038585
  26.044922	  -0.019725
  26.054688	   0.007639
  26.064453	   0.038469
  26.074219	   0.067060
  26.083984	   0.088519
  26.093750	   0.099855
  26.103516	   0.100373
  26.113281	   0.091370
  26.123047	   0.075384
  26.132812	   0.055334
  26.142578	   0.033912
  26.152344	   0.013384
  26.162109	  -0.004244
  26.171875	  -0.016935
  26.181641	  -0.022489
  26.191406	  -0.018800
  26.201172	  -0.004497
  26.210938	   0.020227
  26.220703	   0.052954
  26.230469	   0.088937
  26.240234	   0.121737
  26.250000	   0.144555
  26.259766	   0.151909
  26.269531	   0.141140
  26.279297	   0.113212
  26.289062	   0.072501
  26.298828	   0.025586
  26.308594	  -0.020559
  26.318359	  -0.060389
  26.328125	  -0.090940
  26.337891	  -0.111935
  26.347656	  -0.124792
  26.357422	  -0.130948
  26.367188	  -0.130204
  26.376953	  -0.119865
  26.386719	  -0.095159
  26.396484	  -0.051010
  26.406250	   0.015351
  26.416016	   0.101839
  26.425781	   0.200058
  26.435547	   0.295734
  26.445312	   0.371250
  26.455078	   0.409807
  26.464844	   0.400121
  26.474609	   0.340237
  26.484375	   0.239172
  26.494141	   0.115672
  26.503906	  -0.005835
  26.513672	  -0.101090
  26.523438	  -0.152106
  26.533203	  -0.151773
  26.542969	  -0.105614
  26.552734	  -0.030124
  26.562500	   0.051878
  26.572266	   0.117555
  26.582031	   0.150230
  26.591797	   0.143643
  26.601562	   0.103111
  26.611328	   0.043324
  26.621094	  -0.016489
  26.630859	  -0.058524
  26.640625	  -0.071693
  26.650391	  -0.054693
  26.660156	  -0.016015
  26.669922	   0.029010
  26.679688	   0.063151
  26.689453	   0.072647
  26.699219	   0.051415
  26.708984	   0.002873
  26.718750	  -0.061073
  26.728516	  -0.123467
  26.738281	  -0.167101
  26.748047	  -0.179224
  26.757812	  -0.154862
  26.767578	  -0.097881
  26.777344	  -0.019656
  26.787109	   0.064134
  26.796875	   0.137585
  26.806641	   0.188355
  26.816406	   0.210186
  26.826172	   0.203622
  26.835938	   0.174947
  26.845703	   0.133799
  26.855469	   0.090266
  26.865234	   0.052271
  26.875000	   0.023889
  26.884766	   0.004941
  26.894531	  -0.008200
  26.904297	  -0.020912
  26.914062	  -0.038275
  26.923828	  -0.063198
  26.933594	  -0.095225
  26.943359	  -0.130260
  26.953125	  -0.161312
  26.962891	  -0.180081
  26.972656	  -0.179075
  26.982422	  -0.153780
  26.992188	  -0.104392
  27.001953	  -0.036643
  27.011719	   0.038582
  27.021484	   0.106926
  27.031250	   0.153301
  27.041016	   0.165174
  27.050781	   0.135691
  27.060547	   0.065819
  27.070312	  -0.035093
  27.080078	  -0.150661
  27.089844	  -0.260547
  27.099609	  -0.344642
  27.109375	  -0.387362
  27.119141	  -0.381000
  27.128906	  -0.327252
  27.138672	  -0.236503
  27.148438	  -0.125058
  27.158203	  -0.011096
  27.167969	   0.089553
  27.177734	   0.166624
  27.187500	   0.216787
  27.197266	   0.242887
  27.207031	   0.251444
  27.216797	   0.249336
  27.226562	   0.240832
  27.236328	   0.226002
  27.246094	   0.201065
  27.255859	   0.160528
  27.265625	   0.100372
  27.275391	   0.021097
  27.285156	  -0.070525
  27.294922	  -0.161805
  27.304688	  -0.236672
  27.314453	  -0.279782
  27.324219	  -0.280969
  27.333984	  -0.238650
  27.343750	  -0.161018
  27.353516	  -0.064521
  27.363281	   0.030078
  27.373047	   0.102986
  27.382812	   0.140490
  27.392578	   0.138408
  27.402344	   0.102846
  27.412109	   0.048044
  27.421875	  -0.008038
  27.431641	  -0.049058
  27.441406	  -0.064961
  27.451172	  -0.054594
  27.460938	  -0.025504
  27.470703	   0.008932
  27.480469	   0.034142
  27.490234	   0.039273
  27.500000	   0.020886
  27.509766	  -0.015741
  27.519531	  -0.058058
  27.529297	  -0.090020
  27.539062	  -0.097037
  27.548828	  -0.070604
  27.558594	  -0.011232
  27.568359	   0.071198
  27.578125	   0.159750
  27.587891	   0.234775
  27.597656	   0.279025
  27.607422	   0.282122
  27.617188	   0.243161
  27.626953	   0.170796
  27.636719	   0.080842
  27.646484	  -0.007860
  27.656250	  -0.078162
  27.666016	  -0.118634
  27.675781	  -0.125879
  27.685547	  -0.104621
  27.695312	  -0.065702
  27.705078	  -0.022629
  27.714844	   0.012284
  27.724609	   0.031135
  27.734375	   0.032174
  27.744141	   0.019680
  27.753906	   0.002126
  27.763672	  -0.010772
  27.773438	  -0.011236
  27.783203	   0.004072
  27.792969	   0.032933
  27.802734	   0.068121
  27.812500	   0.099468
  27.822266	   0.116851
  27.832031	   0.113248
  27.841797	   0.087003
  27.851562	   0.042647
  27.861328	  -0.010021
  27.871094	  -0.058360
  27.880859	  -0.090223
  27.890625	  -0.097280
  27.900391	  -0.077440
  27.910156	  -0.035647
  27.919922	   0.017198
  27.929688	   0.066968
  27.939453	   0.099973
  27.949219	   0.106608
  27.958984	   0.083956
  27.968750	   0.036650
  27.978516	  -0.024268
  27.988281	  -0.084203
  27.998047	  -0.128783
  28.007812	  -0.147536
  28.017578	  -0.136457
  28.027344	  -0.098789
  28.037109	  -0.043848
  28.046875	   0.015709
  28.056641	   0.067355
  28.066406	   0.101889
  28.076172	   0.115457
  28.085938	   0.109912
  28.095703	   0.091499
  28.105469	   0.068399
  28.115234	   0.047969
  28.125000	   0.034545
  28.134766	   0.028484
  28.144531	   0.026650
  28.154297	   0.024085
  28.164062	   0.016221
  28.173828	   0.000836
  28.183594	  -0.020921
  28.193359	  -0.044773
  28.203125	  -0.064710
  28.212891	  -0.075025
  28.222656	  -0.072269
  28.232422	  -0.056443
  28.242188	  -0.031015
  28.251953	  -0.001768
  28.261719	   0.025103
  28.271484	   0.044987
  28.281250	   0.056233
  28.291016	   0.060440
  28.300781	   0.061557
  28.310547	   0.064109
  28.320312	   0.071192
  28.330078	   0.082938
  28.339844	   0.096032
  28.349609	   0.104488
  28.359375	   0.101481
  28.369141	   0.081677
  28.378906	   0.043288
  28.388672	  -0.010793
  28.398438	  -0.073196
  28.408203	  -0.133582
  28.417969	  -0.181064
  28.427734	  -0.206833
  28.437500	  -0.206269
  28.447266	  -0.179967
  28.457031	  -0.133445
  28.466797	  -0.075677
  28.476562	  -0.016904
  28.486328	   0.033641
  28.496094	   0.069528
  28.505859	   0.088048
  28.515625	   0.090134
  28.525391	   0.079469
  28.535156	   0.061125
  28.544922	   0.040151
  28.554688	   0.020469
  28.564453	   0.004274
  28.574219	  -0.008027
  28.583984	  -0.017429
  28.593750	  -0.025698
  28.603516	  -0.034660
  28.613281	  -0.045578
  28.623047	  -0.058706
  28.632812	  -0.073085
  28.642578	  -0.086607
  28.652344	  -0.096369
  28.662109	  -0.099280
  28.671875	  -0.092863
  28.681641	  -0.076093
  28.691406	  -0.050067
  28.701172	  -0.018265
  28.710938	   0.013780
  28.720703	   0.039456
  28.730469	   0.052547
  28.740234	   0.048885
  28.750000	   0.027726
  28.759766	  -0.007619
  28.769531	  -0.050177
  28.779297	  -0.090769
  28.789062	  -0.120229
  28.798828	  -0.131808
  28.808594	  -0.123070
  28.818359	  -0.096697
  28.828125	  -0.059870
  28.837891	  -0.022341
  28.847656	   0.006293
  28.857422	   0.019335
  28.867188	   0.014922
  28.876953	  -0.003453
  28.886719	  -0.028033
  28.896484	  -0.049181
  28.906250	  -0.058351
  28.916016	  -0.050740
  28.925781	  -0.026792
  28.935547	   0.007890
  28.945312	   0.044215
  28.955078	   0.072301
  28.964844	   0.084387
  28.974609	   0.077027
  28.984375	   0.051949
  28.994141	   0.015321
  29.003906	  -0.024245
  29.013672	  -0.058304
  29.023438	  -0.080945
  29.033203	  -0.090186
  29.042969	  -0.088031
  29.052734	  -0.079256
  29.062500	  -0.069425
  29.072266	  -0.062842
  29.082031	  -0.061129
  29.091797	  -0.062873
  29.101562	  -0.064365
  29.111328	  -0.061123
  29.121094	  -0.049608
  29.130859	  -0.028536
  29.140625	   0.000631
  29.150391	   0.034106
  29.160156	   0.066898
  29.169922	   0.094170
  29.179688	   0.112360
  29.189453	   0.119725
  29.199219	   0.116229
  29.208984	   0.102981
  29.218750	   0.081559
  29.228516	   0.053591
  29.238281	   0.020783
  29.248047	  -0.014659
  29.257812	  -0.049506
  29.267578	  -0.079257
  29.277344	  -0.098502
  29.287109	  -0.101964
  29.296875	  -0.086016
  29.306641	  -0.050166
  29.316406	   0.002045
  29.326172	   0.063225
  29.335938	   0.123500
  29.345703	   0.172814
  29.355469	   0.203513
  29.365234	   0.212388
  29.375000	   0.201483
  29.384766	   0.177313
  29.394531	   0.148661
  29.404297	   0.123612
  29.414062	   0.106805
  29.423828	   0.097836
  29.433594	   0.091424
  29.443359	   0.079384
  29.453125	   0.053829
  29.462891	   0.010557
  29.472656	  -0.048520
  29.482422	  -0.114829
  29.492188	  -0.174801
  29.501953	  -0.213376
  29.511719	  -0.218360
  29.521484	  -0.184322
  29.531250	  -0.114794
  29.541016	  -0.022021
  29.550781	   0.075752
  29.560547	   0.158764
  29.570312	   0.210716
  29.580078	   0.222834
  29.589844	   0.195905
  29.599609	   0.139716
  29.609375	   0.070153
  29.619141	   0.004827
  29.628906	  -0.041491
  29.638672	  -0.060376
  29.648438	  -0.051314
  29.658203	  -0.021049
  29.667969	   0.018918
  29.677734	   0.055812
  29.687500	   0.079018
  29.697266	   0.082548
  29.707031	   0.065997
  29.716797	   0.033959
  29.726562	  -0.005725
  29.736328	  -0.044250
  29.746094	  -0.073979
  29.755859	  -0.089950
  29.765625	  -0.090531
  29.775391	  -0.077283
  29.785156	  -0.054268
  29.794922	  -0.027093
  29.804688	  -0.001909
  29.814453	   0.015512
  29.824219	   0.020603
  29.833984	   0.010734
  29.843750	  -0.014214
  29.853516	  -0.051544
  29.863281	  -0.095895
  29.873047	  -0.139970
  29.882812	  -0.175860
  29.892578	  -0.196738
  29.902344	  -0.198535
  29.912109	  -0.181117
  29.921875	  -0.148505
  29.931641	  -0.107989
  29.941406	  -0.068242
  29.951172	  -0.036961
  29.960938	  -0.018719
  29.970703	  -0.013743
  29.980469	  -0.018058
  29.990234	  -0.025036
  30.000000	  -0.027892
  30.009766	  -0.022328
  30.019531	  -0.008421
  30.029297	   0.008968
  30.039062	   0.021507
  30.048828	   0.020106
  30.058594	  -0.001791
  30.068359	  -0.045409
  30.078125	  -0.105342
  30.087891	  -0.170279
  30.097656	  -0.225694
  30.107422	  -0.257763
  30.117188	  -0.257349
  30.126953	  -0.222820
  30.136719	  -0.160792
  30.146484	  -0.084495
  30.156250	  -0.010201
  30.166016	   0.047233
  30.175781	   0.078392
  30.185547	   0.081692
  30.195312	   0.063438
  30.205078	   0.035578
  30.214844	   0.011852
  30.224609	   0.003564
  30.234375	   0.016219
  30.244141	   0.048022
  30.253906	   0.090611
  30.263672	   0.131709
  30.273438	   0.158826
  30.283203	   0.162863
  30.292969	   0.140581
  30.302734	   0.095288
  30.312500	   0.035690
  30.322266	  -0.026622
  30.332031	  -0.080204
  30.341797	  -0.116408
  30.351562	  -0.130979
  30.361328	  -0.124302
  30.371094	  -0.100473
  30.380859	  -0.065666
  30.390625	  -0.026394
  30.400391	   0.011807
  30.410156	   0.045023
  30.419922	   0.070956
  30.429688	   0.088514
  30.439453	   0.097319
  30.449219	   0.097413
  30.458984	   0.089230
  30.468750	   0.073762
  30.478516	   0.052727
  30.488281	   0.028523
  30.498047	   0.003910
  30.507812	  -0.018522
  30.517578	  -0.036885
  30.527344	  -0.050281
  30.537109	  -0.058700
  30.546875	  -0.062537
  30.556641	  -0.061942
  30.566406	  -0.056330
  30.576172	  -0.044353
  30.585938	  -0.024472
  30.595703	   0.003986
  30.605469	   0.039677
  30.615234	   0.078495
  30.625000	   0.113706
  30.634766	   0.137167
  30.644531	   0.141457
  30.654297	   0.122350
  30.664062	   0.080848
  30.673828	   0.023972
  30.683594	  -0.036163
  30.693359	  -0.084984
  30.703125	  -0.109214
  30.712891	  -0.100724
  30.722656	  -0.059326
  30.732422	   0.006454
  30.742188	   0.081037
  30.751953	   0.145578
  30.761719	   0.182932
  30.771484	   0.182420
  30.781250	   0.143021
  30.791016	   0.074016
  30.800781	  -0.007179
  30.810547	  -0.079457
  30.820312	  -0.123526
  30.830078	  -0.126973
  30.839844	  -0.087493
  30.849609	  -0.013421
  30.859375	   0.078516
  30.869141	   0.167564
  30.878906	   0.234169
  30.888672	   0.264660
  30.898438	   0.254180
  30.908203	   0.207223
  30.917969	   0.135833
  30.927734	   0.056106
  30.937500	  -0.015909
  30.947266	  -0.067840
  30.957031	  -0.093259
  30.966797	  -0.092226
  30.976562	  -0.070208
  30.986328	  -0.035919
  30.996094	   0.001218
  31.005859	   0.033284
  31.015625	   0.055284
  31.025391	   0.065615
  31.035156	   0.065680
  31.044922	   0.058954
  31.054688	   0.049826
  31.064453	   0.042514
  31.074219	   0.040206
  31.083984	   0.044508
  31.093750	   0.055176
  31.103516	   0.070159
  31.113281	   0.085921
  31.123047	   0.098075
  31.132812	   0.102285
  31.142578	   0.095312
  31.152344	   0.075993
  31.162109	   0.045874
  31.171875	   0.009236
  31.181641	  -0.027624
  31.191406	  -0.057772
  31.201172	  -0.075375
  31.210938	  -0.077316
  31.220703	  -0.064180
  31.230469	  -0.040215
  31.240234	  -0.012196
  31.250000	   0.012578
  31.259766	   0.028568
  31.269531	   0.033858
  31.279297	   0.030953
  31.289062	   0.026147
  31.298828	   0.027548
  31.308594	   0.042294
  31.318359	   0.073766
  31.328125	   0.119734
  31.337891	   0.172077
  31.347656	   0.218342
  31.357422	   0.244810
  31.367188	   0.240284
  31.376953	   0.199538
  31.386719	   0.125426
  31.396484	   0.028958
  31.406250	  -0.072747
  31.416016	  -0.160182
  31.425781	  -0.215891
  31.435547	  -0.228488
  31.445312	  -0.195238
  31.455078	  -0.122563
  31.464844	  -0.024416
  31.474609	   0.081006
  31.484375	   0.175312
  31.494141	   0.243708
  31.503906	   0.277649
  31.513672	   0.275824
  31.523438	   0.243421
  31.533203	   0.190060
  31.542969	   0.127058
  31.552734	   0.064791
  31.562500	   0.010771
  31.572266	  -0.031204
  31.582031	  -0.060808
  31.591797	  -0.080126
  31.601562	  -0.092207
  31.611328	  -0.099710
  31.621094	  -0.104012
  31.630859	  -0.104958
  31.640625	  -0.101240
  31.650391	  -0.091185
  31.660156	  -0.073667
  31.669922	  -0.048846
  31.679688	  -0.018481
  31.689453	   0.014247
  31.699219	   0.045374
  31.708984	   0.071063
  31.718750	   0.088521
  31.728516	   0.096667
  31.738281	   0.096336
  31.748047	   0.089941
  31.757812	   0.080678
  31.767578	   0.071490
  31.777344	   0.064103
  31.787109	   0.058472
  31.796875	   0.052847
  31.806641	   0.044517
  31.816406	   0.031053
  31.826172	   0.011660
  31.835938	  -0.011822
  31.845703	  -0.034728
  31.855469	  -0.050412
  31.865234	  -0.052050
  31.875000	  -0.034989
  31.884766	   0.001044
  31.894531	   0.050641
  31.904297	   0.102908
  31.914062	   0.143388
  31.923828	   0.157422
  31.933594	   0.134172
  31.943359	   0.070208
  31.953125	  -0.028439
  31.962891	  -0.146545
  31.972656	  -0.262474
  31.982422	  -0.352926
  31.992188	  -0.398524
  32.001953	  -0.388752
  32.011719	  -0.324851
  32.021484	  -0.219783
  32.031250	  -0.095164
  32.041016	   0.024093
  32.050781	   0.115978
  32.060547	   0.166753
  32.070312	   0.173980
  32.080078	   0.146407
  32.089844	   0.100777
  32.099609	   0.056555
  32.109375	   0.030127
  32.119141	   0.030203
  32.128906	   0.055734
  32.138672	   0.096888
  32.148438	   0.138700
  32.158203	   0.166168
  32.167969	   0.169199
  32.177734	   0.145821
  32.187500	   0.102706
  32.197266	   0.052868
  32.207031	   0.011303
  32.216797	  -0.010003
  32.226562	  -0.006114
  32.236328	   0.019072
  32.246094	   0.053871
  32.255859	   0.082391
  32.265625	   0.089528
  32.275391	   0.065870
  32.285156	   0.010978
  32.294922	  -0.065943
  32.304688	  -0.148234
  32.314453	  -0.216176
  32.324219	  -0.252344
  32.333984	  -0.246365
  32.343750	  -0.197758
  32.353516	  -0.116067
  32.363281	  -0.018332
  32.373047	   0.075377
  32.382812	   0.147077
  32.392578	   0.185252
  32.402344	   0.187373
  32.412109	   0.159984
  32.421875	   0.116453
  32.431641	   0.073115
  32.441406	   0.044900
  32.451172	   0.041602
  32.460938	   0.065698
  32.470703	   0.112172
  32.480469	   0.170232
  32.490234	   0.226370
  32.500000	   0.267890
  32.509766	   0.285985
  32.519531	   0.277646
  32.529297	   0.245988
  32.539062	   0.199041
  32.548828	   0.147402
  32.558594	   0.101416
  32.568359	   0.068632
  32.578125	   0.052177
  32.587891	   0.050402
  32.597656	   0.057861
  32.607422	   0.067258
  32.617188	   0.071802
  32.626953	   0.067269
  32.636719	   0.053161
  32.646484	   0.032613
  32.656250	   0.011089
  32.666016	  -0.005752
  32.675781	  -0.014315
  32.685547	  -0.014686
  32.695312	  -0.011010
  32.705078	  -0.010354
  32.714844	  -0.020322
  32.724609	  -0.046077
  32.734375	  -0.087762
  32.744141	  -0.139254
  32.753906	  -0.188875
  32.763672	  -0.222111
  32.773438	  -0.225724
  32.783203	  -0.192116
  32.792969	  -0.122591
  32.802734	  -0.028332
  32.812500	   0.071479
  32.822266	   0.154145
  32.832031	   0.199463
  32.841797	   0.195578
  32.851562	   0.142935
  32.861328	   0.054989
  32.871094	  -0.044771
  32.880859	  -0.128859
  32.890625	  -0.173292
  32.900391	  -0.164457
  32.910156	  -0.103279
  32.919922	  -0.005401
  32.929688	   0.102849
  32.939453	   0.191642
  32.949219	   0.235974
  32.958984	   0.222747
  32.968750	   0.154535
  32.978516	   0.048902
  32.988281	  -0.066531
  32.998047	  -0.161851
  33.007812	  -0.213179
  33.017578	  -0.209147
  33.027344	  -0.153685
  33.037109	  -0.064396
  33.046875	   0.032875
  33.056641	   0.111576
  33.066406	   0.151798
  33.076172	   0.145322
  33.085938	   0.096981
  33.095703	   0.022189
  33.105469	  -0.058407
  33.115234	  -0.125303
  33.125000	  -0.165551
  33.134766	  -0.175605
  33.144531	  -0.160925
  33.154297	  -0.132758
  33.164062	  -0.103395
  33.173828	  -0.081622
  33.183594	  -0.069918
  33.193359	  -0.064265
  33.203125	  -0.056495
  33.212891	  -0.038202
  33.222656	  -0.004752
  33.232422	   0.042106
  33.242188	   0.093998
  33.251953	   0.138170
  33.261719	   0.161499
  33.271484	   0.154910
  33.281250	   0.116699
  33.291016	   0.053624
  33.300781	  -0.020650
  33.310547	  -0.089294
  33.320312	  -0.137078
  33.330078	  -0.154674
  33.339844	  -0.141181
  33.349609	  -0.104116
  33.359375	  -0.056947
  33.369141	  -0.014967
  33.378906	   0.009178
  33.388672	   0.008970
  33.398438	  -0.014480
  33.408203	  -0.053230
  33.417969	  -0.095240
  33.427734	  -0.128066
  33.437500	  -0.142382
  33.447266	  -0.134280
  33.457031	  -0.105819
  33.466797	  -0.063813
  33.476562	  -0.017451
  33.486328	   0.024430
  33.496094	   0.055528
  33.505859	   0.073152
  33.515625	   0.078036
  33.525391	   0.073173
  33.535156	   0.062266
  33.544922	   0.048417
  33.554688	   0.033544
  33.564453	   0.018650
  33.574219	   0.004722
  33.583984	  -0.006217
  33.593750	  -0.010469
  33.603516	  -0.002866
  33.613281	   0.022074
  33.623047	   0.068251
  33.632812	   0.135909
  33.642578	   0.220052
  33.652344	   0.309996
  33.662109	   0.390419
  33.671875	   0.443899
  33.681641	   0.454519
  33.691406	   0.411769
  33.701172	   0.313823
  33.710938	   0.169315
  33.720703	  -0.002983
  33.730469	  -0.176742
  33.740234	  -0.322587
  33.750000	  -0.413704
  33.759766	  -0.431414
  33.769531	  -0.369493
  33.779297	  -0.236175
  33.789062	  -0.053269
  33.798828	   0.147628
  33.808594	   0.331124
  33.818359	   0.464997
  33.828125	   0.526626
  33.837891	   0.507397
  33.847656	   0.414055
  33.857422	   0.266663
  33.867188	   0.093666
  33.876953	  -0.074718
  33.886719	  -0.213100
  33.896484	  -0.305876
  33.906250	  -0.349313
  33.916016	  -0.350381
  33.925781	  -0.322833
  33.935547	  -0.281860
  33.945312	  -0.239000
  33.955078	  -0.198919
  33.964844	  -0.159018
  33.974609	  -0.111951
  33.984375	  -0.050121
  33.994141	   0.029423
  34.003906	   0.121484
  34.013672	   0.212007
  34.023438	   0.280673
  34.033203	   0.306244
  34.042969	   0.273119
  34.052734	   0.177071
  34.062500	   0.028248
  34.072266	  -0.149745
  34.082031	  -0.324683
  34.091797	  -0.463305
  34.101562	  -0.539529
  34.111328	  -0.540959
  34.121094	  -0.471752
  34.130859	  -0.350993
  34.140625	  -0.207036
  34.150391	  -0.069507
  34.160156	   0.038662
  34.169922	   0.106797
  34.179688	   0.138048
  34.189453	   0.146604
  34.199219	   0.151564
  34.208984	   0.169503
  34.218750	   0.208159
  34.228516	   0.263290
  34.238281	   0.319721
  34.248047	   0.356250
  34.257812	   0.352836
  34.267578	   0.297776
  34.277344	   0.192527
  34.287109	   0.052591
  34.296875	  -0.095936
  34.306641	  -0.223166
  34.316406	  -0.303592
  34.326172	  -0.323199
  34.335938	  -0.283415
  34.345703	  -0.200762
  34.355469	  -0.102323
  34.365234	  -0.018376
  34.375000	   0.025663
  34.384766	   0.015740
  34.394531	  -0.047634
  34.404297	  -0.150198
  34.414062	  -0.268313
  34.423828	  -0.375475
  34.433594	  -0.449025
  34.443359	  -0.475234
  34.453125	  -0.451528
  34.462891	  -0.385562
  34.472656	  -0.291754
  34.482422	  -0.186595
  34.492188	  -0.084206
  34.501953	   0.006562
  34.511719	   0.082875
  34.521484	   0.146567
  34.531250	   0.201456
  34.541016	   0.250394
  34.550781	   0.293136
  34.560547	   0.325737
  34.570312	   0.341648
  34.580078	   0.334102
  34.589844	   0.298979
  34.599609	   0.237189
  34.609375	   0.155764
  34.619141	   0.067248
  34.628906	  -0.012549
  34.638672	  -0.067893
  34.648438	  -0.086731
  34.658203	  -0.063641
  34.667969	  -0.001389
  34.677734	   0.089310
  34.687500	   0.191787
  34.697266	   0.286707
  34.707031	   0.355900
  34.716797	   0.385863
  34.726562	   0.370161
  34.736328	   0.310221
  34.746094	   0.214429
  34.755859	   0.095837
  34.765625	  -0.030887
  34.775391	  -0.152441
  34.785156	  -0.259052
  34.794922	  -0.345315
  34.804688	  -0.409622
  34.814453	  -0.452496
  34.824219	  -0.474541
  34.833984	  -0.474807
  34.843750	  -0.450280
  34.853516	  -0.396807
  34.863281	  -0.311272
  34.873047	  -0.194332
  34.882812	  -0.052705
  34.892578	   0.099994
  34.902344	   0.244515
  34.912109	   0.359373
  34.921875	   0.425684
  34.931641	   0.432171
  34.941406	   0.378811
  34.951172	   0.277834
  34.960938	   0.151455
  34.970703	   0.026658
  34.980469	  -0.071704
  34.990234	  -0.127581
  35.000000	  -0.138189
  35.009766	  -0.114752
  35.019531	  -0.079093
  35.029297	  -0.056822
  35.039062	  -0.069027
  35.048828	  -0.124897
  35.058594	  -0.217625
  35.068359	  -0.325036
  35.078125	  -0.415067
  35.087891	  -0.454729
  35.097656	  -0.420065
  35.107422	  -0.304205
  35.117188	  -0.121019
  35.126953	   0.096913
  35.136719	   0.305693
  35.146484	   0.460952
  35.156250	   0.529215
  35.166016	   0.496611
  35.175781	   0.372484
  35.185547	   0.186879
  35.195312	  -0.017395
  35.205078	  -0.195897
  35.214844	  -0.313785
  35.224609	  -0.354072
  35.234375	  -0.320755
  35.244141	  -0.236139
  35.253906	  -0.133352
  35.263672	  -0.046351
  35.273438	  -0.000320
  35.283203	  -0.005129
  35.292969	  -0.053507
  35.302734	  -0.124205
  35.312500	  -0.188949
  35.322266	  -0.221050
  35.332031	  -0.203149
  35.341797	  -0.131999
  35.351562	  -0.019138
  35.361328	   0.112495
  35.371094	   0.234823
  35.380859	   0.321943
  35.390625	   0.356489
  35.400391	   0.333471
  35.410156	   0.260823
  35.419922	   0.156802
  35.429688	   0.045120
  35.439453	  -0.050777
  35.449219	  -0.112892
  35.458984	  -0.132153
  35.468750	  -0.109593
  35.478516	  -0.055196
  35.488281	   0.015100
  35.498047	   0.083410
  35.507812	   0.134006
  35.517578	   0.156615
  35.527344	   0.148311
  35.537109	   0.113656
  35.546875	   0.063145
  35.556641	   0.010315
  35.566406	  -0.031816
  35.576172	  -0.054182
  35.585938	  -0.054128
  35.595703	  -0.036266
  35.605469	  -0.011394
  35.615234	   0.006333
  35.625000	   0.003371
  35.634766	  -0.029133
  35.644531	  -0.092262
  35.654297	  -0.178213
  35.664062	  -0.271617
  35.673828	  -0.353095
  35.683594	  -0.404199
  35.693359	  -0.412389
  35.703125	  -0.374622
  35.712891	  -0.298405
  35.722656	  -0.199906
  35.732422	  -0.099544
  35.742188	  -0.016274
  35.751953	   0.037748
  35.761719	   0.060491
  35.771484	   0.060291
  35.781250	   0.052817
  35.791016	   0.055598
  35.800781	   0.081726
  35.810547	   0.134664
  35.820312	   0.205832
  35.830078	   0.275843
  35.839844	   0.319217
  35.849609	   0.311328
  35.859375	   0.235674
  35.869141	   0.089406
  35.878906	  -0.114465
  35.888672	  -0.348854
  35.898438	  -0.577926
  35.908203	  -0.764591
  35.917969	  -0.878223
  35.927734	  -0.900712
  35.937500	  -0.829496
  35.947266	  -0.677103
  35.957031	  -0.467634
  35.966797	  -0.231385
  35.976562	   0.000935
  35.986328	   0.203017
  35.996094	   0.355948
  36.005859	   0.449141
  36.015625	   0.479585
  36.025391	   0.450114
  36.035156	   0.367496
  36.044922	   0.240932
  36.054688	   0.081195
  36.064453	  -0.099665
  36.074219	  -0.288379
  36.083984	  -0.470616
  36.093750	  -0.631521
  36.103516	  -0.756661
  36.113281	  -0.833310
  36.123047	  -0.851857
  36.132812	  -0.807159
  36.142578	  -0.699691
  36.152344	  -0.536388
  36.162109	  -0.331092
  36.171875	  -0.104385
  36.181641	   0.117426
  36.191406	   0.304486
  36.201172	   0.426857
  36.210938	   0.459112
  36.220703	   0.385443
  36.230469	   0.204268
  36.240234	  -0.068946
  36.250000	  -0.401786
  36.259766	  -0.748593
  36.269531	  -1.057541
  36.279297	  -1.279962
  36.289062	  -1.379926
  36.298828	  -1.341766
  36.308594	  -1.173506
  36.318359	  -0.905046
  36.328125	  -0.581309
  36.337891	  -0.251944
  36.347656	   0.039798
  36.357422	   0.266044
  36.367188	   0.418712
  36.376953	   0.508187
  36.386719	   0.556758
  36.396484	   0.588899
  36.406250	   0.621454
  36.416016	   0.656855
  36.425781	   0.681630
  36.435547	   0.670814
  36.445312	   0.597026
  36.455078	   0.441428
  36.464844	   0.203083
  36.474609	  -0.096448
  36.484375	  -0.415090
  36.494141	  -0.698678
  36.503906	  -0.893766
  36.513672	  -0.961323
  36.523438	  -0.887463
  36.533203	  -0.688097
  36.542969	  -0.406045
  36.552734	  -0.101264
  36.562500	   0.163250
  36.572266	   0.336133
  36.582031	   0.389068
  36.591797	   0.322073
  36.601562	   0.161565
  36.611328	  -0.047926
  36.621094	  -0.255807
  36.630859	  -0.417845
  36.640625	  -0.505669
  36.650391	  -0.511117
  36.660156	  -0.444835
  36.669922	  -0.330140
  36.679688	  -0.194452
  36.689453	  -0.061012
  36.699219	   0.056694
  36.708984	   0.156499
  36.718750	   0.245066
  36.728516	   0.332609
  36.738281	   0.426814
  36.748047	   0.528052
  36.757812	   0.627470
  36.767578	   0.708511
  36.777344	   0.751381
  36.787109	   0.739045
  36.796875	   0.662931
  36.806641	   0.526635
  36.816406	   0.346516
  36.826172	   0.148940
  36.835938	  -0.035155
  36.845703	  -0.177015
  36.855469	  -0.256482
  36.865234	  -0.266529
  36.875000	  -0.214864
  36.884766	  -0.122264
  36.894531	  -0.018072
  36.904297	   0.066107
  36.914062	   0.103096
  36.923828	   0.075796
  36.933594	  -0.019403
  36.943359	  -0.172090
  36.953125	  -0.360216
  36.962891	  -0.554802
  36.972656	  -0.725895
  36.982422	  -0.848451
  36.992188	  -0.906881
  37.001953	  -0.897322
  37.011719	  -0.827244
  37.021484	  -0.712631
  37.031250	  -0.573546
  37.041016	  -0.429247
  37.050781	  -0.294102
  37.060547	  -0.175267
  37.070312	  -0.072606
  37.080078	   0.019319
  37.089844	   0.107921
  37.099609	   0.199000
  37.109375	   0.294025
  37.119141	   0.389061
  37.128906	   0.475635
  37.138672	   0.543171
  37.148438	   0.582167
  37.158203	   0.587063
  37.167969	   0.557863
  37.177734	   0.500019
  37.187500	   0.422654
  37.197266	   0.335755
  37.207031	   0.247302
  37.216797	   0.161329
  37.226562	   0.077549
  37.236328	  -0.007320
  37.246094	  -0.096996
  37.255859	  -0.192759
  37.265625	  -0.291285
  37.275391	  -0.384014
  37.285156	  -0.458402
  37.294922	  -0.500791
  37.304688	  -0.500099
  37.314453	  -0.451252
  37.324219	  -0.357353
  37.333984	  -0.229912
  37.343750	  -0.087040
  37.353516	   0.049934
  37.363281	   0.160538
  37.373047	   0.228933
  37.382812	   0.246531
  37.392578	   0.212988
  37.402344	   0.135577
  37.412109	   0.027323
  37.421875	  -0.095460
  37.431641	  -0.215647
  37.441406	  -0.317318
  37.451172	  -0.387168
  37.460938	  -0.415370
  37.470703	  -0.396069
  37.480469	  -0.327719
  37.490234	  -0.213306
  37.500000	  -0.060382
  37.509766	   0.119274
  37.519531	   0.310544
  37.529297	   0.496451
  37.539062	   0.660109
  37.548828	   0.786801
  37.558594	   0.865815
  37.568359	   0.891632
  37.578125	   0.864296
  37.587891	   0.788967
  37.597656	   0.674880
  37.607422	   0.534034
  37.617188	   0.379916
  37.626953	   0.226426
  37.636719	   0.086991
  37.646484	  -0.026267
  37.656250	  -0.103461
  37.666016	  -0.138043
  37.675781	  -0.127925
  37.685547	  -0.076309
  37.695312	   0.008172
  37.705078	   0.112327
  37.714844	   0.220342
  37.724609	   0.316473
  37.734375	   0.387897
  37.744141	   0.426930
  37.753906	   0.431943
  37.763672	   0.406663
  37.773438	   0.358048
  37.783203	   0.293424
  37.792969	   0.217879
  37.802734	   0.132892
  37.812500	   0.036762
  37.822266	  -0.073198
  37.832031	  -0.197429
  37.841797	  -0.331061
  37.851562	  -0.462308
  37.861328	  -0.573247
  37.871094	  -0.643160
  37.880859	  -0.653726
  37.890625	  -0.594621
  37.900391	  -0.467744
  37.910156	  -0.288553
  37.919922	  -0.083767
  37.929688	   0.114227
  37.939453	   0.274880
  37.949219	   0.376803
  37.958984	   0.412792
  37.968750	   0.391013
  37.978516	   0.331942
  37.988281	   0.261913
  37.998047	   0.205182
  38.007812	   0.176870
  38.017578	   0.178897
  38.027344	   0.200090
  38.037109	   0.220368
  38.046875	   0.217640
  38.056641	   0.175246
  38.066406	   0.087636
  38.076172	  -0.037418
  38.085938	  -0.180662
  38.095703	  -0.316569
  38.105469	  -0.420193
  38.115234	  -0.473538
  38.125000	  -0.469526
  38.134766	  -0.412546
  38.144531	  -0.315701
  38.154297	  -0.195915
  38.164062	  -0.068710
  38.173828	   0.055590
  38.183594	   0.173052
  38.193359	   0.284556
  38.203125	   0.392289
  38.212891	   0.495811
  38.222656	   0.589342
  38.232422	   0.661446
  38.242188	   0.697410
  38.251953	   0.683630
  38.261719	   0.612577
  38.271484	   0.486626
  38.281250	   0.319381
  38.291016	   0.133872
  38.300781	  -0.041996
  38.310547	  -0.181515
  38.320312	  -0.265070
  38.330078	  -0.284251
  38.339844	  -0.243095
  38.349609	  -0.156277
  38.359375	  -0.044915
  38.369141	   0.068751
  38.378906	   0.166305
  38.388672	   0.236536
  38.398438	   0.276594
  38.408203	   0.290990
  38.417969	   0.289048
  38.427734	   0.281752
  38.437500	   0.278886
  38.447266	   0.287098
  38.457031	   0.309121
  38.466797	   0.344013
  38.476562	   0.388077
  38.486328	   0.436066
  38.496094	   0.482399
  38.505859	   0.522238
  38.515625	   0.552386
  38.525391	   0.571959
  38.535156	   0.582710
  38.544922	   0.588839
  38.554688	   0.596102
  38.564453	   0.610208
  38.574219	   0.634744
  38.583984	   0.669169
  38.593750	   0.707575
  38.603516	   0.738896
  38.613281	   0.748906
  38.623047	   0.723794
  38.632812	   0.654508
  38.642578	   0.540614
  38.652344	   0.392319
  38.662109	   0.229673
  38.671875	   0.078730
  38.681641	  -0.034582
  38.691406	  -0.091314
  38.701172	  -0.085037
  38.710938	  -0.024251
  38.720703	   0.069376
  38.730469	   0.166742
  38.740234	   0.239560
  38.750000	   0.268763
  38.759766	   0.250462
  38.769531	   0.197485
  38.779297	   0.135780
  38.789062	   0.096538
  38.798828	   0.106324
  38.808594	   0.178214
  38.818359	   0.306792
  38.828125	   0.468760
  38.837891	   0.629210
  38.847656	   0.751813
  38.857422	   0.809860
  38.867188	   0.794682
  38.876953	   0.718660
  38.886719	   0.611623
  38.896484	   0.511484
  38.906250	   0.451802
  38.916016	   0.450077
  38.925781	   0.500508
  38.935547	   0.573763
  38.945312	   0.624268
  38.955078	   0.603247
  38.964844	   0.473932
  38.974609	   0.224544
  38.984375	  -0.124887
  38.994141	  -0.524198
  39.003906	  -0.903226
  39.013672	  -1.188003
  39.023438	  -1.318871
  39.033203	  -1.265753
  39.042969	  -1.036511
  39.052734	  -0.676143
  39.062500	  -0.256987
  39.072266	   0.137601
  39.082031	   0.431910
  39.091797	   0.574245
  39.101562	   0.547056
  39.111328	   0.368612
  39.121094	   0.086234
  39.130859	  -0.236745
  39.140625	  -0.536665
  39.150391	  -0.763780
  39.160156	  -0.891575
  39.169922	  -0.919200
  39.179688	  -0.866984
  39.189453	  -0.766819
  39.199219	  -0.650490
  39.208984	  -0.539399
  39.218750	  -0.438566
  39.228516	  -0.336484
  39.238281	  -0.210683
  39.248047	  -0.037254
  39.257812	   0.198570
  39.267578	   0.493976
  39.277344	   0.824915
  39.287109	   1.148595
  39.296875	   1.411803
  39.306641	   1.563090
  39.316406	   1.565737
  39.326172	   1.408057
  39.335938	   1.108161
  39.345703	   0.711680
  39.355469	   0.282725
  39.365234	  -0.109833
  39.375000	  -0.407428
  39.384766	  -0.574406
  39.394531	  -0.604985
  39.404297	  -0.522792
  39.414062	  -0.373159
  39.423828	  -0.210259
  39.433594	  -0.082569
  39.443359	  -0.020543
  39.453125	  -0.029777
  39.462891	  -0.091370
  39.472656	  -0.169196
  39.482422	  -0.221846
  39.492188	  -0.215722
  39.501953	  -0.135491
  39.511719	   0.011085
  39.521484	   0.195216
  39.531250	   0.375352
  39.541016	   0.509101
  39.550781	   0.565273
  39.560547	   0.532543
  39.570312	   0.422309
  39.580078	   0.265105
  39.589844	   0.101827
  39.599609	  -0.027484
  39.609375	  -0.093925
  39.619141	  -0.086193
  39.628906	  -0.011586
  39.638672	   0.108305
  39.648438	   0.245476
  39.658203	   0.374219
  39.667969	   0.477850
  39.677734	   0.551508
  39.687500	   0.600500
  39.697266	   0.635221
  39.707031	   0.664792
  39.716797	   0.691910
  39.726562	   0.710865
  39.736328	   0.709433
  39.746094	   0.673950
  39.755859	   0.595621
  39.765625	   0.475660
  39.775391	   0.327195
  39.785156	   0.172991
  39.794922	   0.039508
  39.804688	  -0.050834
  39.814453	  -0.086595
  39.824219	  -0.071046
  39.833984	  -0.021222
  39.843750	   0.037579
  39.853516	   0.080206
  39.863281	   0.090265
  39.873047	   0.066027
  39.882812	   0.021525
  39.892578	  -0.017787
  39.902344	  -0.023615
  39.912109	   0.024937
  39.921875	   0.132787
  39.931641	   0.284835
  39.941406	   0.448065
  39.951172	   0.579493
  39.960938	   0.637842
  39.970703	   0.595573
  39.980469	   0.447677
  39.990234	   0.214493
