# Time	Amplitude (cm/s/s)
   0.000000	   0.204471
   0.009766	   0.216499
   0.019531	   0.210383
   0.029297	   0.192124
   0.039062	   0.167869
   0.048828	   0.141605
   0.058594	   0.114037
   0.068359	   0.083036
   0.078125	   0.045446
   0.087891	  -0.000471
   0.097656	  -0.052973
   0.107422	  -0.106064
   0.117188	  -0.150527
   0.126953	  -0.176602
   0.136719	  -0.177549
   0.146484	  -0.152885
   0.156250	  -0.110087
   0.166016	  -0.063908
   0.175781	  -0.033208
   0.185547	  -0.035963
   0.195312	  -0.083833
   0.205078	  -0.177904
   0.214844	  -0.307027
   0.224609	  -0.449496
   0.234375	  -0.577870
   0.244141	  -0.665779
   0.253906	  -0.694925
   0.263672	  -0.660306
   0.273438	  -0.572128
   0.283203	  -0.453706
   0.292969	  -0.335795
   0.302734	  -0.248767
   0.312500	  -0.214705
   0.322266	  -0.241545
   0.332031	  -0.320877
   0.341797	  -0.430049
   0.351562	  -0.538058
   0.361328	  -0.613711
   0.371094	  -0.633892
   0.380859	  -0.589794
   0.390625	  -0.489481
   0.400391	  -0.356123
   0.410156	  -0.222385
   0.419922	  -0.122426
   0.429688	  -0.083546
   0.439453	  -0.119580
   0.449219	  -0.227621
   0.458984	  -0.388811
   0.468750	  -0.572861
   0.478516	  -0.745086
   0.488281	  -0.874156
   0.498047	  -0.938681
   0.507812	  -0.931130
   0.517578	  -0.858310
   0.527344	  -0.738532
   0.537109	  -0.596371
   0.546875	  -0.456461
   0.556641	  -0.337891
   0.566406	  -0.250499
   0.576172	  -0.193798
   0.585938	  -0.158556
   0.595703	  -0.130407
   0.605469	  -0.094433
   0.615234	  -0.039513
   0.625000	   0.038584
   0.634766	   0.135968
   0.644531	   0.241376
   0.654297	   0.338526
   0.664062	   0.409390
   0.673828	   0.437614
   0.683594	   0.411391
   0.693359	   0.325370
   0.703125	   0.181442
   0.712891	  -0.011489
   0.722656	  -0.238542
   0.732422	  -0.480438
   0.742188	  -0.715454
   0.751953	  -0.921649
   0.761719	  -1.079281
   0.771484	  -1.173272
   0.781250	  -1.195475
   0.791016	  -1.146324
   0.800781	  -1.035419
   0.810547	  -0.880640
   0.820312	  -0.705647
   0.830078	  -0.535991
   0.839844	  -0.394487
   0.849609	  -0.296817
   0.859375	  -0.248442
   0.869141	  -0.243703
   0.878906	  -0.267521
   0.888672	  -0.299437
   0.898438	  -0.319063
   0.908203	  -0.311571
   0.917969	  -0.271702
   0.927734	  -0.205132
   0.937500	  -0.126692
   0.947266	  -0.055843
   0.957031	  -0.010630
   0.966797	  -0.001846
   0.976562	  -0.029194
   0.986328	  -0.080713
   0.996094	  -0.135847
   1.005859	  -0.171446
   1.015625	  -0.169070
   1.025391	  -0.121478
   1.035156	  -0.036271
   1.044922	   0.064603
   1.054688	   0.149644
   1.064453	   0.185828
   1.074219	   0.147753
   1.083984	   0.025401
   1.093750	  -0.171783
   1.103516	  -0.415829
   1.113281	  -0.666203
   1.123047	  -0.879387
   1.132812	  -1.019607
   1.142578	  -1.067832
   1.152344	  -1.026542
   1.162109	  -0.918842
   1.171875	  -0.782037
   1.181641	  -0.657279
   1.191406	  -0.578061
   1.201172	  -0.560689
   1.210938	  -0.599448
   1.220703	  -0.667939
   1.230469	  -0.726425
   1.240234	  -0.733364
   1.250000	  -0.658106
   1.259766	  -0.491279
   1.269531	  -0.249895
   1.279297	   0.024499
   1.289062	   0.274517
   1.298828	   0.440523
   1.308594	   0.475839
   1.318359	   0.359673
   1.328125	   0.104390
   1.337891	  -0.245005
   1.347656	  -0.619319
   1.357422	  -0.939768
   1.367188	  -1.135322
   1.376953	  -1.158652
   1.386719	  -0.996851
   1.396484	  -0.674351
   1.406250	  -0.247373
   1.416016	   0.208646
   1.425781	   0.615513
   1.435547	   0.908617
   1.445312	   1.049256
   1.455078	   1.030266
   1.464844	   0.874022
   1.474609	   0.623927
   1.484375	   0.332078
   1.494141	   0.046612
   1.503906	  -0.197945
   1.513672	  -0.385127
   1.523438	  -0.515263
   1.533203	  -0.599679
   1.542969	  -0.652836
   1.552734	  -0.685294
   1.562500	  -0.699873
   1.572266	  -0.692134
   1.582031	  -0.654692
   1.591797	  -0.583488
   1.601562	  -0.483401
   1.611328	  -0.370769
   1.621094	  -0.271414
   1.630859	  -0.214359
   1.640625	  -0.223014
   1.650391	  -0.306667
   1.660156	  -0.455290
   1.669922	  -0.639783
   1.679688	  -0.818164
   1.689453	  -0.946308
   1.699219	  -0.990228
   1.708984	  -0.936215
   1.718750	  -0.795588
   1.728516	  -0.602287
   1.738281	  -0.403701
   1.748047	  -0.247233
   1.757812	  -0.166528
   1.767578	  -0.171566
   1.777344	  -0.245784
   1.787109	  -0.351318
   1.796875	  -0.440998
   1.806641	  -0.473603
   1.816406	  -0.427739
   1.826172	  -0.310005
   1.835938	  -0.154704
   1.845703	  -0.014869
   1.855469	   0.052996
   1.865234	   0.006078
   1.875000	  -0.170740
   1.884766	  -0.458306
   1.894531	  -0.806211
   1.904297	  -1.144789
   1.914062	  -1.402868
   1.923828	  -1.526359
   1.933594	  -1.492491
   1.943359	  -1.315746
   1.953125	  -1.043907
   1.962891	  -0.745434
   1.972656	  -0.491776
   1.982422	  -0.339550
   1.992188	  -0.317379
   2.001953	  -0.420721
   2.011719	  -0.615634
   2.021484	  -0.849885
   2.031250	  -1.067858
   2.041016	  -1.224858
   2.050781	  -1.296904
   2.060547	  -1.283653
   2.070312	  -1.204308
   2.080078	  -1.088393
   2.089844	  -0.964714
   2.099609	  -0.852105
   2.109375	  -0.754763
   2.119141	  -0.663357
   2.128906	  -0.561214
   2.138672	  -0.433255
   2.148438	  -0.274541
   2.158203	  -0.095475
   2.167969	   0.078259
   2.177734	   0.211248
   2.187500	   0.267959
   2.197266	   0.223685
   2.207031	   0.073667
   2.216797	  -0.162352
   2.226562	  -0.441640
   2.236328	  -0.705952
   2.246094	  -0.893291
   2.255859	  -0.951146
   2.265625	  -0.848049
   2.275391	  -0.580771
   2.285156	  -0.175551
   2.294922	   0.316723
   2.304688	   0.830088
   2.314453	   1.295488
   2.324219	   1.652472
   2.333984	   1.858199
   2.343750	   1.892246
   2.353516	   1.756837
   2.363281	   1.473275
   2.373047	   1.076097
   2.382812	   0.606746
   2.392578	   0.108278
   2.402344	  -0.378097
   2.412109	  -0.814687
   2.421875	  -1.167935
   2.431641	  -1.409087
   2.441406	  -1.515801
   2.451172	  -1.475057
   2.460938	  -1.286863
   2.470703	  -0.967530
   2.480469	  -0.550949
   2.490234	  -0.086483
   2.500000	   0.367110
   2.509766	   0.751121
   2.519531	   1.017891
   2.529297	   1.140732
   2.539062	   1.119952
   2.548828	   0.982934
   2.558594	   0.777628
   2.568359	   0.560680
   2.578125	   0.383034
   2.587891	   0.276882
   2.597656	   0.247671
   2.607422	   0.273728
   2.617188	   0.313929
   2.626953	   0.321504
   2.636719	   0.260100
   2.646484	   0.117324
   2.656250	  -0.088553
   2.666016	  -0.311225
   2.675781	  -0.488110
   2.685547	  -0.558277
   2.695312	  -0.481515
   2.705078	  -0.252888
   2.714844	   0.091865
   2.724609	   0.482246
   2.734375	   0.829193
   2.744141	   1.047443
   2.753906	   1.078015
   2.763672	   0.904512
   2.773438	   0.558530
   2.783203	   0.112427
   2.792969	  -0.338705
   2.802734	  -0.701020
   2.812500	  -0.905297
   2.822266	  -0.923342
   2.832031	  -0.773097
   2.841797	  -0.511327
   2.851562	  -0.216281
   2.861328	   0.034541
   2.871094	   0.185178
   2.880859	   0.214837
   2.890625	   0.140927
   2.900391	   0.011174
   2.910156	  -0.112369
   2.919922	  -0.172480
   2.929688	  -0.133493
   2.939453	   0.008982
   2.949219	   0.227665
   2.958984	   0.472095
   2.968750	   0.683062
   2.978516	   0.808633
   2.988281	   0.817262
   2.998047	   0.704688
   3.007812	   0.493300
   3.017578	   0.224833
   3.027344	  -0.051015
   3.037109	  -0.288647
   3.046875	  -0.456141
   3.056641	  -0.540211
   3.066406	  -0.545953
   3.076172	  -0.492218
   3.085938	  -0.404476
   3.095703	  -0.307359
   3.105469	  -0.218801
   3.115234	  -0.146937
   3.125000	  -0.090040
   3.134766	  -0.039003
   3.144531	   0.018628
   3.154297	   0.094200
   3.164062	   0.194102
   3.173828	   0.317245
   3.183594	   0.454310
   3.193359	   0.588856
   3.203125	   0.700130
   3.212891	   0.767139
   3.222656	   0.773295
   3.232422	   0.710726
   3.242188	   0.583255
   3.251953	   0.407162
   3.261719	   0.209221
   3.271484	   0.022092
   3.281250	  -0.122120
   3.291016	  -0.198765
   3.300781	  -0.196301
   3.310547	  -0.119170
   3.320312	   0.013003
   3.330078	   0.169838
   3.339844	   0.317200
   3.349609	   0.424972
   3.359375	   0.473553
   3.369141	   0.457409
   3.378906	   0.384895
   3.388672	   0.274638
   3.398438	   0.149786
   3.408203	   0.031965
   3.417969	  -0.063306
   3.427734	  -0.128603
   3.437500	  -0.163862
   3.447266	  -0.173695
   3.457031	  -0.164158
   3.466797	  -0.140357
   3.476562	  -0.105770
   3.486328	  -0.063288
   3.496094	  -0.017148
   3.505859	   0.025508
   3.515625	   0.054641
   3.525391	   0.059410
   3.535156	   0.031908
   3.544922	  -0.028758
   3.554688	  -0.113768
   3.564453	  -0.204756
   3.574219	  -0.277406
   3.583984	  -0.307814
   3.593750	  -0.279821
   3.603516	  -0.190895
   3.613281	  -0.054385
   3.623047	   0.102986
   3.632812	   0.247997
   3.642578	   0.350248
   3.652344	   0.391044
   3.662109	   0.368919
   3.671875	   0.299873
   3.681641	   0.212082
   3.691406	   0.136657
   3.701172	   0.097435
   3.710938	   0.103174
   3.720703	   0.144779
   3.730469	   0.198571
   3.740234	   0.234575
   3.750000	   0.227110
   3.759766	   0.164161
   3.769531	   0.052388
   3.779297	  -0.083913
   3.789062	  -0.209589
   3.798828	  -0.288940
   3.808594	  -0.296223
   3.818359	  -0.223014
   3.828125	  -0.080242
   3.837891	   0.105475
   3.847656	   0.299692
   3.857422	   0.469397
   3.867188	   0.590660
   3.876953	   0.652461
   3.886719	   0.656059
   3.896484	   0.610922
   3.906250	   0.529394
   3.916016	   0.422497
   3.925781	   0.298501
   3.935547	   0.164471
   3.945312	   0.029544
   3.955078	  -0.092255
   3.964844	  -0.181752
   3.974609	  -0.218019
   3.984375	  -0.184859
   3.994141	  -0.078235
   4.003906	   0.088376
   4.013672	   0.283430
   4.023438	   0.462878
   4.033203	   0.580990
   4.042969	   0.603514
   4.052734	   0.519011
   4.062500	   0.344327
   4.072266	   0.121815
   4.082031	  -0.091517
   4.091797	  -0.239999
   4.101562	  -0.285618
   4.111328	  -0.219435
   4.121094	  -0.064287
   4.130859	   0.132338
   4.140625	   0.313166
   4.150391	   0.429046
   4.160156	   0.454138
   4.169922	   0.393442
   4.179688	   0.280199
   4.189453	   0.164063
   4.199219	   0.093975
   4.208984	   0.101429
   4.218750	   0.189666
   4.228516	   0.332302
   4.238281	   0.481759
   4.248047	   0.584611
   4.257812	   0.598729
   4.267578	   0.506675
   4.277344	   0.321129
   4.287109	   0.080943
   4.296875	  -0.160542
   4.306641	  -0.350841
   4.316406	  -0.452350
   4.326172	  -0.450865
   4.335938	  -0.356568
   4.345703	  -0.198076
   4.355469	  -0.012364
   4.365234	   0.165665
   4.375000	   0.310611
   4.384766	   0.409334
   4.394531	   0.459315
   4.404297	   0.464606
   4.414062	   0.431861
   4.423828	   0.368401
   4.433594	   0.282768
   4.443359	   0.186664
   4.453125	   0.096217
   4.462891	   0.030646
   4.472656	   0.007663
   4.482422	   0.036735
   4.492188	   0.112916
   4.501953	   0.214457
   4.511719	   0.306474
   4.521484	   0.350757
   4.531250	   0.319181
   4.541016	   0.206077
   4.550781	   0.034471
   4.560547	  -0.147374
   4.570312	  -0.279485
   4.580078	  -0.310278
   4.589844	  -0.216691
   4.599609	  -0.016852
   4.609375	   0.230431
   4.619141	   0.440970
   4.628906	   0.531600
   4.638672	   0.449554
   4.648438	   0.194639
   4.658203	  -0.174452
   4.667969	  -0.553595
   4.677734	  -0.823727
   4.687500	  -0.889353
   4.697266	  -0.712451
   4.707031	  -0.329683
   4.716797	   0.154313
   4.726562	   0.596992
   4.736328	   0.862648
   4.746094	   0.867468
   4.755859	   0.609500
   4.765625	   0.172418
   4.775391	  -0.299625
   4.785156	  -0.648938
   4.794922	  -0.757973
   4.804688	  -0.591598
   4.814453	  -0.212824
   4.824219	   0.234730
   4.833984	   0.573179
   4.843750	   0.650976
   4.853516	   0.397650
   4.863281	  -0.146236
   4.873047	  -0.835113
   4.882812	  -1.459708
   4.892578	  -1.810904
   4.902344	  -1.745364
   4.912109	  -1.231100
   4.921875	  -0.357515
   4.931641	   0.693564
   4.941406	   1.706052
   4.951172	   2.496962
   4.960938	   2.969705
   4.970703	   3.135021
   4.980469	   3.092789
   4.990234	   2.982226
   5.000000	   2.919743
   5.009766	   2.948674
   5.019531	   3.021180
   5.029297	   3.020808
   5.039062	   2.818662
   5.048828	   2.342299
   5.058594	   1.629746
   5.068359	   0.844258
   5.078125	   0.238266
   5.087891	   0.073260
   5.097656	   0.519940
   5.107422	   1.573339
   5.117188	   3.016428
   5.126953	   4.452422
   5.136719	   5.404220
   5.146484	   5.456035
   5.156250	   4.395255
   5.166016	   2.308115
   5.175781	  -0.406541
   5.185547	  -3.117931
   5.195312	  -5.121873
   5.205078	  -5.834975
   5.214844	  -4.968328
   5.224609	  -2.627578
   5.234375	   0.694038
   5.244141	   4.232297
   5.253906	   7.148043
   5.263672	   8.748097
   5.273438	   8.667992
   5.283203	   6.963992
   5.292969	   4.088246
   5.302734	   0.755190
   5.312500	  -2.261016
   5.322266	  -4.338737
   5.332031	  -5.170058
   5.341797	  -4.826761
   5.351562	  -3.716114
   5.361328	  -2.444076
   5.371094	  -1.629412
   5.380859	  -1.723948
   5.390625	  -2.888940
   5.400391	  -4.957835
   5.410156	  -7.488687
   5.419922	  -9.883836
   5.429688	 -11.538055
   5.439453	 -11.973387
   5.449219	 -10.928773
   5.458984	  -8.390703
   5.468750	  -4.570419
   5.478516	   0.152956
   5.488281	   5.299665
   5.498047	  10.348534
   5.507812	  14.781073
   5.517578	  18.115092
   5.527344	  19.939089
   5.537109	  19.957239
   5.546875	  18.045921
   5.556641	  14.310347
   5.566406	   9.119914
   5.576172	   3.098648
   5.585938	  -2.944838
   5.595703	  -8.146499
   5.605469	 -11.753144
   5.615234	 -13.286913
   5.625000	 -12.662475
   5.634766	 -10.219148
   5.644531	  -6.651062
   5.654297	  -2.846961
   5.664062	   0.321456
   5.673828	   2.206544
   5.683594	   2.530104
   5.693359	   1.426654
   5.703125	  -0.626522
   5.712891	  -2.970287
   5.722656	  -4.966296
   5.732422	  -6.180182
   5.742188	  -6.491024
   5.751953	  -6.096528
   5.761719	  -5.416320
   5.771484	  -4.927470
   5.781250	  -4.986807
   5.791016	  -5.697440
   5.800781	  -6.861540
   5.810547	  -8.033099
   5.820312	  -8.652459
   5.830078	  -8.219137
   5.839844	  -6.448726
   5.849609	  -3.366345
   5.859375	   0.689455
   5.869141	   5.149876
   5.878906	   9.357298
   5.888672	  12.720350
   5.898438	  14.837271
   5.908203	  15.555774
   5.917969	  14.960199
   5.927734	  13.300233
   5.937500	  10.892127
   5.947266	   8.028204
   5.957031	   4.922781
   5.966797	   1.706245
   5.976562	  -1.539799
   5.986328	  -4.727768
   5.996094	  -7.716475
   6.005859	 -10.292418
   6.015625	 -12.189212
   6.025391	 -13.139327
   6.035156	 -12.940512
   6.044922	 -11.514725
   6.054688	  -8.941085
   6.064453	  -5.454303
   6.074219	  -1.411718
   6.083984	   2.758897
   6.093750	   6.615509
   6.103516	   9.749909
   6.113281	  11.822894
   6.123047	  12.589194
   6.132812	  11.918722
   6.142578	   9.819258
   6.152344	   6.459431
   6.162109	   2.183190
   6.171875	  -2.498034
   6.181641	  -6.948051
   6.191406	 -10.487654
   6.201172	 -12.506187
   6.210938	 -12.580269
   6.220703	 -10.569084
   6.230469	  -6.657572
   6.240234	  -1.331300
   6.250000	   4.713403
   6.259766	  10.700087
   6.269531	  15.906134
   6.279297	  19.761912
   6.289062	  21.890281
   6.298828	  22.085070
   6.308594	  20.252202
   6.318359	  16.353911
   6.328125	  10.397209
   6.337891	   2.490010
   6.347656	  -7.043111
   6.357422	 -17.527825
   6.367188	 -27.855511
   6.376953	 -36.514464
   6.386719	 -41.778311
   6.396484	 -42.044860
   6.406250	 -36.261559
   6.416016	 -24.326805
   6.425781	  -7.337881
   6.435547	  12.422569
   6.445312	  31.809652
   6.455078	  47.412153
   6.464844	  56.298449
   6.474609	  56.729533
   6.484375	  48.643753
   6.494141	  33.762006
   6.503906	  15.254787
   6.513672	  -2.969846
   6.523438	 -17.188920
   6.533203	 -24.761276
   6.542969	 -24.757704
   6.552734	 -18.148528
   6.562500	  -7.490381
   6.572266	   3.807454
   6.582031	  12.437157
   6.591797	  16.101836
   6.601562	  14.125163
   6.611328	   7.589674
   6.621094	  -1.033476
   6.630859	  -8.654196
   6.640625	 -12.507837
   6.650391	 -10.998780
   6.660156	  -4.197125
   6.669922	   6.156481
   6.679688	  17.139407
   6.689453	  25.487064
   6.699219	  28.540764
   6.708984	  25.029563
   6.718750	  15.461625
   6.728516	   2.014570
   6.738281	 -12.041287
   6.748047	 -23.220224
   6.757812	 -28.749703
   6.767578	 -27.291220
   6.777344	 -19.258688
   6.787109	  -6.657519
   6.796875	   7.496046
   6.806641	  20.000647
   6.816406	  28.304022
   6.826172	  31.116267
   6.835938	  28.644172
   6.845703	  22.401444
   6.855469	  14.670286
   6.865234	   7.783747
   6.875000	   3.440505
   6.884766	   2.244760
   6.894531	   3.592136
   6.904297	   5.920303
   6.914062	   7.240255
   6.923828	   5.788970
   6.933594	   0.615579
   6.943359	  -8.063454
   6.953125	 -18.838123
   6.962891	 -29.415581
   6.972656	 -37.186658
   6.982422	 -39.901752
   6.992188	 -36.283251
   7.001953	 -26.418958
   7.011719	 -11.835876
   7.021484	   4.768557
   7.031250	  20.079099
   7.041016	  30.874089
   7.050781	  34.733843
   7.060547	  30.584887
   7.070312	  18.955976
   7.080078	   1.886750
   7.089844	 -17.491803
   7.099609	 -35.611602
   7.109375	 -49.209345
   7.119141	 -55.988516
   7.128906	 -55.052335
   7.138672	 -47.012268
   7.148438	 -33.754199
   7.158203	 -17.927459
   7.167969	  -2.290047
   7.177734	  10.921427
   7.187500	  20.436663
   7.197266	  26.102028
   7.207031	  28.708506
   7.216797	  29.560256
   7.226562	  29.921469
   7.236328	  30.515726
   7.246094	  31.237960
   7.255859	  31.176367
   7.265625	  28.946738
   7.275391	  23.241818
   7.285156	  13.423806
   7.294922	  -0.036711
   7.304688	 -15.436730
   7.314453	 -30.104822
   7.324219	 -41.009446
   7.333984	 -45.556837
   7.343750	 -42.353230
   7.353516	 -31.700270
   7.363281	 -15.656744
   7.373047	   2.381478
   7.382812	  18.491644
   7.392578	  29.213289
   7.402344	  32.443131
   7.412109	  27.979068
   7.421875	  17.550016
   7.431641	   4.313227
   7.441406	  -8.044681
   7.451172	 -16.348503
   7.460938	 -18.816992
   7.470703	 -15.529746
   7.480469	  -8.340673
   7.490234	  -0.262779
   7.500000	   5.493824
   7.509766	   6.543993
   7.519531	   2.102759
   7.529297	  -6.722127
   7.539062	 -17.213893
   7.548828	 -25.829126
   7.558594	 -29.252032
   7.568359	 -25.411201
   7.578125	 -14.158199
   7.587891	   2.595098
   7.597656	  21.326130
   7.607422	  37.813495
   7.617188	  48.253036
   7.626953	  50.263021
   7.636719	  43.498007
   7.646484	  29.706195
   7.656250	  12.225639
   7.666016	  -4.926910
   7.675781	 -18.110629
   7.685547	 -24.963359
   7.695312	 -24.911196
   7.705078	 -19.164553
   7.714844	 -10.230659
   7.724609	  -1.107473
   7.734375	   5.594692
   7.744141	   8.350939
   7.753906	   7.052588
   7.763672	   2.901156
   7.773438	  -2.074163
   7.783203	  -5.710058
   7.792969	  -6.397119
   7.802734	  -3.560508
   7.812500	   2.196136
   7.822266	   9.307378
   7.832031	  15.740989
   7.841797	  19.613046
   7.851562	  19.739084
   7.861328	  15.965736
   7.871094	   9.198216
   7.880859	   1.129467
   7.890625	  -6.240289
   7.900391	 -11.151961
   7.910156	 -12.552019
   7.919922	 -10.352648
   7.929688	  -5.429029
   7.939453	   0.632333
   7.949219	   5.957107
   7.958984	   8.863036
   7.968750	   8.274887
   7.978516	   3.977719
   7.988281	  -3.342531
   7.998047	 -12.268516
   8.007812	 -20.980613
   8.017578	 -27.663513
   8.027344	 -30.897379
   8.037109	 -29.950868
   8.046875	 -24.919647
   8.056641	 -16.689428
   8.066406	  -6.739148
   8.076172	   3.169052
   8.085938	  11.346167
   8.095703	  16.505487
   8.105469	  17.998654
   8.115234	  15.912985
   8.125000	  11.013532
   8.134766	   4.546025
   8.144531	  -2.053531
   8.154297	  -7.476611
   8.164062	 -10.815434
   8.173828	 -11.730532
   8.183594	 -10.476750
   8.193359	  -7.786311
   8.203125	  -4.642840
   8.212891	  -2.007173
   8.222656	  -0.566951
   8.232422	  -0.574181
   8.242188	  -1.809796
   8.251953	  -3.678826
   8.261719	  -5.403825
   8.271484	  -6.258135
   8.281250	  -5.771740
   8.291016	  -3.853220
   8.300781	  -0.798211
   8.310547	   2.810746
   8.320312	   6.276482
   8.330078	   8.976054
   8.339844	  10.509443
   8.349609	  10.767839
   8.359375	   9.909367
   8.369141	   8.260442
   8.378906	   6.183519
   8.388672	   3.959763
   8.398438	   1.726071
   8.408203	  -0.516231
   8.417969	  -2.830954
   8.427734	  -5.247471
   8.437500	  -7.674949
   8.447266	  -9.867889
   8.457031	 -11.461358
   8.466797	 -12.068267
   8.476562	 -11.407471
   8.486328	  -9.418531
   8.496094	  -6.321442
   8.505859	  -2.596762
   8.515625	   1.112369
   8.525391	   4.148814
   8.535156	   5.995963
   8.544922	   6.391271
   8.554688	   5.365277
   8.564453	   3.197203
   8.574219	   0.305660
   8.583984	  -2.886014
   8.593750	  -6.062981
   8.603516	  -9.072721
   8.613281	 -11.903485
   8.623047	 -14.599093
   8.632812	 -17.145563
   8.642578	 -19.376681
   8.652344	 -20.940750
   8.662109	 -21.350786
   8.671875	 -20.111530
   8.681641	 -16.888523
   8.691406	 -11.666462
   8.701172	  -4.842451
   8.710938	   2.784229
   8.720703	  10.135161
   8.730469	  16.064646
   8.740234	  19.608848
   8.750000	  20.207616
   8.759766	  17.839650
   8.769531	  13.034052
   8.779297	   6.754105
   8.789062	   0.182876
   8.798828	  -5.534577
   8.808594	  -9.527984
   8.818359	 -11.361167
   8.828125	 -11.080043
   8.837891	  -9.145809
   8.847656	  -6.279176
   8.857422	  -3.261891
   8.867188	  -0.748520
   8.876953	   0.866266
   8.886719	   1.498443
   8.896484	   1.340687
   8.906250	   0.762941
   8.916016	   0.181172
   8.925781	  -0.067917
   8.935547	   0.185440
   8.945312	   0.912197
   8.955078	   1.910217
   8.964844	   2.874652
   8.974609	   3.490376
   8.984375	   3.520993
   8.994141	   2.872494
   9.003906	   1.617957
   9.013672	  -0.019952
   9.023438	  -1.721953
   9.033203	  -3.146417
   9.042969	  -4.007030
   9.052734	  -4.136209
   9.062500	  -3.520519
   9.072266	  -2.300877
   9.082031	  -0.738191
   9.091797	   0.847286
   9.101562	   2.148623
   9.111328	   2.939791
   9.121094	   3.122038
   9.130859	   2.737867
   9.140625	   1.949399
   9.150391	   0.987063
   9.160156	   0.082633
   9.169922	  -0.594807
   9.179688	  -0.981737
   9.189453	  -1.129407
   9.199219	  -1.176467
   9.208984	  -1.293127
   9.218750	  -1.613951
   9.228516	  -2.180671
   9.238281	  -2.914149
   9.248047	  -3.626323
   9.257812	  -4.070778
   9.267578	  -4.018261
   9.277344	  -3.334736
   9.287109	  -2.037556
   9.296875	  -0.310802
   9.306641	   1.527518
   9.316406	   3.099310
   9.326172	   4.061557
   9.335938	   4.196010
   9.345703	   3.467688
   9.355469	   2.035220
   9.365234	   0.210115
   9.375000	  -1.623085
   9.384766	  -3.102614
   9.394531	  -3.974074
   9.404297	  -4.140856
   9.414062	  -3.668514
   9.423828	  -2.745517
   9.433594	  -1.615676
   9.443359	  -0.505113
   9.453125	   0.433485
   9.462891	   1.143889
   9.472656	   1.653139
   9.482422	   2.031037
   9.492188	   2.339968
   9.501953	   2.594913
   9.511719	   2.748812
   9.521484	   2.708484
   9.531250	   2.374790
   9.541016	   1.691660
   9.550781	   0.685046
   9.560547	  -0.523891
   9.570312	  -1.738238
   9.580078	  -2.732957
   9.589844	  -3.316238
   9.599609	  -3.384953
   9.609375	  -2.955996
   9.619141	  -2.162813
   9.628906	  -1.217598
   9.638672	  -0.350655
   9.648438	   0.254216
   9.658203	   0.508286
   9.667969	   0.435678
   9.677734	   0.155564
   9.687500	  -0.164615
   9.697266	  -0.369265
   9.707031	  -0.368503
   9.716797	  -0.168621
   9.726562	   0.130230
   9.736328	   0.367886
   9.746094	   0.378378
   9.755859	   0.047146
   9.765625	  -0.646697
   9.775391	  -1.616028
   9.785156	  -2.683494
   9.794922	  -3.625835
   9.804688	  -4.231518
   9.814453	  -4.355054
   9.824219	  -3.953037
   9.833984	  -3.092900
   9.843750	  -1.933504
   9.853516	  -0.684447
   9.863281	   0.443798
   9.873047	   1.285476
   9.882812	   1.749931
   9.892578	   1.831020
   9.902344	   1.595924
   9.912109	   1.158917
   9.921875	   0.648607
   9.931641	   0.177433
   9.941406	  -0.179808
   9.951172	  -0.395018
   9.960938	  -0.483542
   9.970703	  -0.491460
   9.980469	  -0.477775
   9.990234	  -0.496020
  10.000000	  -0.579152
  10.009766	  -0.730361
  10.019531	  -0.921229
  10.029297	  -1.097418
  10.039062	  -1.190932
  10.048828	  -1.136836
  10.058594	  -0.891241
  10.068359	  -0.446533
  10.078125	   0.160248
  10.087891	   0.849146
  10.097656	   1.510338
  10.107422	   2.026899
  10.117188	   2.302653
  10.126953	   2.288272
  10.136719	   1.998221
  10.146484	   1.512716
  10.156250	   0.962446
  10.166016	   0.498505
  10.175781	   0.254566
  10.185547	   0.311184
  10.195312	   0.672381
  10.205078	   1.261837
  10.214844	   1.940816
  10.224609	   2.543813
  10.234375	   2.922561
  10.244141	   2.986268
  10.253906	   2.726602
  10.263672	   2.220070
  10.273438	   1.606760
  10.283203	   1.051258
  10.292969	   0.696730
  10.302734	   0.625204
  10.312500	   0.835297
  10.322266	   1.243615
  10.332031	   1.709177
  10.341797	   2.073661
  10.351562	   2.205861
  10.361328	   2.037754
  10.371094	   1.582293
  10.380859	   0.928435
  10.390625	   0.215498
  10.400391	  -0.405337
  10.410156	  -0.811268
  10.419922	  -0.938723
  10.429688	  -0.796772
  10.439453	  -0.460259
  10.449219	  -0.045521
  10.458984	   0.323821
  10.468750	   0.551197
  10.478516	   0.592239
  10.488281	   0.464385
  10.498047	   0.239069
  10.507812	   0.019330
  10.517578	  -0.090634
  10.527344	  -0.015611
  10.537109	   0.268708
  10.546875	   0.727645
  10.556641	   1.275196
  10.566406	   1.795443
  10.576172	   2.172307
  10.585938	   2.320206
  10.595703	   2.207946
  10.605469	   1.869647
  10.615234	   1.399533
  10.625000	   0.931216
  10.634766	   0.605909
  10.644531	   0.536971
  10.654297	   0.779529
  10.664062	   1.313165
  10.673828	   2.042925
  10.683594	   2.819510
  10.693359	   3.474635
  10.703125	   3.863206
  10.712891	   3.901570
  10.722656	   3.591360
  10.732422	   3.021628
  10.742188	   2.347442
  10.751953	   1.749505
  10.761719	   1.384997
  10.771484	   1.342950
  10.781250	   1.616993
  10.791016	   2.104146
  10.800781	   2.631286
  10.810547	   3.003068
  10.820312	   3.058489
  10.830078	   2.720128
  10.839844	   2.021432
  10.849609	   1.103143
  10.859375	   0.178558
  10.869141	  -0.523590
  10.878906	  -0.822967
  10.888672	  -0.640004
  10.898438	  -0.021328
  10.908203	   0.869828
  10.917969	   1.796363
  10.927734	   2.511683
  10.937500	   2.827672
  10.947266	   2.666911
  10.957031	   2.084049
  10.966797	   1.250041
  10.976562	   0.403583
  10.986328	  -0.216414
  10.996094	  -0.438031
  11.005859	  -0.204068
  11.015625	   0.413179
  11.025391	   1.233978
  11.035156	   2.023391
  11.044922	   2.558400
  11.054688	   2.690684
  11.064453	   2.387356
  11.074219	   1.738555
  11.083984	   0.930472
  11.093750	   0.192118
  11.103516	  -0.268660
  11.113281	  -0.321919
  11.123047	   0.050329
  11.132812	   0.751306
  11.142578	   1.597590
  11.152344	   2.369384
  11.162109	   2.868567
  11.171875	   2.968808
  11.181641	   2.644955
  11.191406	   1.975201
  11.201172	   1.117028
  11.210938	   0.264748
  11.220703	  -0.399400
  11.230469	  -0.747865
  11.240234	  -0.734037
  11.250000	  -0.396962
  11.259766	   0.154802
  11.269531	   0.774503
  11.279297	   1.314851
  11.289062	   1.662525
  11.298828	   1.761743
  11.308594	   1.622405
  11.318359	   1.312317
  11.328125	   0.936626
  11.337891	   0.610119
  11.347656	   0.429115
  11.357422	   0.449167
  11.367188	   0.673139
  11.376953	   1.051707
  11.386719	   1.495686
  11.396484	   1.897087
  11.406250	   2.154116
  11.416016	   2.194553
  11.425781	   1.992327
  11.435547	   1.573595
  11.445312	   1.010915
  11.455078	   0.406814
  11.464844	  -0.129454
  11.474609	  -0.506490
  11.484375	  -0.670735
  11.494141	  -0.616993
  11.503906	  -0.386908
  11.513672	  -0.055904
  11.523438	   0.287907
  11.533203	   0.567186
  11.542969	   0.734884
  11.552734	   0.784617
  11.562500	   0.749222
  11.572266	   0.688183
  11.582031	   0.667732
  11.591797	   0.739485
  11.601562	   0.923807
  11.611328	   1.202628
  11.621094	   1.523626
  11.630859	   1.814328
  11.640625	   2.001890
  11.650391	   2.032758
  11.660156	   1.886713
  11.669922	   1.581617
  11.679688	   1.168079
  11.689453	   0.716154
  11.699219	   0.298356
  11.708984	  -0.026084
  11.718750	  -0.221587
  11.728516	  -0.279173
  11.738281	  -0.212370
  11.748047	  -0.048575
  11.757812	   0.180575
  11.767578	   0.446561
  11.777344	   0.727110
  11.787109	   1.005077
  11.796875	   1.264772
  11.806641	   1.488324
  11.816406	   1.654519
  11.826172	   1.741324
  11.835938	   1.731643
  11.845703	   1.620257
  11.855469	   1.419122
  11.865234	   1.158437
  11.875000	   0.882243
  11.884766	   0.639122
  11.894531	   0.470447
  11.904297	   0.399665
  11.914062	   0.426046
  11.923828	   0.525133
  11.933594	   0.656058
  11.943359	   0.773760
  11.953125	   0.842490
  11.962891	   0.846497
  11.972656	   0.794560
  11.982422	   0.716853
  11.992188	   0.655001
  12.001953	   0.648242
  12.011719	   0.719863
  12.021484	   0.868039
  12.031250	   1.063937
  12.041016	   1.257818
  12.050781	   1.391585
  12.060547	   1.414331
  12.070312	   1.296656
  12.080078	   1.039831
  12.089844	   0.677362
  12.099609	   0.268551
  12.109375	  -0.114274
  12.119141	  -0.401589
  12.128906	  -0.541699
  12.138672	  -0.511421
  12.148438	  -0.320143
  12.158203	  -0.006669
  12.167969	   0.370036
  12.177734	   0.743749
  12.187500	   1.054470
  12.197266	   1.259511
  12.207031	   1.339999
  12.216797	   1.301761
  12.226562	   1.170887
  12.236328	   0.985394
  12.246094	   0.785170
  12.255859	   0.602628
  12.265625	   0.456196
  12.275391	   0.348049
  12.285156	   0.266424
  12.294922	   0.191753
  12.304688	   0.104901
  12.314453	  -0.004782
  12.324219	  -0.133895
  12.333984	  -0.263633
  12.343750	  -0.363332
  12.353516	  -0.398259
  12.363281	  -0.339773
  12.373047	  -0.175141
  12.382812	   0.085822
  12.392578	   0.409489
  12.402344	   0.743409
  12.412109	   1.026727
  12.421875	   1.203692
  12.431641	   1.236860
  12.441406	   1.116485
  12.451172	   0.863469
  12.460938	   0.524856
  12.470703	   0.162855
  12.480469	  -0.159818
  12.490234	  -0.394460
  12.500000	  -0.516931
  12.509766	  -0.531487
  12.519531	  -0.467024
  12.529297	  -0.366975
  12.539062	  -0.275884
  12.548828	  -0.226549
  12.558594	  -0.231394
  12.568359	  -0.280412
  12.578125	  -0.346060
  12.587891	  -0.393416
  12.597656	  -0.392417
  12.607422	  -0.328382
  12.617188	  -0.207671
  12.626953	  -0.056749
  12.636719	   0.085035
  12.646484	   0.176817
  12.656250	   0.188384
  12.666016	   0.109570
  12.675781	  -0.045840
  12.685547	  -0.242865
  12.695312	  -0.433971
  12.705078	  -0.571246
  12.714844	  -0.618797
  12.724609	  -0.562061
  12.734375	  -0.411648
  12.744141	  -0.200831
  12.753906	   0.022523
  12.763672	   0.207357
  12.773438	   0.311236
  12.783203	   0.309645
  12.792969	   0.200656
  12.802734	   0.004115
  12.812500	  -0.244121
  12.822266	  -0.501174
  12.832031	  -0.727019
  12.841797	  -0.892825
  12.851562	  -0.985930
  12.861328	  -1.010549
  12.871094	  -0.984416
  12.880859	  -0.932549
  12.890625	  -0.879923
  12.900391	  -0.844987
  12.910156	  -0.835651
  12.919922	  -0.848613
  12.929688	  -0.872006
  12.939453	  -0.890486
  12.949219	  -0.891185
  12.958984	  -0.868805
  12.968750	  -0.828284
  12.978516	  -0.784164
  12.988281	  -0.756684
  12.998047	  -0.765568
  13.007812	  -0.823186
  13.017578	  -0.929097
  13.027344	  -1.067696
  13.037109	  -1.209988
  13.046875	  -1.319402
  13.056641	  -1.360450
  13.066406	  -1.308128
  13.076172	  -1.155626
  13.085938	  -0.918133
  13.095703	  -0.631484
  13.105469	  -0.345616
  13.115234	  -0.114179
  13.125000	   0.017294
  13.134766	   0.021832
  13.144531	  -0.102505
  13.154297	  -0.331756
  13.164062	  -0.621042
  13.173828	  -0.914218
  13.183594	  -1.155877
  13.193359	  -1.302876
  13.203125	  -1.332734
  13.212891	  -1.247116
  13.222656	  -1.069873
  13.232422	  -0.840416
  13.242188	  -0.604262
  13.251953	  -0.403114
  13.261719	  -0.266746
  13.271484	  -0.208340
  13.281250	  -0.223992
  13.291016	  -0.296030
  13.300781	  -0.399005
  13.310547	  -0.506685
  13.320312	  -0.598382
  13.330078	  -0.663223
  13.339844	  -0.701609
  13.349609	  -0.723737
  13.359375	  -0.745749
  13.369141	  -0.784478
  13.378906	  -0.852065
  13.388672	  -0.951659
  13.398438	  -1.075243
  13.408203	  -1.204157
  13.417969	  -1.312390
  13.427734	  -1.372082
  13.437500	  -1.360151
  13.447266	  -1.264598
  13.457031	  -1.088942
  13.466797	  -0.853507
  13.476562	  -0.592892
  13.486328	  -0.349823
  13.496094	  -0.166496
  13.505859	  -0.075300
  13.515625	  -0.091118
  13.525391	  -0.207259
  13.535156	  -0.396265
  13.544922	  -0.615691
  13.554688	  -0.817669
  13.564453	  -0.959998
  13.574219	  -1.016002
  13.583984	  -0.980585
  13.593750	  -0.870882
  13.603516	  -0.721276
  13.613281	  -0.574070
  13.623047	  -0.468313
  13.632812	  -0.429766
  13.642578	  -0.464685
  13.652344	  -0.559043
  13.662109	  -0.683253
  13.671875	  -0.800948
  13.681641	  -0.879243
  13.691406	  -0.897557
  13.701172	  -0.852562
  13.710938	  -0.758007
  13.720703	  -0.639690
  13.730469	  -0.527227
  13.740234	  -0.445175
  13.750000	  -0.406125
  13.759766	  -0.407739
  13.769531	  -0.434464
  13.779297	  -0.463250
  13.789062	  -0.471440
  13.798828	  -0.444435
  13.808594	  -0.380849
  13.818359	  -0.293687
  13.828125	  -0.207239
  13.837891	  -0.150630
  13.847656	  -0.149843
  13.857422	  -0.220401
  13.867188	  -0.362649
  13.876953	  -0.560787
  13.886719	  -0.785823
  13.896484	  -1.001603
  13.906250	  -1.172391
  13.916016	  -1.270206
  13.925781	  -1.280323
  13.935547	  -1.203854
  13.945312	  -1.057097
  13.955078	  -0.867985
  13.964844	  -0.670554
  13.974609	  -0.498603
  13.984375	  -0.379764
  13.994141	  -0.331000
  14.003906	  -0.356214
  14.013672	  -0.446258
  14.023438	  -0.581202
  14.033203	  -0.734398
  14.042969	  -0.877552
  14.052734	  -0.985886
  14.062500	  -1.042450
  14.072266	  -1.040772
  14.082031	  -0.985384
  14.091797	  -0.890151
  14.101562	  -0.774809
  14.111328	  -0.660507
  14.121094	  -0.565377
  14.130859	  -0.501121
  14.140625	  -0.471337
  14.150391	  -0.471862
  14.160156	  -0.492885
  14.169922	  -0.522115
  14.179688	  -0.548126
  14.189453	  -0.562944
  14.199219	  -0.563328
  14.208984	  -0.550560
  14.218750	  -0.529067
  14.228516	  -0.504482
  14.238281	  -0.481851
  14.248047	  -0.464535
  14.257812	  -0.454015
  14.267578	  -0.450459
  14.277344	  -0.453588
  14.287109	  -0.463346
  14.296875	  -0.479977
  14.306641	  -0.503424
  14.316406	  -0.532330
  14.326172	  -0.563113
  14.335938	  -0.589676
  14.345703	  -0.604095
  14.355469	  -0.598287
  14.365234	  -0.566269
  14.375000	  -0.506327
  14.384766	  -0.422356
  14.394531	  -0.323845
  14.404297	  -0.224361
  14.414062	  -0.138885
  14.423828	  -0.080702
  14.433594	  -0.058732
  14.443359	  -0.075997
  14.453125	  -0.129602
  14.462891	  -0.212064
  14.472656	  -0.313430
  14.482422	  -0.423398
  14.492188	  -0.532743
  14.501953	  -0.633674
  14.511719	  -0.719246
  14.521484	  -0.782356
  14.531250	  -0.815067
  14.541016	  -0.808934
  14.550781	  -0.756592
  14.560547	  -0.654339
  14.570312	  -0.504938
  14.580078	  -0.319572
  14.589844	  -0.117983
  14.599609	   0.073744
  14.609375	   0.227573
  14.619141	   0.319201
  14.628906	   0.333636
  14.638672	   0.269107
  14.648438	   0.138143
  14.658203	  -0.034676
  14.667969	  -0.217867
  14.677734	  -0.379846
  14.687500	  -0.495673
  14.697266	  -0.552013
  14.707031	  -0.549077
  14.716797	  -0.499158
  14.726562	  -0.422272
  14.736328	  -0.340225
  14.746094	  -0.270783
  14.755859	  -0.223501
  14.765625	  -0.198275
  14.775391	  -0.186813
  14.785156	  -0.176422
  14.794922	  -0.154874
  14.804688	  -0.114877
  14.814453	  -0.056857
  14.824219	   0.010721
  14.833984	   0.073506
  14.843750	   0.115252
  14.853516	   0.122496
  14.863281	   0.088641
  14.873047	   0.016336
  14.882812	  -0.082457
  14.892578	  -0.188749
  14.902344	  -0.280571
  14.912109	  -0.337829
  14.921875	  -0.346800
  14.931641	  -0.303235
  14.941406	  -0.213378
  14.951172	  -0.092704
  14.960938	   0.037337
  14.970703	   0.153803
  14.980469	   0.236981
  14.990234	   0.274301
  15.000000	   0.262604
  15.009766	   0.208299
  15.019531	   0.125438
  15.029297	   0.032214
  15.039062	  -0.053232
  15.048828	  -0.116686
  15.058594	  -0.150462
  15.068359	  -0.154162
  15.078125	  -0.133498
  15.087891	  -0.097608
  15.097656	  -0.055738
  15.107422	  -0.014294
  15.117188	   0.024816
  15.126953	   0.064063
  15.136719	   0.108462
  15.146484	   0.162650
  15.156250	   0.227883
  15.166016	   0.300034
  15.175781	   0.369406
  15.185547	   0.422613
  15.195312	   0.446120
  15.205078	   0.430452
  15.214844	   0.373806
  15.224609	   0.283869
  15.234375	   0.177127
  15.244141	   0.075674
  15.253906	   0.002255
  15.263672	  -0.025152
  15.273438	   0.002233
  15.283203	   0.081772
  15.292969	   0.199998
  15.302734	   0.335806
  15.312500	   0.465370
  15.322266	   0.567423
  15.332031	   0.627547
  15.341797	   0.640477
  15.351562	   0.610026
  15.361328	   0.546978
  15.371094	   0.465775
  15.380859	   0.381059
  15.390625	   0.304999
  15.400391	   0.245908
  15.410156	   0.208152
  15.419922	   0.192918
  15.429688	   0.199217
  15.439453	   0.224566
  15.449219	   0.265107
  15.458984	   0.315310
  15.468750	   0.367685
  15.478516	   0.413017
  15.488281	   0.441474
  15.498047	   0.444534
  15.507812	   0.417297
  15.517578	   0.360427
  15.527344	   0.280965
  15.537109	   0.191515
  15.546875	   0.107785
  15.556641	   0.045038
  15.566406	   0.014420
  15.576172	   0.020229
  15.585938	   0.058991
  15.595703	   0.120639
  15.605469	   0.191460
  15.615234	   0.257906
  15.625000	   0.310103
  15.634766	   0.343990
  15.644531	   0.361505
  15.654297	   0.368873
  15.664062	   0.373694
  15.673828	   0.381897
  15.683594	   0.395632
  15.693359	   0.412805
  15.703125	   0.428331
  15.712891	   0.436580
  15.722656	   0.434018
  15.732422	   0.421011
  15.742188	   0.402069
  15.751953	   0.384381
  15.761719	   0.375165
  15.771484	   0.378802
  15.781250	   0.394853
  15.791016	   0.417770
  15.800781	   0.438499
  15.810547	   0.447515
  15.820312	   0.438234
  15.830078	   0.409617
  15.839844	   0.366959
  15.849609	   0.320507
  15.859375	   0.282283
  15.869141	   0.262139
  15.878906	   0.264391
  15.888672	   0.286219
  15.898438	   0.318445
  15.908203	   0.348528
  15.917969	   0.364798
  15.927734	   0.360547
  15.937500	   0.336555
  15.947266	   0.301152
  15.957031	   0.267706
  15.966797	   0.250288
  15.976562	   0.258911
  15.986328	   0.295888
  15.996094	   0.354553
  16.005859	   0.420799
  16.015625	   0.477019
  16.025391	   0.507231
  16.035156	   0.501799
  16.044922	   0.460275
  16.054688	   0.391511
  16.064453	   0.311032
  16.074219	   0.236532
  16.083984	   0.182931
  16.093750	   0.158504
  16.103516	   0.163228
  16.113281	   0.189730
  16.123047	   0.226402
  16.132812	   0.261557
  16.142578	   0.287242
  16.152344	   0.301475
  16.162109	   0.308281
  16.171875	   0.315602
  16.181641	   0.331897
  16.191406	   0.362617
  16.201172	   0.407765
  16.210938	   0.461321
  16.220703	   0.512734
  16.230469	   0.549959
  16.240234	   0.563061
  16.250000	   0.547272
  16.259766	   0.504546
  16.269531	   0.443205
  16.279297	   0.375799
  16.289062	   0.315889
  16.298828	   0.274675
  16.308594	   0.258417
  16.318359	   0.267291
  16.328125	   0.295861
  16.337891	   0.334898
  16.347656	   0.373929
  16.357422	   0.403791
  16.367188	   0.418528
  16.376953	   0.416267
  16.386719	   0.398992
  16.396484	   0.371471
  16.406250	   0.339718
  16.416016	   0.309459
  16.425781	   0.284957
  16.435547	   0.268406
  16.445312	   0.259930
  16.455078	   0.258074
  16.464844	   0.260587
  16.474609	   0.265285
  16.484375	   0.270763
  16.494141	   0.276805
  16.503906	   0.284403
  16.513672	   0.295367
  16.523438	   0.311611
  16.533203	   0.334280
  16.542969	   0.362952
  16.552734	   0.395171
  16.562500	   0.426509
  16.572266	   0.451248
  16.582031	   0.463578
  16.591797	   0.459049
  16.601562	   0.435882
  16.611328	   0.395711
  16.621094	   0.343470
  16.630859	   0.286356
  16.640625	   0.232084
  16.650391	   0.186914
  16.660156	   0.154039
  16.669922	   0.132869
  16.679688	   0.119486
  16.689453	   0.108195
  16.699219	   0.093716
  16.708984	   0.073308
  16.718750	   0.048107
  16.728516	   0.023163
  16.738281	   0.006055
  16.748047	   0.004472
  16.757812	   0.023489
  16.767578	   0.063432
  16.777344	   0.119099
  16.787109	   0.180684
  16.796875	   0.236207
  16.806641	   0.274765
  16.816406	   0.289607
  16.826172	   0.280050
  16.835938	   0.251605
  16.845703	   0.214236
  16.855469	   0.179278
  16.865234	   0.155979
  16.875000	   0.148762
  16.884766	   0.156088
  16.894531	   0.171263
  16.904297	   0.184926
  16.914062	   0.188376
  16.923828	   0.176642
  16.933594	   0.150283
  16.943359	   0.115317
  16.953125	   0.081333
  16.962891	   0.058386
  16.972656	   0.053729
  16.982422	   0.069446
  16.992188	   0.101743
  17.001953	   0.142109
  17.011719	   0.179942
  17.021484	   0.205749
  17.031250	   0.213886
  17.041016	   0.203982
  17.050781	   0.180639
  17.060547	   0.151610
  17.070312	   0.125123
  17.080078	   0.107283
  17.089844	   0.100402
  17.099609	   0.102740
  17.109375	   0.109630
  17.119141	   0.115489
  17.128906	   0.115930
  17.138672	   0.109205
  17.148438	   0.096511
  17.158203	   0.081108
  17.167969	   0.066677
  17.177734	   0.055598
  17.187500	   0.047841
  17.197266	   0.040934
  17.207031	   0.031016
  17.216797	   0.014610
  17.226562	  -0.009585
  17.236328	  -0.039582
  17.246094	  -0.070144
  17.255859	  -0.094060
  17.265625	  -0.104266
  17.275391	  -0.096145
  17.285156	  -0.069219
  17.294922	  -0.027667
  17.304688	   0.020539
  17.314453	   0.065633
  17.324219	   0.098561
  17.333984	   0.113247
  17.343750	   0.107954
  17.353516	   0.085376
  17.363281	   0.051532
  17.373047	   0.013882
  17.382812	  -0.020718
  17.392578	  -0.047602
  17.402344	  -0.065021
  17.412109	  -0.073940
  17.421875	  -0.077115
  17.431641	  -0.077867
  17.441406	  -0.078998
  17.451172	  -0.082138
  17.460938	  -0.087624
  17.470703	  -0.094778
  17.480469	  -0.102361
  17.490234	  -0.108962
  17.500000	  -0.113219
  17.509766	  -0.113893
  17.519531	  -0.109955
  17.529297	  -0.100807
  17.539062	  -0.086709
  17.548828	  -0.069286
  17.558594	  -0.051848
  17.568359	  -0.039240
  17.578125	  -0.037006
  17.587891	  -0.049934
  17.597656	  -0.080291
  17.607422	  -0.126327
  17.617188	  -0.181647
  17.626953	  -0.235905
  17.636719	  -0.276877
  17.646484	  -0.293513
  17.656250	  -0.279168
  17.666016	  -0.234020
  17.675781	  -0.165805
  17.685547	  -0.088468
  17.695312	  -0.018890
  17.705078	   0.027454
  17.714844	   0.040715
  17.724609	   0.019480
  17.734375	  -0.028731
  17.744141	  -0.089525
  17.753906	  -0.145713
  17.763672	  -0.182239
  17.773438	  -0.190484
  17.783203	  -0.170639
  17.792969	  -0.131432
  17.802734	  -0.087287
  17.812500	  -0.053797
  17.822266	  -0.042919
  17.832031	  -0.059372
  17.841797	  -0.099327
  17.851562	  -0.151745
  17.861328	  -0.201889
  17.871094	  -0.235862
  17.880859	  -0.244718
  17.890625	  -0.226886
  17.900391	  -0.188227
  17.910156	  -0.139790
  17.919922	  -0.094114
  17.929688	  -0.061315
  17.939453	  -0.046229
  17.949219	  -0.047474
  17.958984	  -0.058625
  17.968750	  -0.070980
  17.978516	  -0.076901
  17.988281	  -0.072565
  17.998047	  -0.059209
  18.007812	  -0.042517
  18.017578	  -0.030444
  18.027344	  -0.030283
  18.037109	  -0.046025
  18.046875	  -0.076919
  18.056641	  -0.117674
  18.066406	  -0.160190
  18.076172	  -0.196161
  18.085938	  -0.219639
  18.095703	  -0.228668
  18.105469	  -0.225494
  18.115234	  -0.215340
  18.125000	  -0.204241
  18.134766	  -0.196769
  18.144531	  -0.194437
  18.154297	  -0.195362
  18.164062	  -0.195260
  18.173828	  -0.189375
  18.183594	  -0.174642
  18.193359	  -0.151283
  18.203125	  -0.123248
  18.212891	  -0.097336
  18.222656	  -0.081253
  18.232422	  -0.081256
  18.242188	  -0.100147
  18.251953	  -0.136253
  18.261719	  -0.183716
  18.271484	  -0.233979
  18.281250	  -0.277986
  18.291016	  -0.308432
  18.300781	  -0.321399
  18.310547	  -0.316966
  18.320312	  -0.298714
  18.330078	  -0.272366
  18.339844	  -0.244062
  18.349609	  -0.218789
  18.359375	  -0.199389
  18.369141	  -0.186336
  18.378906	  -0.178201
  18.388672	  -0.172572
  18.398438	  -0.167051
  18.408203	  -0.160053
  18.417969	  -0.151218
  18.427734	  -0.141396
  18.437500	  -0.132316
  18.447266	  -0.126070
  18.457031	  -0.124577
  18.466797	  -0.129113
  18.476562	  -0.139964
  18.486328	  -0.156232
  18.496094	  -0.175805
  18.505859	  -0.195551
  18.515625	  -0.211754
  18.525391	  -0.220800
  18.535156	  -0.220035
  18.544922	  -0.208595
  18.554688	  -0.187970
  18.564453	  -0.162042
  18.574219	  -0.136442
  18.583984	  -0.117275
  18.593750	  -0.109466
  18.603516	  -0.115178
  18.613281	  -0.132813
  18.623047	  -0.157009
  18.632812	  -0.179772
  18.642578	  -0.192552
  18.652344	  -0.188721
  18.662109	  -0.165731
  18.671875	  -0.126238
  18.681641	  -0.077768
  18.691406	  -0.030895
  18.701172	   0.003610
  18.710938	   0.017830
  18.720703	   0.009041
  18.730469	  -0.019430
  18.740234	  -0.059146
  18.750000	  -0.099065
  18.759766	  -0.128882
  18.769531	  -0.142164
  18.779297	  -0.138300
  18.789062	  -0.122619
  18.798828	  -0.104621
  18.808594	  -0.094837
  18.818359	  -0.101324
  18.828125	  -0.126897
  18.837891	  -0.168003
  18.847656	  -0.215613
  18.857422	  -0.257873
  18.867188	  -0.283710
  18.876953	  -0.286235
  18.886719	  -0.264910
  18.896484	  -0.225779
  18.906250	  -0.179708
  18.916016	  -0.139190
  18.925781	  -0.114703
  18.935547	  -0.111747
  18.945312	  -0.129440
  18.955078	  -0.161038
  18.964844	  -0.196176
  18.974609	  -0.224059
  18.984375	  -0.236611
  18.994141	  -0.230625
  19.003906	  -0.208330
  19.013672	  -0.176303
  19.023438	  -0.143155
  19.033203	  -0.116811
  19.042969	  -0.102224
  19.052734	  -0.100201
  19.062500	  -0.107619
  19.072266	  -0.118837
  19.082031	  -0.127773
  19.091797	  -0.129942
  19.101562	  -0.123821
  19.111328	  -0.111178
  19.121094	  -0.096349
  19.130859	  -0.084783
  19.140625	  -0.081344
  19.150391	  -0.088896
  19.160156	  -0.107548
  19.169922	  -0.134684
  19.179688	  -0.165685
  19.189453	  -0.195044
  19.199219	  -0.217556
  19.208984	  -0.229292
  19.218750	  -0.228186
  19.228516	  -0.214227
  19.238281	  -0.189304
  19.248047	  -0.156820
  19.257812	  -0.121156
  19.267578	  -0.087041
  19.277344	  -0.058859
  19.287109	  -0.039925
  19.296875	  -0.031852
  19.306641	  -0.034123
  19.316406	  -0.044058
  19.326172	  -0.057273
  19.335938	  -0.068638
  19.345703	  -0.073558
  19.355469	  -0.069282
  19.365234	  -0.055839
  19.375000	  -0.036281
  19.384766	  -0.016049
  19.394531	  -0.001560
  19.404297	   0.001658
  19.414062	  -0.009252
  19.423828	  -0.033304
  19.433594	  -0.065536
  19.443359	  -0.098014
  19.453125	  -0.121764
  19.462891	  -0.129130
  19.472656	  -0.115888
  19.482422	  -0.082523
  19.492188	  -0.034291
  19.501953	   0.019966
  19.511719	   0.069905
  19.521484	   0.106118
  19.531250	   0.122234
  19.541016	   0.116173
  19.550781	   0.090277
  19.560547	   0.050392
  19.570312	   0.004234
  19.580078	  -0.040435
  19.589844	  -0.077343
  19.599609	  -0.102602
  19.609375	  -0.114868
  19.619141	  -0.114886
  19.628906	  -0.104710
  19.638672	  -0.086900
  19.648438	  -0.063954
  19.658203	  -0.038044
  19.667969	  -0.011024
  19.677734	   0.015452
  19.687500	   0.039846
  19.697266	   0.060777
  19.707031	   0.077181
  19.716797	   0.088497
  19.726562	   0.094756
  19.736328	   0.096503
  19.746094	   0.094552
  19.755859	   0.089677
  19.765625	   0.082398
  19.775391	   0.072968
  19.785156	   0.061612
  19.794922	   0.048924
  19.804688	   0.036214
  19.814453	   0.025615
  19.824219	   0.019771
  19.833984	   0.021139
  19.843750	   0.031063
  19.853516	   0.048975
  19.863281	   0.072036
  19.873047	   0.095486
  19.882812	   0.113707
  19.892578	   0.121753
  19.902344	   0.116895
  19.912109	   0.099656
  19.921875	   0.073914
  19.931641	   0.045948
  19.941406	   0.022646
  19.951172	   0.009378
  19.960938	   0.008250
  19.970703	   0.017326
  19.980469	   0.031161
  19.990234	   0.042534
  20.000000	   0.044884
  20.009766	   0.034669
  20.019531	   0.012833
  20.029297	  -0.015137
  20.039062	  -0.040683
  20.048828	  -0.054742
  20.058594	  -0.050623
  20.068359	  -0.026242
  20.078125	   0.015029
  20.087891	   0.065239
  20.097656	   0.114204
  20.107422	   0.152612
  20.117188	   0.174847
  20.126953	   0.180626
  20.136719	   0.174865
  20.146484	   0.165804
  20.156250	   0.161987
  20.166016	   0.169110
  20.175781	   0.187796
  20.185547	   0.213082
  20.195312	   0.235863
  20.205078	   0.245846
  20.214844	   0.235106
  20.224609	   0.201051
  20.234375	   0.147817
  20.244141	   0.085550
  20.253906	   0.027732
  20.263672	  -0.012667
  20.273438	  -0.027055
  20.283203	  -0.013894
  20.292969	   0.020652
  20.302734	   0.064337
  20.312500	   0.102255
  20.322266	   0.121065
  20.332031	   0.112792
  20.341797	   0.077096
  20.351562	   0.021383
  20.361328	  -0.041233
  20.371094	  -0.095493
  20.380859	  -0.128050
  20.390625	  -0.130886
  20.400391	  -0.103191
  20.410156	  -0.051302
  20.419922	   0.013185
  20.429688	   0.076494
  20.439453	   0.126067
  20.449219	   0.153391
  20.458984	   0.155605
  20.468750	   0.135629
  20.478516	   0.100936
  20.488281	   0.061424
  20.498047	   0.026991
  20.507812	   0.005378
  20.517578	   0.000730
  20.527344	   0.013064
  20.537109	   0.038642
  20.546875	   0.071053
  20.556641	   0.102745
  20.566406	   0.126672
  20.576172	   0.137764
  20.585938	   0.133968
  20.595703	   0.116671
  20.605469	   0.090395
  20.615234	   0.061807
  20.625000	   0.038186
  20.634766	   0.025666
  20.644531	   0.027641
  20.654297	   0.043757
  20.664062	   0.069801
  20.673828	   0.098611
  20.683594	   0.121834
  20.693359	   0.132127
  20.703125	   0.125202
  20.712891	   0.101127
  20.722656	   0.064450
  20.732422	   0.023060
  20.742188	  -0.013933
  20.751953	  -0.038720
  20.761719	  -0.046944
  20.771484	  -0.038837
  20.781250	  -0.018968
  20.791016	   0.005339
  20.800781	   0.026427
  20.810547	   0.038805
  20.820312	   0.040900
  20.830078	   0.035507
  20.839844	   0.028736
  20.849609	   0.027810
  20.859375	   0.038415
  20.869141	   0.062484
  20.878906	   0.097169
  20.888672	   0.135385
  20.898438	   0.167798
  20.908203	   0.185647
  20.917969	   0.183508
  20.927734	   0.161120
  20.937500	   0.123658
  20.947266	   0.080354
  20.957031	   0.041876
  20.966797	   0.017272
  20.976562	   0.011422
  20.986328	   0.023778
  20.996094	   0.048737
  21.005859	   0.077503
  21.015625	   0.100814
  21.025391	   0.111660
  21.035156	   0.107169
  21.044922	   0.089113
  21.054688	   0.062962
  21.064453	   0.035867
  21.074219	   0.014276
  21.083984	   0.001968
  21.093750	  -0.000900
  21.103516	   0.002530
  21.113281	   0.007204
  21.123047	   0.008122
  21.132812	   0.002186
  21.142578	  -0.010657
  21.152344	  -0.027313
  21.162109	  -0.042468
  21.171875	  -0.050202
  21.181641	  -0.045758
  21.191406	  -0.026930
  21.201172	   0.005312
  21.210938	   0.047081
  21.220703	   0.092549
  21.230469	   0.135329
  21.240234	   0.169817
  21.250000	   0.192196
  21.259766	   0.200906
  21.269531	   0.196574
  21.279297	   0.181557
  21.289062	   0.159276
  21.298828	   0.133530
  21.308594	   0.107899
  21.318359	   0.085272
  21.328125	   0.067500
  21.337891	   0.055181
  21.347656	   0.047601
  21.357422	   0.042895
  21.367188	   0.038473
  21.376953	   0.031701
  21.386719	   0.020727
  21.396484	   0.005227
  21.406250	  -0.013169
  21.416016	  -0.031006
  21.425781	  -0.043766
  21.435547	  -0.047134
  21.445312	  -0.038451
  21.455078	  -0.017904
  21.464844	   0.010995
  21.474609	   0.041892
  21.484375	   0.067042
  21.494141	   0.079377
  21.503906	   0.074636
  21.513672	   0.052898
  21.523438	   0.018990
  21.533203	  -0.018444
  21.542969	  -0.049029
  21.552734	  -0.063364
  21.562500	  -0.055567
  21.572266	  -0.024937
  21.582031	   0.023781
  21.591797	   0.081605
  21.601562	   0.137656
  21.611328	   0.181946
  21.621094	   0.207802
  21.630859	   0.213259
  21.640625	   0.201073
  21.650391	   0.177435
  21.660156	   0.149858
  21.669922	   0.124923
  21.679688	   0.106561
  21.689453	   0.095340
  21.699219	   0.088866
  21.708984	   0.083053
  21.718750	   0.073766
  21.728516	   0.058287
  21.738281	   0.036153
  21.748047	   0.009206
  21.757812	  -0.019059
  21.767578	  -0.044524
  21.777344	  -0.063470
  21.787109	  -0.073280
  21.796875	  -0.072704
  21.806641	  -0.061753
  21.816406	  -0.041432
  21.826172	  -0.013536
  21.835938	   0.019369
  21.845703	   0.053817
  21.855469	   0.085376
  21.865234	   0.108878
  21.875000	   0.119120
  21.884766	   0.112012
  21.894531	   0.085927
  21.904297	   0.042793
  21.914062	  -0.011522
  21.923828	  -0.067866
  21.933594	  -0.115515
  21.943359	  -0.144614
  21.953125	  -0.148686
  21.962891	  -0.126490
  21.972656	  -0.082597
  21.982422	  -0.026408
  21.992188	   0.030165
  22.001953	   0.075743
  22.011719	   0.102353
  22.021484	   0.107260
  22.031250	   0.093234
  22.041016	   0.067161
  22.050781	   0.037503
  22.060547	   0.011433
  22.070312	  -0.007380
  22.080078	  -0.019625
  22.089844	  -0.029551
  22.099609	  -0.042836
  22.109375	  -0.063890
  22.119141	  -0.093571
  22.128906	  -0.128180
  22.138672	  -0.160165
  22.148438	  -0.180380
  22.158203	  -0.181187
  22.167969	  -0.159388
  22.177734	  -0.117929
  22.187500	  -0.065758
  22.197266	  -0.015735
  22.207031	   0.018824
  22.216797	   0.027954
  22.226562	   0.008023
  22.236328	  -0.037036
  22.246094	  -0.096641
  22.255859	  -0.156380
  22.265625	  -0.201876
  22.275391	  -0.222553
  22.285156	  -0.214211
  22.294922	  -0.179701
  22.304688	  -0.127589
  22.314453	  -0.069332
  22.324219	  -0.015880
  22.333984	   0.025204
  22.343750	   0.051304
  22.353516	   0.064600
  22.363281	   0.070410
  22.373047	   0.074693
  22.382812	   0.081590
  22.392578	   0.091843
  22.402344	   0.102549
  22.412109	   0.108273
  22.421875	   0.103093
  22.431641	   0.082829
  22.441406	   0.046735
  22.451172	  -0.001902
  22.460938	  -0.056418
  22.470703	  -0.108438
  22.480469	  -0.150017
  22.490234	  -0.175608
  22.500000	  -0.183293
  22.509766	  -0.174988
  22.519531	  -0.155653
  22.529297	  -0.131819
  22.539062	  -0.109900
  22.548828	  -0.094754
  22.558594	  -0.088826
  22.568359	  -0.091990
  22.578125	  -0.101998
  22.587891	  -0.115304
  22.597656	  -0.127998
  22.607422	  -0.136627
  22.617188	  -0.138754
  22.626953	  -0.133257
  22.636719	  -0.120379
  22.646484	  -0.101593
  22.656250	  -0.079324
  22.666016	  -0.056548
  22.675781	  -0.036274
  22.685547	  -0.020974
  22.695312	  -0.012031
  22.705078	  -0.009364
  22.714844	  -0.011365
  22.724609	  -0.015231
  22.734375	  -0.017682
  22.744141	  -0.015896
  22.753906	  -0.008430
  22.763672	   0.004196
  22.773438	   0.019443
  22.783203	   0.033329
  22.792969	   0.041508
  22.802734	   0.040545
  22.812500	   0.029020
  22.822266	   0.008084
  22.832031	  -0.018710
  22.841797	  -0.046300
  22.851562	  -0.069462
  22.861328	  -0.084196
  22.871094	  -0.088750
  22.880859	  -0.083943
  22.890625	  -0.072725
  22.900391	  -0.059137
  22.910156	  -0.047022
  22.919922	  -0.038916
  22.929688	  -0.035468
  22.939453	  -0.035533
  22.949219	  -0.036858
  22.958984	  -0.037063
  22.968750	  -0.034550
  22.978516	  -0.029011
  22.988281	  -0.021383
  22.998047	  -0.013308
  23.007812	  -0.006361
  23.017578	  -0.001369
  23.027344	   0.001881
  23.037109	   0.004435
  23.046875	   0.007558
  23.056641	   0.011971
  23.066406	   0.017305
  23.076172	   0.022013
  23.085938	   0.023857
  23.095703	   0.020802
  23.105469	   0.012002
  23.115234	  -0.001537
  23.125000	  -0.016933
  23.134766	  -0.030127
  23.144531	  -0.037149
  23.154297	  -0.035524
  23.164062	  -0.025327
  23.173828	  -0.009462
  23.183594	   0.007006
  23.193359	   0.018321
  23.203125	   0.019862
  23.212891	   0.009725
  23.222656	  -0.010486
  23.232422	  -0.035978
  23.242188	  -0.060147
  23.251953	  -0.076598
  23.261719	  -0.081187
  23.271484	  -0.073390
  23.281250	  -0.056554
  23.291016	  -0.036900
  23.300781	  -0.021599
  23.310547	  -0.016496
  23.320312	  -0.024239
  23.330078	  -0.043379
  23.339844	  -0.068750
  23.349609	  -0.092976
  23.359375	  -0.108639
  23.369141	  -0.110408
  23.378906	  -0.096471
  23.388672	  -0.068880
  23.398438	  -0.032748
  23.408203	   0.005380
  23.417969	   0.039395
  23.427734	   0.065154
  23.437500	   0.081205
  23.447266	   0.088587
  23.457031	   0.089870
  23.466797	   0.087882
  23.476562	   0.084604
  23.486328	   0.080633
  23.496094	   0.075333
  23.505859	   0.067539
  23.515625	   0.056467
  23.525391	   0.042404
  23.535156	   0.026869
  23.544922	   0.012176
  23.554688	   0.000554
  23.564453	  -0.006790
  23.574219	  -0.010275
  23.583984	  -0.011933
  23.593750	  -0.014708
  23.603516	  -0.021323
  23.613281	  -0.033100
  23.623047	  -0.049212
  23.632812	  -0.066675
  23.642578	  -0.081173
  23.652344	  -0.088445
  23.662109	  -0.085813
  23.671875	  -0.073275
  23.681641	  -0.053782
  23.691406	  -0.032521
  23.701172	  -0.015404
  23.710938	  -0.007218
  23.720703	  -0.010036
  23.730469	  -0.022406
  23.740234	  -0.039610
  23.750000	  -0.054924
  23.759766	  -0.061511
  23.769531	  -0.054368
  23.779297	  -0.031753
  23.789062	   0.004327
  23.798828	   0.048651
  23.808594	   0.094152
  23.818359	   0.133650
  23.828125	   0.161453
  23.837891	   0.174382
  23.847656	   0.172025
  23.857422	   0.156274
  23.867188	   0.130419
  23.876953	   0.098157
  23.886719	   0.062842
  23.896484	   0.027137
  23.906250	  -0.006952
  23.916016	  -0.037822
  23.925781	  -0.064044
  23.935547	  -0.084313
  23.945312	  -0.097639
  23.955078	  -0.103679
  23.964844	  -0.103014
  23.974609	  -0.097192
  23.984375	  -0.088431
  23.994141	  -0.079041
  24.003906	  -0.070761
  24.013672	  -0.064264
  24.023438	  -0.059063
  24.033203	  -0.053884
  24.042969	  -0.047397
  24.052734	  -0.039038
  24.062500	  -0.029572
  24.072266	  -0.021131
  24.082031	  -0.016619
  24.091797	  -0.018660
  24.101562	  -0.028413
  24.111328	  -0.044724
  24.121094	  -0.063975
  24.130859	  -0.080785
  24.140625	  -0.089436
  24.150391	  -0.085585
  24.160156	  -0.067736
  24.169922	  -0.037943
  24.179688	  -0.001465
  24.189453	   0.034578
  24.199219	   0.063156
  24.208984	   0.079276
  24.218750	   0.081315
  24.228516	   0.071294
  24.238281	   0.054030
  24.248047	   0.035448
  24.257812	   0.020631
  24.267578	   0.012287
  24.277344	   0.010121
  24.287109	   0.011320
  24.296875	   0.011941
  24.306641	   0.008669
  24.316406	   0.000297
  24.326172	  -0.011647
  24.335938	  -0.023358
  24.345703	  -0.030171
  24.355469	  -0.028407
  24.365234	  -0.016987
  24.375000	   0.001819
  24.384766	   0.022824
  24.394531	   0.039459
  24.404297	   0.045908
  24.414062	   0.039127
  24.423828	   0.020037
  24.433594	  -0.006566
  24.443359	  -0.033386
  24.453125	  -0.052871
  24.462891	  -0.059586
  24.472656	  -0.051925
  24.482422	  -0.032571
  24.492188	  -0.007558
  24.501953	   0.015776
  24.511719	   0.031237
  24.521484	   0.035815
  24.531250	   0.030605
  24.541016	   0.020315
  24.550781	   0.011526
  24.560547	   0.010290
  24.570312	   0.019911
  24.580078	   0.039649
  24.589844	   0.064814
  24.599609	   0.088216
  24.609375	   0.102496
  24.619141	   0.102562
  24.628906	   0.087313
  24.638672	   0.060074
  24.648438	   0.027624
  24.658203	  -0.001893
  24.667969	  -0.021453
  24.677734	  -0.027256
  24.687500	  -0.019766
  24.697266	  -0.003405
  24.707031	   0.014977
  24.716797	   0.028304
  24.726562	   0.031439
  24.736328	   0.022636
  24.746094	   0.003854
  24.755859	  -0.020062
  24.765625	  -0.043008
  24.775391	  -0.059459
  24.785156	  -0.065929
  24.794922	  -0.061631
  24.804688	  -0.048209
  24.814453	  -0.028778
  24.824219	  -0.006669
  24.833984	   0.015608
  24.843750	   0.036867
  24.853516	   0.057078
  24.863281	   0.076692
  24.873047	   0.095820
  24.882812	   0.113619
  24.892578	   0.128193
  24.902344	   0.137043
  24.912109	   0.137915
  24.921875	   0.129686
  24.931641	   0.112962
  24.941406	   0.090101
  24.951172	   0.064659
  24.960938	   0.040411
  24.970703	   0.020322
  24.980469	   0.005800
  24.990234	  -0.003478
  25.000000	  -0.009150
  25.009766	  -0.013308
  25.019531	  -0.017544
  25.029297	  -0.022250
  25.039062	  -0.026455
  25.048828	  -0.028231
  25.058594	  -0.025548
  25.068359	  -0.017214
  25.078125	  -0.003578
  25.087891	   0.013314
  25.097656	   0.030163
  25.107422	   0.043332
  25.117188	   0.049924
  25.126953	   0.048654
  25.136719	   0.040221
  25.146484	   0.027072
  25.156250	   0.012638
  25.166016	   0.000345
  25.175781	  -0.007301
  25.185547	  -0.009226
  25.195312	  -0.005801
  25.205078	   0.001615
  25.214844	   0.011363
  25.224609	   0.022114
  25.234375	   0.033212
  25.244141	   0.044608
  25.253906	   0.056459
  25.263672	   0.068601
  25.273438	   0.080159
  25.283203	   0.089490
  25.292969	   0.094531
  25.302734	   0.093443
  25.312500	   0.085304
  25.322266	   0.070579
  25.332031	   0.051149
  25.341797	   0.029864
  25.351562	   0.009744
  25.361328	  -0.006884
  25.371094	  -0.019008
  25.380859	  -0.027052
  25.390625	  -0.032461
  25.400391	  -0.036870
  25.410156	  -0.041189
  25.419922	  -0.044956
  25.429688	  -0.046238
  25.439453	  -0.042188
  25.449219	  -0.030099
  25.458984	  -0.008631
  25.468750	   0.021238
  25.478516	   0.055880
  25.488281	   0.089513
  25.498047	   0.115414
  25.507812	   0.127555
  25.517578	   0.122170
  25.527344	   0.098812
  25.537109	   0.060580
  25.546875	   0.013463
  25.556641	  -0.035015
  25.566406	  -0.077440
  25.576172	  -0.108000
  25.585938	  -0.123455
  25.595703	  -0.123392
  25.605469	  -0.109815
  25.615234	  -0.086296
  25.625000	  -0.056999
  25.634766	  -0.025878
  25.644531	   0.003788
  25.654297	   0.029515
  25.664062	   0.049505
  25.673828	   0.062493
  25.683594	   0.067713
  25.693359	   0.065011
  25.703125	   0.055057
  25.712891	   0.039504
  25.722656	   0.020922
  25.732422	   0.002434
  25.742188	  -0.012903
  25.751953	  -0.022818
  25.761719	  -0.026402
  25.771484	  -0.024322
  25.781250	  -0.018571
  25.791016	  -0.011813
  25.800781	  -0.006517
  25.810547	  -0.004194
  25.820312	  -0.004989
  25.830078	  -0.007798
  25.839844	  -0.010844
  25.849609	  -0.012510
  25.859375	  -0.012096
  25.869141	  -0.010200
  25.878906	  -0.008541
  25.888672	  -0.009281
  25.898438	  -0.014065
  25.908203	  -0.023176
  25.917969	  -0.035130
  25.927734	  -0.046943
  25.937500	  -0.055016
  25.947266	  -0.056372
  25.957031	  -0.049802
  25.966797	  -0.036478
  25.976562	  -0.019762
  25.986328	  -0.004191
  25.996094	   0.006057
  26.005859	   0.008700
  26.015625	   0.004353
  26.025391	  -0.003441
  26.035156	  -0.009243
  26.044922	  -0.007550
  26.054688	   0.005125
  26.064453	   0.028623
  26.074219	   0.058553
  26.083984	   0.087044
  26.093750	   0.104706
  26.103516	   0.103285
  26.113281	   0.078226
  26.123047	   0.030362
  26.132812	  -0.033823
  26.142578	  -0.103499
  26.152344	  -0.166044
  26.162109	  -0.210119
  26.171875	  -0.228423
  26.181641	  -0.219342
  26.191406	  -0.187050
  26.201172	  -0.140093
  26.210938	  -0.088885
  26.220703	  -0.042893
  26.230469	  -0.008315
  26.240234	   0.013128
  26.250000	   0.023998
  26.259766	   0.029710
  26.269531	   0.036370
  26.279297	   0.048577
  26.289062	   0.067837
  26.298828	   0.092046
  26.308594	   0.116116
  26.318359	   0.133515
  26.328125	   0.138210
  26.337891	   0.126456
  26.347656	   0.097920
  26.357422	   0.055878
  26.367188	   0.006475
  26.376953	  -0.042697
  26.386719	  -0.084300
  26.396484	  -0.112798
  26.406250	  -0.125491
  26.416016	  -0.122832
  26.425781	  -0.108032
  26.435547	  -0.086087
  26.445312	  -0.062515
  26.455078	  -0.042075
  26.464844	  -0.027779
  26.474609	  -0.020376
  26.484375	  -0.018406
  26.494141	  -0.018804
  26.503906	  -0.017905
  26.513672	  -0.012612
  26.523438	  -0.001437
  26.533203	   0.014855
  26.542969	   0.033225
  26.552734	   0.049023
  26.562500	   0.057220
  26.572266	   0.053929
  26.582031	   0.037810
  26.591797	   0.010914
  26.601562	  -0.021352
  26.611328	  -0.051252
  26.621094	  -0.070564
  26.630859	  -0.072797
  26.640625	  -0.055178
  26.650391	  -0.019805
  26.660156	   0.026463
  26.669922	   0.073449
  26.679688	   0.110134
  26.689453	   0.127519
  26.699219	   0.121078
  26.708984	   0.092077
  26.718750	   0.047312
  26.728516	  -0.002690
  26.738281	  -0.046557
  26.748047	  -0.075200
  26.757812	  -0.084290
  26.767578	  -0.075337
  26.777344	  -0.055041
  26.787109	  -0.033114
  26.796875	  -0.019208
  26.806641	  -0.019903
  26.816406	  -0.036650
  26.826172	  -0.065285
  26.835938	  -0.097270
  26.845703	  -0.122250
  26.855469	  -0.131142
  26.865234	  -0.118823
  26.875000	  -0.085618
  26.884766	  -0.037174
  26.894531	   0.017170
  26.904297	   0.066988
  26.914062	   0.103503
  26.923828	   0.121653
  26.933594	   0.120922
  26.943359	   0.104793
  26.953125	   0.079131
  26.962891	   0.050125
  26.972656	   0.022501
  26.982422	  -0.001428
  26.992188	  -0.021638
  27.001953	  -0.039356
  27.011719	  -0.055594
  27.021484	  -0.069867
  27.031250	  -0.079627
  27.041016	  -0.080671
  27.050781	  -0.068408
  27.060547	  -0.039580
  27.070312	   0.006166
  27.080078	   0.065421
  27.089844	   0.131181
  27.099609	   0.194062
  27.109375	   0.244226
  27.119141	   0.273468
  27.128906	   0.276915
  27.138672	   0.253866
  27.148438	   0.207661
  27.158203	   0.144684
  27.167969	   0.072885
  27.177734	   0.000280
  27.187500	  -0.066201
  27.197266	  -0.121305
  27.207031	  -0.161514
  27.216797	  -0.184786
  27.226562	  -0.190248
  27.236328	  -0.178066
  27.246094	  -0.149573
  27.255859	  -0.107554
  27.265625	  -0.056456
  27.275391	  -0.002288
  27.285156	   0.047984
  27.294922	   0.087494
  27.304688	   0.110812
  27.314453	   0.115178
  27.324219	   0.101279
  27.333984	   0.073266
  27.343750	   0.037947
  27.353516	   0.003305
  27.363281	  -0.023289
  27.373047	  -0.036713
  27.382812	  -0.035157
  27.392578	  -0.020351
  27.402344	   0.003073
  27.412109	   0.028892
  27.421875	   0.050892
  27.431641	   0.064346
  27.441406	   0.067014
  27.451172	   0.059440
  27.460938	   0.044553
  27.470703	   0.026718
  27.480469	   0.010513
  27.490234	  -0.000450
  27.500000	  -0.004406
  27.509766	  -0.001839
  27.519531	   0.004659
  27.529297	   0.011005
  27.539062	   0.012605
  27.548828	   0.005472
  27.558594	  -0.012704
  27.568359	  -0.041797
  27.578125	  -0.078943
  27.587891	  -0.118843
  27.597656	  -0.154666
  27.607422	  -0.179425
  27.617188	  -0.187567
  27.626953	  -0.176430
  27.636719	  -0.147156
  27.646484	  -0.104785
  27.656250	  -0.057372
  27.666016	  -0.014272
  27.675781	   0.016063
  27.685547	   0.028208
  27.695312	   0.021240
  27.705078	  -0.000911
  27.714844	  -0.030399
  27.724609	  -0.057519
  27.734375	  -0.073357
  27.744141	  -0.072305
  27.753906	  -0.053721
  27.763672	  -0.022210
  27.773438	   0.013607
  27.783203	   0.043518
  27.792969	   0.058664
  27.802734	   0.054153
  27.812500	   0.030556
  27.822266	  -0.006162
  27.832031	  -0.046295
  27.841797	  -0.079134
  27.851562	  -0.096013
  27.861328	  -0.092746
  27.871094	  -0.070751
  27.880859	  -0.036529
  27.890625	   0.000319
  27.900391	   0.029928
  27.910156	   0.045022
  27.919922	   0.042926
  27.929688	   0.026178
  27.939453	   0.001616
  27.949219	  -0.021764
  27.958984	  -0.035488
  27.968750	  -0.034029
  27.978516	  -0.016305
  27.988281	   0.014141
  27.998047	   0.050245
  28.007812	   0.083417
  28.017578	   0.105811
  28.027344	   0.112238
  28.037109	   0.101235
  28.046875	   0.075118
  28.056641	   0.039114
  28.066406	  -0.000071
  28.076172	  -0.035802
  28.085938	  -0.062801
  28.095703	  -0.077916
  28.105469	  -0.080312
  28.115234	  -0.071208
  28.125000	  -0.053328
  28.134766	  -0.030267
  28.144531	  -0.005889
  28.154297	   0.016202
  28.164062	   0.033118
  28.173828	   0.043080
  28.183594	   0.045725
  28.193359	   0.042231
  28.203125	   0.035169
  28.212891	   0.027998
  28.222656	   0.024238
  28.232422	   0.026466
  28.242188	   0.035403
  28.251953	   0.049381
  28.261719	   0.064437
  28.271484	   0.075108
  28.281250	   0.075791
  28.291016	   0.062332
  28.300781	   0.033400
  28.310547	  -0.008782
  28.320312	  -0.058624
  28.330078	  -0.108258
  28.339844	  -0.149294
  28.349609	  -0.174747
  28.359375	  -0.180627
  28.369141	  -0.166748
  28.378906	  -0.136560
  28.388672	  -0.096107
  28.398438	  -0.052441
  28.408203	  -0.011978
  28.417969	   0.020741
  28.427734	   0.043601
  28.437500	   0.056733
  28.447266	   0.061777
  28.457031	   0.060954
  28.466797	   0.056290
  28.476562	   0.049235
  28.486328	   0.040728
  28.496094	   0.031561
  28.505859	   0.022776
  28.515625	   0.015834
  28.525391	   0.012424
  28.535156	   0.013941
  28.544922	   0.020860
  28.554688	   0.032291
  28.564453	   0.045979
  28.574219	   0.058847
  28.583984	   0.067947
  28.593750	   0.071514
  28.603516	   0.069723
  28.613281	   0.064807
  28.623047	   0.060412
  28.632812	   0.060324
  28.642578	   0.066970
  28.652344	   0.080221
  28.662109	   0.096957
  28.671875	   0.111658
  28.681641	   0.117908
  28.691406	   0.110427
  28.701172	   0.086970
  28.710938	   0.049467
  28.720703	   0.003971
  28.730469	  -0.040663
  28.740234	  -0.075041
  28.750000	  -0.091772
  28.759766	  -0.087551
  28.769531	  -0.064119
  28.779297	  -0.027813
  28.789062	   0.012175
  28.798828	   0.046312
  28.808594	   0.067265
  28.818359	   0.071702
  28.828125	   0.060882
  28.837891	   0.039886
  28.847656	   0.015812
  28.857422	  -0.004472
  28.867188	  -0.016311
  28.876953	  -0.018386
  28.886719	  -0.012726
  28.896484	  -0.003670
  28.906250	   0.003786
  28.916016	   0.005687
  28.925781	   0.000337
  28.935547	  -0.011325
  28.945312	  -0.026197
  28.955078	  -0.040123
  28.964844	  -0.049181
  28.974609	  -0.050761
  28.984375	  -0.044092
  28.994141	  -0.030162
  29.003906	  -0.011161
  29.013672	   0.010276
  29.023438	   0.031723
  29.033203	   0.051321
  29.042969	   0.067791
  29.052734	   0.080215
  29.062500	   0.087806
  29.072266	   0.089826
  29.082031	   0.085744
  29.091797	   0.075574
  29.101562	   0.060201
  29.111328	   0.041491
  29.121094	   0.022043
  29.130859	   0.004586
  29.140625	  -0.008799
  29.150391	  -0.017357
  29.160156	  -0.021934
  29.169922	  -0.024690
  29.179688	  -0.028263
  29.189453	  -0.034655
  29.199219	  -0.044212
  29.208984	  -0.055125
  29.218750	  -0.063704
  29.228516	  -0.065424
  29.238281	  -0.056488
  29.248047	  -0.035391
  29.257812	  -0.003944
  29.267578	   0.032642
  29.277344	   0.066772
  29.287109	   0.090331
  29.296875	   0.096906
  29.306641	   0.083669
  29.316406	   0.052364
  29.326172	   0.009038
  29.335938	  -0.037421
  29.345703	  -0.077530
  29.355469	  -0.103582
  29.365234	  -0.111461
  29.375000	  -0.101400
  29.384766	  -0.077513
  29.394531	  -0.046342
  29.404297	  -0.014914
  29.414062	   0.011060
  29.423828	   0.028303
  29.433594	   0.036163
  29.443359	   0.035938
  29.453125	   0.029713
  29.462891	   0.019218
  29.472656	   0.005154
  29.482422	  -0.012758
  29.492188	  -0.035077
  29.501953	  -0.061622
  29.511719	  -0.090596
  29.521484	  -0.118288
  29.531250	  -0.139571
  29.541016	  -0.149112
  29.550781	  -0.142940
  29.560547	  -0.119845
  29.570312	  -0.082116
  29.580078	  -0.035315
  29.589844	   0.012900
  29.599609	   0.054573
  29.609375	   0.083354
  29.619141	   0.095919
  29.628906	   0.092517
  29.638672	   0.076490
  29.648438	   0.052985
  29.658203	   0.027286
  29.667969	   0.003303
  29.677734	  -0.017297
  29.687500	  -0.035111
  29.697266	  -0.052216
  29.707031	  -0.070904
  29.716797	  -0.092395
  29.726562	  -0.115959
  29.736328	  -0.138746
  29.746094	  -0.156352
  29.755859	  -0.163941
  29.765625	  -0.157557
  29.775391	  -0.135265
  29.785156	  -0.097792
  29.794922	  -0.048555
  29.804688	   0.006891
  29.814453	   0.061806
  29.824219	   0.109378
  29.833984	   0.143771
  29.843750	   0.160963
  29.853516	   0.159309
  29.863281	   0.139792
  29.873047	   0.105982
  29.882812	   0.063670
  29.892578	   0.020169
  29.902344	  -0.016737
  29.912109	  -0.040096
  29.921875	  -0.045170
  29.931641	  -0.030609
  29.941406	   0.000920
  29.951172	   0.042926
  29.960938	   0.086204
  29.970703	   0.120731
  29.980469	   0.137965
  29.990234	   0.132956
  30.000000	   0.105705
  30.009766	   0.061314
  30.019531	   0.008829
  30.029297	  -0.040995
  30.039062	  -0.078405
  30.048828	  -0.097095
  30.058594	  -0.095676
  30.068359	  -0.077750
  30.078125	  -0.050566
  30.087891	  -0.022671
  30.097656	  -0.001295
  30.107422	   0.009743
  30.117188	   0.010955
  30.126953	   0.006670
  30.136719	   0.003295
  30.146484	   0.006940
  30.156250	   0.021190
  30.166016	   0.045789
  30.175781	   0.076633
  30.185547	   0.107089
  30.195312	   0.130161
  30.205078	   0.140785
  30.214844	   0.137462
  30.224609	   0.122669
  30.234375	   0.101914
  30.244141	   0.081740
  30.253906	   0.067360
  30.263672	   0.060728
  30.273438	   0.059727
  30.283203	   0.058793
  30.292969	   0.050818
  30.302734	   0.029748
  30.312500	  -0.006940
  30.322266	  -0.056705
  30.332031	  -0.111905
  30.341797	  -0.161324
  30.351562	  -0.192928
  30.361328	  -0.197069
  30.371094	  -0.169266
  30.380859	  -0.111778
  30.390625	  -0.033526
  30.400391	   0.051651
  30.410156	   0.127937
  30.419922	   0.180968
  30.429688	   0.200887
  30.439453	   0.184321
  30.449219	   0.134872
  30.458984	   0.062065
  30.468750	  -0.020903
  30.478516	  -0.100047
  30.488281	  -0.163427
  30.498047	  -0.203316
  30.507812	  -0.217274
  30.517578	  -0.207981
  30.527344	  -0.181949
  30.537109	  -0.147487
  30.546875	  -0.112435
  30.556641	  -0.082219
  30.566406	  -0.058697
  30.576172	  -0.040083
  30.585938	  -0.021958
  30.595703	   0.000884
  30.605469	   0.032259
  30.615234	   0.072714
  30.625000	   0.118544
  30.634766	   0.162110
  30.644531	   0.193520
  30.654297	   0.203332
  30.664062	   0.185582
  30.673828	   0.140252
  30.683594	   0.074336
  30.693359	   0.000983
  30.703125	  -0.063283
  30.712891	  -0.102690
  30.722656	  -0.106635
  30.732422	  -0.073103
  30.742188	  -0.010004
  30.751953	   0.066211
  30.761719	   0.134457
  30.771484	   0.174567
  30.781250	   0.172964
  30.791016	   0.126824
  30.800781	   0.045418
  30.810547	  -0.051936
  30.820312	  -0.140900
  30.830078	  -0.198789
  30.839844	  -0.211034
  30.849609	  -0.175511
  30.859375	  -0.103398
  30.869141	  -0.016199
  30.878906	   0.060322
  30.888672	   0.103572
  30.898438	   0.100780
  30.908203	   0.052888
  30.917969	  -0.025509
  30.927734	  -0.110225
  30.937500	  -0.174383
  30.947266	  -0.196184
  30.957031	  -0.165242
  30.966797	  -0.085668
  30.976562	   0.025005
  30.986328	   0.140714
  30.996094	   0.234113
  31.005859	   0.284059
  31.015625	   0.281176
  31.025391	   0.229950
  31.035156	   0.146872
  31.044922	   0.055306
  31.054688	  -0.021321
  31.064453	  -0.065961
  31.074219	  -0.072207
  31.083984	  -0.045260
  31.093750	   0.000461
  31.103516	   0.046172
  31.113281	   0.074471
  31.123047	   0.074254
  31.132812	   0.043461
  31.142578	  -0.010962
  31.152344	  -0.075631
  31.162109	  -0.134840
  31.171875	  -0.174922
  31.181641	  -0.187565
  31.191406	  -0.171306
  31.201172	  -0.131006
  31.210938	  -0.075743
  31.220703	  -0.015986
  31.230469	   0.039053
  31.240234	   0.083141
  31.250000	   0.113528
  31.259766	   0.130362
  31.269531	   0.135464
  31.279297	   0.131031
  31.289062	   0.118745
  31.298828	   0.099502
  31.308594	   0.073697
  31.318359	   0.041809
  31.328125	   0.004946
  31.337891	  -0.034901
  31.347656	  -0.074958
  31.357422	  -0.112055
  31.367188	  -0.143071
  31.376953	  -0.165270
  31.386719	  -0.176438
  31.396484	  -0.174874
  31.406250	  -0.159407
  31.416016	  -0.129601
  31.425781	  -0.086201
  31.435547	  -0.031743
  31.445312	   0.028967
  31.455078	   0.088830
  31.464844	   0.139147
  31.474609	   0.171088
  31.484375	   0.177688
  31.494141	   0.155860
  31.503906	   0.107807
  31.513672	   0.041269
  31.523438	  -0.031648
  31.533203	  -0.096920
  31.542969	  -0.141759
  31.552734	  -0.157645
  31.562500	  -0.142367
  31.572266	  -0.100469
  31.582031	  -0.041939
  31.591797	   0.020503
  31.601562	   0.074729
  31.611328	   0.112166
  31.621094	   0.129567
  31.630859	   0.129108
  31.640625	   0.116880
  31.650391	   0.100355
  31.660156	   0.085682
  31.669922	   0.075721
  31.679688	   0.069426
  31.689453	   0.062724
  31.699219	   0.050517
  31.708984	   0.029076
  31.718750	  -0.002050
  31.728516	  -0.039278
  31.738281	  -0.075682
  31.748047	  -0.102907
  31.757812	  -0.113683
  31.767578	  -0.104107
  31.777344	  -0.074952
  31.787109	  -0.031580
  31.796875	   0.017495
  31.806641	   0.062926
  31.816406	   0.096988
  31.826172	   0.115430
  31.835938	   0.118184
  31.845703	   0.108810
  31.855469	   0.092955
  31.865234	   0.076386
  31.875000	   0.063272
  31.884766	   0.055213
  31.894531	   0.051261
  31.904297	   0.048787
  31.914062	   0.044793
  31.923828	   0.037162
  31.933594	   0.025384
  31.943359	   0.010585
  31.953125	  -0.005097
  31.962891	  -0.019459
  31.972656	  -0.031098
  31.982422	  -0.039851
  31.992188	  -0.046653
  32.001953	  -0.052893
  32.011719	  -0.059581
  32.021484	  -0.066653
  32.031250	  -0.072743
  32.041016	  -0.075522
  32.050781	  -0.072484
  32.060547	  -0.061897
  32.070312	  -0.043553
  32.080078	  -0.019024
  32.089844	   0.008669
  32.099609	   0.035875
  32.109375	   0.059296
  32.119141	   0.076807
  32.128906	   0.087795
  32.138672	   0.092928
  32.148438	   0.093455
  32.158203	   0.090343
  32.167969	   0.083612
  32.177734	   0.072155
  32.187500	   0.054152
  32.197266	   0.027974
  32.207031	  -0.006755
  32.216797	  -0.048328
  32.226562	  -0.092683
  32.236328	  -0.133867
  32.246094	  -0.165152
  32.255859	  -0.180495
  32.265625	  -0.175953
  32.275391	  -0.150634
  32.285156	  -0.106942
  32.294922	  -0.050077
  32.304688	   0.013032
  32.314453	   0.075045
  32.324219	   0.129421
  32.333984	   0.171266
  32.343750	   0.197706
  32.353516	   0.207830
  32.363281	   0.202382
  32.373047	   0.183376
  32.382812	   0.153775
  32.392578	   0.117262
  32.402344	   0.078017
  32.412109	   0.040408
  32.421875	   0.008513
  32.431641	  -0.014506
  32.441406	  -0.027036
  32.451172	  -0.029435
  32.460938	  -0.024039
  32.470703	  -0.014655
  32.480469	  -0.005595
  32.490234	  -0.000506
  32.500000	  -0.001328
  32.509766	  -0.007762
  32.519531	  -0.017431
  32.529297	  -0.026750
  32.539062	  -0.032242
  32.548828	  -0.031870
  32.558594	  -0.025933
  32.568359	  -0.017168
  32.578125	  -0.009979
  32.587891	  -0.008996
  32.597656	  -0.017429
  32.607422	  -0.035748
  32.617188	  -0.061186
  32.626953	  -0.088246
  32.636719	  -0.110123
  32.646484	  -0.120597
  32.656250	  -0.115803
  32.666016	  -0.095317
  32.675781	  -0.062190
  32.685547	  -0.021951
  32.695312	   0.019105
  32.705078	   0.055737
  32.714844	   0.085083
  32.724609	   0.107039
  32.734375	   0.123577
  32.744141	   0.137273
  32.753906	   0.149602
  32.763672	   0.159648
  32.773438	   0.163780
  32.783203	   0.156477
  32.792969	   0.132136
  32.802734	   0.087295
  32.812500	   0.022549
  32.822266	  -0.056528
  32.832031	  -0.139847
  32.841797	  -0.214637
  32.851562	  -0.268195
  32.861328	  -0.290822
  32.871094	  -0.278133
  32.880859	  -0.232105
  32.890625	  -0.160601
  32.900391	  -0.075546
  32.910156	   0.009733
  32.919922	   0.083235
  32.929688	   0.136403
  32.939453	   0.165163
  32.949219	   0.169774
  32.958984	   0.153742
  32.968750	   0.122269
  32.978516	   0.080810
  32.988281	   0.034129
  32.998047	  -0.013948
  33.007812	  -0.060227
  33.017578	  -0.101585
  33.027344	  -0.134565
  33.037109	  -0.155434
  33.046875	  -0.160795
  33.056641	  -0.148596
  33.066406	  -0.119200
  33.076172	  -0.076077
  33.085938	  -0.025769
  33.095703	   0.023001
  33.105469	   0.060975
  33.115234	   0.080369
  33.125000	   0.076746
  33.134766	   0.050238
  33.144531	   0.005760
  33.154297	  -0.047884
  33.164062	  -0.099843
  33.173828	  -0.139561
  33.183594	  -0.159101
  33.193359	  -0.154894
  33.203125	  -0.128509
  33.212891	  -0.086285
  33.222656	  -0.037906
  33.232422	   0.005757
  33.242188	   0.035052
  33.251953	   0.043660
  33.261719	   0.029979
  33.271484	  -0.002556
  33.281250	  -0.046261
  33.291016	  -0.090948
  33.300781	  -0.126235
  33.310547	  -0.143911
  33.320312	  -0.139809
  33.330078	  -0.114747
  33.339844	  -0.074302
  33.349609	  -0.027441
  33.359375	   0.015664
  33.369141	   0.046103
  33.378906	   0.058378
  33.388672	   0.051650
  33.398438	   0.029777
  33.408203	   0.000113
  33.417969	  -0.028600
  33.427734	  -0.048662
  33.437500	  -0.055490
  33.447266	  -0.048729
  33.457031	  -0.032117
  33.466797	  -0.012125
  33.476562	   0.004175
  33.486328	   0.011370
  33.496094	   0.007372
  33.505859	  -0.006009
  33.515625	  -0.023782
  33.525391	  -0.039528
  33.535156	  -0.047621
  33.544922	  -0.045181
  33.554688	  -0.033105
  33.564453	  -0.015824
  33.574219	   0.000137
  33.583984	   0.008339
  33.593750	   0.004610
  33.603516	  -0.011501
  33.613281	  -0.036519
  33.623047	  -0.064147
  33.632812	  -0.087346
  33.642578	  -0.100672
  33.652344	  -0.102074
  33.662109	  -0.093510
  33.671875	  -0.080140
  33.681641	  -0.068340
  33.691406	  -0.063209
  33.701172	  -0.066428
  33.710938	  -0.075273
  33.720703	  -0.083191
  33.730469	  -0.081845
  33.740234	  -0.064025
  33.750000	  -0.026477
  33.759766	   0.028305
  33.769531	   0.092006
  33.779297	   0.152261
  33.789062	   0.195846
  33.798828	   0.212336
  33.808594	   0.197138
  33.818359	   0.152939
  33.828125	   0.089085
  33.837891	   0.019029
  33.847656	  -0.043386
  33.857422	  -0.087731
  33.867188	  -0.109712
  33.876953	  -0.112000
  33.886719	  -0.102949
  33.896484	  -0.093596
  33.906250	  -0.093912
  33.916016	  -0.109442
  33.925781	  -0.139398
  33.935547	  -0.176761
  33.945312	  -0.210378
  33.955078	  -0.228381
  33.964844	  -0.221902
  33.974609	  -0.187938
  33.984375	  -0.130520
  33.994141	  -0.059837
  34.003906	   0.010425
  34.013672	   0.066731
  34.023438	   0.099289
  34.033203	   0.104555
  34.042969	   0.085974
  34.052734	   0.052786
  34.062500	   0.017276
  34.072266	  -0.008722
  34.082031	  -0.017111
  34.091797	  -0.005707
  34.101562	   0.021234
  34.111328	   0.054222
  34.121094	   0.081118
  34.130859	   0.090379
  34.140625	   0.074136
  34.150391	   0.030343
  34.160156	  -0.036500
  34.169922	  -0.116168
  34.179688	  -0.194864
  34.189453	  -0.258163
  34.199219	  -0.294081
  34.208984	  -0.295602
  34.218750	  -0.262127
  34.228516	  -0.199586
  34.238281	  -0.119192
  34.248047	  -0.035147
  34.257812	   0.038229
  34.267578	   0.089324
  34.277344	   0.111454
  34.287109	   0.103991
  34.296875	   0.072205
  34.306641	   0.025842
  34.316406	  -0.023210
  34.326172	  -0.063643
  34.335938	  -0.087220
  34.345703	  -0.090447
  34.355469	  -0.075074
  34.365234	  -0.047323
  34.375000	  -0.016071
  34.384766	   0.009517
  34.394531	   0.022298
  34.404297	   0.018807
  34.414062	  -0.000120
  34.423828	  -0.029883
  34.433594	  -0.063579
  34.443359	  -0.093945
  34.453125	  -0.115206
  34.462891	  -0.124329
  34.472656	  -0.121376
  34.482422	  -0.108944
  34.492188	  -0.090949
  34.501953	  -0.071209
  34.511719	  -0.052291
  34.521484	  -0.034991
  34.531250	  -0.018562
  34.541016	  -0.001571
  34.550781	   0.016981
  34.560547	   0.036699
  34.570312	   0.055372
  34.580078	   0.069283
  34.589844	   0.074179
  34.599609	   0.066633
  34.609375	   0.045339
  34.619141	   0.011937
  34.628906	  -0.028950
  34.638672	  -0.070522
  34.648438	  -0.105272
  34.658203	  -0.126756
  34.667969	  -0.131186
  34.677734	  -0.118437
  34.687500	  -0.092215
  34.697266	  -0.059332
  34.707031	  -0.028292
  34.716797	  -0.007493
  34.726562	  -0.003476
  34.736328	  -0.019571
  34.746094	  -0.055190
  34.755859	  -0.105883
  34.765625	  -0.164078
  34.775391	  -0.220359
  34.785156	  -0.265028
  34.794922	  -0.289703
  34.804688	  -0.288696
  34.814453	  -0.259985
  34.824219	  -0.205624
  34.833984	  -0.131523
  34.843750	  -0.046601
  34.853516	   0.038575
  34.863281	   0.113479
  34.873047	   0.169357
  34.882812	   0.200673
  34.892578	   0.205994
  34.902344	   0.188078
  34.912109	   0.153138
  34.921875	   0.109402
  34.931641	   0.065285
  34.941406	   0.027576
  34.951172	   0.000086
  34.960938	  -0.016932
  34.970703	  -0.026428
  34.980469	  -0.033383
  34.990234	  -0.043113
  35.000000	  -0.059508
  35.009766	  -0.083688
  35.019531	  -0.113439
  35.029297	  -0.143595
  35.039062	  -0.167293
  35.048828	  -0.177759
  35.058594	  -0.170172
  35.068359	  -0.143115
  35.078125	  -0.099203
  35.087891	  -0.044723
  35.097656	   0.011651
  35.107422	   0.060755
  35.117188	   0.094988
  35.126953	   0.109989
  35.136719	   0.105548
  35.146484	   0.085506
  35.156250	   0.056686
  35.166016	   0.027125
  35.175781	   0.004065
  35.185547	  -0.007767
  35.195312	  -0.007170
  35.205078	   0.003529
  35.214844	   0.019439
  35.224609	   0.034779
  35.234375	   0.044775
  35.244141	   0.047222
  35.253906	   0.043212
  35.263672	   0.036785
  35.273438	   0.033541
  35.283203	   0.038594
  35.292969	   0.054491
  35.302734	   0.079763
  35.312500	   0.108684
  35.322266	   0.132450
  35.332031	   0.141599
  35.341797	   0.129058
  35.351562	   0.092938
  35.361328	   0.038164
  35.371094	  -0.023731
  35.380859	  -0.076839
  35.390625	  -0.104734
  35.400391	  -0.095029
  35.410156	  -0.043392
  35.419922	   0.044194
  35.429688	   0.151745
  35.439453	   0.256301
  35.449219	   0.333085
  35.458984	   0.361515
  35.468750	   0.330515
  35.478516	   0.241661
  35.488281	   0.109230
  35.498047	  -0.042938
  35.507812	  -0.187009
  35.517578	  -0.297667
  35.527344	  -0.357868
  35.537109	  -0.362287
  35.546875	  -0.317625
  35.556641	  -0.239798
  35.566406	  -0.148943
  35.576172	  -0.063764
  35.585938	   0.003121
  35.595703	   0.047550
  35.605469	   0.073342
  35.615234	   0.089360
  35.625000	   0.105214
  35.634766	   0.127121
  35.644531	   0.155332
  35.654297	   0.183968
  35.664062	   0.203301
  35.673828	   0.203653
  35.683594	   0.179567
  35.693359	   0.132761
  35.703125	   0.072775
  35.712891	   0.014963
  35.722656	  -0.023654
  35.732422	  -0.029429
  35.742188	   0.003528
  35.751953	   0.071023
  35.761719	   0.159297
  35.771484	   0.248293
  35.781250	   0.316770
  35.791016	   0.347773
  35.800781	   0.332876
  35.810547	   0.274022
  35.820312	   0.182479
  35.830078	   0.075343
  35.839844	  -0.029303
  35.849609	  -0.117088
  35.859375	  -0.180545
  35.869141	  -0.219932
  35.878906	  -0.241619
  35.888672	  -0.254671
  35.898438	  -0.266857
  35.908203	  -0.281374
  35.917969	  -0.295352
  35.927734	  -0.300594
  35.937500	  -0.286289
  35.947266	  -0.242858
  35.957031	  -0.165719
  35.966797	  -0.057848
  35.976562	   0.069683
  35.986328	   0.199364
  35.996094	   0.310702
  36.005859	   0.384573
  36.015625	   0.407382
  36.025391	   0.374004
  36.035156	   0.288858
  36.044922	   0.164919
  36.054688	   0.021007
  36.064453	  -0.121968
  36.074219	  -0.244915
  36.083984	  -0.333779
  36.093750	  -0.381448
  36.103516	  -0.388066
  36.113281	  -0.359817
  36.123047	  -0.306614
  36.132812	  -0.239281
  36.142578	  -0.166952
  36.152344	  -0.095276
  36.162109	  -0.025864
  36.171875	   0.042951
  36.181641	   0.114258
  36.191406	   0.190167
  36.201172	   0.269574
  36.210938	   0.346843
  36.220703	   0.411928
  36.230469	   0.452127
  36.240234	   0.455176
  36.250000	   0.412951
  36.259766	   0.324773
  36.269531	   0.199254
  36.279297	   0.053941
  36.289062	  -0.087479
  36.298828	  -0.199942
  36.308594	  -0.262686
  36.318359	  -0.264384
  36.328125	  -0.206308
  36.337891	  -0.102534
  36.347656	   0.023071
  36.357422	   0.142422
  36.367188	   0.229977
  36.376953	   0.268901
  36.386719	   0.254948
  36.396484	   0.197018
  36.406250	   0.114209
  36.416016	   0.030228
  36.425781	  -0.033251
  36.435547	  -0.062367
  36.445312	  -0.054373
  36.455078	  -0.017569
  36.464844	   0.032013
  36.474609	   0.076062
  36.484375	   0.099873
  36.494141	   0.096853
  36.503906	   0.070303
  36.513672	   0.032004
  36.523438	  -0.001867
  36.533203	  -0.016158
  36.542969	  -0.001760
  36.552734	   0.041322
  36.562500	   0.103761
  36.572266	   0.169579
  36.582031	   0.220788
  36.591797	   0.242568
  36.601562	   0.227393
  36.611328	   0.176925
  36.621094	   0.101243
  36.630859	   0.015774
  36.640625	  -0.063012
  36.650391	  -0.121795
  36.660156	  -0.153283
  36.669922	  -0.157080
  36.679688	  -0.138538
  36.689453	  -0.106197
  36.699219	  -0.068811
  36.708984	  -0.032949
  36.718750	  -0.001840
  36.728516	   0.024377
  36.738281	   0.047336
  36.748047	   0.068753
  36.757812	   0.089086
  36.767578	   0.107044
  36.777344	   0.120077
  36.787109	   0.125543
  36.796875	   0.122023
  36.806641	   0.110201
  36.816406	   0.092940
  36.826172	   0.074532
  36.835938	   0.059395
  36.845703	   0.050749
  36.855469	   0.049730
  36.865234	   0.055259
  36.875000	   0.064626
  36.884766	   0.074487
  36.894531	   0.081828
  36.904297	   0.084488
  36.914062	   0.081103
  36.923828	   0.070586
  36.933594	   0.051574
  36.943359	   0.022276
  36.953125	  -0.018939
  36.962891	  -0.072254
  36.972656	  -0.134795
  36.982422	  -0.199415
  36.992188	  -0.254562
  37.001953	  -0.285720
  37.011719	  -0.278381
  37.021484	  -0.221957
  37.031250	  -0.113556
  37.041016	   0.039567
  37.050781	   0.219883
  37.060547	   0.402139
  37.070312	   0.558205
  37.080078	   0.663064
  37.089844	   0.700399
  37.099609	   0.666224
  37.109375	   0.569524
  37.119141	   0.429681
  37.128906	   0.271416
  37.138672	   0.118672
  37.148438	  -0.010815
  37.158203	  -0.108761
  37.167969	  -0.176554
  37.177734	  -0.222578
  37.187500	  -0.257625
  37.197266	  -0.289970
  37.207031	  -0.321711
  37.216797	  -0.347583
  37.226562	  -0.356594
  37.236328	  -0.335961
  37.246094	  -0.276051
  37.255859	  -0.174748
  37.265625	  -0.039802
  37.275391	   0.111625
  37.285156	   0.256199
  37.294922	   0.369571
  37.304688	   0.432031
  37.314453	   0.433151
  37.324219	   0.374187
  37.333984	   0.267693
  37.343750	   0.134537
  37.353516	  -0.000788
  37.363281	  -0.115344
  37.373047	  -0.192128
  37.382812	  -0.222732
  37.392578	  -0.207856
  37.402344	  -0.155840
  37.412109	  -0.079809
  37.421875	   0.005710
  37.431641	   0.087858
  37.441406	   0.157569
  37.451172	   0.210425
  37.460938	   0.246257
  37.470703	   0.267766
  37.480469	   0.278632
  37.490234	   0.281616
  37.500000	   0.277125
  37.509766	   0.262607
  37.519531	   0.232973
  37.529297	   0.182012
  37.539062	   0.104575
  37.548828	  -0.000961
  37.558594	  -0.130567
  37.568359	  -0.273437
  37.578125	  -0.412411
  37.587891	  -0.526171
  37.597656	  -0.593021
  37.607422	  -0.595573
  37.617188	  -0.525280
  37.626953	  -0.385651
  37.636719	  -0.193100
  37.646484	   0.025079
  37.656250	   0.235440
  37.666016	   0.404904
  37.675781	   0.507600
  37.685547	   0.530340
  37.695312	   0.475325
  37.705078	   0.359333
  37.714844	   0.209528
  37.724609	   0.056961
  37.734375	  -0.070568
  37.744141	  -0.154441
  37.753906	  -0.188456
  37.763672	  -0.178653
  37.773438	  -0.139976
  37.783203	  -0.090896
  37.792969	  -0.047645
  37.802734	  -0.019733
  37.812500	  -0.007932
  37.822266	  -0.005145
  37.832031	   0.000340
  37.841797	   0.020382
  37.851562	   0.062768
  37.861328	   0.128518
  37.871094	   0.211443
  37.880859	   0.299923
  37.890625	   0.380175
  37.900391	   0.439910
  37.910156	   0.471216
  37.919922	   0.471900
  37.929688	   0.445073
  37.939453	   0.397360
  37.949219	   0.336523
  37.958984	   0.269381
  37.968750	   0.200685
  37.978516	   0.133156
  37.988281	   0.068452
  37.998047	   0.008449
  38.007812	  -0.043827
  38.017578	  -0.084103
  38.027344	  -0.107704
  38.037109	  -0.111029
  38.046875	  -0.093051
  38.056641	  -0.056217
  38.066406	  -0.006293
  38.076172	   0.048877
  38.085938	   0.101343
  38.095703	   0.145082
  38.105469	   0.177384
  38.115234	   0.199111
  38.125000	   0.213716
  38.134766	   0.225401
  38.144531	   0.237067
  38.154297	   0.248844
  38.164062	   0.257752
  38.173828	   0.258677
  38.183594	   0.246341
  38.193359	   0.217598
  38.203125	   0.173226
  38.212891	   0.118534
  38.222656	   0.062498
  38.232422	   0.015617
  38.242188	  -0.012857
  38.251953	  -0.017476
  38.261719	   0.001889
  38.271484	   0.040035
  38.281250	   0.087933
  38.291016	   0.135271
  38.300781	   0.173256
  38.310547	   0.196829
  38.320312	   0.205666
  38.330078	   0.203745
  38.339844	   0.197673
  38.349609	   0.194387
  38.359375	   0.198927
  38.369141	   0.212951
  38.378906	   0.234351
  38.388672	   0.258007
  38.398438	   0.277341
  38.408203	   0.286187
  38.417969	   0.280441
  38.427734	   0.259091
  38.437500	   0.224466
  38.447266	   0.181754
  38.457031	   0.137991
  38.466797	   0.100800
  38.476562	   0.077108
  38.486328	   0.072011
  38.496094	   0.087896
  38.505859	   0.123894
  38.515625	   0.175733
  38.525391	   0.236105
  38.535156	   0.295588
  38.544922	   0.344111
  38.554688	   0.372765
  38.564453	   0.375624
  38.574219	   0.351128
  38.583984	   0.302584
  38.593750	   0.237544
  38.603516	   0.166084
  38.613281	   0.098394
  38.623047	   0.042318
  38.632812	   0.001602
  38.642578	  -0.024579
  38.652344	  -0.040593
  38.662109	  -0.052135
  38.671875	  -0.063528
  38.681641	  -0.075517
  38.691406	  -0.084425
  38.701172	  -0.083126
  38.710938	  -0.063690
  38.720703	  -0.020907
  38.730469	   0.044500
  38.740234	   0.124208
  38.750000	   0.203026
  38.759766	   0.262135
  38.769531	   0.284121
  38.779297	   0.258374
  38.789062	   0.185187
  38.798828	   0.077090
  38.808594	  -0.043270
  38.818359	  -0.148370
  38.828125	  -0.212867
  38.837891	  -0.220483
  38.847656	  -0.168695
  38.857422	  -0.069741
  38.867188	   0.052479
  38.876953	   0.168831
  38.886719	   0.252895
  38.896484	   0.288142
  38.906250	   0.272225
  38.916016	   0.217127
  38.925781	   0.145118
  38.935547	   0.081752
  38.945312	   0.048005
  38.955078	   0.053923
  38.964844	   0.095674
  38.974609	   0.156865
  38.984375	   0.213685
  38.994141	   0.242303
  39.003906	   0.226257
  39.013672	   0.161651
  39.023438	   0.058597
  39.033203	  -0.061453
  39.042969	  -0.171676
  39.052734	  -0.247344
  39.062500	  -0.272610
  39.072266	  -0.244694
  39.082031	  -0.174347
  39.091797	  -0.082573
  39.101562	   0.005327
  39.111328	   0.066657
  39.121094	   0.087235
  39.130859	   0.064761
  39.140625	   0.008899
  39.150391	  -0.061764
  39.160156	  -0.124851
  39.169922	  -0.159961
  39.179688	  -0.153536
  39.189453	  -0.101693
  39.199219	  -0.010533
  39.208984	   0.105904
  39.218750	   0.229260
  39.228516	   0.341020
  39.238281	   0.426191
  39.248047	   0.475722
  39.257812	   0.487333
  39.267578	   0.464821
  39.277344	   0.416258
  39.287109	   0.351656
  39.296875	   0.280705
  39.306641	   0.211044
  39.316406	   0.147356
  39.326172	   0.091352
  39.335938	   0.042522
  39.345703	  -0.000616
  39.355469	  -0.039129
  39.365234	  -0.072518
  39.375000	  -0.098127
  39.384766	  -0.111343
  39.394531	  -0.106597
  39.404297	  -0.078991
  39.414062	  -0.026173
  39.423828	   0.050063
  39.433594	   0.142976
  39.443359	   0.241248
  39.453125	   0.330636
  39.462891	   0.396662
  39.472656	   0.427769
  39.482422	   0.418167
  39.492188	   0.369599
  39.501953	   0.291475
  39.511719	   0.199211
  39.521484	   0.111106
  39.531250	   0.044472
  39.541016	   0.011969
  39.550781	   0.019055
  39.560547	   0.063155
  39.570312	   0.134706
  39.580078	   0.219707
  39.589844	   0.303056
  39.599609	   0.371749
  39.609375	   0.417163
  39.619141	   0.435949
  39.628906	   0.429520
  39.638672	   0.402502
  39.648438	   0.360799
  39.658203	   0.309915
  39.667969	   0.254010
  39.677734	   0.195831
  39.687500	   0.137339
  39.697266	   0.080609
  39.707031	   0.028531
  39.716797	  -0.015018
  39.726562	  -0.045625
  39.736328	  -0.059251
  39.746094	  -0.053237
  39.755859	  -0.027034
  39.765625	   0.017607
  39.775391	   0.077014
  39.785156	   0.146355
  39.794922	   0.220455
  39.804688	   0.294358
  39.814453	   0.363459
  39.824219	   0.423271
  39.833984	   0.469086
  39.843750	   0.495893
  39.853516	   0.498813
  39.863281	   0.474148
  39.873047	   0.420790
  39.882812	   0.341543
  39.892578	   0.243786
  39.902344	   0.139039
  39.912109	   0.041289
  39.921875	  -0.035652
  39.931641	  -0.081124
  39.941406	  -0.090110
  39.951172	  -0.064477
  39.960938	  -0.012541
  39.970703	   0.053000
  39.980469	   0.118189
  39.990234	   0.171123
