Time history matched to spectrum: Study 1 targetSpectrum.txt
#Misfit: 0.106173
File Type: Accelerations (g)
#Indentifier:  Step 4
#Zero Time Index: 5038
NPTS= 4096 , DT= 0.009766 SEC
0.000213513
7.89929E-05
-2.25082E-05
-9.53735E-05
-0.000155968
-0.000225072
-0.000318404
-0.000438822
-0.000573246
-0.000695651
-0.000775257
-0.000787033
-0.000720721
-0.000585046
-0.000405448
-0.000216093
-4.90092E-05
7.56786E-05
0.000154817
0.000200674
0.000233364
0.000270083
0.000315323
0.000355942
0.000363246
0.000301685
0.000141183
-0.000131301
-0.00050536
-0.000948445
-0.001414779
-0.001858922
-0.002249252
-0.002576445
-0.002853767
-0.003108809
-0.003369476
-0.003649242
-0.003937179
-0.004196777
-0.004374605
-0.004416351
-0.004285061
-0.003975341
-0.003518387
-0.002975645
-0.002422641
-0.001927863
-0.001533389
-0.001243468
-0.001024858
-0.000818874
-0.000561426
-0.000204739
0.000265993
0.000826099
0.001416828
0.001960693
0.002381795
0.002624908
0.002667842
0.002524072
0.002235842
0.001860837
0.00145717
0.001071348
0.000732245
0.000451728
0.000230145
6.35143E-05
-5.0851E-05
-0.000112362
-0.000119043
-7.17316E-05
2.19245E-05
0.000146005
0.000278543
0.000396868
0.000484048
0.00053376
0.000551465
0.000551103
0.000548403
0.000553303
0.000564503
0.000568474
0.000543652
0.000468527
0.000330783
0.000134086
-0.000100167
-0.000337058
-0.000537109
-0.000667015
-0.0007085
-0.000662274
-0.00054582
-0.000385981
-0.000209141
-3.26459E-05
0.000139462
0.000315004
0.000507329
0.000726749
0.000973267
0.001233531
0.001483281
0.00169432
0.001843197
0.001918012
0.001920488
0.00186226
0.001756776
0.001610104
0.001414712
0.001149342
0.000785945
0.000301811
-0.000307256
-0.001017816
-0.001777802
-0.00251525
-0.003154891
-0.003637792
-0.003937752
-0.004068782
-0.004080648
-0.004043309
-0.004024816
-0.004069596
-0.004184103
-0.004334605
-0.004457919
-0.004481694
-0.004347676
-0.004030421
-0.003545467
-0.002944506
-0.002299483
-0.00168113
-0.001139236
-0.000691108
-0.000321731
0.000005
0.000328405
0.000673154
0.001037829
0.001393916
0.001695404
0.001895317
0.001963102
0.001896488
0.001723511
0.001493933
0.001263092
0.001073922
0.000943505
0.000858871
0.000783476
0.000671986
0.000488127
0.000219279
-0.00011722
-0.00047821
-0.000807703
-0.001054145
-0.001185993
-0.001200377
-0.001122177
-0.00099428
-0.000862752
-0.000762282
-0.000706863
-0.000688574
-0.00068423
-0.000666914
-0.000617743
-0.000533444
-0.000427128
-0.000322384
-0.000243366
-0.000205007
-0.000207291
-0.000235774
-0.000268012
-0.000283108
-0.000270412
-0.00023364
-0.000188569
-0.000155046
-0.00014641
-0.000160661
-0.000177259
-0.000161428
-7.50408E-05
0.000109406
0.000396633
0.000762732
0.001158105
0.001518674
0.001781978
0.001903062
0.001865194
0.001682153
0.001391897
0.001044195
0.000686799
0.000354855
0.0000667
-0.000173433
-0.000368051
-0.000518336
-0.000619393
-0.000661274
-0.000635515
-0.000544302
-0.000407846
-0.000265766
-0.000170301
-0.000172324
-0.000304207
-0.000565369
-0.000916158
-0.001283321
-0.00157664
-0.001712405
-0.001636843
-0.001342188
-0.000870202
-0.000301795
0.000264174
0.000736414
0.001053245
0.001194703
0.001181655
0.001063263
0.000897854
0.000734181
0.000599368
0.000497056
0.000415222
0.000339595
0.000266535
0.00020975
0.000197744
0.000262713
0.000425196
0.000680643
0.000993741
0.001303573
0.001538787
0.001638064
0.001569049
0.001339028
0.000993411
0.000602174
0.000238671
-4.20796E-05
-0.000218271
-0.000304397
-0.000341716
-0.000379739
-0.000455502
-0.000578183
-0.000724574
-0.000847035
-0.000890992
-0.000815622
-0.000610208
-0.00030022
5.90724E-05
0.00039919
0.000659293
0.00080389
0.00083126
0.000769886
0.000664648
0.000558274
0.000475184
0.00041388
0.000350688
0.00025324
9.82592E-05
-0.000113586
-0.000352086
-0.000564047
-0.000690326
-0.000687497
-0.000546199
-0.000298959
-1.37918E-05
0.000225214
0.000344331
0.0003049
0.000117802
-0.000157647
-0.000430517
-0.000605684
-0.000613078
-0.000429334
-0.0000849
0.000345491
0.000765609
0.001086144
0.001249497
0.001243296
0.001098994
0.000877106
0.000644957
0.000454991
0.000330892
0.000265522
0.000230214
0.000190877
0.000124262
2.81235E-05
-7.82592E-05
-0.000162792
-0.000194559
-0.000157224
-5.64367E-05
8.16255E-05
0.000219782
0.000323488
0.000373006
0.00036923
0.000330926
0.00028471
0.000252111
0.000239318
0.000234213
0.000212293
0.00014932
0.00003555
-0.000114757
-0.000263283
-0.000358345
-0.000353283
-0.000226031
7.7398E-06
0.000293813
0.000552718
0.000703705
0.00069176
0.000508281
0.000197609
-0.000153843
-0.000443224
-0.000583631
-0.000532545
-0.000306555
2.30541E-05
0.000352809
0.000580404
0.000637807
0.000512929
0.000252495
-5.48316E-05
-0.000309237
-0.000433793
-0.000399976
-0.000235922
-1.47347E-05
0.000172846
0.000251561
0.000188789
6.07959E-06
-0.000228903
-0.000427063
-0.000510262
-0.000439776
-0.000230658
5.30949E-05
0.000320789
0.000486646
0.000499495
0.000359951
0.000119098
-0.000140655
-0.000335441
-0.00040967
-0.000354894
-0.000211146
-5.04949E-05
5.09245E-05
4.2048E-05
-8.35684E-05
-0.000284924
-0.000488421
-0.000614857
-0.000608582
-0.000458072
-0.000200406
9.19643E-05
0.000337191
0.000473163
0.000479074
0.000381586
0.000243461
0.000139126
0.000126368
0.00022488
0.000409602
0.000621344
0.000790489
0.000864696
0.000829856
0.00071613
0.000586469
0.00051176
0.000541947
0.000684268
0.000897321
0.001103852
0.001218143
0.001178205
0.000970809
0.000639689
0.00027319
-2.48694E-05
-0.000171069
-0.000132177
6.20449E-05
0.000327997
0.000556495
0.000650278
0.000557509
0.000289312
-8.49224E-05
-0.000462679
-0.000744708
-0.000869384
-0.000832467
-0.000685178
-0.000511474
-0.000393312
-0.000377135
-0.000454577
-0.000565054
-0.000619735
-0.000538128
-0.000283516
0.00011658
0.000573501
0.000964102
0.001172098
0.001129479
0.000842757
0.000393941
-8.49847E-05
-0.000455621
-0.000619606
-0.000551396
-0.000305512
4.57857E-06
0.000248482
0.000326691
0.000206795
-6.51806E-05
-0.000382545
-0.000618358
-0.000673565
-0.000514876
-0.000188069
0.000198572
0.000514842
0.000658111
0.000593018
0.000365885
8.76265E-05
-0.000109165
-0.000123293
7.20306E-05
0.000413285
0.000765337
0.000969259
0.000902499
0.000529052
-7.99867E-05
-0.000765012
-0.001330885
-0.001616434
-0.001555496
-0.00120633
-0.000736748
-0.000368033
-0.000296033
-0.000617209
-0.001286961
-0.002127181
-0.002882793
-0.00330923
-0.0032606
-0.002746644
-0.001936364
-0.001104559
-0.000538042
-0.000433758
-0.000825491
-0.001567122
-0.002381119
-0.002957326
-0.003067745
-0.002654939
-0.001858623
-0.000965358
-0.00029357
-5.10724E-05
-0.000215835
-0.000487348
-0.000335493
0.000857715
0.003600757
0.008099505
0.014132636
0.021043169
0.027860327
0.033525601
0.037162355
0.038310898
0.037057095
0.034011346
0.030138024
0.026480414
0.023858922
0.022630544
0.022581621
0.022988111
0.022828888
0.021092547
0.017090006
0.01068247
0.002357786
-0.006868916
-0.015704658
-0.022910116
-0.027622178
-0.029579104
-0.029186763
-0.027407771
-0.02550292
-0.02469304
-0.025829359
-0.029157007
-0.034231168
-0.040006062
-0.045073833
-0.047994397
-0.047636889
-0.043452497
-0.0356165
-0.025009032
-0.013041535
-0.001370507
0.008435778
0.015203066
0.018362979
0.01802705
0.014911217
0.010133327
0.004935127
0.000396994
-0.002785894
-0.004413459
-0.004753796
-0.004392253
-0.004002389
-0.004105947
-0.004892281
-0.006151148
-0.007340221
-0.007768638
-0.006841766
-0.004291251
-0.000315391
0.004420854
0.00893557
0.012192031
0.013398221
0.012252305
0.009053936
0.004638615
0.000145292
-0.003319737
-0.005023446
-0.004845243
-0.003334767
-0.001561115
-0.000790189
-0.002082536
-0.005933338
-0.012068844
-0.019469947
-0.026626021
-0.03195071
-0.034238247
-0.033021557
-0.028718522
-0.022514087
-0.016005596
-0.010712695
-0.007598176
-0.006747619
-0.007311773
-0.007738562
-0.006234251
-0.0013219
0.007668057
0.020324642
0.03518929
0.050095138
0.062722566
0.071215642
0.07468342
0.073440303
0.068912466
0.063231768
0.058627416
0.05678367
0.058342572
0.062691463
0.068097183
0.072154373
0.072430304
0.067136011
0.055646909
0.038735886
0.018456894
-0.002293496
-0.020428396
-0.03337677
-0.03967248
-0.039286106
-0.033623183
-0.025192404
-0.017024079
-0.011974959
-0.012078587
-0.018086706
-0.029301457
-0.04373122
-0.058530529
-0.070622301
-0.077362156
-0.077097781
-0.069502291
-0.05561336
-0.037577569
-0.018166615
-0.000183044
0.014103989
0.023363645
0.027362453
0.026854714
0.023250306
0.018161653
0.012959413
0.008458399
0.004813403
0.001640502
-0.001688596
-0.005683542
-0.010428224
-0.015435751
-0.019719842
-0.022066804
-0.021425286
-0.0172886
-0.009940702
-0.000474646
0.009438987
0.01797704
0.02366072
0.025773836
0.024568657
0.021185626
0.017298826
0.014584823
0.014171427
0.016235765
0.01988226
0.023350808
0.024507181
0.02148076
0.013266009
0.000109094
-0.016440653
-0.033839813
-0.049142179
-0.059712151
-0.063864439
-0.061255234
-0.052921145
-0.04096225
-0.027965016
-0.016330796
-0.007696327
-0.002599729
-0.000469863
7.77316E-05
0.000740819
0.002981068
0.007585178
0.014455359
0.022674993
0.030813201
0.037365223
0.041192338
0.04183313
0.039602354
0.035459381
0.030695093
0.026535105
0.023775776
0.022554616
0.022315039
0.021970122
0.020217196
0.015917944
0.00844573
-0.002086204
-0.014770262
-0.028036137
-0.039938936
-0.048541197
-0.052308209
-0.050435136
-0.04303915
-0.03117658
-0.016678604
-0.001833772
0.011024366
0.019946186
0.023727104
0.022127042
0.015900452
0.006627215
-0.003622872
-0.012721503
-0.018915219
-0.021164426
-0.019312651
-0.014050924
-0.006692188
0.001182248
0.008111003
0.013076063
0.015682219
0.016155473
0.015174878
0.013598434
0.012170971
0.011302377
0.010978569
0.010823449
0.010281794
0.008855833
0.006313533
0.002798828
-0.001191422
-0.004953518
-0.00779462
-0.009247145
-0.009206807
-0.007947698
-0.006009839
-0.003998353
-0.002363984
-0.001241977
-0.000407666
0.000631596
0.002434644
0.005379729
0.009455714
0.014165617
0.018584009
0.021562722
0.022032586
0.019317071
0.013366592
0.004842058
-0.004982783
-0.014480871
-0.022029535
-0.026376371
-0.026921884
-0.023850244
-0.018079521
-0.011048043
-0.004392222
0.000406344
0.002324717
0.000990526
-0.003271197
-0.009535326
-0.016487376
-0.02269703
-0.026896881
-0.028213706
-0.026313592
-0.021441085
-0.014352429
-0.006160855
0.001874427
0.008575616
0.013048373
0.01482195
0.013902639
0.010732904
0.006068198
0.000801489
-0.004222614
-0.008360209
-0.011252355
-0.012825649
-0.013217531
-0.01265669
-0.011342162
-0.009364327
-0.00669642
-0.003260291
0.000957384
0.00578319
0.010780922
0.015262092
0.018397471
0.019410206
0.017800089
0.013531415
0.007120133
-0.000419571
-0.007769844
-0.013602902
-0.016899197
-0.017203135
-0.014742807
-0.010375886
-0.005371948
-0.001087837
0.001376648
0.001449727
-0.000786585
-0.004646262
-0.009045414
-0.012802718
-0.014948486
-0.014958498
-0.012854587
-0.009154911
-0.004700187
-0.000414642
0.002926704
0.004862129
0.005303084
0.004488795
0.002865345
0.000936868
-0.000862862
-0.002245145
-0.003077723
-0.003346626
-0.003097285
-0.00238578
-0.00126084
0.000220287
0.001956304
0.003771072
0.005411017
0.006582742
0.007025378
0.006595778
0.005335745
0.003493103
0.001481952
-0.000212414
-0.001158968
-0.001099824
-2.5652E-05
0.00181682
0.003988824
0.005976408
0.00732511
0.00775244
0.007206123
0.005854018
0.004013527
0.002046764
0.000256764
-0.001183011
-0.002247076
-0.003024392
-0.003650711
-0.004234898
-0.004807243
-0.005307651
-0.005615616
-0.005608
-0.00522053
-0.0044881
-0.00354742
-0.002599956
-0.00184813
-0.001427812
-0.001361756
-0.00155117
-0.001809069
-0.00192412
-0.00173292
-0.001175743
-0.000316686
0.000678255
0.001597036
0.002251562
0.002537597
0.00246434
0.00214445
0.001749178
0.001445232
0.001335841
0.001426301
0.001625182
0.001779597
0.001731202
0.001372832
0.000686248
-0.000251246
-0.001292283
-0.002266839
-0.003034334
-0.003522495
-0.0037407
-0.003765201
-0.00370363
-0.003653014
-0.003666768
-0.003741621
-0.003827251
-0.003852608
-0.003756996
-0.003513019
-0.00313268
-0.002655423
-0.002124769
-0.001565046
-0.000969857
-0.000308972
0.00044766
0.00129806
0.002182461
0.002976956
0.003513696
0.003625192
0.003200567
0.002235478
0.000857264
-0.000686611
-0.002077756
-0.003002296
-0.003231967
-0.00268716
-0.001462627
0.000192867
0.001938045
0.00342468
0.004383064
0.004683572
0.004358048
0.003576987
0.002591508
0.001658858
0.000973846
0.000625255
0.00058744
0.000745966
0.000946101
0.001047105
0.000965255
0.000693714
0.00029578
-0.000123335
-0.000454953
-0.000622529
-0.000603698
-0.000433688
-0.000191364
2.56612E-05
0.000128076
5.60551E-05
-0.000210207
-0.000651369
-0.001218406
-0.001846093
-0.002466077
-0.003016716
-0.003448938
-0.003728943
-0.003839093
-0.003777797
-0.003558272
-0.00320534
-0.002749629
-0.002219643
-0.00163363
-0.000994345
-0.000289715
0.000499133
0.001383768
0.002352468
0.003358445
0.004318201
0.005123335
0.005664718
0.005863166
0.005697247
0.005218336
0.004545853
0.003841421
0.003267564
0.002942362
0.002903956
0.003096879
0.003386097
0.003596181
0.003564766
0.003194347
0.002486098
0.001544496
0.000550294
-0.000290619
-0.000807114
-0.000913015
-0.000631879
-8.84643E-05
0.000530494
0.001033899
0.001284105
0.00123673
0.000950044
0.000561341
0.000238253
0.000120981
0.000274196
0.000664124
0.001168145
0.001613756
0.001834446
0.001724724
0.001277014
0.000588933
-0.000161165
-0.000762796
-0.001031338
-0.000858292
-0.000239534
0.000725623
0.001862934
0.002969815
0.00386605
0.004434508
0.004641846
0.004535704
0.004221818
0.003829605
0.003476862
0.003242883
0.003155626
0.003193749
0.003300249
0.003401982
0.003429147
0.003330236
0.003080369
0.002683142
0.002167508
0.001581582
0.000984793
0.000439186
2.94898E-07
-0.000291734
-0.000419511
-0.000392438
-0.000245558
-3.23214E-05
0.000187991
0.000365458
0.000473136
0.000514686
0.000522894
0.000548607
0.000642774
0.000836936
0.001128533
0.001476424
0.001808978
0.002043123
0.002108949
0.001972247
0.001647631
0.001197557
0.000716938
0.000307683
5.08673E-05
-1.48724E-05
9.80204E-05
0.000332949
0.000609272
0.000848963
0.001001112
0.001056397
0.001047003
0.001032354
0.001075698
0.001219564
0.001468387
0.001784147
0.002096489
0.002324036
0.002399964
0.002293602
0.002021216
0.001642681
0.001245239
0.000919523
0.0007352
0.000723388
0.000870631
0.00112543
0.001414617
0.001664164
0.001818219
0.001851295
0.00177106
0.001612123
0.001423695
0.001255244
0.001144158
0.001108131
0.001143264
0.001227219
0.001325748
0.001400671
0.001417704
0.001353062
0.00119827
0.000962689
0.000673279
0.000371087
0.000104265
-8.18082E-05
-0.00015565
-0.00010939
3.59765E-05
0.00023231
0.000413931
0.000513671
0.000481638
0.000301407
-1.61122E-06
-0.000363154
-0.000694798
-0.000907121
-0.000935066
-0.000758031
-0.000408241
3.5848E-05
0.000469945
0.000792614
0.000933962
0.000875709
0.000656454
0.000360313
9.22204E-05
-5.26949E-05
-1.64051E-05
0.000206279
0.000568097
0.000985388
0.001364457
0.001629818
0.001745455
0.00172273
0.001612922
0.001487405
0.001412232
0.00142557
0.001525158
0.001669524
0.001792176
0.0018238
0.001715182
0.001453533
0.00106737
0.000618848
0.00018642
-0.000156459
-0.000360057
-0.00040922
-0.000323902
-0.00015027
5.3998E-05
0.000235257
0.000355726
0.000398853
0.00036791
0.000279681
0.000156342
1.85908E-05
-0.000118072
-0.000243606
-0.000351374
-0.000435662
-0.000490416
-0.000509942
-0.000491081
-0.000435514
-0.000350653
-0.000248132
-0.000140096
-3.4548E-05
6.83112E-05
0.000176962
0.00030587
0.000469793
0.000676989
0.000923859
0.001193235
0.001457345
0.001684786
0.001849269
0.001937123
0.001950814
0.001907058
0.001829998
0.001741753
0.001653668
0.001561456
0.001446162
0.001280796
0.00104049
0.000712692
0.00030381
-0.000160082
-0.000638869
-0.001088511
-0.001472243
-0.001769134
-0.001977171
-0.002110032
-0.002188922
-0.002232623
-0.00224944
-0.002234048
-0.002170384
-0.002039481
-0.001829306
-0.0015429
-0.001201617
-0.000842046
-0.000507392
-0.000236123
-5.16694E-05
4.33408E-05
6.63602E-05
4.79908E-05
2.12255E-05
1.04847E-05
2.4101E-05
5.26255E-05
7.33173E-05
5.90694E-05
-1.13888E-05
-0.000145488
-0.000333555
-0.000551148
-0.000765873
-0.000946214
-0.001069364
-0.001125735
-0.001119129
-0.001063206
-0.000976074
-0.000875237
-0.000774649
-0.000684488
-0.000612948
-0.00056851
-0.000560973
-0.000600228
-0.000692895
-0.00083815
-0.001024692
-0.001230662
-0.001427299
-0.001585711
-0.001684744
-0.001717277
-0.001692529
-0.001633224
-0.001568229
-0.001522946
-0.001510738
-0.001528383
-0.001557351
-0.00157063
-0.001542828
-0.001460046
-0.001325912
-0.001161453
-0.000998569
-0.000869168
-0.000793659
-0.000772857
-0.000786326
-0.000798049
-0.000767801
-0.000664592
-0.000477758
-0.000221964
6.5649E-05
0.000335353
0.000538607
0.000641356
0.000632685
0.000526283
0.000354588
0.000157911
-2.76735E-05
-0.000179628
-0.000292632
-0.00037594
-0.000445965
-0.000517246
-0.000595377
-0.000674541
-0.000740452
-0.000777372
-0.00077634
-0.000741218
-0.000690022
-0.000650679
-0.000652476
-0.000716089
-0.00084566
-0.001025779
-0.001224569
-0.001402019
-0.00152093
-0.001557039
-0.001505204
-0.001379945
-0.001210495
-0.001032309
-0.000877901
-0.000769869
-0.0007179
-0.000719989
-0.000766644
-0.000845959
-0.000947432
-0.001063281
-0.001187274
-0.001312207
-0.001427805
-0.001520551
-0.001576027
-0.001583105
-0.00153836
-0.001448679
-0.001330599
-0.001206112
-0.001096063
-0.001013413
-0.000958908
-0.000920985
-0.000880313
-0.000817605
-0.000721998
-0.000596878
-0.000460738
-0.000342327
-0.000271366
-0.000267873
-0.00033376
-0.0004499
-0.000580072
-0.000680906
-0.000714856
-0.000662077
-0.000527262
-0.000339119
-0.000142462
1.46102E-05
9.44347E-05
8.00918E-05
-2.08449E-05
-0.000180037
-0.000358063
-0.000516633
-0.00062922
-0.000686773
-0.00069699
-0.000678001
-0.000649206
-0.000622889
-0.000599789
-0.000570164
-0.000519779
-0.000438306
-0.000326752
-0.000200774
-8.83173E-05
-2.20378E-05
-2.89735E-05
-0.000120962
-0.000289173
-0.000504768
-0.000725645
-0.000907193
-0.001013693
-0.001026856
-0.000949078
-0.000800791
-0.00061328
-0.000419661
-0.000247092
-0.000112487
-2.25082E-05
2.30918E-05
2.68816E-05
-9.6898E-06
-8.69449E-05
-0.000204568
-0.000357399
-0.000531636
-0.000703748
-0.000843423
-0.000920322
-0.000912755
-0.000815365
-0.000642915
-0.000428338
-0.000215093
-4.58337E-05
4.92429E-05
6.06878E-05
2.04898E-06
-9.47122E-05
-0.000189249
-0.000245104
-0.000240405
-0.000173672
-6.31337E-05
5.99184E-05
0.000161286
0.000214085
0.000205762
0.000139936
3.29867E-05
-9.28776E-05
-0.000217291
-0.00032731
-0.000419157
-0.000495939
-0.000562786
-0.000621768
-0.000668945
-0.000694888
-0.000688538
-0.000642754
-0.000559143
-0.000449874
-0.000335332
-0.000238048
-0.000174932
-0.000150619
-0.000154612
-0.000163606
-0.000148623
-8.47867E-05
3.95204E-05
0.000217282
0.000423295
0.000620517
0.000770406
0.000843968
0.000829973
0.000737706
0.000593498
0.000432323
0.000287335
0.000180826
0.000119434
9.48694E-05
8.9451E-05
8.4151E-05
6.6099E-05
3.28776E-05
-7.68673E-06
-4.18163E-05
-5.61888E-05
-4.37816E-05
-6.80714E-06
4.43806E-05
9.58847E-05
0.000136427
0.000162482
0.00018016
0.000202908
0.000245716
0.00031801
0.000418019
0.000530977
0.000632205
0.000694303
0.000696079
0.000630128
0.000506292
0.000349609
0.000193296
6.90469E-05
-2.06939E-06
-1.50429E-05
1.91265E-05
7.88133E-05
0.00014045
0.000187326
0.000215294
0.000233348
0.000258935
0.000309806
0.000395549
0.000512054
0.000641141
0.000755685
0.000828521
0.000841992
0.000794644
0.000702566
0.000594689
0.000503555
0.000454674
0.000458147
0.000505456
0.000572558
0.000628163
0.000644315
0.000605576
0.000513647
0.000385931
0.000248687
0.000127404
3.79306E-05
-1.83551E-05
-5.36102E-05
-8.72286E-05
-0.000136563
-0.00020823
-0.000293359
-0.00036882
-0.000404231
-0.000372499
-0.000260252
-7.44194E-05
0.000157518
0.000393988
0.000590573
0.000712527
0.00074451
0.0006945
0.000590678
0.000472444
0.000378561
0.000336218
0.000354361
0.000423078
0.000518718
0.00061262
0.000680266
0.000707869
0.000694513
0.000649741
0.000588055
0.000522822
0.000461956
0.000406882
0.000354789
0.000302813
0.000252059
0.000209446
0.000186386
0.000194623
0.000240859
0.000322406
0.000425856
0.000529658
0.000610041
0.000648361
0.000637321
0.00058375
0.000506807
0.000432063
0.000383394
0.000375411
0.000409048
0.000471761
0.000542246
0.000597942
0.00062267
0.00061173
0.000572755
0.000522187
0.000478784
0.000456668
0.000460462
0.000484254
0.000514649
0.000536597
0.000539662
0.00052225
0.000492126
0.000462989
0.000448447
0.000455756
0.000481871
0.00051349
0.000531312
0.000517096
0.000460929
0.000365989
0.00024882
0.000134799
5.01439E-05
1.32102E-05
2.80888E-05
8.28408E-05
0.000153098
0.000209869
0.000228936
0.000198612
0.000123254
2.13592E-05
-8.09612E-05
-0.000158759
-0.000196152
-0.000190597
-0.000152149
-9.81939E-05
-4.57898E-05
-4.62449E-06
2.66929E-05
5.95429E-05
0.000109812
0.000190123
0.000302815
0.000436529
0.000567988
0.000668649
0.000714065
0.000692703
0.000610984
0.000492571
0.000371858
0.000283663
0.000252501
0.000285011
0.000368085
0.000473331
0.000566355
0.000617731
0.000611985
0.000551696
0.00045549
0.000350871
0.000264549
0.000213684
0.000201057
0.000215641
0.000238086
0.000248892
0.000236144
0.00019993
0.000151911
0.00011031
9.23235E-05
0.000106891
0.000150613
0.00020838
0.000258533
0.00028066
0.000263129
0.000207535
0.000128389
4.80673E-05
-1.11551E-05
-3.51133E-05
-2.28673E-05
1.29612E-05
5.08102E-05
6.81245E-05
4.97816E-05
-6.03673E-06
-8.66673E-05
-0.000168952
-0.000227005
-0.000241076
-0.000204386
-0.000125615
-2.6202E-05
6.65316E-05
0.000127978
0.000143596
0.000112585
4.67684E-05
-3.4602E-05
-0.000112092
-0.00017262
-0.000212998
-0.000239326
-0.000262773
-0.000293584
-0.000335779
-0.000384713
-0.000428457
-0.000452459
-0.000445624
-0.000405351
-0.000339436
-0.000263923
-0.000197559
-0.000154844
-0.000140323
-0.000146364
-0.000155462
-0.000146441
-0.000102434
-1.7802E-05
9.85969E-05
0.000225127
0.000333668
0.000398437
0.000404338
0.000351967
0.000257512
0.000147558
5.05847E-05
-1.19418E-05
-3.18327E-05
-1.57357E-05
1.84061E-05
4.8601E-05
5.70806E-05
3.66194E-05
-7.31122E-06
-5.91857E-05
-9.97867E-05
-0.00011381
-9.58765E-05
-5.26949E-05
-6.12245E-07
4.0499E-05
5.47286E-05
3.61408E-05
-8.94796E-06
-6.43092E-05
-0.000109955
-0.000129808
-0.000118073
-8.18776E-05
-3.91276E-05
-1.22806E-05
-2.0201E-05
-7.10408E-05
-0.000158733
-0.000264433
-0.000362452
-0.000428673
-0.000448483
-0.000421472
-0.000361276
-0.000290634
-0.000233457
-0.000206708
-0.000214921
-0.000249237
-0.000291171
-0.000319688
-0.000318961
-0.000284079
-0.000222692
-0.000152141
-9.32143E-05
-6.28765E-05
-6.86071E-05
-0.00010633
-0.000162548
-0.000219741
-0.000262898
-0.00028473
-0.00028764
-0.000281829
-0.000280397
-0.000293431
-0.000323439
-0.000363971
-0.000401972
-0.000423001
-0.000417282
-0.000384184
-0.000333313
-0.000281603
-0.000247387
-0.000243558
-0.000272394
-0.000324053
-0.000379452
-0.000416656
-0.000418538
-0.000379001
-0.000305444
-0.000216521
-0.00013587
-8.39837E-05
-7.10867E-05
-9.3552E-05
-0.000135153
-0.00017276
-0.000184465
-0.000157286
-9.17286E-05
-1.60306E-06
9.0802E-05
0.000162453
0.000197434
0.000192152
0.000156064
0.000107733
6.77143E-05
5.08837E-05
6.10214E-05
8.95898E-05
0.000119143
0.000130054
0.000108099
5.00847E-05
-3.45469E-05
-0.000126742
-0.000204377
-0.000249965
-0.000256703
-0.000230676
-0.000188426
-0.000150795
-0.000135278
-0.000149692
-0.000189476
-0.000239573
-0.000280228
-0.000294522
-0.000274933
-0.00022644
-0.000165068
-0.000112349
-8.76827E-05
-0.000101383
-0.000150898
-0.000221585
-0.000291749
-0.000340142
-0.00035322
-0.000329574
-0.00027998
-0.000223108
-0.000178528
-0.000159547
-0.000168532
-0.000196355
-0.000226147
-0.000239894
-0.00022544
-0.000181279
-0.000117371
-5.16806E-05
-3.71735E-06
1.25418E-05
-6.26837E-06
-5.16816E-05
-0.000106492
-0.000151022
-0.000170261
-0.000159244
-0.000124701
-8.23786E-05
-5.10265E-05
-4.52765E-05
-7.00673E-05
-0.000118673
-0.000175113
-0.000220033
-0.000237933
-0.000223035
-0.000181596
-0.000129752
-8.76367E-05
-7.18724E-05
-8.92071E-05
-0.000133657
-0.000188299
-0.000231163
-0.000243189
-0.000215419
-0.00015283
-7.33531E-05
-2.34082E-06
3.56898E-05
2.52204E-05
-3.50184E-05
-0.000131464
-0.00024001
-0.000333653
-0.000390882
-0.000401979
-0.0003712
-0.000314264
-0.000252215
-0.000203943
-0.000179991
-0.000179759
-0.00019286
-0.000203924
-0.00019892
-0.000170607
-0.000121167
-6.11796E-05
-5.48469E-06
3.23653E-05
4.49398E-05
3.32541E-05
5.80408E-06
-2.51663E-05
-4.86122E-05
-5.88673E-05
-5.74122E-05
-5.1599E-05
-5.08959E-05
-6.22255E-05
-8.63388E-05
-0.000116766
-0.000141873
-0.00014931
-0.000131149
-8.76633E-05
-2.8149E-05
3.17122E-05
7.51439E-05
9.03173E-05
7.4898E-05
3.72929E-05
-6.03265E-06
-3.6352E-05
-3.95704E-05
-1.17276E-05
3.89908E-05
9.45939E-05
0.000133309
0.000137232
9.89204E-05
2.45388E-05
-6.76714E-05
-0.000153138
-0.000209001
-0.000221635
-0.000191021
-0.000130395
-6.12755E-05
-5.64286E-06
2.19724E-05
1.96541E-05
-1.34388E-06
-2.08653E-05
-1.74388E-05
0.00002355
0.000104026
0.000211878
0.000324633
0.000416902
0.00046898
0.000473556
0.000438147
0.000382344
0.000330821
0.000304546
0.000313276
0.000351972
0.000402428
0.000439516
0.000439939
0.000390412
0.000292501
0.000162461
0.0000262
-8.88582E-05
-0.000162195
-0.000186083
-0.000167042
-0.00012257
-7.4502E-05
-4.14286E-05
-3.28551E-05
-4.70112E-05
-7.2852E-05
-9.5251E-05
-0.000101291
-8.52541E-05
-5.05204E-05
-7.79898E-06
2.94531E-05
5.05571E-05
5.18847E-05
3.82286E-05
2.07816E-05
1.25439E-05
2.29786E-05
5.40306E-05
9.90694E-05
0.000145201
0.000178089
0.00018743
0.000170972
0.0001355
9.43367E-05
6.2301E-05
4.99837E-05
5.95724E-05
8.38684E-05
0.000108958
0.00011962
0.00010547
6.55051E-05
9.23469E-06
-4.61704E-05
-8.1801E-05
-8.39235E-05
-4.93286E-05
1.29255E-05
8.41755E-05
0.000142432
0.000170122
0.000160582
0.000120891
6.99408E-05
3.22531E-05
2.95969E-05
7.32776E-05
0.000159778
0.000271315
0.000381192
0.000462154
0.000494963
0.000474291
0.000409996
0.000323449
0.000240247
0.000181881
0.000159195
0.000169789
0.000200063
0.000230972
0.000245292
0.00023374
0.000197823
0.000148541
0.000101595
7.10561E-05
6.38929E-05
7.74184E-05
0.000100554
0.000118335
0.0001179
9.36418E-05
4.95265E-05
-2.30102E-06
-4.61276E-05
-6.8751E-05
-6.47429E-05
-3.88796E-05
-4.78061E-06
0.0000198
1.93398E-05
-1.37653E-05
-7.62602E-05
-0.000154931
-0.000231037
-0.000286643
-0.000310569
-0.000301804
-0.000269162
-0.000227407
-0.00019131
-0.000169915
-0.000163173
-0.000162222
-0.000153191
-0.00012309
-6.55357E-05
1.59184E-05
0.00010818
0.000192704
0.00025183
0.000275032
0.000262759
0.000226354
0.00018396
0.000153853
0.000147581
0.000165437
0.000196026
0.000220184
0.000217971
0.000176289
9.43776E-05
-1.48163E-05
-0.000128031
-0.000218765
-0.00026565
-0.000259263
-0.000205031
-0.000121236
-3.28255E-05
3.68224E-05
7.33367E-05
7.54602E-05
5.44918E-05
2.93959E-05
1.93908E-05
3.6698E-05
8.20327E-05
0.000144354
0.000204886
0.000243887
0.000247687
0.000213502
0.000150337
7.57694E-05
9.85408E-06
-3.16276E-05
-4.21367E-05
-2.5901E-05
4.42653E-06
3.29429E-05
4.6499E-05
3.93143E-05
1.45418E-05
-1.76245E-05
-4.44224E-05
-5.57347E-05
-4.79612E-05
-2.50663E-05
3.56531E-06
2.75276E-05
4.02327E-05
0.00004215
4.10357E-05
4.89255E-05
7.69327E-05
0.000129884
0.00020293
0.000281678
0.00034608
0.000376886
0.000362462
0.000303476
0.000213618
0.000115906
3.56224E-05
-0.00000775
-6.85102E-06
3.11878E-05
8.72235E-05
0.000136624
0.000157619
0.000138599
8.18684E-05
2.56122E-06
-7.68643E-05
-0.000134574
-0.000156939
-0.000143078
-0.000104801
-6.20173E-05
-3.5301E-05
-3.83061E-05
-7.27592E-05
-0.000127805
-0.000183919
-0.00021995
-0.000220741
-0.000182585
-0.000114563
-3.5301E-05
3.36663E-05
7.5499E-05
8.39061E-05
6.51357E-05
3.54061E-05
1.47388E-05
1.94357E-05
5.59235E-05
0.000118195
0.00018975
0.000249346
0.000278478
0.000267894
0.000220841
0.000151884
8.1748E-05
3.00684E-05
8.61633E-06
1.74163E-05
4.50837E-05
0.0000732
8.31061E-05
6.2652E-05
1.05163E-05
-6.3399E-05
-0.000141546
-0.000204923
-0.000239612
-0.000241338
-0.000216498
-0.000179426
-0.00014702
-0.000132785
-0.000142458
-0.000172755
-0.000213517
-0.000252279
-0.000279376
-0.000291571
-0.000292791
-0.000291727
-0.000297336
-0.000314076
-0.000338885
-0.000361253
-0.000366536
-0.000341398
-0.000279372
-0.000184391
-7.0802E-05
4.03551E-05
0.000127678
0.000176168
0.000182095
0.000154149
0.000110452
7.23745E-05
5.7298E-05
7.28449E-05
0.000114571
0.000167901
0.000213584
0.000234693
0.000222661
0.00018019
0.00012004
6.01898E-05
1.71571E-05
-5.71429E-08
6.82551E-06
2.61571E-05
4.08908E-05
3.51602E-05
5.18367E-07
-6.04653E-05
-0.000134582
-0.000202236
-0.000244066
-0.000247597
-0.000211546
-0.000146304
-7.04347E-05
-4.5051E-06
3.5549E-05
4.31786E-05
2.24888E-05
-1.42939E-05
-5.20684E-05
-7.87755E-05
-8.97531E-05
-8.89173E-05
-8.64306E-05
-9.38296E-05
-0.000118585
-0.000160281
-0.000209967
-0.000253041
-0.000274622
-0.000265429
-0.000225843
-0.000166549
-0.000105316
-6.09633E-05
-4.66429E-05
-6.48908E-05
-0.000106328
-0.000152623
-0.000182788
-0.000180628
-0.000140731
-7.08082E-05
1.05122E-05
7.97663E-05
0.000116512
0.000110271
6.41041E-05
-6.41224E-06
-7.84561E-05
-0.000129626
-0.000145329
-0.000123317
-7.38694E-05
-1.56143E-05
3.1402E-05
5.28878E-05
4.5148E-05
1.58929E-05
-1.91745E-05
-4.26837E-05
-4.24286E-05
-1.61755E-05
2.73418E-05
7.16092E-05
9.85194E-05
9.52724E-05
5.94214E-05
1.65306E-07
-6.46429E-05
-0.000114738
-0.000134703
-0.000119616
-7.70143E-05
-2.44102E-05
1.68082E-05
2.89602E-05
4.46735E-06
-5.12041E-05
-0.000121108
-0.000182339
-0.000213591
-0.000202134
-0.000147809
-6.27408E-05
3.30449E-05
0.000118436
0.00017808
0.000206847
0.000210474
0.000202323
0.000197605
0.000207283
0.000233901
0.000270836
0.000305108
0.000322635
0.000313835
0.000277474
0.000221293
0.000159197
0.000106114
7.24602E-05
6.03265E-05
6.28316E-05
6.68939E-05
5.83776E-05
2.76816E-05
-2.63347E-05
-9.55878E-05
-0.000165472
-0.000220061
-0.000247846
-0.000245913
-0.000220947
-0.000186684
-0.000158729
-0.000148657
-0.000159587
-0.000184915
-0.00021071
-0.000220935
-0.000203592
-0.000155531
-8.41143E-05
-5.07755E-06
6.26908E-05
0.000103591
0.000110664
8.79061E-05
4.87061E-05
1.09765E-05
-9.26531E-06
-3.53571E-06
2.62939E-05
6.90031E-05
0.000108453
0.000129786
0.000125086
9.64163E-05
5.50765E-05
1.73653E-05
-1.58265E-06
6.39796E-06
3.9248E-05
8.52214E-05
0.000127076
0.000148408
0.000139815
0.000102599
4.85827E-05
-3.9449E-06
-3.67592E-05
-0.00003835
-8.26531E-06
4.24602E-05
9.50255E-05
0.000129439
0.000131624
9.85204E-05
3.93082E-05
-2.76857E-05
-8.13551E-05
-0.000105189
-9.30327E-05
-5.12041E-05
3.80612E-06
5.1201E-05
7.32418E-05
6.1452E-05
1.94959E-05
-3.82867E-05
-9.21184E-05
-0.000123893
-0.000123579
-9.26459E-05
-4.3301E-05
6.12755E-06
3.79673E-05
4.16408E-05
1.7451E-05
-0.00002365
-6.4202E-05
-8.6749E-05
-8.03541E-05
-0.00004475
9.38163E-06
6.40622E-05
0.000100289
0.000104638
7.38429E-05
1.57245E-05
-5.37857E-05
-0.000116393
-0.000157817
-0.00017248
-0.000164811
-0.000146807
-0.000132794
-0.000133446
-0.000151331
-0.000179673
-0.000204838
-0.00021159
-0.000189183
-0.000135963
-6.07041E-05
1.99041E-05
8.67724E-05
0.000124988
0.000129067
0.000104946
6.7948E-05
3.74051E-05
2.98102E-05
5.29469E-05
0.000103064
0.000166118
0.000222623
0.000254389
0.000250751
0.000212108
0.000149564
8.08673E-05
2.41786E-05
-8.07551E-06
-1.30592E-05
2.22449E-06
2.42755E-05
3.87031E-05
3.59622E-05
1.50704E-05
-1.60673E-05
-4.37959E-05
-5.41143E-05
-3.82786E-05
3.51327E-06
6.17694E-05
0.000120834
0.00016436
0.000181102
0.000168855
0.000135088
9.39939E-05
6.10551E-05
4.71235E-05
5.42469E-05
7.48143E-05
9.43898E-05
9.72459E-05
7.25561E-05
1.89755E-05
-0.00005415
-0.000129468
-0.000187315
-0.000212432
-0.000199297
-0.00015416
-0.000093
-3.6098E-05
-1.1051E-06
2.94592E-06
-2.13908E-05
-6.10653E-05
-9.72531E-05
-0.000112013
-9.45327E-05
-4.47684E-05
2.67255E-05
0.000102627
0.000164873
0.000200704
0.000206533
0.000188392
0.000158896
0.000131998
0.000117573
0.000117881
0.000127188
0.000134636
0.000129174
0.000104587
6.26459E-05
1.30857E-05
-2.96429E-05
-5.16704E-05
-4.50582E-05
-1.11551E-05
3.93878E-05
9.00592E-05
0.000124188
0.000130864
0.00010888
6.7202E-05
2.17449E-05
-1.04551E-05
-1.75571E-05
2.58469E-06
4.14082E-05
8.25673E-05
0.000107754
0.000103373
6.56316E-05
2.17041E-06
-7.03786E-05
-0.000132101
-0.00016671
-0.000167208
-0.000138207
-9.40867E-05
-5.36071E-05
-3.29429E-05
-3.96541E-05
-6.98224E-05
-0.000109432
-0.000139546
-0.000143445
-0.000113147
-5.29214E-05
2.15602E-05
8.82112E-05
0.000125998
0.000122269
7.73755E-05
4.93776E-06
-7.24041E-05
-0.00013031
-0.000150642
-0.000127258
-6.77653E-05
9.32347E-06
8.09357E-05
0.000127074
0.000137101
0.000112556
6.57173E-05
1.45571E-05
-2.39633E-05
-3.98204E-05
-3.29949E-05
-1.26918E-05
6.84082E-06
1.22327E-05
-3.58163E-06
-3.84571E-05
-8.16714E-05
-0.00011781
-0.000132409
-0.000117264
-7.34439E-05
-1.09459E-05
5.48153E-05
0.000108361
0.000139336
0.000145661
0.000133556
0.000114538
0.000100615
0.00009955
0.000111988
0.00013151
0.000147529
0.000149838
0.000133017
9.89469E-05
5.6398E-05
1.7851E-05
-5.27959E-06
-7.15306E-06
1.00357E-05
3.66551E-05
5.91847E-05
6.54194E-05
0.0000494
1.41684E-05
-2.88051E-05
-6.34214E-05
-7.47173E-05
-5.45153E-05
-4.88776E-06
6.18908E-05
0.000127007
0.000171148
0.000180828
0.000152753
9.46755E-05
2.24194E-05
-4.58622E-05
-9.61245E-05
-0.000123266
-0.000132607
-0.000137498
-0.000153938
-0.00019418
-0.000261673
-0.000349213
-0.000441005
-0.000517929
-0.000564093
-0.000572334
-0.000546619
-0.000500501
-0.000452129
-0.000417642
-0.000405311
-0.000412563
-0.000426969
-0.000430847
-0.000407813
-0.000348924
-0.000256177
-0.000142098
-2.56102E-05
7.43571E-05
0.000145154
0.000184337
0.0001998
0.000206119
0.000218464
0.000246366
0.00028968
0.000338282
0.000375691
0.000385326
0.000357149
0.000292241
0.000203562
0.00011252
4.24337E-05
1.11378E-05
2.52724E-05
7.82541E-05
0.00015261
0.000225868
0.000277937
0.00029742
0.000284733
0.000251018
0.000213403
0.000188345
0.00018552
0.000204403
0.000234686
0.000260281
0.000265354
0.000240141
0.000184441
0.000107578
2.49367E-05
-4.7549E-05
-9.88663E-05
-0.00012632
-0.000135642
-0.000137855
-0.000144199
-0.000161087
-0.00018712
-0.000213316
-0.000226542
-0.000214839
-0.000172629
-0.000103751
-2.10776E-05
5.72949E-05
0.000113979
0.000138233
0.000129734
9.87173E-05
6.23735E-05
3.86796E-05
3.98602E-05
6.77969E-05
0.000113062
0.000157977
0.000182669
0.000172018
0.000121074
3.70602E-05
-6.27306E-05
-0.000156386
-0.000224257
-0.000254901
-0.000248065
-0.00021382
-0.000168297
-0.000127683
-0.000102696
-9.54929E-05
-9.99714E-05
-0.000105197
-0.000100452
-7.98939E-05
-4.49847E-05
-3.77347E-06
3.26388E-05
5.50051E-05
6.01969E-05
5.30459E-05
4.48745E-05
4.9149E-05
7.58153E-05
0.00012648
0.000192391
0.0002562
0.000297133
0.000297874
0.000250833
0.000161484
4.75286E-05
-6.60214E-05
-0.000154259
-0.000199854
-0.000198059
-0.000157611
-9.72449E-05
-3.91133E-05
-1.39592E-06
7.33061E-06
-9.9051E-06
-4.06602E-05
-6.85214E-05
-7.97082E-05
-6.83878E-05
-3.87745E-05
-3.27857E-06
2.25143E-05
2.61388E-05
3.40918E-06
-3.95041E-05
-8.79031E-05
-0.000123659
-0.000131738
-0.000105758
-5.05388E-05
1.93265E-05
0.0000844
0.000127059
0.000137517
0.000117038
7.72031E-05
3.55204E-05
8.97755E-06
7.87755E-06
3.21929E-05
7.17153E-05
0.000109919
0.0001301
0.000121527
8.33684E-05
2.49949E-05
-3.74327E-05
-8.67776E-05
-0.000110997
-0.000107238
-8.24704E-05
-5.04837E-05
-2.64184E-05
-2.09092E-05
-3.60663E-05
-6.48265E-05
-9.39092E-05
-0.000109268
-0.000101963
-7.21786E-05
-2.97847E-05
8.88878E-06
2.69786E-05
1.35612E-05
-3.17082E-05
-9.76082E-05
-0.00016451
-0.000210698
-0.000219682
-0.000185944
-0.000117056
-3.13724E-05
4.79571E-05
0.000100589
0.000115582
0.0000947
5.13224E-05
5.39082E-06
-2.37724E-05
-2.42184E-05
4.68469E-06
5.24347E-05
0.000101571
0.000134242
0.000138739
0.000113629
6.80112E-05
1.78643E-05
-2.01306E-05
-3.49714E-05
-2.55622E-05
-1.20918E-06
2.18051E-05
2.63173E-05
8.35714E-07
-5.58684E-05
-0.000133799
-0.000214786
-0.000278478
-0.000309135
-0.000300816
-0.000259142
-0.000199051
-0.000139421
-9.65153E-05
-7.8601E-05
-8.36408E-05
-0.000100768
-0.000114906
-0.000112717
-8.76857E-05
-4.24296E-05
1.25112E-05
6.28878E-05
9.62959E-05
0.000106908
9.75949E-05
7.86265E-05
6.34827E-05
6.33816E-05
8.26888E-05
0.000116981
0.000154597
0.000181145
0.00018529
0.000163614
0.000122651
7.71888E-05
4.53378E-05
4.20857E-05
7.36704E-05
0.000134872
0.000210301
0.000279326
0.000322959
0.000330261
0.000301969
0.000250027
0.000193155
0.000150047
0.000132613
0.000141744
0.000167126
0.000191209
0.000195911
0.000169626
0.000111986
3.46102E-05
-4.25071E-05
-9.77163E-05
-0.000115181
-9.04418E-05
-3.20867E-05
4.10929E-05
0.000106437
0.00014503
0.000147887
0.000118555
7.12561E-05
2.53112E-05
-2.10306E-06
-2.23571E-06
2.22092E-05
5.83194E-05
8.80194E-05
9.50184E-05
7.10704E-05
1.92459E-05
-4.70082E-05
-0.000108692
-0.000148194
-0.00015581
-0.000133431
-9.40122E-05
-5.69847E-05
-4.12092E-05
-5.80194E-05
-0.000106862
-0.000175129
-0.000242279
-0.000286821
-0.000293699
-0.000259479
-0.000193542
-0.000114885
-4.56878E-05
-3.95102E-06
2.2398E-06
-2.31429E-05
-6.61582E-05
-0.00010833
-0.000133407
-0.000132971
-0.000108949
-7.22194E-05
-0.000038
-1.98071E-05
-0.0000243
-4.8899E-05
-8.29959E-05
-0.000112212
-0.000124
-0.000112441
-8.03959E-05
-3.82276E-05
3.80612E-07
2.3852E-05
2.72735E-05
1.42857E-05
-4.44592E-06
-1.56265E-05
-8.88673E-06
1.86827E-05
6.08265E-05
0.000104041
0.000132485
0.000134082
0.000105494
5.39755E-05
-4.76122E-06
-5.20398E-05
-7.31694E-05
-6.32714E-05
-2.97418E-05
9.77449E-06
3.33837E-05
2.29469E-05
-2.87286E-05
-0.000114142
-0.000212315
-0.000294778
-0.000334449
-0.000314468
-0.000233968
-0.000108763
3.33571E-05
0.000161195
0.000249743
0.000287593
0.000279718
0.000244773
0.000207939
0.000191857
0.000208794
0.000256721
0.000320564
0.000378054
0.000408015
0.000398115
0.000349312
0.000275482
0.000198412
0.000139981
0.000114313
0.000122701
0.000153018
0.000183812
0.000191612
0.000158891
7.99735E-05
-3.70388E-05
-0.00017286
-0.000303055
-0.000405368
-0.000465835
-0.000481745
-0.000460737
-0.000416702
-0.000364258
-0.000313906
-0.000269566
-0.000229167
-0.000187693
-0.00014121
-9.0049E-05
-3.97561E-05
5.89796E-07
2.19939E-05
1.95684E-05
-4.78878E-06
-4.22694E-05
-7.98133E-05
-0.000104631
-0.000108878
-9.2651E-05
-6.40337E-05
-3.60398E-05
-2.15204E-05
-2.79143E-05
-5.38878E-05
-8.92418E-05
-0.000118282
-0.000125528
-0.000101679
-4.75847E-05
2.53847E-05
9.88806E-05
0.000153895
0.000177609
0.000168264
0.000136156
0.000100202
8.11653E-05
9.38592E-05
0.000141145
0.000211985
0.000284423
0.000332655
0.000335819
0.000285484
0.000189164
6.85286E-05
-4.72245E-05
-0.000130615
-0.000164648
-0.000148065
-9.52888E-05
-3.10551E-05
1.8402E-05
3.45622E-05
1.30245E-05
-3.5102E-05
-8.72929E-05
-0.000117744
-0.000106684
-4.76235E-05
4.99847E-05
0.000163592
0.000264884
0.000329058
0.000342826
0.000308435
0.000242392
0.000169432
0.000113896
9.15327E-05
0.000104497
0.000141148
0.000180541
0.00019988
0.000182258
0.000122028
2.60745E-05
-8.9148E-05
-0.000203535
-0.00029986
-0.000368559
-0.000409156
-0.000428121
-0.000434283
-0.000433846
-0.000427141
-0.000408446
-0.000368963
-0.000301724
-0.000206329
-9.14704E-05
2.60408E-05
0.000125679
0.000189599
0.000208731
0.000186273
0.000137124
8.32398E-05
0.0000464
4.0851E-05
6.84265E-05
0.000117928
0.000169074
0.000199699
0.000193702
0.000146976
6.91939E-05
-1.91714E-05
-0.0000936
-0.000133656
-0.000129676
-8.56867E-05
-1.75857E-05
0.0000527
0.000104936
0.000127395
0.000120358
9.51051E-05
6.88673E-05
5.76857E-05
6.98724E-05
0.00010253
0.000142447
0.000171079
0.000171758
0.000136477
6.96592E-05
-1.25653E-05
-8.74612E-05
-0.000133429
-0.000137666
-0.000100993
-3.80592E-05
2.72633E-05
6.97837E-05
7.15194E-05
2.79469E-05
-5.01765E-05
-0.000140013
-0.000213794
-0.000247479
-0.00022807
-0.000157228
-5.01469E-05
6.96663E-05
0.000177805
0.00025595
0.000296184
0.000301449
0.000282402
0.000252173
0.000221196
0.000194016
0.00016912
0.000141512
0.000106703
6.42092E-05
1.89571E-05
-2.01337E-05
-4.38755E-05
-4.73143E-05
-3.30663E-05
-1.18857E-05
1.02041E-07
-1.32531E-05
-6.20051E-05
-0.000145505
-0.000251157
-0.000357263
-0.000439232
-0.000477145
-0.000462138
-0.000399319
-0.000306176
-0.000206902
-0.000124591
-7.39388E-05
-5.69959E-05
-6.33959E-05
-7.49398E-05
-7.28306E-05
-4.49459E-05
9.48878E-06
7.95204E-05
0.000146515
0.000191152
0.000200818
0.000174674
0.000124516
7.10306E-05
3.67245E-05
3.80276E-05
7.93551E-05
0.000151263
0.000233398
0.000301196
0.000334044
0.000322035
0.000269014
0.000190927
0.000110129
4.77469E-05
1.68041E-05
1.84857E-05
4.2748E-05
7.28673E-05
9.21235E-05
9.00888E-05
6.61857E-05
2.92867E-05
-6.40204E-06
-2.75031E-05
-2.72622E-05
-8.71122E-06
1.6051E-05
3.02592E-05
1.89031E-05
-2.52224E-05
-9.81786E-05
-0.000185582
-0.000267188
-0.00032375
-0.000343661
-0.000326929
-0.000284977
-0.000236288
-0.00019943
-0.000186003
-0.000196109
-0.000218072
-0.000232582
-0.000219841
-0.000167164
-0.00007425
4.58357E-05
0.000170429
0.000274533
0.000339069
0.00035721
0.000336528
0.000296187
0.000260122
0.000248591
0.00027104
0.000322792
0.000386669
0.000438972
0.000457673
0.000429948
0.00035645
0.000250891
0.000135199
3.20694E-05
-4.23918E-05
-8.33143E-05
-9.74429E-05
-9.92622E-05
-0.000104417
-0.000122982
-0.000155105
-0.000190698
-0.000213261
-0.000206457
-0.00016096
-7.90235E-05
2.50031E-05
0.000128499
0.00020747
0.00024412
0.000232454
0.000179945
0.000104719
2.92459E-05
-2.72255E-05
-5.48439E-05
-5.58663E-05
-4.3052E-05
-3.44357E-05
-4.64367E-05
-8.77918E-05
-0.000156411
-0.000240174
-0.000321205
-0.000381973
-0.00041095
-0.000405818
-0.000373222
-0.000325342
-0.000274776
-0.000229774
-0.000191666
-0.00015539
-0.000112826
-5.75041E-05
1.12857E-05
8.67143E-05
0.000155781
0.00020343
0.000217916
0.000195366
0.000141759
7.14622E-05
2.75306E-06
-4.81122E-05
-7.21551E-05
-7.03204E-05
-5.25582E-05
-3.36816E-05
-2.75347E-05
-4.16663E-05
-7.45031E-05
-0.000116086
-0.000152095
-0.00016962
-0.000162448
-0.000133781
-9.52378E-05
-6.24051E-05
-4.85388E-05
-5.87837E-05
-8.72092E-05
-0.000117973
-0.000130442
-0.000106606
-3.82194E-05
6.89776E-05
0.000195608
0.000313719
0.000395005
0.000419512
0.000381907
0.00029317
0.000177123
6.29571E-05
-2.37276E-05
-6.83418E-05
-7.07857E-05
-4.39286E-05
-7.82959E-06
1.81041E-05
2.21745E-05
4.14388E-06
-2.5551E-05
-5.07031E-05
-5.64102E-05
-3.56122E-05
7.40612E-06
5.79235E-05
9.58092E-05
0.000102869
6.98347E-05
3.77551E-07
-8.93653E-05
-0.000175713
-0.000235146
-0.00025212
-0.000224281
-0.000163246
-9.07255E-05
-3.13276E-05
-4.57449E-06
-1.88724E-05
-6.94286E-05
-0.000140695
-0.000212306
-0.00026627
-0.000292833
-0.000292972
-0.000276818
-0.000258763
-0.000251268
-0.000259764
-0.000280577
-0.00030261
-0.000312084
-0.000298414
-0.000258933
-0.00020056
-0.000137711
-8.71602E-05
-6.17704E-05
-6.54653E-05
-9.13837E-05
-0.000124019
-0.000144645
-0.0001381
-9.84551E-05
-0.00003145
4.72582E-05
0.000117469
0.000161544
0.000170679
0.000148079
0.000107842
6.99214E-05
5.29673E-05
6.76031E-05
0.00011258
0.000175188
0.000235808
0.000274954
0.000280274
0.00025099
0.000198168
0.000140724
0.0000986
8.55755E-05
0.000104305
0.00014535
0.000190559
0.000219554
0.000217001
0.000178045
0.000109993
2.96765E-05
-4.25337E-05
-8.98592E-05
-0.000104861
-9.17561E-05
-6.45449E-05
-4.17122E-05
-3.94592E-05
-6.59194E-05
-0.000118417
-0.000184644
-0.000247217
-0.000289849
-0.000302846
-0.000285954
-0.000247646
-0.000201291
-0.000159817
-0.000131003
-0.000115212
-0.000106408
-9.59163E-05
-7.73214E-05
-5.03806E-05
-2.22153E-05
-5.08776E-06
-1.14602E-05
-4.81827E-05
-0.000112149
-0.000189316
-0.000257855
-0.000294614
-0.000282829
-0.000218336
-0.000112004
1.27653E-05
0.000126837
0.000204319
0.000230757
0.000207734
0.000152282
9.12276E-05
5.23429E-05
5.52653E-05
0.000105226
0.000191642
0.000291943
0.00037919
0.000430778
0.00043519
0.000394554
0.000322286
0.000236894
0.000154396
8.22102E-05
1.68367E-05
-5.3852E-05
-0.000144609
-0.000265413
-0.000415543
-0.000581495
-0.00073971
-0.000863321
-0.000930613
-0.000932226
-0.000874453
-0.000777398
-0.000668472
-0.000573438
-0.000508021
-0.000473017
-0.00045454
-0.000429366
-0.000373532
-0.000271236
-0.000121058
6.25959E-05
0.000253214
0.000419771
0.000535578
0.000585515
0.000569421
0.00050078
0.000401514
0.000294906
0.000199144
0.000123533
6.83082E-05
2.75745E-05
-6.18673E-06
-3.80061E-05
-6.83357E-05
-9.36031E-05
-0.000108866
-0.000111149
-0.000101764
-8.64378E-05
-7.30133E-05
-6.76561E-05
-7.12163E-05
-7.74949E-05
-7.44878E-05
-4.85051E-05
1.01571E-05
0.000102096
0.000216355
0.000331928
0.000423106
0.000467112
0.000451479
0.000378564
0.000265448
0.000139017
2.77561E-05
-4.70561E-05
-7.76735E-05
-7.15418E-05
-4.76286E-05
-2.86867E-05
-3.21827E-05
-6.31429E-05
-0.000111579
-0.000155524
-0.000168752
-0.000130503
-3.37888E-05
0.000110774
0.000277109
0.000431252
0.000541859
0.000590095
0.000575473
0.000515611
0.000439912
0.00037932
0.000355628
0.000374016
0.000421357
0.000470846
0.000491327
0.000458095
0.000361452
0.000210136
2.85286E-05
-0.000151268
-0.000299684
-0.000398668
-0.000446407
-0.000456271
-0.000450597
-0.000451671
-0.000473235
-0.000515501
-0.000565395
-0.000601762
-0.000603549
-0.000557918
-0.00046537
-0.000340054
-0.000205273
-8.58429E-05
-1.15306E-07
4.55194E-05
5.77878E-05
5.30969E-05
5.09102E-05
6.64388E-05
0.000105281
0.000161846
0.00022192
0.000268194
0.000286534
0.000270638
0.000223412
0.000154795
0.00007715
2.90816E-07
-7.17214E-05
-0.000140654
-0.000211039
-0.000285321
-0.000359463
-0.000421128
-0.00045171
-0.000431911
-0.00034908
-0.000203637
-1.19571E-05
0.00019584
0.000382958
0.000515898
0.00057415
0.000556365
0.000480783
0.000379585
0.000288879
0.00023755
0.000238635
0.000286036
0.000357618
0.000423536
0.000456854
0.000442812
0.000383549
0.00029678
0.000209017
0.000145852
0.000122815
0.000140049
0.000182662
0.000226532
0.000247409
0.00022999
0.000173676
9.29449E-05
1.22204E-05
-4.29092E-05
-5.49827E-05
-2.11388E-05
4.54786E-05
0.000119878
0.000173404
0.000183069
0.000138774
4.60112E-05
-7.67296E-05
-0.000204721
-0.000315371
-0.000395209
-0.000443087
-0.000468716
-0.000487387
-0.000513088
-0.000552734
-0.00060366
-0.000655161
-0.000693247
-0.000706531
-0.000690747
-0.000650006
-0.000594254
-0.000534015
-0.000474673
-0.000412847
-0.000336689
-0.000230389
-8.14531E-05
0.000111965
0.000336685
0.000565198
0.000761846
0.000892819
0.000936793
0.000892511
0.000780477
0.000637771
0.000507396
0.000425418
0.000410138
0.000456854
0.000540047
0.000622274
0.000666823
0.000649868
0.000568064
0.000439081
0.00029501
0.000171053
9.34541E-05
7.0898E-05
9.22827E-05
0.000131505
0.000157435
0.000145394
8.60245E-05
-1.16204E-05
-0.00012381
-0.000221265
-0.000280301
-0.000291898
-0.000265359
-0.000225149
-0.000202016
-0.000221527
-0.000294117
-0.000410276
-0.000542621
-0.00065427
-0.000710629
-0.000690564
-0.000593137
-0.000437607
-0.000256806
-8.62398E-05
4.7299E-05
0.000133701
0.000181487
0.00021326
0.000256441
0.000332649
0.000449455
0.000597243
0.000752069
0.000883273
0.000963004
0.000974319
0.00091522
0.000797576
0.000641796
0.000469601
0.000297699
0.000134646
-1.82806E-05
-0.00016305
-0.000299801
-0.000423211
-0.00052215
-0.000582979
-0.000595291
-0.000557692
-0.000480991
-0.000387072
-0.000303285
-0.000254002
-0.000252258
-0.000294559
-0.000361048
-0.00042135
-0.000444384
-0.000408908
-0.000311159
-0.000166807
-6.39694E-06
0.000134334
0.000226009
0.000255106
0.000228088
0.000168759
0.000109749
8.11122E-05
0.000100034
0.000165226
0.000257946
0.000349203
0.000410505
0.000424302
0.000390364
0.000325853
0.000259098
0.000219378
0.000226422
0.000283421
0.000376033
0.00047771
0.000559326
0.000599536
0.000592072
0.000547278
0.000487327
0.000436923
0.000412944
0.000416922
0.000433285
0.000434136
0.000389046
0.00027638
9.21398E-05
-0.000146926
-0.000407179
-0.000647683
-0.000832284
-0.000940043
-0.000970498
-0.000942036
-0.000884114
-0.000826221
-0.000787546
-0.000771001
-0.000763615
-0.00074295
-0.000687014
-0.00058392
-0.000437649
-0.000267749
-0.000103085
2.80969E-05
0.000108121
0.000136182
0.000128652
0.000113226
0.000118983
0.000165923
0.000257729
0.000380317
0.000506694
0.000606284
0.000655409
0.000645132
0.000583745
0.000493135
0.000400493
0.000328518
0.000287769
0.000273935
0.000270968
0.000258783
0.000222519
0.000159802
8.31173E-05
1.63214E-05
-1.35755E-05
1.36214E-05
0.000103248
0.00024265
0.000404248
0.000553804
0.000661027
0.000708791
0.000697761
0.000644855
0.000576214
0.000517328
0.000483919
0.000476906
0.000483127
0.000481446
0.000451782
0.000383572
0.000280432
0.000159204
4.37949E-05
-4.3848E-05
-9.21071E-05
-0.000104094
-9.6249E-05
-0.0000915
-0.000109441
-0.000157264
-0.000225013
-0.000287262
-0.000311009
-0.000267216
-0.000142012
5.65316E-05
0.00029869
0.000540678
0.000737219
0.000854981
0.000882346
0.000832257
0.000737135
0.000637664
0.000569274
0.000550923
0.000579926
0.000634414
0.000682333
0.000693604
0.000651066
0.00055633
0.000428597
0.000297073
0.000189918
0.000123887
9.85184E-05
9.70031E-05
9.33694E-05
6.3302E-05
-5.47143E-06
-0.000107164
-0.000218622
-0.000306669
-0.000339591
-0.000298709
-0.00018593
-2.44908E-05
0.000147445
0.000288263
0.000365527
0.000365548
0.000296737
0.000185792
6.82337E-05
-2.3299E-05
-6.89724E-05
-6.66582E-05
-3.05051E-05
1.58612E-05
4.86459E-05
5.21663E-05
2.31449E-05
-3.02776E-05
-9.39561E-05
-0.000155086
-0.000208263
-0.000257697
-0.000314597
-0.000390816
-0.000491427
-0.000609455
-0.000725321
-0.000811717
-0.000842545
-0.000802788
-0.000695603
-0.000543673
-0.000383808
-0.000256182
-0.000191612
-0.000201202
-0.000271978
-0.000370302
-0.000452149
-0.000477027
-0.000420984
-0.000284428
-9.21663E-05
0.000114289
0.000289558
0.000398096
0.000424272
0.000375715
0.000279102
0.00017021
8.18398E-05
3.38031E-05
2.82133E-05
5.12837E-05
8.0502E-05
9.41908E-05
7.98184E-05
3.80867E-05
-1.8398E-05
-7.09786E-05
-0.00010273
-0.000104936
-7.97071E-05
-3.77602E-05
7.56633E-06
4.74918E-05
8.30327E-05
0.000125923
0.000194518
0.000306019
0.000467929
0.000672142
0.000894264
0.001098914
0.001249549
0.001319613
0.001301129
0.001207644
0.001070313
0.000928292
0.000816616
0.000755676
0.000745814
0.000768827
0.000795677
0.000797594
0.000756564
0.000671523
0.000558169
0.000442677
0.000351814
0.000303216
0.000299465
0.000328117
0.000367551
0.000396277
0.000402024
0.000386983
0.000367017
0.000365008
0.000400731
0.000481158
0.00059504
0.000714138
0.000801112
0.000821513
0.000755688
0.000606285
0.000398406
0.000172045
-3.08235E-05
-0.000180115
-0.000267636
-0.000309571
-0.000340419
-0.000400254
-0.000519628
-0.000707294
-0.000945071
-0.001191758
-0.001394938
-0.001506821
-0.001498887
-0.001370498
-0.001148749
-0.000879745
-0.000614396
-0.000393554
-0.000237386
-0.000142264
-8.57622E-05
-3.75286E-05
2.8102E-05
0.000122323
0.000238251
0.000354457
0.000444
0.000485349
0.000471021
0.000410719
0.000327868
0.000250942
0.000202862
0.000192473
0.000211242
0.000236416
0.000239502
0.000196942
9.91816E-05
-4.51327E-05
-0.000211247
-0.000365836
-0.000477234
-0.000524737
-0.000503785
-0.000425503
-0.000311109
-0.000183604
-5.99929E-05
5.30806E-05
0.000158844
0.000265596
0.000379821
0.00050024
0.000615394
0.000705946
0.000750901
0.000735397
0.000656943
0.000527532
0.000370562
