Time history matched to spectrum: Study 1 targetSpectrum.txt
#Misfit: 0.106173
File Type: Accelerations (g)
#Indentifier:  Step 4
#Zero Time Index: 5038
NPTS= 4096 , DT= 0.009766 SEC
0.000557863
0.000532105
0.000538148
0.00058371
0.000652839
0.000712649
0.000726942
0.00067137
0.000544199
0.00036839
0.000184004
3.36286E-05
-5.37408E-05
-7.4202E-05
-5.12694E-05
-2.77908E-05
-5.00755E-05
-0.000149893
-0.000330913
-0.000564771
-0.000798566
-0.000971514
-0.001035122
-0.000969869
-0.000792498
-0.000551218
-0.000310376
-0.000129802
-4.5948E-05
-6.12347E-05
-0.000145149
-0.000246474
-0.000312138
-0.000305916
-0.000220441
-7.84347E-05
7.69071E-05
0.00019861
0.000253398
0.000233542
0.000158835
6.81806E-05
4.1449E-06
-3.61633E-06
5.02571E-05
0.00014492
0.000241638
0.000299183
0.000290511
0.000214353
9.7201E-05
-1.52714E-05
-7.44306E-05
-4.66918E-05
7.32796E-05
0.000259107
0.000460451
0.000619357
0.000689497
0.00065148
0.000518839
0.000332609
0.000146534
8.26429E-06
-5.66602E-05
-5.23714E-05
-9.20102E-06
0.00002935
2.42143E-05
-4.36418E-05
-0.000165433
-0.000307454
-0.000423542
-0.000472436
-0.000433545
-0.0003152
-0.000152284
5.97245E-06
0.000113533
0.000143988
9.97847E-05
1.08112E-05
-7.71439E-05
-0.000119802
-9.1199E-05
0.0000064
0.000143214
0.000273105
0.000351086
0.000350654
0.000274446
0.000154066
3.89867E-05
-2.15755E-05
2.83571E-06
0.00011188
0.000273473
0.000434506
0.00053953
0.000550743
0.00046199
0.000301586
0.00012277
-1.49224E-05
-6.67592E-05
-1.87643E-05
0.000107248
0.000261471
0.000383999
0.000426403
0.000369235
0.000229096
5.2701E-05
-9.99704E-05
-0.000177363
-0.000155056
-4.4701E-05
0.000110035
0.000249085
0.000317499
0.000285088
0.000157087
-2.79959E-05
-0.000212514
-0.00034062
-0.000378352
-0.000325543
-0.000215233
-0.000100837
-3.58469E-05
-5.35592E-05
-0.000154365
-0.000305339
-0.000452353
-0.00054032
-0.000534098
-0.000432302
-0.000268778
-0.000100979
1.06918E-05
2.51663E-05
-6.35102E-05
-0.000222764
-0.000391904
-0.000502822
-0.000503746
-0.000377584
-0.000148358
0.000126613
0.000376029
0.000538559
0.000583006
0.000517594
0.000385282
0.00024702
0.000159136
0.000153095
0.000224918
0.000337917
0.000437533
0.000472665
0.000415545
0.000272792
8.36306E-05
-9.40755E-05
-0.000204774
-0.000215461
-0.000127752
2.26031E-05
0.000178559
0.000282223
0.000295404
0.000212762
6.28378E-05
-0.000103292
-0.000231378
-0.00028414
-0.000254689
-0.000168266
-7.17633E-05
-1.50367E-05
-3.11133E-05
-0.000122832
-0.000261013
-0.000394982
-0.000471559
-0.000455442
-0.000343245
-0.000165819
2.22551E-05
0.000162297
0.00021307
0.000166278
5.01357E-05
-8.04827E-05
-0.000163869
-0.000154078
-3.79765E-05
0.000159562
0.000384383
0.000572534
0.000673405
0.000667952
0.000575227
0.000444712
0.000337273
0.000301793
0.000356319
0.00048092
0.000625171
0.000727665
0.000740336
0.000648326
0.000477584
0.000286739
0.000145679
0.000108373
0.00019
0.000357276
0.000536434
0.000636953
0.000583311
0.000343726
-5.45857E-05
-0.000529738
-0.000968584
-0.001261929
-0.001339951
-0.001195815
-0.000889153
-0.000527832
-0.000233714
-0.000103621
-0.000178403
-0.000430353
-0.000773045
-0.001090159
-0.001273553
-0.001257873
-0.001040373
-0.000679764
-0.000275069
6.79051E-05
0.000270961
0.000307363
0.000207696
4.66276E-05
-8.41245E-05
-0.000106922
1.70592E-05
0.000277261
0.00061977
0.000966644
0.001240978
0.001388856
0.001391253
0.001263191
0.001042301
0.000772529
0.000489879
0.000215404
-4.29337E-05
-0.000281881
-0.000493148
-0.000657815
-0.000748417
-0.000738529
-0.000616043
-0.000394147
-0.000114337
0.00016131
0.000367154
0.000454801
0.000410066
0.000259254
6.1401E-05
-0.000111687
-0.000201051
-0.000182674
-7.76133E-05
5.43061E-05
0.000135813
0.000101442
-7.57388E-05
-0.000370013
-0.000707516
-0.000988791
-0.00112223
-0.001056841
-0.000802493
-0.000429686
-4.79408E-05
0.000230506
0.000329491
0.000236576
9.41633E-06
-0.000242196
-0.00039318
-0.000346663
-6.92408E-05
0.000394499
0.000933685
0.001405729
0.001682362
0.001691599
0.001441311
0.001016229
0.000549258
0.000176837
-6.44694E-06
2.15612E-05
0.000205194
0.000432511
0.000576192
0.000539551
0.000291707
-0.000120241
-0.000586162
-0.000969773
-0.001154687
-0.001083849
-0.000779004
-0.000333776
0.000116968
0.000440816
0.00054976
0.000426549
0.000127309
-0.000239467
-0.000549527
-0.000702165
-0.000649216
-0.000404933
-3.51561E-05
0.000368637
0.000720027
0.000961972
0.001076993
0.001081482
0.001008623
0.0008885
0.000734399
0.000541097
0.000295349
-6.75816E-06
-0.000344221
-0.000665638
-0.000898207
-0.000969622
-0.000835502
-0.000501828
-3.27439E-05
0.000461255
0.000852678
0.001035152
0.000957632
0.00064259
0.000181069
-0.000294709
-0.000652628
-0.000802179
-0.000722138
-0.000464917
-0.000136093
0.000143722
0.000281287
0.000242517
6.25163E-05
-0.000169554
-0.000345126
-0.000377758
-0.000236437
4.15929E-05
0.000363231
0.000612837
0.000694442
0.000567488
0.000262956
-0.000126302
-0.000477863
-0.000683269
-0.000687176
-0.000507859
-0.000231398
1.87786E-05
0.000126389
2.5099E-05
-0.000275708
-0.000691634
-0.001090533
-0.001337079
-0.001339169
-0.001080028
-0.00062483
-9.96153E-05
0.000350126
0.000606787
0.000617676
0.000409345
7.49959E-05
-0.000259805
-0.000480467
-0.000520412
-0.000379233
-0.000116656
0.000174145
0.000403
0.00051499
0.000506714
0.000421331
0.000325396
0.000277565
0.000302108
0.000378108
0.000448842
0.000447671
0.000329988
9.80184E-05
-0.000192344
-0.000446737
-0.000565052
-0.000479996
-0.000186886
0.000247412
0.000701219
0.00103589
0.001142111
0.000978333
0.000587134
8.28908E-05
-0.000385821
-0.000686396
-0.000747423
-0.000582821
-0.000285948
4.58061E-06
0.000155493
8.78724E-05
-0.000193122
-0.000598835
-0.000988223
-0.001218721
-0.001198751
-0.000922905
-0.000476752
-8.95204E-06
0.000319932
0.00039403
0.000184076
-0.000240501
-0.000733992
-0.001123838
-0.001269924
-0.00111298
-0.000695074
-0.000145017
0.000366204
0.000684189
0.000723441
0.000494926
9.94949E-05
-0.000310043
-0.000584294
-0.000630121
-0.000442119
-0.000101802
0.00025468
0.00048807
0.000507759
0.000304773
-4.58755E-05
-0.000414112
-0.000664077
-0.000705397
-0.000527436
-0.00020374
0.000135016
0.000349684
0.000344934
0.000105799
-0.000295218
-0.000723408
-0.001030463
-0.001108778
-0.000931493
-0.000563437
-0.000138615
0.00018784
0.000295968
0.000145059
-0.000210669
-0.000640743
-0.000984965
-0.001111134
-0.000963122
-0.000581871
-9.15551E-05
0.000344248
0.000580673
0.000543108
0.000253557
-0.000177722
-0.000592406
-0.000841852
-0.00084191
-0.000605436
-0.000241191
8.02184E-05
0.000181185
-6.64459E-05
-0.000702477
-0.001669337
-0.002834299
-0.004033239
-0.005119222
-0.005998668
-0.006643681
-0.007079021
-0.007352121
-0.007500591
-0.007531696
-0.007422249
-0.007137899
-0.006661852
-0.006018348
-0.005277919
-0.00453901
-0.003891117
-0.003373804
-0.002949762
-0.002506519
-0.001891149
-0.000969085
0.00031309
0.00188544
0.003552899
0.005040652
0.006076293
0.006483241
0.006252727
0.005565823
0.004751965
0.004191696
0.004191806
0.00487317
0.006110636
0.007549537
0.008699244
0.009078234
0.008366466
0.006516089
0.003782935
0.000665739
-0.002230338
-0.004364259
-0.0054103
-0.005342102
-0.004423417
-0.003109832
-0.001894961
-0.001152618
-0.001027142
-0.001407072
-0.00198855
-0.002403921
-0.002368888
-0.001795596
-0.000831608
0.000188869
0.000863882
0.000870146
8.44806E-05
-0.001363607
-0.003127703
-0.004756845
-0.005845338
-0.006167357
-0.005748893
-0.004851672
-0.003875065
-0.003211287
-0.00310603
-0.003574748
-0.004404738
-0.0052419
-0.005730031
-0.00565078
-0.005011722
-0.004048715
-0.003140531
-0.002667155
-0.00286567
-0.003740473
-0.00506583
-0.00648432
-0.007666761
-0.008471658
-0.009036313
-0.009751183
-0.01110889
-0.013466701
-0.016799709
-0.020536927
-0.023556431
-0.024371254
-0.021477408
-0.013778062
-0.000962734
0.016279289
0.036293557
0.056758012
0.075181262
0.089475788
0.09845037
0.102080676
0.101473813
0.098526788
0.095366082
0.093720852
0.094405441
0.097060433
0.100231611
0.101772138
0.099461372
0.091670223
0.07788595
0.058944554
0.036896904
0.014534545
-0.005304555
-0.020467078
-0.030054719
-0.034674993
-0.036295312
-0.037726711
-0.04186167
-0.050857755
-0.065477353
-0.084758703
0.106113079
0.125837565
0.139928698
0.145005397
0.139119712
0.122258434
-0.09641207
-0.065192061
-0.033086465
-0.00453176
0.016978467
0.029538929
0.033087246
0.029222861
0.020655603
0.010441131
0.001209939
-0.005409553
-0.009033006
-0.010383591
-0.010840583
-0.011824743
-0.014215273
-0.017979383
-0.022128328
-0.025012838
-0.02486547
-0.02041944
-0.011406451
0.001230584
0.015489508
0.028793993
0.038675887
0.043453836
0.042702121
0.037361811
0.029451451
0.021455543
0.01556907
0.013024281
0.013705715
0.016176046
0.018112747
0.017030927
0.011078801
-0.000332882
-0.016259285
-0.034394023
-0.051639577
-0.064910099
-0.071931684
-0.071806589
-0.065180071
-0.053969038
-0.040743757
-0.027956919
-0.017256972
-0.009092345
-0.002719694
0.003397791
0.010937411
0.021022922
0.033714427
0.047848722
0.061286997
0.071499893
0.076314926
0.074599622
0.066670766
0.05429987
0.040302935
0.02782327
0.019504305
0.016780076
0.019477113
0.02583436
0.032933891
0.03742718
0.036368751
0.027948883
0.011951629
-0.010159361
-0.035530091
-0.060496056
-0.081309362
-0.094850455
-0.099181572
-0.093847426
-0.079890082
-0.059603463
-0.036096477
-0.012756983
0.007287991
0.021632439
0.028909969
0.028934251
0.022651103
0.011917672
-0.000852057
-0.013116104
-0.022635189
-0.027830491
-0.028004943
-0.02338987
-0.01501422
-0.004431736
0.006627367
0.016598338
0.024341049
0.029265615
0.031312358
0.030814512
0.028302137
0.024316248
0.019290305
0.013526314
0.007255459
0.000741246
-0.00563197
-0.011335305
-0.015760092
-0.018357792
-0.018808205
-0.01715154
-0.013825829
-0.009579864
-0.005274561
-0.001627806
0.001015506
0.002806081
0.004351357
0.006510098
0.010070697
0.015407074
0.022222942
0.02947806
0.035542182
0.038556694
0.036919768
0.029767478
0.017314814
0.000950636
-0.016958041
-0.0335208
-0.045936089
-0.05211496
-0.051163507
-0.043603931
-0.031277606
-0.016950677
-0.003713842
0.005684598
0.009420643
0.006963095
-0.000847204
-0.012015681
-0.023851943
-0.033559457
-0.038825681
-0.038287695
-0.031781221
-0.020331421
-0.00590033
0.009043999
0.022037537
0.031098956
0.03507872
0.03381322
0.02806431
0.019272992
0.009196343
-0.00048019
-0.008462561
-0.014029773
-0.017046763
-0.017824596
-0.016885411
-0.01471401
-0.011578367
-0.007476852
-0.002227242
0.004335883
0.012128133
0.020636855
0.028875835
0.035513235
0.039157847
0.038733733
0.033835986
0.02495393
0.013476867
0.001455161
-0.008839961
-0.015451803
-0.017227495
-0.014124391
-0.007241469
0.001442905
0.009564146
0.01496712
0.016245606
0.013081272
0.006293291
-0.002409793
-0.010902277
-0.017204005
-0.019979159
-0.018840139
-0.014385204
-0.007975723
-0.001330573
0.003939214
0.006724967
0.006643909
0.00404847
-0.000157271
-0.004820279
-0.008861155
-0.011524201
-0.012496301
-0.011883632
-0.010080105
-0.007589538
-0.004867466
-0.002229786
0.000157109
0.002223167
0.003918862
0.005160531
0.005826
0.005803729
0.005072353
0.003771422
0.002224405
0.000891863
0.000259538
0.00069286
0.002305814
0.004891605
0.007944845
0.010775766
0.012686335
0.01315672
0.011985903
0.009343934
0.005721041
0.00179093
-0.001768352
-0.004441224
-0.005980938
-0.006429124
-0.006051291
-0.00521745
-0.004272071
-0.003436751
-0.002773595
-0.002213459
-0.001629832
-0.000924414
-8.91459E-05
0.000778715
0.001511955
0.00194244
0.001974136
0.001629414
0.001049014
0.000444619
2.19684E-05
-9.55255E-05
8.77745E-05
0.00044428
0.000777812
0.000908822
0.00075794
0.000394638
2.92612E-05
-5.32224E-05
0.000402174
0.001512777
0.003186113
0.005111787
0.006825322
0.007827961
0.007727023
0.006353462
0.003819338
0.000496293
-0.003079303
-0.00634619
-0.008861162
-0.010403188
-0.011009766
-0.010938303
-0.01056819
-0.010276369
-0.01032503
-0.010793635
-0.011571558
-0.01240777
-0.012997097
-0.01307352
-0.012482151
-0.011211395
-0.009381395
-0.007198733
-0.004896197
-0.002677744
-0.000683372
0.001020779
0.002431184
0.003584591
0.004535508
0.005340789
0.006052684
0.006716607
0.007367828
0.008023163
0.008668365
0.009246765
0.009657352
0.009768888
0.00945123
0.008617524
0.007264502
0.00549576
0.003516266
0.001594795
1.99898E-06
-0.001058608
-0.001505148
-0.001398664
-0.000922306
-0.000323189
0.000165397
0.000396283
0.000350938
0.000137287
-5.71776E-05
-4.14684E-05
0.000299808
0.00095239
0.001763554
0.002483618
0.002845379
0.002655453
0.001866382
0.000603871
-0.000861963
-0.002193811
-0.003088711
-0.003371016
-0.003046056
-0.002296285
-0.001420522
-0.000735691
-0.000472933
-0.000701958
-0.001308209
-0.00203009
-0.002543831
-0.002568187
-0.001955026
-0.000737047
0.000881706
0.002588015
0.004052899
0.00502547
0.005397443
0.005219268
0.004665563
0.003964224
0.003314944
0.002825019
0.002483149
0.002177964
0.001752489
0.001073746
9.2351E-05
-0.001128728
-0.00242581
-0.003582029
-0.004394182
-0.004736377
-0.004599655
-0.00409538
-0.003422281
-0.002808641
-0.002448186
-0.00244895
-0.002808934
-0.003423
-0.004115728
-0.004688013
-0.004963062
-0.004820184
-0.004210758
-0.003157408
-0.001742104
-9.03235E-05
0.001643567
0.003288412
0.00466813
0.005617191
0.0060021
0.005747481
0.004860867
0.003447448
0.00170626
-9.6501E-05
-0.001674697
-0.002780324
-0.003257882
-0.003079729
-0.002351493
-0.001284761
-0.000143865
0.000818635
0.001419835
0.001581998
0.001337165
0.000802005
0.000133112
-0.000521727
-0.001060721
-0.001443361
-0.00168175
-0.001814541
-0.001875716
-0.001871408
-0.001773976
-0.001535269
-0.001113155
-0.000499945
0.000259615
0.001069412
0.001803509
0.002341719
0.002607052
0.002591531
0.002360429
0.002032276
0.00174041
0.001588522
0.001615037
0.001778585
0.001969934
0.002047026
0.001882123
0.001406096
0.000635795
-0.000323985
-0.00130444
-0.002115041
-0.002591415
-0.002635053
-0.002234433
-0.001463381
-0.000459443
0.000609678
0.001581473
0.002326931
0.002766809
0.002875556
0.002676105
0.002230196
0.001627955
0.000978055
0.000397383
-1.95816E-06
-0.00012951
6.41418E-05
0.000569942
0.001311288
0.002149314
0.002905287
0.003397638
0.003485624
0.00310792
0.002304201
0.00121162
3.50224E-05
-0.001002241
-0.001713613
-0.00199496
-0.001847139
-0.001368958
-0.000723087
-8.58755E-05
0.000402952
0.000675073
0.000742488
0.000679089
0.000582581
0.000530948
0.000549285
0.000598907
0.000592701
0.000431218
4.65694E-05
-0.000561917
-0.00131378
-0.002061511
-0.002629404
-0.002865319
-0.002688851
-0.002120144
-0.001279583
-0.000357795
0.000435186
0.000926316
0.001024681
0.00074236
0.000185871
-0.000477944
-0.001070173
-0.001447345
-0.001534623
-0.001336588
-0.000924981
-0.000409885
9.49939E-05
0.000501821
0.000765076
0.000882454
0.000883268
0.000810974
0.00070722
0.000602709
0.000516371
0.000460507
0.000447236
0.000491573
0.00060863
0.000805697
0.001072968
0.001377881
0.001667155
0.00187767
0.001953665
0.001864733
0.001618092
0.001260044
0.000865074
0.0005154
0.000277294
0.00018196
0.000217392
0.000334007
0.000462149
0.000535458
0.000512147
0.000387018
0.000190467
-2.46898E-05
-0.000203383
-0.000307936
-0.000330091
-0.000291273
-0.000231422
-0.000190985
-0.000193182
-0.000233486
-0.000280485
-0.000287953
-0.000213688
-3.7999E-05
0.000225262
0.000529596
0.000808798
0.00099766
0.001053191
0.000968845
0.000776676
0.000536576
0.00031641
0.000170018
0.000120795
0.000156483
0.0002367
0.000310166
0.000335127
0.000295407
0.000206297
0.000108217
5.06969E-05
7.27133E-05
0.000186756
0.00037257
0.00058292
0.000759276
0.000851709
0.000835733
0.000719993
0.000542132
0.000354484
0.000205004
0.000120522
9.8499E-05
0.000110231
0.00011414
7.40143E-05
-2.48357E-05
-0.000167758
-0.000314459
-0.000413052
-0.000419391
-0.000314534
-0.000113707
0.000136812
0.000374138
0.00053959
0.00059854
0.000552185
0.00043692
0.000311436
0.000236004
0.000251274
0.00036407
0.00054522
0.000740141
0.000888367
0.000945047
0.00089671
0.000765724
0.000601885
0.000464174
0.000399242
0.000424248
0.000520168
0.000637919
0.000715112
0.000697581
0.000558189
0.00030654
-1.35847E-05
-0.000337852
-0.000601186
-0.000756846
-0.000788509
-0.000711737
-0.000565128
-0.000395036
-0.000239735
-0.000118691
-3.03173E-05
4.18082E-05
0.000117528
0.000208559
0.000311669
0.000409301
0.000477248
0.000496021
0.000461015
0.000387005
0.000304719
0.000250437
0.000252416
0.000319428
0.000436048
0.000566945
0.000668964
0.000706798
0.000666437
0.00056124
0.000428059
0.000314488
0.00026167
0.000288932
0.000385946
0.000515595
0.000626737
0.000672453
0.000627188
0.000496435
0.000315226
0.000135713
8.15408E-06
-3.78429E-05
-4.86122E-06
7.24643E-05
0.00013959
0.000142139
4.68143E-05
-0.000144463
-0.000392582
-0.000632629
-0.000795041
-0.000829396
-0.000722537
-0.000504547
-0.000240188
-8.41837E-06
0.000123218
0.000120684
-5.4898E-06
-0.000203953
-0.000399848
-0.000519801
-0.000516136
-0.000382203
-0.000153799
0.000103543
0.000316832
0.00042974
0.000420433
0.000307295
0.000141045
-1.35969E-05
-0.000100066
-8.82908E-05
1.6849E-05
0.00017929
0.000345861
0.000465223
0.00050486
0.000460355
0.00035424
0.000225553
0.000114531
4.83082E-05
3.28051E-05
5.33571E-05
8.32112E-05
9.60908E-05
7.76286E-05
3.11398E-05
-2.43929E-05
-6.3101E-05
-6.40602E-05
-2.12439E-05
5.25622E-05
0.00012966
0.000177817
0.000173165
0.000110563
7.21633E-06
-0.000102158
-0.000177118
-0.000186016
-0.000117879
1.28888E-05
0.0001709
0.000311879
0.000398117
0.000411664
0.000360342
0.000274291
0.000194266
0.000155942
0.000176107
0.000245951
0.000334119
0.000398566
0.000402919
0.000331274
0.000195765
3.37816E-05
-0.000104496
-0.000174001
-0.000151694
-4.62286E-05
0.000103447
0.000240485
0.000309473
0.000276066
0.000139955
-6.35969E-05
-0.000274497
-0.000427436
-0.000473781
-0.000398314
-0.000225034
-9.97449E-06
0.000176593
0.00027261
0.000243819
9.40459E-05
-0.000137057
-0.000387707
-0.00059425
-0.000710986
-0.000723017
-0.000648159
-0.000527895
-0.00041112
-0.000336728
-0.000321172
-0.000355104
-0.000409652
-0.000449481
-0.000447393
-0.000394936
-0.000305188
-0.000207005
-0.000133221
-0.000107527
-0.000135134
-0.000200753
-0.000274569
-0.000323814
-0.000325423
-0.000274887
-0.000187913
-9.42776E-05
-2.62439E-05
-6.03061E-06
-3.71418E-05
-0.000102934
-0.000173012
-0.000215057
-0.000207557
-0.000148555
-5.69653E-05
3.41765E-05
9.00704E-05
8.74908E-05
0.000024
-8.06061E-05
-0.000191344
-0.000271137
-0.000295086
-0.000260522
-0.000188832
-0.000118058
-8.87327E-05
-0.000127997
-0.000237914
-0.000392538
-0.00054523
-0.000644015
-0.000649771
-0.000550806
-0.000368506
-0.000151718
3.85112E-05
0.000148819
0.000151248
5.27092E-05
-0.000107164
-0.000269116
-0.000373906
-0.000381818
-0.000285442
-0.000111485
8.88143E-05
0.000257179
0.000347572
0.000340621
0.000248422
0.000108426
-3.10673E-05
-0.000128355
-0.000162477
-0.000139105
-8.63929E-05
-4.2648E-05
-4.06031E-05
-9.42143E-05
-0.000192841
-0.00030488
-0.0003894
-0.000411422
-0.000355156
-0.000230327
-6.92908E-05
8.39969E-05
0.000189131
0.000223019
0.000187355
0.00010718
2.12224E-05
-3.23612E-05
-2.96102E-05
3.1151E-05
0.000129574
0.000231563
0.000302338
0.000319346
0.000280244
0.000203078
0.000118772
5.88898E-05
4.33786E-05
7.29776E-05
0.000129117
0.000181348
0.000199398
0.000165261
8.06561E-05
-3.30827E-05
-0.000142699
-0.000215513
-0.000231998
-0.000193661
-0.000123124
-5.6198E-05
-2.87378E-05
-6.30857E-05
-0.000159166
-0.000293662
-0.000427768
-0.00052089
-0.000545371
-0.000496911
-0.000396749
-0.000284702
-0.000205361
-0.000192341
-0.000256176
-0.000380256
-0.000526317
-0.0006476
-0.000705042
-0.00068075
-0.000583978
-0.000447498
-0.000315692
-0.000228662
-0.000208038
-0.000249566
-0.000325088
-0.00039312
-0.000414195
-0.00036538
-0.000248762
-9.08745E-05
6.67122E-05
0.000182148
0.000228093
0.000201185
0.00012282
3.10133E-05
-3.36541E-05
-4.28622E-05
9.19082E-06
0.000103816
0.000204798
0.000271722
0.000274827
0.000205977
8.18418E-05
-6.18327E-05
-0.000182741
-0.000246756
-0.000239592
-0.00017124
-7.16918E-05
2.03796E-05
7.17796E-05
6.66245E-05
1.16092E-05
-6.71102E-05
-0.00013411
-0.000158135
-0.000123785
-3.71796E-05
7.64184E-05
0.000182032
0.000247895
0.000257035
0.00021324
0.000139228
6.77735E-05
2.91418E-05
3.95551E-05
9.50173E-05
0.000172806
0.000240108
0.000266568
0.000236076
0.000153367
4.29031E-05
-5.96418E-05
-0.000120215
-0.000118874
-5.73092E-05
4.13806E-05
0.000140659
0.000203411
0.00020504
0.00014208
3.31857E-05
-8.78133E-05
-0.000184247
-0.000229797
-0.000217731
-0.000162818
-9.52663E-05
-4.89602E-05
-4.83867E-05
-9.91204E-05
-0.000185438
-0.000275998
-0.00033556
-0.000338426
-0.000278634
-0.000173072
-5.62214E-05
3.16929E-05
5.89469E-05
1.38439E-05
-9.06612E-05
-0.000220966
-0.000334103
-0.000392313
-0.000375788
-0.000289083
-0.000159014
-2.48898E-05
7.53347E-05
0.000117974
0.000101016
4.34643E-05
-2.29316E-05
-6.6348E-05
-6.71837E-05
-2.53755E-05
3.99653E-05
9.84092E-05
0.000120579
9.03235E-05
1.20531E-05
-8.96827E-05
-0.000178372
-0.000218647
-0.000189527
-9.2949E-05
4.57051E-05
0.000185484
0.000283499
0.000309582
0.000256761
0.000143841
9.07653E-06
-0.000102853
-0.000156038
-0.000135382
-5.13163E-05
6.43918E-05
0.000170163
0.000229315
0.000222738
0.000155099
5.25184E-05
-4.73031E-05
-0.000108842
-0.000111407
-5.62031E-05
3.46112E-05
0.000126367
0.000184624
0.000187524
0.000133307
4.03765E-05
-5.99408E-05
-0.000135126
-0.000163299
-0.000140791
-8.27367E-05
-0.0000166
2.88327E-05
3.48194E-05
8.06122E-08
-5.85112E-05
-0.000112251
-0.000131585
-9.76735E-05
-1.02214E-05
0.000111382
0.000234115
0.000322439
0.000350478
0.000310905
0.000217331
9.93827E-05
-7.69796E-06
-7.51827E-05
-9.03224E-05
-5.98551E-05
-6.40714E-06
4.06939E-05
5.67031E-05
3.06143E-05
-3.11592E-05
-0.000107853
-0.000172873
-0.000204459
-0.000194371
-0.000151271
-9.7448E-05
-6.01061E-05
-6.0501E-05
-0.000105061
-0.000181965
-0.000264629
-0.000320984
-0.000325253
-0.000267896
-0.00016001
-3.04367E-05
8.35745E-05
0.000148895
0.00014782
8.41112E-05
-1.83878E-05
-0.000124067
-0.000197842
-0.000216999
-0.000178424
-9.86663E-05
-6.94286E-06
6.62357E-05
0.000100601
9.35378E-05
6.06408E-05
2.92388E-05
2.73184E-05
0.000072
0.00016194
0.000276585
0.000382739
0.000446173
0.000444122
0.000374116
0.000255841
0.000125196
2.25133E-05
-2.09959E-05
6.18061E-06
9.19561E-05
0.000204799
0.000304471
0.000355562
0.000339117
0.000258353
0.000136602
8.44184E-06
-9.27133E-05
-0.000146015
-0.000149572
-0.000119674
-8.33745E-05
-0.00006735
-8.72806E-05
-0.000141699
-0.000212573
-0.000272333
-0.000294645
-0.000264881
-0.000186289
-7.95378E-05
2.42745E-05
9.46255E-05
0.000112545
7.75296E-05
7.83776E-06
-0.000066
-0.000112107
-0.00010868
-5.17602E-05
4.34408E-05
0.000148118
0.00023029
0.000266227
0.000248741
0.000189337
0.000113474
5.07755E-05
2.37949E-05
3.9548E-05
8.69122E-05
0.0001409
0.000172185
0.000158402
9.29878E-05
-1.17255E-05
-0.000128363
-0.000223987
-0.000271749
-0.000260491
-0.000198768
-0.000111792
-3.23612E-05
1.09561E-05
4.10714E-06
-4.74245E-05
-0.00012069
-0.000183708
-0.000207217
-0.00017549
-9.2299E-05
2.01194E-05
0.000128748
0.000201335
0.000217666
0.000176499
9.57194E-05
5.6949E-06
-6.17163E-05
-8.45204E-05
-5.82082E-05
3.06122E-06
7.20622E-05
0.000118787
0.000121612
7.52857E-05
-7.16122E-06
-0.0000992
-0.0001705
-0.000197941
-0.000173906
-0.000108869
-2.7351E-05
4.11867E-05
7.31449E-05
5.93082E-05
7.95714E-06
-5.85122E-05
-0.000112183
-0.000130213
-0.000103512
-4.02633E-05
3.69786E-05
9.95592E-05
0.000123313
9.75735E-05
2.92663E-05
-5.9398E-05
-0.000138818
-0.000182588
-0.000176903
-0.000125377
-4.75143E-05
2.85449E-05
7.63459E-05
8.0699E-05
4.30092E-05
-1.95551E-05
-8.07092E-05
-0.000115024
-0.000107507
-5.92408E-05
1.29949E-05
8.29837E-05
0.000124884
0.000122939
7.7502E-05
5.1051E-06
-6.74663E-05
-0.000112913
-0.000113407
-6.71296E-05
1.10531E-05
9.50378E-05
0.000157045
0.000177763
0.000153333
9.65847E-05
3.20551E-05
-1.33582E-05
-2.06367E-05
1.40582E-05
7.77714E-05
0.000145504
0.000189601
0.000190344
0.000143774
6.37796E-05
-2.24663E-05
-8.4152E-05
-9.81214E-05
-5.76878E-05
2.43347E-05
0.000119613
0.000193995
0.000219551
0.00018466
9.84929E-05
-1.17878E-05
-0.000110214
-0.000164386
-0.000156699
-9.0452E-05
1.13194E-05
0.00011389
0.000182904
0.000196229
0.000151403
6.61378E-05
-2.82653E-05
-9.81602E-05
-0.000119458
-8.59704E-05
-1.13071E-05
7.62194E-05
0.00014377
0.00016553
0.000131504
5.05316E-05
-5.34347E-05
-0.000150236
-0.000214286
-0.000233267
-0.00021166
-0.000167983
-0.000126936
-0.000109496
-0.00012472
-0.000166301
-0.000215101
-0.000246657
-0.000240791
-0.000189659
-0.000101233
3.14898E-06
9.62398E-05
0.000154615
0.000167056
0.000138471
8.79031E-05
4.13429E-05
2.20235E-05
4.17622E-05
9.65796E-05
0.000168197
0.000230864
0.00026099
0.000245983
0.00018904
0.000108071
2.91612E-05
-2.30235E-05
-3.43143E-05
-6.22347E-06
4.47316E-05
9.33347E-05
0.000115324
9.67867E-05
3.97918E-05
-3.7902E-05
-0.000109056
-0.000146869
-0.000135016
-7.40857E-05
1.79857E-05
0.000111763
0.000176411
0.000190449
0.000149302
6.69031E-05
-2.9249E-05
-0.000107828
-0.000144715
-0.000131379
-7.75612E-05
-7.36735E-06
0.00004985
7.04388E-05
4.52633E-05
-1.68551E-05
-9.23255E-05
-0.000151465
-0.000169518
-0.000135992
-5.8899E-05
3.76878E-05
0.000121946
0.000165516
0.000153618
9.04388E-05
-2.15816E-06
-9.21408E-05
-0.000148389
-0.000151412
-9.99327E-05
-1.10653E-05
8.58949E-05
0.000159774
0.000188212
0.000164953
0.000101245
2.10051E-05
-4.83296E-05
-8.58388E-05
-8.43694E-05
-5.24224E-05
-1.01316E-05
1.90388E-05
1.76653E-05
-1.87439E-05
-7.99194E-05
-0.000144727
-0.000189296
-0.000196301
-0.000161864
-9.74551E-05
-2.60061E-05
2.63633E-05
3.99806E-05
9.04694E-06
-5.59418E-05
-0.0001317
-0.000190388
-0.00020957
-0.00018029
-0.000110287
-2.11847E-05
5.93378E-05
0.000107543
0.000112122
7.81051E-05
2.47276E-05
-2.19082E-05
-3.86949E-05
-1.42418E-05
4.67592E-05
0.000125172
0.000194453
0.000230522
0.000220809
0.00016912
9.44724E-05
2.42643E-05
-1.57561E-05
-1.10582E-05
3.6098E-05
0.00010718
0.000173892
0.000208381
0.000193435
0.000129003
3.25888E-05
-6.66704E-05
-0.000138178
-0.00016068
-0.000129826
-5.9752E-05
2.1898E-05
8.37541E-05
0.000101835
6.80143E-05
-7.15306E-06
-9.82408E-05
-0.00017402
-0.000208515
-0.000190122
-0.00012556
-3.7301E-05
4.45173E-05
9.27449E-05
9.26143E-05
4.65439E-05
-2.72847E-05
-0.000101915
-0.000151562
-0.000160824
-0.000129858
-7.36908E-05
-1.6051E-05
0.0000199
2.04582E-05
-1.34245E-05
-6.65367E-05
-0.000115228
-0.000136423
-0.000116501
-5.66684E-05
2.71337E-05
0.000109808
0.000166093
0.000179669
0.000149012
8.78541E-05
2.00673E-05
-2.91143E-05
-4.23133E-05
-1.62673E-05
3.71898E-05
9.57388E-05
0.000135089
0.000138184
0.000101706
3.74112E-05
-3.22041E-05
-8.23245E-05
-9.52031E-05
-6.6999E-05
-9.50204E-06
5.3998E-05
9.72194E-05
0.000100699
5.92755E-05
-1.55429E-05
-9.92939E-05
-0.000163103
-0.000183993
-0.000153261
-7.98531E-05
1.25459E-05
9.37031E-05
0.000137412
0.000130685
7.82357E-05
6.88776E-07
-7.28867E-05
-0.000115393
-0.000111345
-6.22745E-05
1.40245E-05
9.0101E-05
0.000138871
0.000143431
0.000103078
3.34122E-05
-3.95235E-05
-8.88755E-05
-9.68592E-05
-6.12857E-05
3.65714E-06
7.26347E-05
0.000118511
0.000122379
8.06163E-05
6.39286E-06
-7.4951E-05
-0.000134981
-0.000152423
-0.000120894
-5.12918E-05
3.2002E-05
9.97469E-05
0.000128203
0.00010749
4.49867E-05
-3.74204E-05
-0.000111204
-0.000151307
-0.000144858
-9.54122E-05
-2.1252E-05
5.15184E-05
9.8501E-05
0.000105674
7.40571E-05
1.87724E-05
-3.70378E-05
-7.11102E-05
-7.04255E-05
-3.59398E-05
1.80122E-05
6.93827E-05
0.00009695
8.85163E-05
4.56724E-05
-1.66602E-05
-7.57459E-05
-0.000109553
-0.000105083
-6.33786E-05
6.70408E-07
6.37235E-05
0.000102591
0.00010288
6.44541E-05
1.66327E-06
-6.18102E-05
-0.000101611
-0.00010173
-6.05173E-05
8.51735E-06
8.15031E-05
0.000132857
0.000144654
0.000113268
5.08255E-05
-1.91265E-05
-7.01837E-05
-8.27918E-05
-5.15469E-05
1.26112E-05
8.61622E-05
0.000141413
0.000156547
0.000123648
5.18071E-05
-3.58806E-05
-0.000110385
-0.000146995
-0.000134083
-7.72276E-05
2.78673E-06
0.0000774
0.000120442
0.000117405
7.0498E-05
-2.32653E-06
-7.39714E-05
-0.000118042
-0.000118362
-7.4749E-05
-2.98469E-06
7.09643E-05
0.000120354
0.000127268
8.89806E-05
1.87684E-05
-5.90296E-05
-0.00011789
-0.000138654
-0.000116282
-6.13878E-05
3.94592E-06
5.44939E-05
7.12663E-05
4.85112E-05
-4.22959E-06
-6.5701E-05
-0.000110839
-0.000120045
-0.00008645
-1.84959E-05
6.30847E-05
0.000132755
0.000169377
0.000163742
0.000121711
6.18112E-05
8.24592E-06
-1.81061E-05
-7.36735E-06
3.5799E-05
9.40724E-05
0.000144057
0.000165098
0.000147066
9.42224E-05
2.37296E-05
-4.06367E-05
-7.7249E-05
-7.46153E-05
-3.56337E-05
2.34684E-05
7.91306E-05
0.000109184
0.000101066
5.65061E-05
-9.1102E-06
-7.24408E-05
-0.000110894
-0.000111103
-7.40327E-05
-1.47653E-05
4.29796E-05
7.56439E-05
6.87102E-05
2.23816E-05
-4.80949E-05
-0.000117659
-0.000160396
-0.000159005
-0.00011135
-3.16469E-05
5.41837E-05
0.00011743
0.000136585
0.000104903
3.27806E-05
-5.58602E-05
-0.000131914
-0.000171191
-0.000162654
-0.000111935
-3.88898E-05
2.98306E-05
7.04694E-05
7.06112E-05
3.3348E-05
-2.42694E-05
-7.78561E-05
-0.000104913
-9.32388E-05
-4.54469E-05
2.20173E-05
0.000085
0.000120595
0.00011564
7.16439E-05
4.3102E-06
-6.21255E-05
-0.000103693
-0.000105383
-6.65622E-05
-1.15714E-06
6.74694E-05
0.000115038
0.000125159
9.52153E-05
3.71714E-05
-2.69327E-05
-7.3149E-05
-8.44265E-05
-5.68378E-05
-9.38776E-07
6.21857E-05
0.000108735
0.000120964
9.36878E-05
3.61316E-05
-3.15306E-05
-8.56602E-05
-0.000107887
-9.18643E-05
-4.55592E-05
1.17653E-05
5.67571E-05
7.06878E-05
4.64643E-05
-8.67245E-06
-7.57602E-05
-0.000131096
-0.000155005
-0.000139154
-8.97102E-05
-2.51449E-05
3.05276E-05
5.6599E-05
4.33541E-05
-4.26735E-06
-6.83969E-05
-0.000124755
-0.000151597
-0.000137799
-8.7098E-05
-1.68908E-05
4.80153E-05
8.44531E-05
7.94531E-05
3.51612E-05
-3.17102E-05
-9.57673E-05
-0.000132049
-0.0001251
-7.4702E-05
3.83469E-06
8.49622E-05
0.000141898
0.000156122
0.000123948
5.78163E-05
-1.8151E-05
-7.6751E-05
-9.73459E-05
-7.31041E-05
-1.32633E-05
6.03735E-05
0.000121405
0.000148354
0.000132307
7.99429E-05
1.08867E-05
-4.95776E-05
-7.97735E-05
-6.94684E-05
-2.34714E-05
4.02959E-05
9.74929E-05
0.000126345
0.000115602
6.85939E-05
1.90714E-06
-6.07837E-05
-9.74388E-05
-9.57194E-05
-5.74357E-05
2.23061E-06
6.04255E-05
9.51102E-05
9.32255E-05
5.55112E-05
-3.78061E-06
-6.2151E-05
-9.71612E-05
-9.47184E-05
-5.42898E-05
1.08602E-05
7.84959E-05
0.000125509
0.000136322
0.000108498
5.35112E-05
-7.58265E-06
-5.19755E-05
-6.35469E-05
-3.87796E-05
1.2002E-05
6.85378E-05
0.000108222
0.000114561
8.33735E-05
2.44153E-05
-4.21776E-05
-9.33367E-05
-0.000111633
-9.18184E-05
-4.28776E-05
1.5201E-05
5.87816E-05
6.93796E-05
4.06633E-05
-1.8951E-05
-8.91082E-05
-0.000144766
-0.000165268
-0.000141951
-8.14704E-05
-3.62755E-06
6.55929E-05
0.000103256
9.76622E-05
5.25173E-05
-1.44439E-05
-7.78806E-05
-0.000114014
-0.000109217
-6.49153E-05
2.96939E-06
6.98398E-05
0.000111382
0.000112427
7.24908E-05
5.9898E-06
-6.29582E-05
-0.000109237
-0.000115805
-7.98388E-05
-1.37235E-05
5.94357E-05
0.000114184
0.000131886
0.000107414
5.09224E-05
-1.59143E-05
-6.77857E-05
-8.49082E-05
-6.01316E-05
-1.43265E-06
7.10735E-05
0.000132471
0.000162043
0.000150639
0.000103773
3.93449E-05
-1.91143E-05
-5.11633E-05
-4.69204E-05
-1.05633E-05
4.14082E-05
8.64602E-05
0.000104519
8.55204E-05
3.32214E-05
-3.61082E-05
-9.96459E-05
-0.00013639
-0.000134881
-9.73939E-05
-3.90653E-05
1.77133E-05
5.15837E-05
5.01082E-05
1.43531E-05
-4.15357E-05
-9.56102E-05
-0.000126318
-0.000120586
-7.87908E-05
-1.47806E-05
4.91082E-05
9.02153E-05
9.39071E-05
5.90459E-05
-1.46633E-06
-6.52939E-05
-0.000108765
-0.000115503
-8.24327E-05
-2.0952E-05
4.71929E-05
9.78408E-05
0.000113248
8.86153E-05
3.38776E-05
-0.0000299
-7.82367E-05
-9.22469E-05
-6.56561E-05
-7.22857E-06
6.2302E-05
0.000117724
0.000138546
0.000116555
5.89745E-05
-1.39724E-05
-7.62388E-05
-0.000105301
-9.02949E-05
-3.60061E-05
3.87633E-05
0.00010787
0.000147156
0.000143074
9.75163E-05
2.70878E-05
-4.28714E-05
-8.73908E-05
-9.0799E-05
-5.22847E-05
1.39071E-05
8.36653E-05
0.000131712
0.000140647
0.000107091
4.2748E-05
-0.00002995
-8.59837E-05
-0.000106712
-8.64051E-05
-3.40245E-05
3.03173E-05
8.28776E-05
0.000104979
0.0000897
4.41592E-05
-0.0000134
-6.05643E-05
-7.91449E-05
-0.0000619
-1.51061E-05
4.39112E-05
9.3348E-05
0.000115099
0.000101514
5.81878E-05
1.79082E-06
-4.62571E-05
-6.7898E-05
-5.52827E-05
-1.38031E-05
3.98439E-05
8.38694E-05
9.95633E-05
7.84051E-05
2.54316E-05
-4.24224E-05
-0.000102424
-0.000134386
-0.000128143
-8.74041E-05
-0.0000285
2.55582E-05
5.35622E-05
4.40296E-05
-3.70408E-07
-6.35592E-05
-0.00012174
-0.000152011
-0.000140773
-8.8848E-05
-1.14051E-05
6.73194E-05
0.000122647
0.000138304
0.000112276
5.75143E-05
-2.76633E-06
-4.35582E-05
-4.72122E-05
-9.96224E-06
5.65704E-05
0.000129462
0.000182709
0.000196633
0.000165062
9.7699E-05
1.67653E-05
-5.08347E-05
-8.30663E-05
-7.05622E-05
-1.98724E-05
4.89929E-05
0.000109847
0.000139791
0.000127447
7.69969E-05
6.59082E-06
-5.82888E-05
-9.40673E-05
-8.75949E-05
-4.08469E-05
2.98653E-05
9.98561E-05
0.000145009
0.000150442
0.000115741
5.48745E-05
-9.15306E-06
-5.29612E-05
-6.15755E-05
-3.41398E-05
1.55347E-05
6.37939E-05
8.5602E-05
6.35816E-05
-5.61327E-06
-0.000109901
-0.000225819
-0.000326566
-0.000391137
-0.00041129
-0.000393898
-0.000357905
-0.00032707
-0.000321164
-0.000348807
-0.000404498
-0.000470818
-0.000524923
-0.000546877
-0.000526772
-0.000468089
-0.00038612
-0.000302182
-0.000235796
-0.000197779
-0.000186752
-0.000190288
-0.000190154
-0.000169601
-0.000119906
-4.37061E-05
4.60939E-05
0.000131363
0.000195744
0.000230891
0.000239503
0.000233959
0.000231033
0.000244721
0.000279979
0.000329858
0.000377323
0.000401248
0.000384462
0.000320911
0.000219153
0.000100746
-6.12245E-06
-7.56429E-05
-9.28857E-05
-5.87592E-05
1.03908E-05
8.84602E-05
0.000148605
0.000172393
0.000155862
0.000110332
5.76878E-05
2.18735E-05
1.96755E-05
5.41755E-05
0.000113271
0.000173855
0.00021015
0.000203228
0.00014822
5.66061E-05
-4.73602E-05
-0.000134824
-0.000182253
-0.000179559
-0.000133515
-6.52337E-05
-2.57857E-06
2.9798E-05
1.92418E-05
-3.03969E-05
-0.000100144
-0.000162648
-0.000191884
-0.00017237
-0.000104629
-5.00714E-06
0.0001
0.000182861
0.000224266
0.000219243
0.000178054
0.000121662
7.35296E-05
5.08224E-05
5.82214E-05
8.65673E-05
0.000116746
0.000127306
0.000102941
4.06673E-05
-4.85735E-05
-0.00014349
-0.000219868
-0.000259132
-0.000254881
-0.000215058
-0.00015895
-0.000110147
-8.8049E-05
-0.000100997
-0.000143503
-0.000198518
-0.000243843
-0.000260243
-0.000238309
-0.000181529
-0.000104539
-2.73071E-05
3.2501E-05
6.60306E-05
7.61633E-05
7.57378E-05
8.17867E-05
0.000108001
0.000158371
0.000224538
0.000288012
0.000326604
0.000322769
0.000270793
0.000180069
7.30857E-05
-2.13714E-05
-7.75153E-05
-8.11316E-05
-3.43959E-05
4.48173E-05
0.000128951
0.000190019
0.000208907
0.000181449
0.000119235
4.49143E-05
-1.62276E-05
-4.53755E-05
-3.6701E-05
1.00204E-06
4.80816E-05
8.17133E-05
8.46602E-05
5.18673E-05
-7.52245E-06
-7.3452E-05
-0.000122317
-0.000135689
-0.000107193
-4.50214E-05
0.00003085
9.57337E-05
0.000128994
0.000121333
7.79357E-05
1.63551E-05
-4.00745E-05
-7.08827E-05
-6.59888E-05
-2.93714E-05
2.2448E-05
6.65592E-05
8.21786E-05
5.84327E-05
-1.42857E-06
-8.09276E-05
-0.000156018
-0.000203455
-0.000208843
-0.000171479
-0.000104277
-2.88969E-05
3.21071E-05
6.3198E-05
6.09602E-05
3.4598E-05
1.75306E-06
-0.0000187
-1.4101E-05
1.71143E-05
6.49551E-05
0.000111953
0.000140222
0.000138762
0.000108169
6.08806E-05
1.67551E-05
-4.43265E-06
9.20714E-06
5.6552E-05
0.000123051
0.000185337
0.000219344
0.000209032
0.000152551
6.35337E-05
-3.30908E-05
-0.000109363
-0.000143783
-0.000128645
-7.26194E-05
2.38878E-06
6.89837E-05
0.000103886
9.59857E-05
4.99633E-05
-1.57939E-05
-7.61908E-05
-0.000108801
-0.0001022
-6.02316E-05
-6.46939E-07
5.14061E-05
7.26827E-05
5.05602E-05
-1.19908E-05
-9.70347E-05
-0.000177699
-0.000227496
-0.000229609
-0.00018285
-0.000102151
-1.34388E-05
5.52969E-05
8.35663E-05
6.5201E-05
1.00867E-05
-5.97306E-05
-0.000118084
-0.000143931
-0.000128509
-7.79082E-05
-1.0249E-05
5.1351E-05
8.73837E-05
8.89337E-05
0.00006055
1.80245E-05
-1.79531E-05
-2.9852E-05
-9.98878E-06
3.66082E-05
9.42194E-05
0.000142511
0.000164362
0.00015245
0.000112118
5.94224E-05
1.50765E-05
-3.42653E-06
1.14408E-05
5.4202E-05
0.000108229
0.00015184
0.000166428
0.000143574
8.84949E-05
1.84367E-05
-4.34163E-05
-7.63827E-05
-6.99459E-05
-2.78163E-05
3.31704E-05
8.89878E-05
0.000117088
0.000104653
5.34398E-05
-2.06224E-05
-9.29684E-05
-0.000139126
-0.000143483
-0.00010495
-3.74133E-05
3.51888E-05
8.74214E-05
0.000101456
0.00007345
1.48633E-05
-5.17439E-05
-0.000100941
-0.0001137
-8.43582E-05
-2.27439E-05
4.9299E-05
0.000105759
0.000125815
0.000101344
3.98571E-05
-3.81908E-05
-0.000106736
-0.000143438
-0.000137624
-0.000094
-3.07867E-05
2.69898E-05
5.66398E-05
4.60286E-05
-2.07245E-06
-7.10724E-05
-0.00013666
-0.000175668
-0.000174485
-0.00013395
-6.89918E-05
-3.15102E-06
3.99673E-05
4.52112E-05
1.12541E-05
-4.90969E-05
-0.000113739
-0.000159463
-0.00017047
-0.000144121
-9.18194E-05
-3.47347E-05
4.03265E-06
7.99184E-06
-2.66439E-05
-8.9502E-05
-0.000159746
-0.000213553
-0.000232621
-0.000210604
-0.000155164
-8.49357E-05
-2.25735E-05
1.35235E-05
1.57531E-05
-1.02459E-05
-4.81112E-05
-7.72224E-05
-8.06633E-05
-5.16796E-05
3.77755E-06
6.93602E-05
0.000124598
0.000152762
0.000147326
0.000114568
7.12929E-05
3.84663E-05
3.3152E-05
6.17663E-05
0.000117242
0.000181252
0.000230766
0.000246592
0.00022073
0.000159799
8.31408E-05
1.61837E-05
-1.86143E-05
-9.97653E-06
3.78214E-05
0.000106111
0.000168185
0.000198649
0.000182482
0.000120523
2.94337E-05
-6.39357E-05
-0.000131774
-0.000154884
-0.000129198
-6.69602E-05
7.85714E-06
6.82031E-05
9.35469E-05
7.7001E-05
2.74133E-05
-3.42622E-05
-8.2948E-05
-9.88561E-05
-7.48776E-05
-1.92673E-05
4.7352E-05
9.95653E-05
0.000116544
8.98286E-05
2.6648E-05
-5.24235E-05
-0.000120659
-0.000154623
-0.000142469
-8.81143E-05
-9.80306E-06
6.64051E-05
0.000115866
0.000123971
9.10888E-05
3.20939E-05
-2.92663E-05
-6.90898E-05
-7.19184E-05
-3.61316E-05
2.57633E-05
9.19673E-05
0.000139507
0.000152609
0.000128267
7.7001E-05
1.8599E-05
-0.0000255
-4.03276E-05
-2.29602E-05
1.6502E-05
5.89102E-05
8.34714E-05
7.58163E-05
3.36878E-05
-3.18929E-05
-0.000100434
-0.000149395
-0.000162456
-0.000135596
-7.86908E-05
-1.20347E-05
4.09776E-05
6.23122E-05
4.58041E-05
-7.02041E-07
-5.83745E-05
-0.00010445
-0.000120748
-0.000100455
-5.06765E-05
1.02276E-05
5.95602E-05
7.8901E-05
6.12102E-05
1.37561E-05
-4.43122E-05
-8.89327E-05
-0.000100114
-6.96796E-05
-4.85612E-06
7.3699E-05
0.000138829
0.000166363
0.000143796
7.50204E-05
-2.06133E-05
-0.000114647
-0.000179063
-0.00019569
-0.000162149
-9.23071E-05
-1.10908E-05
5.44061E-05
8.43459E-05
7.27357E-05
2.89122E-05
-2.65276E-05
-6.97439E-05
-8.26449E-05
-5.95429E-05
-9.05918E-06
4.93439E-05
9.28827E-05
0.000104191
7.80235E-05
2.34286E-05
-3.94265E-05
-8.66082E-05
-9.9249E-05
-7.06051E-05
-8.73469E-06
6.62265E-05
0.000129196
0.000159114
0.000146485
9.6749E-05
2.82551E-05
-3.44071E-05
-6.92969E-05
-6.49959E-05
-2.46173E-05
3.54837E-05
9.17939E-05
0.000122263
0.000114321
6.93582E-05
2.07857E-06
-6.49888E-05
-0.000109759
-0.000118579
-9.09939E-05
-3.95806E-05
1.50592E-05
5.22051E-05
5.88602E-05
3.45765E-05
-8.54592E-06
-5.06898E-05
-7.21551E-05
-6.12367E-05
-1.91439E-05
3.99653E-05
9.39388E-05
0.000120811
0.000107201
5.37704E-05
-2.43582E-05
-0.000102521
-0.000155113
-0.000164767
-0.000128831
-6.06929E-05
1.45878E-05
6.88918E-05
8.08592E-05
4.34357E-05
-3.35571E-05
-0.000126765
-0.000207381
-0.000251092
-0.000246383
-0.000198233
-0.000125962
-5.60357E-05
-1.24673E-05
-8.29694E-06
-4.11929E-05
-9.47265E-05
-0.000144783
-0.000168715
-0.000153879
-0.000102385
-3.03694E-05
3.79541E-05
7.92776E-05
7.98969E-05
4.09439E-05
-2.17908E-05
-8.33908E-05
-0.000118716
-0.000111453
-6.00265E-05
2.17378E-05
0.000109452
0.000176722
0.000204335
0.000186768
0.000133714
6.6148E-05
8.43878E-06
-2.05561E-05
-1.41398E-05
2.02235E-05
6.42418E-05
9.61378E-05
9.92214E-05
6.84612E-05
1.25847E-05
-4.90929E-05
-9.39306E-05
-0.000104612
-7.59347E-05
-1.71653E-05
5.09816E-05
0.000103703
0.000121126
9.56918E-05
3.51541E-05
-3.99541E-05
-0.000103532
-0.000133194
-0.000118297
-6.37633E-05
1.1698E-05
8.23276E-05
0.000124589
0.000125598
8.7649E-05
2.7199E-05
-3.13153E-05
-6.45612E-05
-5.8952E-05
-1.56847E-05
4.96857E-05
0.000112988
0.000150396
0.000147313
0.000103918
3.52959E-05
-3.39255E-05
-7.84949E-05
-8.17918E-05
-4.20031E-05
2.70367E-05
0.000100712
0.000152442
0.000163282
0.000128828
6.08908E-05
-1.66765E-05
-7.65224E-05
-9.76337E-05
-7.29163E-05
-1.17908E-05
6.31459E-05
0.000124187
0.000148388
0.000125722
6.25592E-05
-2.07276E-05
-9.71398E-05
-0.000142727
-0.000145041
-0.000107354
-4.71418E-05
1.05439E-05
4.23571E-05
3.51806E-05
-9.17959E-06
-7.48214E-05
-0.000137724
-0.00017463
-0.000171543
-0.000128744
-6.0499E-05
1.03622E-05
6.09561E-05
7.67388E-05
5.66714E-05
1.32612E-05
-3.25327E-05
-5.95755E-05
-5.49071E-05
-1.89857E-05
3.41622E-05
8.20357E-05
0.000102117
8.0598E-05
1.80786E-05
-6.99265E-05
-0.000157978
-0.000219462
-0.000235961
-0.000203821
-0.000135513
-5.52143E-05
9.82551E-06
3.90449E-05
2.59327E-05
-1.96898E-05
-7.53031E-05
-0.000113949
-0.00011414
-6.78296E-05
1.64296E-05
0.000116303
0.000203431
0.000253336
0.000253903
0.000209384
0.000138515
6.74878E-05
2.0352E-05
1.03888E-05
3.55633E-05
7.97102E-05
0.000118936
0.000130857
0.000103215
3.86816E-05
-4.59408E-05
-0.000125816
-0.000177212
-0.000186284
-0.000154213
-9.67714E-05
-3.84143E-05
-3.07449E-06
-5.04898E-06
-4.33867E-05
-0.000101939
-0.000155127
-0.000177404
-0.000152983
-8.22041E-05
1.78245E-05
0.000118717
0.000190536
0.000212327
0.000179679
0.000106548
2.06224E-05
-0.0000462
-6.88867E-05
-3.79786E-05
3.71378E-05
0.000131565
0.000213629
0.000255926
0.000244771
0.000184731
9.66939E-05
1.02694E-05
-4.67286E-05
-5.79153E-05
-2.36714E-05
3.96337E-05
0.000106128
0.000150177
0.000155772
0.000122146
6.36255E-05
3.85204E-06
-3.34173E-05
-0.0000335
3.45918E-06
6.22806E-05
0.000118179
0.000145803
0.00012858
6.49153E-05
-3.10102E-05
-0.000134152
-0.000217389
-0.000261007
-0.000259402
-0.000222598
-0.000172084
-0.000132539
-0.000122544
-0.00014771
-0.000198737
-0.000255099
-0.000292953
-0.000294301
-0.000253992
-0.000181944
-9.97439E-05
-3.28653E-05
-1.3898E-06
-1.26378E-05
-5.84735E-05
-0.000118258
-0.0001664
-0.000181687
-0.000154979
-9.24031E-05
-1.28765E-05
5.91082E-05
0.000102739
0.000108709
8.26663E-05
4.29398E-05
1.33704E-05
1.38888E-05
5.23949E-05
0.000121042
0.00019846
0.000257238
0.00027402
0.000238537
0.000158185
5.63378E-05
-3.51878E-05
-8.69551E-05
-8.22071E-05
-2.29602E-05
7.03561E-05
0.00016567
0.000230145
0.000241361
0.000194903
0.000105678
2.5398E-06
-8.18316E-05
-0.000122226
-0.00010934
-5.2448E-05
2.45643E-05
9.22714E-05
0.000126523
0.000117094
7.10398E-05
9.62653E-06
-3.99786E-05
-5.51388E-05
-2.64561E-05
3.84663E-05
0.000117594
0.000182417
0.000208393
0.000184043
0.000115383
2.40418E-05
-6.02643E-05
-0.000110189
-0.000110376
-6.27704E-05
1.4252E-05
9.26153E-05
0.000144631
0.000152795
0.000115764
4.83786E-05
-2.41898E-05
-7.59592E-05
-8.98071E-05
-6.37367E-05
-1.14592E-05
4.28582E-05
7.37327E-05
6.39633E-05
1.11551E-05
-7.12439E-05
-0.000158767
-0.000224828
-0.000250394
-0.000230889
-0.000177754
-0.000114118
-6.61735E-05
-0.00005345
-8.15745E-05
-0.000140201
-0.000206858
-0.000255317
-0.000265353
-0.000230311
-0.000159649
-7.55163E-05
-4.61224E-06
3.16612E-05
2.50959E-05
-1.63143E-05
-7.14224E-05
-0.000113924
-0.000122379
-8.85255E-05
-2.07929E-05
5.83969E-05
0.000120595
0.000141726
0.000111099
3.57194E-05
-6.17735E-05
-0.00015086
-0.000203857
-0.00020572
-0.000159395
-8.47245E-05
-1.12806E-05
3.23378E-05
2.88704E-05
-2.13184E-05
-0.000100318
-0.000179144
-0.000228241
-0.000228287
-0.00017735
-9.18337E-05
-8.19388E-07
6.41531E-05
8.02286E-05
4.13102E-05
-3.98082E-05
-0.000135982
-0.000215263
-0.000252004
-0.000235532
-0.000173338
-8.77367E-05
-7.30306E-06
4.36837E-05
5.39092E-05
2.86592E-05
-1.28551E-05
-4.53786E-05
-4.77122E-05
-1.11878E-05
5.66755E-05
0.000134759
0.000196238
0.000218867
0.00019381
0.00012964
4.99224E-05
-1.4901E-05
-3.84561E-05
-8.25102E-06
6.92173E-05
0.000170052
0.00026077
0.000309694
0.000297896
0.000225883
0.000113626
-6.04592E-06
-9.83582E-05
-0.00013798
-0.000116901
-4.61643E-05
4.90378E-05
0.000138933
0.000199892
0.000222403
0.000213503
0.000192945
0.000184698
0.000207067
0.000265164
0.00034857
0.000435022
0.000498719
0.000520094
0.000493367
0.000429009
0.000350144
0.00028419
0.000252819
0.000263966
0.000308866
0.000365271
0.000405687
0.000407601
0.000361938
0.000276553
0.000173446
8.06633E-05
2.18276E-05
7.16224E-06
2.93571E-05
6.58541E-05
8.68173E-05
6.59255E-05
-9.93061E-06
-0.000135599
-0.000289135
-0.000439328
-0.000556563
-0.000623105
-0.00063904
-0.000621714
-0.000598854
-0.000597852
-0.000635159
-0.000709662
-0.000802534
-0.00088366
-0.000922367
-0.000898556
-0.000810197
-0.0006744
-0.000521618
-0.000385011
-0.00028878
-0.000239684
-0.000224835
-0.000216609
-0.000182957
-9.9451E-05
4.12469E-05
0.000225887
0.00042439
0.000599526
0.000719096
0.000766322
0.000744789
0.000676291
0.000592469
0.000523317
0.000486754
0.000482984
0.000495611
0.000498967
0.000468871
0.000392787
0.000275614
0.000138946
1.40388E-05
-6.8951E-05
-9.15429E-05
-5.34765E-05
2.7152E-05
0.000120236
0.000194153
0.000226663
0.000212262
0.000163412
0.00010528
6.59714E-05
6.58786E-05
0.000110032
0.00018622
0.000269514
0.000331469
0.000350594
0.000320242
0.000251031
0.000166957
9.66745E-05
6.31592E-05
7.55857E-05
0.000126353
0.000194322
0.00025299
0.000280547
0.000268059
0.000222756
0.000165212
0.00012151
0.000113293
0.000149431
0.000222369
0.000310519
0.000385764
0.000423301
0.000410129
0.000349083
0.000256941
0.000157416
7.17531E-05
1.05776E-05
-2.98224E-05
-6.52939E-05
-0.000116468
-0.000199057
-0.000315592
-0.000451964
-0.000580429
-0.000668309
-0.000689494
-0.000634571
-0.000515834
-0.000365016
-0.000224212
-0.000132839
-0.000114998
-0.000171564
-0.000279751
-0.000400382
-0.000490412
-0.000516501
-0.000465052
-0.00034546
-0.000185667
-2.18459E-05
0.000114005
0.000204108
0.000249174
0.000265605
0.000276996
0.000303343
0.000352145
0.00041484
0.000469934
0.000491658
0.000460884
0.000374086
0.000246837
0.000110271
1.52245E-06
-4.86082E-05
-2.63949E-05
5.9499E-05
0.000180158
0.000295374
0.000366452
0.00036848
0.000297946
0.000173195
2.77378E-05
-0.000101072
-0.000183992
-0.000208337
-0.000180197
-0.000120033
-5.36051E-05
-1.87449E-06
2.63276E-05
3.61918E-05
4.29122E-05
6.35571E-05
0.000108211
0.00017403
0.000244735
0.000295924
0.00030433
0.000257494
0.00016011
3.43571E-05
-8.62408E-05
-0.000167492
-0.000186056
-0.000137701
-3.92143E-05
7.68541E-05
0.000172924
0.000218901
0.000202099
0.000131111
3.22653E-05
-6.0049E-05
-0.0001157
-0.0001194
-7.57786E-05
-7.18469E-06
5.49276E-05
8.18592E-05
5.84388E-05
-1.12347E-05
-0.000105181
-0.000191588
-0.000240629
-0.000235783
-0.00018055
-9.80949E-05
-2.38745E-05
6.22143E-06
-3.19337E-05
-0.000142377
-0.000307462
-0.000493448
-0.00066121
-0.000778318
-0.000828297
-0.000814064
-0.000754644
-0.000676705
-0.000604234
-0.000550169
-0.000512953
-0.000478993
-0.000429802
-0.000350836
-0.000238514
-0.000102685
3.63867E-05
0.000155291
0.000236141
0.000273237
0.000275103
0.000261062
0.000253641
0.000269697
0.000313732
0.000376012
0.000436338
0.000472078
0.000467469
0.000420572
0.000345085
0.000266133
0.000211414
0.000200874
0.000238782
0.00031127
0.000390479
0.000444003
0.000446367
0.000388384
0.00028095
0.000151767
3.60276E-05
-3.56918E-05
-4.80041E-05
-5.94898E-06
6.7052E-05
0.000137819
0.000175536
0.000162951
0.000102567
1.54827E-05
-6.67724E-05
-0.000114482
-0.000111605
-6.28357E-05
6.90408E-06
6.05878E-05
6.21449E-05
-1.01041E-05
-0.00015441
-0.000344293
-0.000535658
-0.000680074
-0.000739809
-0.000699591
-0.000571155
-0.000389155
-0.000199918
-4.69459E-05
4.19235E-05
6.15194E-05
2.84571E-05
-2.68786E-05
-7.22969E-05
-8.53031E-05
-6.0099E-05
-7.8949E-06
4.91408E-05
8.76367E-05
9.25286E-05
6.26724E-05
1.04888E-05
-4.40378E-05
-0.0000825
-9.65898E-05
-9.25316E-05
-8.94929E-05
-0.000112408
-0.000181838
-0.000304704
-0.00046954
-0.000648268
-0.000804143
-0.000903173
-0.000925028
-0.0008695
-0.000756215
-0.000617644
-0.000487957
-0.000391708
-0.000336405
-0.000311581
-0.000294534
-0.000260476
-0.00019317
-9.19827E-05
2.73724E-05
0.000138699
0.000215583
0.000242128
0.000219926
0.000168402
0.000118119
9.92643E-05
0.000129519
0.000205869
0.000303659
0.000383669
0.000405059
0.000339837
0.00018378
-4.01694E-05
-0.000287492
-0.00050502
-0.000647003
-0.000688953
-0.000634673
-0.000514141
-0.000373068
-0.000257784
-0.000200577
-0.000210417
-0.000271961
-0.000352818
-0.000416214
-0.000434361
-0.000397793
-0.000317522
-0.000219571
-0.000134167
-8.38194E-05
-7.47327E-05
-9.46969E-05
-0.000118116
-0.000116174
-0.00006825
2.97112E-05
0.000162983
0.000302802
0.00041629
0.000477844
0.000477843
0.000425481
0.000344827
0.000265663
0.0002126
0.000196523
0.000211512
0.000238234
0.000252395
0.000234915
0.000179894
9.73041E-05
9.43469E-06
-5.75184E-05
-8.34265E-05
-6.18582E-05
-2.38061E-06
7.3401E-05
0.000140538
0.000180763
0.000189848
0.000179232
0.000171088
0.000188526
0.000244683
0.00033504
0.000436304
0.000512828
0.000528665
0.000461108
0.000310724
0.000103893
-0.000113616
-0.000290307
-0.000385437
-0.000382698
-0.000296198
-0.000166392
-4.70306E-05
1.26306E-05
-1.55888E-05
-0.000129089
-0.000295057
-0.000461167
-0.000572848
-0.000591254
-0.000505886
-0.00033762
-0.000131288
5.95184E-05
0.000190032
0.000238253
0.000210546
0.000137222
5.99959E-05
1.59847E-05
2.40582E-05
7.83459E-05
0.000151037
0.000203231
0.000199716
0.000122222
-2.36337E-05
-0.00021012
-0.000397051
-0.000545665
-0.000631566
-0.000652024
-0.000625074
-0.000580962
-0.000549299
-0.000546839
-0.000570537
-0.0005985
-0.000598468
-0.00054063
-0.000409934
-0.000213224
2.1548E-05
0.000253867
0.00044385
0.000565289
0.000613753
0.000606784
0.000576133
0.000554966
0.00056482
0.000607214
0.000663092
0.000700345
0.000686664
0.000602892
0.000451826
0.000259042
6.52367E-05
-8.72827E-05
-0.000169084
-0.000173764
-0.000119996
-4.45541E-05
1.12133E-05
1.66429E-05
-3.68184E-05
-0.000132243
-0.000233222
-0.000297179
-0.000291219
-0.000204803
-5.45929E-05
0.000120343
0.000271366
0.000356584
0.000354852
0.000272492
0.000140347
2.34388E-06
-0.000100271
-0.000143285
-0.000127255
-7.59245E-05
-2.5998E-05
-1.21582E-05
-5.29806E-05
-0.000143035
-0.00025424
-0.000346056
-0.000380871
-0.000338884
-0.000226946
-7.79031E-05
5.95745E-05
0.000137263
0.000124058
0.00001715
-0.000156273
-0.00034748
-0.000501864
-0.000576395
-0.000552833
-0.000442273
-0.000279745
-0.000111103
2.28173E-05
9.90347E-05
0.000117744
9.85796E-05
6.96878E-05
5.41633E-05
5.9349E-05
7.33061E-05
6.99561E-05
2.09408E-05
-9.04184E-05
-0.000258723
-0.000454106
-0.000629394
-0.000734796
-0.000735099
-0.000623176
-0.00042467
-0.000191707
1.2699E-05
0.000134466
0.000145841
5.43755E-05
-9.96296E-05
-0.000256419
-0.000356293
-0.000358688
-0.000254423
-6.71204E-05
0.000156342
0.000362657
0.000510107
0.00058138
0.000586893



