	Layer 5, Damping:   5.0%	C2	Layer 1, Damping:   5.0%	C4
R1	0.01	0.15752	0.01	0.23055
R2	0.02	0.15738	0.02	0.23154
R3	0.03	0.15525	0.03	0.23687
R4	0.04	0.21131	0.04	0.24581
R5	0.05	0.27191	0.05	0.32256
R6	0.06	0.29946	0.06	0.37367
R7	0.07	0.30208	0.07	0.39725
R8	0.08	0.33701	0.08	0.42921
R9	0.09	0.35753	0.09	0.45552
R10	0.1	0.33682	0.1	0.47295
R11	0.11	0.26762	0.11	0.44809
R12	0.12	0.25306	0.12	0.45225
R13	0.13	0.28673	0.13	0.50777
R14	0.14	0.32001	0.14	0.58165
R15	0.15	0.31716	0.15	0.53703
R16	0.16	0.28714	0.16	0.45395
R17	0.17	0.2555	0.17	0.42511
R18	0.18	0.23895	0.18	0.50938
R19	0.19	0.23256	0.19	0.56363
R20	0.2	0.23451	0.2	0.46419
R21	0.21	0.24757	0.21	0.46774
R22	0.22	0.26234	0.22	0.48937
R23	0.23	0.26742	0.23	0.49432
R24	0.24	0.267	0.24	0.51425
R25	0.25	0.26269	0.25	0.54084
R26	0.26	0.28075	0.26	0.55465
R27	0.27	0.32559	0.27	0.64959
R28	0.28	0.34645	0.28	0.72363
R29	0.29	0.35397	0.29	0.76331
R30	0.3	0.36348	0.3	0.80011
R31	0.31	0.34711	0.31	0.82332
R32	0.32	0.31083	0.32	0.79651
R33	0.33	0.2639	0.33	0.70697
R34	0.34	0.21259	0.34	0.58197
R35	0.35	0.19836	0.35	0.47787
R36	0.36	0.20024	0.36	0.42842
R37	0.37	0.19987	0.37	0.4289
R38	0.38	0.19905	0.38	0.42686
R39	0.39	0.196	0.39	0.42086
R40	0.4	0.19712	0.4	0.41309
R41	0.41	0.20377	0.41	0.41183
R42	0.42	0.20354	0.42	0.40965
R43	0.43	0.19834	0.43	0.39342
R44	0.44	0.19042	0.44	0.37255
R45	0.45	0.1799	0.45	0.37451
R46	0.46	0.16814	0.46	0.36712
R47	0.47	0.1568	0.47	0.35303
R48	0.48	0.15412	0.48	0.34225
R49	0.49	0.1527	0.49	0.33993
R50	0.5	0.15161	0.5	0.3378
R51	0.51	0.15036	0.51	0.33503
R52	0.52	0.14895	0.52	0.33215
R53	0.53	0.14776	0.53	0.33022
R54	0.54	0.14695	0.54	0.32996
R55	0.55	0.14655	0.55	0.33028
R56	0.56	0.1464	0.56	0.33046
R57	0.57	0.14609	0.57	0.33011
R58	0.58	0.14555	0.58	0.32912
R59	0.6	0.14396	0.6	0.32726
R60	0.62	0.14188	0.62	0.32245
R61	0.64	0.13892	0.64	0.31689
R62	0.66	0.1356	0.66	0.31205
R63	0.68	0.13172	0.68	0.31558
R64	0.7	0.12718	0.7	0.31587
R65	0.72	0.12249	0.72	0.31372
R66	0.74	0.11758	0.74	0.30998
R67	0.76	0.11278	0.76	0.3048
R68	0.78	0.10816	0.78	0.29822
R69	0.8	0.10361	0.8	0.29072
R70	0.82	0.09945	0.82	0.28295
R71	0.84	0.09628	0.84	0.27488
R72	0.86	0.0946	0.86	0.26731
R73	0.88	0.09287	0.88	0.2605
R74	0.9	0.09091	0.9	0.25533
R75	0.92	0.089	0.92	0.25542
R76	0.94	0.0871	0.94	0.25605
R77	0.96	0.08523	0.96	0.25645
R78	0.98	0.08359	0.98	0.25658
R79	1	0.08198	1	0.25617
R80	1.05	0.07836	1.05	0.26037
R81	1.1	0.07508	1.1	0.2596
R82	1.15	0.07225	1.15	0.25127
R83	1.2	0.06991	1.2	0.23819
R84	1.25	0.068	1.25	0.22288
R85	1.3	0.06627	1.3	0.21044
R86	1.35	0.06461	1.35	0.20478
R87	1.4	0.06294	1.4	0.19476
R88	1.45	0.06131	1.45	0.18204
R89	1.5	0.05972	1.5	0.16788
R90	1.55	0.05816	1.55	0.1529
R91	1.6	0.05662	1.6	0.13836
R92	1.65	0.0551	1.65	0.13313
R93	1.7	0.0536	1.7	0.12765
R94	1.75	0.05214	1.75	0.12205
R95	1.8	0.05072	1.8	0.11645
R96	1.85	0.04937	1.85	0.1109
R97	1.9	0.04813	1.9	0.10534
R98	1.95	0.0472	1.95	0.09982
R99	2	0.04635	2	0.09428
R100	2.05	0.04556	2.05	0.08883
R101	2.1	0.04483	2.1	0.08362
R102	2.15	0.04414	2.15	0.08116
R103	2.2	0.04344	2.2	0.07877
R104	2.25	0.04275	2.25	0.07648
R105	2.3	0.04204	2.3	0.07425
R106	2.35	0.0413	2.35	0.07213
R107	2.4	0.04057	2.4	0.07005
R108	2.5	0.03907	2.5	0.06615
R109	2.6	0.03754	2.6	0.06252
R110	2.7	0.03603	2.7	0.05917
R111	2.8	0.03453	2.8	0.05609
R112	2.9	0.03308	2.9	0.05327
R113	3	0.03169	3	0.05066
R114	3.1	0.0305	3.1	0.04823
R115	3.2	0.03	3.2	0.04602
R116	3.3	0.02943	3.3	0.04406
R117	3.4	0.02881	3.4	0.04222
R118	3.5	0.02815	3.5	0.04048
R119	3.6	0.02746	3.6	0.03883
R120	3.7	0.02676	3.7	0.03726
R121	3.8	0.02606	3.8	0.03578
R122	3.9	0.02535	3.9	0.03436
R123	4	0.02466	4	0.03302
R124	4.1	0.02397	4.1	0.03174
R125	4.2	0.02329	4.2	0.03052
R126	4.3	0.02263	4.3	0.02936
R127	4.4	0.022	4.4	0.02827
R128	4.5	0.02144	4.5	0.02722
R129	4.6	0.0209	4.6	0.02623
R130	4.7	0.02038	4.7	0.02528
R131	4.8	0.01986	4.8	0.02438
R132	4.9	0.01936	4.9	0.02352
R133	5	0.01891	5	0.0227
R134	5.1	0.01853	5.1	0.02192
R135	5.2	0.01815	5.2	0.02118
R136	5.4	0.01742	5.4	0.01979
R137	5.6	0.01672	5.6	0.01853
R138	5.8	0.01614	5.8	0.01737
R139	6	0.01561	6	0.01632
R140	6.2	0.01509	6.2	0.0155
R141	6.4	0.01457	6.4	0.01521
R142	6.6	0.01406	6.6	0.01489
R143	6.8	0.01358	6.8	0.01454
R144	7	0.01313	7	0.01417
R145	7.2	0.01269	7.2	0.0138
R146	7.4	0.01227	7.4	0.01342
R147	7.6	0.01186	7.6	0.01305
R148	7.8	0.01149	7.8	0.01268
R149	8	0.01115	8	0.01232
R150	8.5	0.01047	8.5	0.01144
R151	9	0.00987	9	0.01062
R152	9.5	0.00932	9.5	0.00986
R153	10	0.00881	10	0.00916
R154	10.5	0	10.5	0
R155				
R156				
R157				
R158				
R159				
R160				
R161				
R162				
R163				
R164				
R165				
R166				
R167				
R168				
R169				
R170				
R171				
R172				
R173				
R174				
R175				
R176				
R177				
R178				
R179				
R180				
R181				
R182				
R183				
R184				
R185				
R186				
R187				
R188				
R189				
R190				
R191				
R192				
R193				
R194				
R195				
R196				
R197				
R198				
R199				
R200				